#NTIMES: 4
#NSTAGES: 3 
#TIMES[d]: 75.0 100.0 150.0 200.0
#
#TIME: 75.0
#NVEL: 60
#vel_mid[km/s] ni0 ni1 ni2
2.500000e+02   4.89e-07   2.96e-01   7.04e-01
7.500000e+02   4.28e-07   2.74e-01   7.26e-01
1.250000e+03   1.80e-07   2.51e-01   7.49e-01
1.750000e+03   2.89e-07   2.29e-01   7.71e-01
2.250000e+03   2.28e-07   2.09e-01   7.91e-01
2.750000e+03   1.67e-07   1.94e-01   8.06e-01
3.250000e+03   7.04e-08   1.78e-01   8.22e-01
3.750000e+03   6.28e-08   1.63e-01   8.37e-01
4.250000e+03   6.09e-08   1.53e-01   8.47e-01
4.750000e+03   5.89e-08   1.42e-01   8.58e-01
5.250000e+03   6.32e-08   1.32e-01   8.68e-01
5.750000e+03   4.87e-08   1.24e-01   8.76e-01
6.250000e+03   5.18e-08   1.15e-01   8.85e-01
6.750000e+03   5.22e-08   1.09e-01   8.91e-01
7.250000e+03   6.01e-08   1.13e-01   8.87e-01
7.750000e+03   7.43e-08   1.22e-01   8.78e-01
8.250000e+03   1.24e-07   1.54e-01   8.46e-01
8.750000e+03   1.16e-07   1.39e-01   8.62e-01
9.250000e+03   9.51e-07   1.15e-01   8.85e-01
9.750000e+03   8.45e-07   8.46e-02   9.15e-01
1.025000e+04   7.08e-07   5.72e-02   9.43e-01
1.075000e+04   8.31e-07   4.38e-02   9.56e-01
1.125000e+04   8.29e-07   3.73e-02   9.63e-01
1.175000e+04   5.11e-07   3.23e-02   9.68e-01
1.225000e+04   4.10e-07   2.93e-02   9.71e-01
1.275000e+04   1.50e-01   4.08e-01   4.42e-01
1.325000e+04   1.35e-01   3.98e-01   4.67e-01
1.375000e+04   1.21e-01   3.88e-01   4.91e-01
1.425000e+04   1.06e-01   3.74e-01   5.20e-01
1.475000e+04   9.31e-02   3.59e-01   5.48e-01
1.525000e+04   8.21e-02   3.45e-01   5.73e-01
1.575000e+04   7.27e-02   3.32e-01   5.96e-01
1.625000e+04   6.29e-02   3.16e-01   6.22e-01
1.675000e+04   5.30e-02   2.96e-01   6.51e-01
1.725000e+04   4.48e-02   2.78e-01   6.77e-01
1.775000e+04   3.72e-02   2.58e-01   7.05e-01
1.825000e+04   3.07e-02   2.38e-01   7.31e-01
1.875000e+04   2.10e-02   2.02e-01   7.77e-01
1.925000e+04   1.71e-02   1.84e-01   7.99e-01
1.975000e+04   1.36e-02   1.65e-01   8.21e-01
2.025000e+04   1.10e-02   1.48e-01   8.41e-01
2.075000e+04   8.94e-03   1.32e-01   8.59e-01
2.125000e+04   7.23e-03   1.16e-01   8.77e-01
2.175000e+04   6.00e-03   1.01e-01   8.93e-01
2.225000e+04   5.12e-03   8.60e-02   9.09e-01
2.275000e+04   4.64e-03   7.31e-02   9.22e-01
2.325000e+04   6.33e-03   7.34e-02   9.20e-01
2.375000e+04   6.54e-03   6.17e-02   9.32e-01
2.425000e+04   6.75e-03   5.28e-02   9.41e-01
2.475000e+04   6.88e-03   4.41e-02   9.49e-01
2.525000e+04   6.79e-03   3.72e-02   9.56e-01
2.575000e+04   6.51e-03   3.15e-02   9.62e-01
2.625000e+04   6.02e-03   2.63e-02   9.68e-01
2.675000e+04   5.48e-03   2.22e-02   9.72e-01
2.725000e+04   4.88e-03   1.86e-02   9.77e-01
2.775000e+04   4.24e-03   1.55e-02   9.80e-01
2.825000e+04   3.61e-03   1.29e-02   9.84e-01
2.875000e+04   3.03e-03   1.07e-02   9.86e-01
2.925000e+04   2.49e-03   8.85e-03   9.89e-01
2.975000e+04   2.02e-03   7.31e-03   9.91e-01
#TIME: 100.0
#NVEL: 60
#vel_mid[km/s] ni0 ni1 ni2
2.500000e+02   4.16e-06   3.68e-01   6.32e-01
7.500000e+02   3.36e-06   3.38e-01   6.62e-01
1.250000e+03   3.01e-06   3.11e-01   6.89e-01
1.750000e+03   2.50e-06   2.84e-01   7.16e-01
2.250000e+03   2.32e-06   2.63e-01   7.37e-01
2.750000e+03   1.46e-06   2.43e-01   7.57e-01
3.250000e+03   1.91e-06   2.24e-01   7.76e-01
3.750000e+03   1.65e-06   2.07e-01   7.93e-01
4.250000e+03   1.79e-06   1.92e-01   8.08e-01
4.750000e+03   1.73e-06   1.77e-01   8.23e-01
5.250000e+03   1.68e-06   1.64e-01   8.36e-01
5.750000e+03   1.65e-06   1.51e-01   8.49e-01
6.250000e+03   1.66e-06   1.40e-01   8.60e-01
6.750000e+03   1.86e-06   1.39e-01   8.61e-01
7.250000e+03   2.18e-06   1.38e-01   8.62e-01
7.750000e+03   2.67e-06   1.38e-01   8.62e-01
8.250000e+03   2.48e-06   1.34e-01   8.66e-01
8.750000e+03   3.49e-06   1.15e-01   8.85e-01
9.250000e+03   1.16e-06   8.69e-02   9.13e-01
9.750000e+03   9.60e-07   6.23e-02   9.38e-01
1.025000e+04   1.47e-06   4.55e-02   9.55e-01
1.075000e+04   1.30e-06   3.45e-02   9.66e-01
1.125000e+04   1.06e-06   2.71e-02   9.73e-01
1.175000e+04   8.01e-07   2.26e-02   9.77e-01
1.225000e+04   5.67e-07   2.06e-02   9.79e-01
1.275000e+04   1.14e-01   3.90e-01   4.96e-01
1.325000e+04   1.04e-01   3.81e-01   5.15e-01
1.375000e+04   9.09e-02   3.66e-01   5.43e-01
1.425000e+04   7.79e-02   3.49e-01   5.73e-01
1.475000e+04   6.78e-02   3.33e-01   5.99e-01
1.525000e+04   6.07e-02   3.21e-01   6.19e-01
1.575000e+04   5.22e-02   3.03e-01   6.44e-01
1.625000e+04   4.47e-02   2.86e-01   6.69e-01
1.675000e+04   3.81e-02   2.69e-01   6.93e-01
1.725000e+04   3.30e-02   2.54e-01   7.13e-01
1.775000e+04   2.78e-02   2.36e-01   7.36e-01
1.825000e+04   2.29e-02   2.17e-01   7.60e-01
1.875000e+04   1.85e-02   1.98e-01   7.84e-01
1.925000e+04   1.48e-02   1.79e-01   8.06e-01
1.975000e+04   1.18e-02   1.61e-01   8.27e-01
2.025000e+04   9.26e-03   1.43e-01   8.48e-01
2.075000e+04   7.26e-03   1.26e-01   8.67e-01
2.125000e+04   5.81e-03   1.10e-01   8.84e-01
2.175000e+04   4.74e-03   9.45e-02   9.01e-01
2.225000e+04   4.10e-03   7.99e-02   9.16e-01
2.275000e+04   3.87e-03   6.67e-02   9.29e-01
2.325000e+04   4.97e-03   6.14e-02   9.34e-01
2.375000e+04   5.50e-03   5.15e-02   9.43e-01
2.425000e+04   5.89e-03   4.32e-02   9.51e-01
2.475000e+04   6.00e-03   3.57e-02   9.58e-01
2.525000e+04   5.87e-03   3.01e-02   9.64e-01
2.575000e+04   5.51e-03   2.52e-02   9.69e-01
2.625000e+04   4.96e-03   2.10e-02   9.74e-01
2.675000e+04   4.39e-03   1.75e-02   9.78e-01
2.725000e+04   3.81e-03   1.46e-02   9.82e-01
2.775000e+04   3.24e-03   1.21e-02   9.85e-01
2.825000e+04   2.71e-03   1.01e-02   9.87e-01
2.875000e+04   2.23e-03   8.28e-03   9.90e-01
2.925000e+04   1.81e-03   6.78e-03   9.91e-01
2.975000e+04   1.41e-03   5.45e-03   9.93e-01
#TIME: 150.0
#NVEL: 60
#vel_mid[km/s] ni0 ni1 ni2
2.500000e+02   1.36e-05   3.31e-01   6.69e-01
7.500000e+02   1.22e-05   3.14e-01   6.86e-01
1.250000e+03   1.08e-05   2.92e-01   7.08e-01
1.750000e+03   9.59e-06   2.70e-01   7.31e-01
2.250000e+03   8.84e-06   2.48e-01   7.52e-01
2.750000e+03   8.14e-06   2.31e-01   7.69e-01
3.250000e+03   7.64e-06   2.12e-01   7.88e-01
3.750000e+03   7.01e-06   1.92e-01   8.08e-01
4.250000e+03   6.56e-06   1.73e-01   8.27e-01
4.750000e+03   6.25e-06   1.60e-01   8.40e-01
5.250000e+03   5.94e-06   1.48e-01   8.52e-01
5.750000e+03   5.53e-06   1.34e-01   8.66e-01
6.250000e+03   5.02e-06   1.18e-01   8.81e-01
6.750000e+03   5.11e-06   1.14e-01   8.86e-01
7.250000e+03   5.84e-06   1.14e-01   8.86e-01
7.750000e+03   6.84e-06   1.08e-01   8.92e-01
8.250000e+03   8.10e-06   1.03e-01   8.97e-01
8.750000e+03   9.83e-06   1.03e-01   8.97e-01
9.250000e+03   7.58e-06   6.90e-02   9.31e-01
9.750000e+03   5.71e-06   4.73e-02   9.53e-01
1.025000e+04   4.32e-06   3.32e-02   9.67e-01
1.075000e+04   3.39e-06   2.47e-02   9.75e-01
1.125000e+04   2.70e-06   2.05e-02   9.80e-01
1.175000e+04   1.94e-06   1.75e-02   9.82e-01
1.225000e+04   1.23e-06   1.51e-02   9.85e-01
1.275000e+04   1.50e-01   4.22e-01   4.28e-01
1.325000e+04   1.36e-01   4.13e-01   4.51e-01
1.375000e+04   1.22e-01   4.02e-01   4.75e-01
1.425000e+04   1.08e-01   3.89e-01   5.03e-01
1.475000e+04   9.71e-02   3.77e-01   5.26e-01
1.525000e+04   8.62e-02   3.63e-01   5.51e-01
1.575000e+04   7.32e-02   3.44e-01   5.83e-01
1.625000e+04   6.16e-02   3.24e-01   6.14e-01
1.675000e+04   5.11e-02   3.03e-01   6.46e-01
1.725000e+04   4.25e-02   2.82e-01   6.75e-01
1.775000e+04   3.46e-02   2.60e-01   7.05e-01
1.825000e+04   2.78e-02   2.38e-01   7.35e-01
1.875000e+04   2.19e-02   2.15e-01   7.63e-01
1.925000e+04   1.72e-02   1.94e-01   7.89e-01
1.975000e+04   1.33e-02   1.73e-01   8.14e-01
2.025000e+04   1.02e-02   1.53e-01   8.37e-01
2.075000e+04   7.83e-03   1.35e-01   8.57e-01
2.125000e+04   6.00e-03   1.18e-01   8.76e-01
2.175000e+04   4.62e-03   1.02e-01   8.93e-01
2.225000e+04   3.68e-03   8.77e-02   9.09e-01
2.275000e+04   3.19e-03   7.46e-02   9.22e-01
2.325000e+04   3.16e-03   6.22e-02   9.35e-01
2.375000e+04   3.57e-03   5.17e-02   9.45e-01
2.425000e+04   4.22e-03   4.25e-02   9.53e-01
2.475000e+04   4.70e-03   3.48e-02   9.61e-01
2.525000e+04   4.81e-03   2.87e-02   9.67e-01
2.575000e+04   4.61e-03   2.37e-02   9.72e-01
2.625000e+04   4.22e-03   1.97e-02   9.76e-01
2.675000e+04   3.76e-03   1.64e-02   9.80e-01
2.725000e+04   3.26e-03   1.36e-02   9.83e-01
2.775000e+04   2.78e-03   1.13e-02   9.86e-01
2.825000e+04   2.34e-03   9.35e-03   9.88e-01
2.875000e+04   1.93e-03   7.65e-03   9.90e-01
2.925000e+04   1.58e-03   6.29e-03   9.92e-01
2.975000e+04   1.26e-03   5.06e-03   9.94e-01
#TIME: 200.0
#NVEL: 60
#vel_mid[km/s] ni0 ni1 ni2
2.500000e+02   4.38e-05   4.13e-01   5.86e-01
7.500000e+02   3.88e-05   3.85e-01   6.15e-01
1.250000e+03   3.45e-05   3.54e-01   6.46e-01
1.750000e+03   3.04e-05   3.22e-01   6.78e-01
2.250000e+03   2.72e-05   2.93e-01   7.07e-01
2.750000e+03   2.42e-05   2.65e-01   7.35e-01
3.250000e+03   2.17e-05   2.39e-01   7.61e-01
3.750000e+03   1.93e-05   2.15e-01   7.85e-01
4.250000e+03   1.70e-05   1.92e-01   8.08e-01
4.750000e+03   1.49e-05   1.72e-01   8.28e-01
5.250000e+03   1.31e-05   1.52e-01   8.48e-01
5.750000e+03   1.13e-05   1.35e-01   8.65e-01
6.250000e+03   9.75e-06   1.19e-01   8.81e-01
6.750000e+03   8.67e-06   1.05e-01   8.95e-01
7.250000e+03   9.82e-06   1.06e-01   8.94e-01
7.750000e+03   1.14e-05   9.93e-02   9.01e-01
8.250000e+03   1.30e-05   8.98e-02   9.10e-01
8.750000e+03   1.28e-05   7.29e-02   9.27e-01
9.250000e+03   1.16e-05   5.70e-02   9.43e-01
9.750000e+03   9.50e-06   4.10e-02   9.59e-01
1.025000e+04   7.50e-06   2.95e-02   9.71e-01
1.075000e+04   6.16e-06   2.34e-02   9.77e-01
1.125000e+04   5.43e-06   2.11e-02   9.79e-01
1.175000e+04   4.19e-06   1.91e-02   9.81e-01
1.225000e+04   2.86e-06   1.68e-02   9.83e-01
1.275000e+04   1.56e-01   4.25e-01   4.19e-01
1.325000e+04   1.41e-01   4.16e-01   4.43e-01
1.375000e+04   1.26e-01   4.05e-01   4.69e-01
1.425000e+04   1.11e-01   3.91e-01   4.98e-01
1.475000e+04   9.64e-02   3.76e-01   5.28e-01
1.525000e+04   8.39e-02   3.60e-01   5.56e-01
1.575000e+04   7.13e-02   3.41e-01   5.88e-01
1.625000e+04   5.97e-02   3.21e-01   6.20e-01
1.675000e+04   4.99e-02   3.00e-01   6.50e-01
1.725000e+04   4.10e-02   2.78e-01   6.81e-01
1.775000e+04   3.33e-02   2.56e-01   7.10e-01
1.825000e+04   2.78e-02   2.38e-01   7.34e-01
1.875000e+04   2.23e-02   2.17e-01   7.61e-01
1.925000e+04   1.74e-02   1.95e-01   7.87e-01
1.975000e+04   1.34e-02   1.74e-01   8.13e-01
2.025000e+04   1.03e-02   1.54e-01   8.35e-01
2.075000e+04   7.87e-03   1.37e-01   8.56e-01
2.125000e+04   5.92e-03   1.20e-01   8.74e-01
2.175000e+04   4.40e-03   1.04e-01   8.92e-01
2.225000e+04   5.11e-03   1.11e-01   8.84e-01
2.275000e+04   3.80e-03   9.58e-02   9.00e-01
2.325000e+04   2.86e-03   8.19e-02   9.15e-01
2.375000e+04   2.22e-03   6.83e-02   9.29e-01
2.425000e+04   2.04e-03   5.69e-02   9.41e-01
2.475000e+04   2.38e-03   4.62e-02   9.51e-01
2.525000e+04   3.09e-03   3.72e-02   9.60e-01
2.575000e+04   3.74e-03   2.98e-02   9.66e-01
2.625000e+04   3.98e-03   2.42e-02   9.72e-01
2.675000e+04   3.89e-03   2.00e-02   9.76e-01
2.725000e+04   3.60e-03   1.65e-02   9.80e-01
2.775000e+04   3.18e-03   1.36e-02   9.83e-01
2.825000e+04   2.79e-03   1.14e-02   9.86e-01
2.875000e+04   2.36e-03   9.33e-03   9.88e-01
2.925000e+04   1.98e-03   7.69e-03   9.90e-01
2.975000e+04   1.63e-03   6.28e-03   9.92e-01
