#NTIMES:     39
#NSTAGES:     6
#TIMES[d]:     2.000    2.020    2.050    2.100    2.200    2.400    2.640    2.900    3.190    3.510    3.860    4.250    4.670    5.140    5.650    6.210    6.830    7.510    8.260    9.090   10.000   11.000   12.100   13.310   14.640   16.100   17.710   19.480   21.430   23.570   25.930   28.520   31.370   34.510   38.000   41.000   45.100   49.610   54.570
#
#TIME:     2.000
#NVEL: 100
#vel_mid[km/s]           ni1           ni2           ni3           ni4           ni5           ni6
    1.025000E+03    1.0000E-99    2.7626E-30    1.6212E-21    3.0448E-13    8.3824E-06    9.9999E-01
    1.037120E+03    1.0000E-99    2.7237E-30    1.6041E-21    3.0229E-13    8.3519E-06    9.9999E-01
    1.061360E+03    1.0000E-99    2.6937E-30    1.5944E-21    3.0168E-13    8.3500E-06    9.9999E-01
    1.109839E+03    1.0000E-99    2.7250E-30    1.6213E-21    3.0692E-13    8.4412E-06    9.9999E-01
    1.213017E+03    1.0000E-99    2.9062E-30    1.7381E-21    3.2613E-13    8.7486E-06    9.9999E-01
    1.325723E+03    1.0000E-99    3.1477E-30    1.8908E-21    3.5036E-13    9.1229E-06    9.9999E-01
    1.448902E+03    1.0000E-99    3.4486E-30    2.0803E-21    3.7988E-13    9.5641E-06    9.9999E-01
    1.583526E+03    1.0000E-99    3.8237E-30    2.3164E-21    4.1596E-13    1.0085E-05    9.9999E-01
    1.730658E+03    1.0000E-99    4.2974E-30    2.6141E-21    4.6059E-13    1.0704E-05    9.9999E-01
    1.891461E+03    1.0000E-99    4.8932E-30    2.9892E-21    5.1571E-13    1.1436E-05    9.9999E-01
    2.067205E+03    1.0000E-99    5.6687E-30    3.4770E-21    5.8569E-13    1.2321E-05    9.9999E-01
    2.259278E+03    1.0000E-99    6.6840E-30    4.1162E-21    6.7507E-13    1.3392E-05    9.9999E-01
    2.469197E+03    1.0000E-99    8.0749E-30    4.9887E-21    7.9342E-13    1.4723E-05    9.9999E-01
    2.698621E+03    1.0000E-99    1.0002E-29    6.1954E-21    9.5177E-13    1.6385E-05    9.9998E-01
    2.949361E+03    1.0000E-99    1.2753E-29    7.9131E-21    1.1689E-12    1.8490E-05    9.9998E-01
    3.223399E+03    1.0000E-99    1.6843E-29    1.0454E-20    1.4768E-12    2.1217E-05    9.9998E-01
    3.522899E+03    1.0000E-99    2.3160E-29    1.4353E-20    1.9271E-12    2.4817E-05    9.9998E-01
    3.850227E+03    1.0000E-99    3.3394E-29    2.0613E-20    2.6118E-12    2.9685E-05    9.9997E-01
    4.207968E+03    1.0000E-99    5.0917E-29    3.1204E-20    3.7000E-12    3.6453E-05    9.9996E-01
    4.598949E+03    1.0000E-99    8.2916E-29    5.0243E-20    5.5213E-12    4.6161E-05    9.9995E-01
    5.026257E+03    1.0000E-99    1.4590E-28    8.6973E-20    8.7565E-12    6.0599E-05    9.9994E-01
    5.493268E+03    1.0000E-99    2.8109E-28    1.6386E-19    1.4919E-11    8.3006E-05    9.9992E-01
    6.003672E+03    1.0000E-99    6.0258E-28    3.4127E-19    2.7615E-11    1.1942E-04    9.9988E-01
    6.563976E+03    1.0000E-99    1.4700E-27    8.0792E-19    5.6955E-11    1.8313E-04    9.9982E-01
    7.150150E+03    1.0000E-99    5.4306E-27    2.8571E-18    1.6018E-10    3.3831E-04    9.9966E-01
    7.624563E+03    1.0000E-99    2.9369E-26    1.3434E-17    5.5383E-10    6.9632E-04    9.9930E-01
    8.015598E+03    1.0000E-99    2.0416E-25    7.7070E-17    2.2220E-09    1.5457E-03    9.9845E-01
    8.365060E+03    1.0000E-99    1.9425E-24    5.7968E-16    1.0990E-08    3.8489E-03    9.9615E-01
    8.678533E+03    1.0000E-99    2.3687E-23    5.4201E-15    6.4341E-08    1.0507E-02    9.8949E-01
    8.970829E+03    1.0000E-99    3.7932E-22    6.4552E-14    4.5385E-07    3.1616E-02    9.6838E-01
    9.225513E+03    1.0000E-99    6.0072E-21    7.5971E-13    3.1449E-06    9.2168E-02    9.0783E-01
    9.474694E+03    1.0000E-99    1.1347E-19    1.0359E-11    2.3820E-05    2.6486E-01    7.3511E-01
    9.694307E+03    1.0000E-99    1.5672E-18    1.0392E-10    1.3287E-04    5.6108E-01    4.3878E-01
    9.904307E+03    1.0000E-99    1.7925E-17    8.4082E-10    5.6587E-04    8.3461E-01    1.6482E-01
    1.009658E+04    1.0000E-99    1.7352E-16    5.6625E-09    1.9381E-03    9.5327E-01    4.4790E-02
    1.028085E+04    1.0000E-99    1.8501E-15    4.0697E-08    6.6258E-03    9.8373E-01    9.6421E-03
    1.045267E+04    1.0000E-99    2.1752E-14    3.1633E-07    2.3347E-02    9.7484E-01    1.8107E-03
    1.061724E+04    1.0000E-99    3.0090E-13    2.7993E-06    8.6932E-02    9.1279E-01    2.7648E-04
    1.077223E+04    1.0000E-99    4.1672E-12    2.4118E-05    2.9482E-01    7.0512E-01    3.0410E-05
    1.091419E+04    1.0000E-99    3.9766E-11    1.4202E-04    6.5967E-01    3.4019E-01    1.9242E-06
    1.104427E+04    1.0000E-99    2.3861E-10    5.2588E-04    9.0363E-01    9.5848E-02    6.5942E-08
    1.116962E+04    1.0000E-99    1.2649E-09    1.6762E-03    9.7972E-01    1.8601E-02    1.2736E-09
    1.128592E+04    1.0000E-99    7.0335E-09    5.4072E-03    9.9160E-01    2.9916E-03    1.7253E-11
    1.138719E+04    1.0000E-99    4.1594E-08    1.7845E-02    9.8170E-01    4.5110E-04    2.0824E-13
    1.148357E+04    1.0000E-99    2.9535E-07    6.5236E-02    9.3471E-01    5.3303E-05    1.4946E-15
    1.157588E+04    1.0000E-99    2.2068E-06    2.3451E-01    7.6548E-01    4.3777E-06    5.5058E-18
    1.165789E+04    1.0000E-99    1.1244E-05    5.7739E-01    4.2260E-01    2.3265E-07    1.2121E-20
    1.172968E+04    1.0000E-99    3.4166E-05    8.5923E-01    1.4073E-01    7.3545E-09    1.6884E-23
    1.179602E+04    1.0000E-99    8.4149E-05    9.6864E-01    3.1281E-02    1.2882E-10    4.0294E-25
    1.185624E+04    1.0000E-99    2.0582E-04    9.9424E-01    5.5512E-03    1.5078E-12    7.1654E-26
    1.191139E+04    1.0000E-99    5.3025E-04    9.9862E-01    8.4932E-04    1.2637E-14    1.0880E-26
    1.196310E+04    1.0000E-99    1.4860E-03    9.9841E-01    1.0852E-04    6.7300E-17    1.3771E-27
    1.200903E+04    1.0000E-99    4.3092E-03    9.9568E-01    1.2693E-05    2.8386E-19    1.6284E-28
    1.204957E+04    1.0000E-99    1.2855E-02    9.8714E-01    1.3737E-06    1.2940E-21    1.8264E-29
    1.208724E+04    1.0000E-99    4.3557E-02    9.5644E-01    1.1331E-07    3.0795E-22    1.5459E-30
    1.211780E+04    1.0000E-99    1.3683E-01    8.6317E-01    9.2141E-09    2.6401E-22    1.2733E-31
    1.214029E+04    1.0000E-99    3.0847E-01    6.9153E-01    9.8965E-10    2.0745E-22    1.4079E-32
    1.215784E+04    1.0000E-99    5.1304E-01    4.8696E-01    1.2774E-10    1.4814E-22    1.9078E-33
    1.217298E+04    1.0000E-99    6.9889E-01    3.0111E-01    1.6339E-11    9.4731E-23    2.5911E-34
    1.218654E+04    1.0000E-99    8.3271E-01    1.6729E-01    1.9948E-12    5.4571E-23    3.3479E-35
    1.220016E+04    1.0000E-99    9.2067E-01    7.9331E-02    1.8254E-13    2.6601E-23    3.2057E-36
    1.221368E+04    1.0000E-99    9.6709E-01    3.2909E-02    1.3254E-14    1.1130E-23    2.3833E-37
    1.222859E+04    1.0000E-99    9.8973E-01    1.0268E-02    4.8115E-16    3.4266E-24    8.6689E-39
    1.224457E+04    1.0000E-99    9.9751E-01    2.4864E-03    9.5155E-18    8.0297E-25    1.6855E-40
    1.225965E+04    1.0000E-99    9.9938E-01    6.2246E-04    2.1563E-19    1.9374E-25    3.7354E-42
    1.227256E+04    1.0000E-99    9.9979E-01    2.1348E-04    1.2024E-20    6.4641E-26    2.0500E-43
    1.228514E+04    1.0000E-99    9.9993E-01    7.1066E-05    1.1780E-21    2.0949E-26    1.9806E-44
    1.229683E+04    1.0000E-99    9.9997E-01    2.6815E-05    6.8439E-22    7.6990E-27    1.1351E-44
    1.232733E+04    1.0000E-99    9.9999E-01    9.5623E-06    6.2714E-22    2.6302E-27    1.0139E-44
    1.289197E+04    1.0000E-99    9.9998E-01    1.6085E-05    6.5966E-22    4.6655E-27    1.1336E-44
    1.402569E+04    1.0000E-99    1.0000E+00    2.8173E-06    7.3201E-22    9.0855E-28    1.4120E-44
    1.518573E+04    1.0000E-99    1.0000E+00    7.0642E-07    8.0170E-22    2.4988E-28    1.7099E-44
    1.632859E+04    1.0000E-99    1.0000E+00    2.6314E-07    8.6620E-22    1.0071E-28    2.0125E-44
    1.745157E+04    1.0000E-99    1.0000E+00    1.2344E-07    9.2577E-22    5.0558E-29    2.3148E-44
    1.855827E+04    1.0000E-99    1.0000E+00    6.7065E-08    9.8099E-22    2.9140E-29    2.6146E-44
    1.963325E+04    1.0000E-99    1.0000E+00    3.9756E-08    1.0315E-21    1.8182E-29    2.9058E-44
    2.068109E+04    1.0000E-99    1.0000E+00    2.4594E-08    1.0779E-21    1.1764E-29    3.1879E-44
    2.170537E+04    1.0000E-99    1.0000E+00    1.5434E-08    1.1207E-21    7.6821E-30    3.4610E-44
    2.269952E+04    1.0000E-99    1.0000E+00    1.0027E-08    1.1600E-21    5.1694E-30    3.7224E-44
    2.366536E+04    1.0000E-99    1.0000E+00    6.8018E-09    1.1961E-21    3.6181E-30    3.9717E-44
    2.460914E+04    1.0000E-99    1.0000E+00    4.8357E-09    1.2296E-21    2.6457E-30    4.2101E-44
    2.553354E+04    1.0000E-99    1.0000E+00    3.5840E-09    1.2609E-21    2.0115E-30    4.4381E-44
    2.644080E+04    1.0000E-99    1.0000E+00    2.7598E-09    1.2901E-21    1.5855E-30    4.6563E-44
    2.733350E+04    1.0000E-99    1.0000E+00    2.1837E-09    1.3176E-21    1.2819E-30    4.8658E-44
    2.821284E+04    1.0000E-99    1.0000E+00    1.7489E-09    1.3436E-21    1.0473E-30    5.0671E-44
    2.908138E+04    1.0000E-99    1.0000E+00    1.3822E-09    1.3682E-21    8.4324E-31    5.2616E-44
    2.994295E+04    1.0000E-99    1.0000E+00    1.0800E-09    1.3917E-21    6.7043E-31    5.4505E-44
    3.079959E+04    1.0000E-99    1.0000E+00    8.3874E-10    1.4141E-21    5.2926E-31    5.6342E-44
    3.165298E+04    1.0000E-99    1.0000E+00    6.7254E-10    1.4355E-21    4.3095E-31    5.8130E-44
    3.250461E+04    1.0000E-99    1.0000E+00    5.7037E-10    1.4561E-21    3.7082E-31    5.9871E-44
    3.335585E+04    1.0000E-99    1.0000E+00    5.4176E-10    1.4757E-21    3.5707E-31    6.1568E-44
    3.420806E+04    1.0000E-99    1.0000E+00    5.6964E-10    1.4946E-21    3.8038E-31    6.3223E-44
    3.506257E+04    1.0000E-99    1.0000E+00    6.8548E-10    1.5128E-21    4.6349E-31    6.4843E-44
    3.592077E+04    1.0000E-99    1.0000E+00    8.4039E-10    1.5304E-21    5.7509E-31    6.6427E-44
    3.678416E+04    1.0000E-99    1.0000E+00    1.1006E-09    1.5475E-21    7.6188E-31    6.7982E-44
    3.765440E+04    1.0000E-99    1.0000E+00    1.4893E-09    1.5641E-21    1.0425E-30    6.9510E-44
    3.853330E+04    1.0000E-99    1.0000E+00    2.0441E-09    1.5802E-21    1.4462E-30    7.1012E-44
    3.942287E+04    1.0000E-99    1.0000E+00    2.4975E-09    1.5959E-21    1.7851E-30    7.2484E-44
    4.030996E+04    1.0000E-99    1.0000E+00    2.9334E-09    1.5871E-21    2.0849E-30    7.0760E-44
    4.032500E+04    1.0000E-99    1.0000E+00    2.7139E-09    7.8280E-22    9.5077E-31    2.2200E-44
#TIME:     2.020
#NVEL: 111
#vel_mid[km/s]           ni1           ni2           ni3           ni4           ni5           ni6
    1.025000E+03    1.0000E-99    3.0195E-30    1.7688E-21    3.2812E-13    8.7569E-06    9.9999E-01
    1.037120E+03    1.0000E-99    2.9670E-30    1.7455E-21    3.2523E-13    8.7181E-06    9.9999E-01
    1.061360E+03    1.0000E-99    2.8963E-30    1.7159E-21    3.2178E-13    8.6739E-06    9.9999E-01
    1.109839E+03    1.0000E-99    2.8543E-30    1.7065E-21    3.2182E-13    8.6866E-06    9.9999E-01
    1.213017E+03    1.0000E-99    2.9811E-30    1.7975E-21    3.3741E-13    8.9379E-06    9.9999E-01
    1.325723E+03    1.0000E-99    3.2155E-30    1.9488E-21    3.6160E-13    9.3087E-06    9.9999E-01
    1.448902E+03    1.0000E-99    3.5219E-30    2.1440E-21    3.9208E-13    9.7600E-06    9.9999E-01
    1.583526E+03    1.0000E-99    3.9071E-30    2.3886E-21    4.2958E-13    1.0296E-05    9.9999E-01
    1.730658E+03    1.0000E-99    4.3939E-30    2.6974E-21    4.7598E-13    1.0933E-05    9.9999E-01
    1.891461E+03    1.0000E-99    5.0093E-30    3.0884E-21    5.3354E-13    1.1689E-05    9.9999E-01
    2.067205E+03    1.0000E-99    5.8097E-30    3.5964E-21    6.0655E-13    1.2602E-05    9.9999E-01
    2.259278E+03    1.0000E-99    6.8626E-30    4.2648E-21    7.0015E-13    1.3710E-05    9.9999E-01
    2.469197E+03    1.0000E-99    8.3029E-30    5.1764E-21    8.2395E-13    1.5085E-05    9.9998E-01
    2.698621E+03    1.0000E-99    1.0304E-29    6.4403E-21    9.8995E-13    1.6804E-05    9.9998E-01
    2.949361E+03    1.0000E-99    1.3168E-29    8.2436E-21    1.2180E-12    1.8985E-05    9.9998E-01
    3.223399E+03    1.0000E-99    1.7432E-29    1.0915E-20    1.5417E-12    2.1810E-05    9.9998E-01
    3.522899E+03    1.0000E-99    2.4033E-29    1.5022E-20    2.0159E-12    2.5542E-05    9.9997E-01
    3.850227E+03    1.0000E-99    3.4751E-29    2.1630E-20    2.7378E-12    3.0592E-05    9.9997E-01
    4.207968E+03    1.0000E-99    5.3141E-29    3.2829E-20    3.8868E-12    3.7613E-05    9.9996E-01
    4.598949E+03    1.0000E-99    8.6795E-29    5.2997E-20    5.8120E-12    4.7688E-05    9.9995E-01
    5.026257E+03    1.0000E-99    1.5312E-28    9.1947E-20    9.2340E-12    6.2670E-05    9.9994E-01
    5.322738E+03    1.0000E-99    2.3159E-28    1.3713E-19    1.2923E-11    7.6423E-05    9.9992E-01
    5.636785E+03    1.0000E-99    3.6521E-28    2.1267E-19    1.8673E-11    9.4970E-05    9.9991E-01
    5.969249E+03    1.0000E-99    6.0218E-28    3.4411E-19    2.7974E-11    1.2059E-04    9.9988E-01
    6.324633E+03    1.0000E-99    1.0384E-27    5.8294E-19    4.3581E-11    1.5667E-04    9.9984E-01
    6.696793E+03    1.0000E-99    2.0804E-27    1.1440E-18    7.6304E-11    2.1820E-04    9.9978E-01
    7.079796E+03    1.0000E-99    4.9900E-27    2.6571E-18    1.5161E-10    3.2813E-04    9.9967E-01
    7.407135E+03    1.0000E-99    1.3990E-26    6.8914E-18    3.2576E-10    5.1316E-04    9.9949E-01
    7.692817E+03    1.0000E-99    4.3018E-26    1.9130E-17    7.3591E-10    8.2173E-04    9.9918E-01
    7.943790E+03    1.0000E-99    1.4624E-25    5.7536E-17    1.7652E-09    1.3569E-03    9.9864E-01
    8.178255E+03    1.0000E-99    5.6868E-25    1.9433E-16    4.6330E-09    2.3537E-03    9.9765E-01
    8.396906E+03    1.0000E-99    2.4831E-24    7.2651E-16    1.3164E-08    4.2649E-03    9.9574E-01
    8.600030E+03    1.0000E-99    1.1926E-23    2.9528E-15    3.9914E-08    8.0065E-03    9.9199E-01
    8.794946E+03    1.0000E-99    6.4470E-23    1.3336E-14    1.3143E-07    1.5717E-02    9.8428E-01
    8.979615E+03    1.0000E-99    3.7961E-22    6.5004E-14    4.5870E-07    3.1756E-02    9.6824E-01
    9.145090E+03    1.0000E-99    2.1450E-21    3.0527E-13    1.5492E-06    6.2509E-02    9.3749E-01
    9.307344E+03    1.0000E-99    1.3237E-20    1.5482E-12    5.5212E-06    1.2481E-01    8.7518E-01
    9.467105E+03    1.0000E-99    8.7218E-20    8.2766E-12    2.0200E-05    2.4447E-01    7.5551E-01
    9.611352E+03    1.0000E-99    4.9569E-19    3.8369E-11    6.4421E-05    4.2077E-01    5.7917E-01
    9.749622E+03    1.0000E-99    2.5881E-18    1.6202E-10    1.8366E-04    6.2875E-01    3.7107E-01
    9.884725E+03    1.0000E-99    1.2704E-17    6.3330E-10    4.7051E-04    8.0692E-01    1.9261E-01
    1.001128E+04    1.0000E-99    5.7007E-17    2.2485E-09    1.0807E-03    9.1269E-01    8.6225E-02
    1.013294E+04    1.0000E-99    2.5479E-16    7.8655E-09    2.3920E-03    9.6308E-01    3.4524E-02
    1.025192E+04    1.0000E-99    1.1978E-15    2.8566E-08    5.3426E-03    9.8204E-01    1.2614E-02
    1.036523E+04    1.0000E-99    5.7469E-15    1.0541E-07    1.1958E-02    9.8364E-01    4.4044E-03
    1.047433E+04    1.0000E-99    2.8599E-14    4.0067E-07    2.7084E-02    9.7145E-01    1.4634E-03
    1.058087E+04    1.0000E-99    1.4983E-13    1.5854E-06    6.2246E-02    9.3730E-01    4.5127E-04
    1.068358E+04    1.0000E-99    7.9804E-13    6.3125E-06    1.4062E-01    8.5925E-01    1.2624E-04
    1.078178E+04    1.0000E-99    4.0931E-12    2.3955E-05    2.9520E-01    7.0475E-01    2.9984E-05
    1.087424E+04    1.0000E-99    1.8371E-11    7.8963E-05    5.2621E-01    4.7370E-01    5.5493E-06
    1.096142E+04    1.0000E-99    6.7988E-11    2.1344E-04    7.5295E-01    2.4684E-01    7.5668E-07
    1.104427E+04    1.0000E-99    2.1242E-10    4.8645E-04    8.9531E-01    1.0420E-01    8.0351E-08
    1.116962E+04    1.0000E-99    1.0731E-09    1.5002E-03    9.7687E-01    2.1634E-02    1.8039E-09
    1.128592E+04    1.0000E-99    5.2524E-09    4.4334E-03    9.9156E-01    4.0079E-03    3.3885E-11
    1.138719E+04    1.0000E-99    2.5931E-08    1.2971E-02    9.8630E-01    7.3311E-04    6.3774E-13
    1.148357E+04    1.0000E-99    1.5132E-07    4.1850E-02    9.5804E-01    1.1033E-04    7.8610E-15
    1.157588E+04    1.0000E-99    1.0005E-06    1.4291E-01    8.5707E-01    1.2348E-05    5.3582E-17
    1.165789E+04    1.0000E-99    5.5361E-06    4.0131E-01    5.9868E-01    9.8453E-07    2.2566E-19
    1.172968E+04    1.0000E-99    1.9723E-05    7.3093E-01    2.6905E-01    4.9236E-08    5.6815E-22
    1.179602E+04    1.0000E-99    4.8326E-05    9.1685E-01    8.3100E-02    1.6828E-09    1.9634E-24
    1.185624E+04    1.0000E-99    9.8879E-05    9.7654E-01    2.3360E-02    5.9332E-11    3.0329E-25
    1.191139E+04    1.0000E-99    1.9166E-04    9.9322E-01    6.5861E-03    2.3036E-12    8.6432E-26
    1.196310E+04    1.0000E-99    3.6826E-04    9.9778E-01    1.8477E-03    9.0699E-14    2.4250E-26
    1.200903E+04    1.0000E-99    6.8300E-04    9.9877E-01    5.5182E-04    4.2157E-15    7.2109E-27
    1.204957E+04    1.0000E-99    1.2177E-03    9.9861E-01    1.7723E-04    2.3591E-16    2.3088E-27
    1.208724E+04    1.0000E-99    2.1333E-03    9.9781E-01    5.8528E-05    1.4148E-17    7.6351E-28
    1.211780E+04    1.0000E-99    3.4025E-03    9.9657E-01    2.3107E-05    1.3326E-18    3.0344E-28
    1.214029E+04    1.0000E-99    4.8170E-03    9.9517E-01    1.1506E-05    2.2630E-19    1.5244E-28
    1.215784E+04    1.0000E-99    6.3239E-03    9.9367E-01    6.6448E-06    5.6178E-20    8.8826E-29
    1.217298E+04    1.0000E-99    7.9878E-03    9.9201E-01    4.1387E-06    1.7063E-20    5.5817E-29
    1.218654E+04    1.0000E-99    9.8340E-03    9.9016E-01    2.7111E-06    6.0334E-21    3.6863E-29
    1.220016E+04    1.0000E-99    1.2105E-02    9.8789E-01    1.7745E-06    2.2726E-21    2.4324E-29
    1.221368E+04    1.0000E-99    1.4846E-02    9.8515E-01    1.1689E-06    1.0041E-21    1.6145E-29
    1.222859E+04    1.0000E-99    1.8515E-02    9.8148E-01    7.4295E-07    5.4424E-22    1.0339E-29
    1.224457E+04    1.0000E-99    2.3346E-02    9.7665E-01    4.6086E-07    3.9301E-22    6.4564E-30
    1.225965E+04    1.0000E-99    2.8924E-02    9.7108E-01    2.9589E-07    3.4744E-22    4.1671E-30
    1.227256E+04    1.0000E-99    3.4527E-02    9.6547E-01    2.0468E-07    3.3187E-22    2.8932E-30
    1.228514E+04    1.0000E-99    4.0780E-02    9.5922E-01    1.4436E-07    3.2363E-22    2.0467E-30
    1.229683E+04    1.0000E-99    4.7436E-02    9.5256E-01    1.0491E-07    3.1810E-22    1.4909E-30
    1.232733E+04    1.0000E-99    6.7130E-02    9.3287E-01    4.9548E-08    3.0664E-22    7.0787E-31
    1.289197E+04    1.0000E-99    8.5914E-01    1.4086E-01    1.0431E-12    5.0213E-23    1.9325E-35
    1.402569E+04    1.0000E-99    9.9848E-01    1.5184E-03    7.4718E-19    5.8481E-25    1.6052E-41
    1.518573E+04    1.0000E-99    9.9996E-01    3.7351E-05    9.0774E-22    1.4591E-26    2.0554E-44
    1.632859E+04    1.0000E-99    1.0000E+00    1.8016E-06    9.2186E-22    7.2927E-28    2.2244E-44
    1.745157E+04    1.0000E-99    1.0000E+00    2.1088E-07    9.4411E-22    8.8037E-29    2.3932E-44
    1.855827E+04    1.0000E-99    1.0000E+00    4.9190E-08    9.7071E-22    2.1239E-29    2.5741E-44
    1.963325E+04    1.0000E-99    1.0000E+00    1.7598E-08    9.9759E-22    7.8622E-30    2.7551E-44
    2.068109E+04    1.0000E-99    1.0000E+00    8.1905E-09    1.0221E-21    3.7826E-30    2.9256E-44
    2.170537E+04    1.0000E-99    1.0000E+00    4.4335E-09    1.0446E-21    2.1172E-30    3.0871E-44
    2.269952E+04    1.0000E-99    1.0000E+00    2.7291E-09    1.0666E-21    1.3496E-30    3.2454E-44
    2.366536E+04    1.0000E-99    1.0000E+00    1.8605E-09    1.0886E-21    9.5448E-31    3.4027E-44
    2.460914E+04    1.0000E-99    1.0000E+00    1.3972E-09    1.1108E-21    7.4375E-31    3.5601E-44
    2.553354E+04    1.0000E-99    1.0000E+00    1.1296E-09    1.1330E-21    6.2308E-31    3.7162E-44
    2.644080E+04    1.0000E-99    1.0000E+00    9.7118E-10    1.1550E-21    5.5326E-31    3.8686E-44
    2.733350E+04    1.0000E-99    1.0000E+00    8.6273E-10    1.1759E-21    5.0570E-31    4.0121E-44
    2.821284E+04    1.0000E-99    1.0000E+00    7.7757E-10    1.1955E-21    4.6666E-31    4.1443E-44
    2.908138E+04    1.0000E-99    1.0000E+00    6.8761E-10    1.2147E-21    4.2095E-31    4.2691E-44
    2.994295E+04    1.0000E-99    1.0000E+00    6.0168E-10    1.2363E-21    3.7424E-31    4.4022E-44
    3.079959E+04    1.0000E-99    1.0000E+00    5.2099E-10    1.2644E-21    3.2922E-31    4.5719E-44
    3.165298E+04    1.0000E-99    1.0000E+00    4.6964E-10    1.3024E-21    3.0071E-31    4.8067E-44
    3.250461E+04    1.0000E-99    1.0000E+00    4.4558E-10    1.3502E-21    2.8920E-31    5.1215E-44
    3.335585E+04    1.0000E-99    1.0000E+00    4.7271E-10    1.4003E-21    3.0842E-31    5.4789E-44
    3.420806E+04    1.0000E-99    1.0000E+00    5.2923E-10    1.4426E-21    3.4895E-31    5.8024E-44
    3.506257E+04    1.0000E-99    1.0000E+00    6.5776E-10    1.4754E-21    4.3881E-31    6.0643E-44
    3.592077E+04    1.0000E-99    1.0000E+00    8.2374E-10    1.5094E-21    5.5881E-31    6.3733E-44
    3.678416E+04    1.0000E-99    1.0000E+00    1.1099E-09    1.5397E-21    7.5743E-31    6.6821E-44
    3.765440E+04    1.0000E-99    1.0000E+00    1.5054E-09    1.5627E-21    1.0435E-30    6.9245E-44
    3.853330E+04    1.0000E-99    1.0000E+00    2.1175E-09    1.5826E-21    1.4594E-30    7.1423E-44
    3.942287E+04    1.0000E-99    1.0000E+00    2.6463E-09    1.5980E-21    1.8043E-30    7.2894E-44
    4.030996E+04    1.0000E-99    1.0000E+00    3.3980E-09    1.5902E-21    2.1291E-30    7.2035E-44
    4.032500E+04    1.0000E-99    1.0000E+00    3.1858E-09    8.3366E-22    1.1093E-30    2.9473E-44
#TIME:     2.050
#NVEL: 111
#vel_mid[km/s]           ni1           ni2           ni3           ni4           ni5           ni6
    1.025000E+03    1.0000E-99    3.2596E-30    1.9230E-21    3.5323E-13    9.1475E-06    9.9999E-01
    1.037120E+03    1.0000E-99    3.2030E-30    1.8977E-21    3.5011E-13    9.1069E-06    9.9999E-01
    1.061360E+03    1.0000E-99    3.1193E-30    1.8618E-21    3.4587E-13    9.0533E-06    9.9999E-01
    1.109839E+03    1.0000E-99    3.0372E-30    1.8326E-21    3.4320E-13    9.0278E-06    9.9999E-01
    1.213017E+03    1.0000E-99    3.0960E-30    1.8908E-21    3.5429E-13    9.2118E-06    9.9999E-01
    1.325723E+03    1.0000E-99    3.3079E-30    2.0336E-21    3.7747E-13    9.5645E-06    9.9999E-01
    1.448902E+03    1.0000E-99    3.6152E-30    2.2333E-21    4.0881E-13    1.0023E-05    9.9999E-01
    1.583526E+03    1.0000E-99    4.0115E-30    2.4889E-21    4.4809E-13    1.0577E-05    9.9999E-01
    1.730658E+03    1.0000E-99    4.5154E-30    2.8131E-21    4.9691E-13    1.1238E-05    9.9999E-01
    1.891461E+03    1.0000E-99    5.1563E-30    3.2258E-21    5.5776E-13    1.2026E-05    9.9999E-01
    2.067205E+03    1.0000E-99    5.9906E-30    3.7626E-21    6.3500E-13    1.2977E-05    9.9999E-01
    2.259278E+03    1.0000E-99    7.0935E-30    4.4718E-21    7.3440E-13    1.4135E-05    9.9999E-01
    2.469197E+03    1.0000E-99    8.6018E-30    5.4391E-21    8.6585E-13    1.5572E-05    9.9998E-01
    2.698621E+03    1.0000E-99    1.0704E-29    6.7844E-21    1.0426E-12    1.7371E-05    9.9998E-01
    2.949361E+03    1.0000E-99    1.3724E-29    8.7102E-21    1.2861E-12    1.9656E-05    9.9998E-01
    3.223399E+03    1.0000E-99    1.8232E-29    1.1569E-20    1.6323E-12    2.2621E-05    9.9998E-01
    3.522899E+03    1.0000E-99    2.5235E-29    1.5980E-20    2.1407E-12    2.6541E-05    9.9997E-01
    3.850227E+03    1.0000E-99    3.6644E-29    2.3096E-20    2.9166E-12    3.1852E-05    9.9997E-01
    4.207968E+03    1.0000E-99    5.6291E-29    3.5197E-20    4.1545E-12    3.9245E-05    9.9996E-01
    4.598949E+03    1.0000E-99    9.2382E-29    5.7058E-20    6.2338E-12    4.9862E-05    9.9995E-01
    5.026257E+03    1.0000E-99    1.6375E-28    9.9400E-20    9.9376E-12    6.5660E-05    9.9993E-01
    5.322738E+03    1.0000E-99    2.4858E-28    1.4871E-19    1.3939E-11    8.0175E-05    9.9992E-01
    5.636785E+03    1.0000E-99    3.9318E-28    2.3125E-19    2.0194E-11    9.9786E-05    9.9990E-01
    5.969249E+03    1.0000E-99    6.5012E-28    3.7529E-19    3.0328E-11    1.2686E-04    9.9987E-01
    6.324633E+03    1.0000E-99    1.1342E-27    6.4349E-19    4.7693E-11    1.6573E-04    9.9983E-01
    6.696793E+03    1.0000E-99    2.3526E-27    1.3067E-18    8.5762E-11    2.3444E-04    9.9977E-01
    7.079796E+03    1.0000E-99    5.8327E-27    3.1130E-18    1.7369E-10    3.5620E-04    9.9964E-01
    7.407135E+03    1.0000E-99    1.6574E-26    8.1636E-18    3.7655E-10    5.5957E-04    9.9944E-01
    7.692817E+03    1.0000E-99    5.1335E-26    2.2802E-17    8.5534E-10    8.9851E-04    9.9910E-01
    7.943790E+03    1.0000E-99    1.7427E-25    6.8526E-17    2.0516E-09    1.4835E-03    9.9852E-01
    8.178255E+03    1.0000E-99    6.7297E-25    2.3018E-16    5.3647E-09    2.5682E-03    9.9743E-01
    8.396906E+03    1.0000E-99    2.8895E-24    8.4841E-16    1.5082E-08    4.6264E-03    9.9537E-01
    8.600030E+03    1.0000E-99    1.3485E-23    3.3641E-15    4.4871E-08    8.5932E-03    9.9141E-01
    8.794946E+03    1.0000E-99    7.0221E-23    1.4708E-14    1.4407E-07    1.6631E-02    9.8337E-01
    8.979615E+03    1.0000E-99    3.9417E-22    6.8757E-14    4.8668E-07    3.2990E-02    9.6701E-01
    9.145090E+03    1.0000E-99    2.1194E-21    3.0912E-13    1.5885E-06    6.3711E-02    9.3629E-01
    9.307344E+03    1.0000E-99    1.2453E-20    1.5015E-12    5.4745E-06    1.2491E-01    8.7509E-01
    9.467105E+03    1.0000E-99    7.8807E-20    7.7500E-12    1.9500E-05    2.4144E-01    7.5854E-01
    9.611352E+03    1.0000E-99    4.3973E-19    3.5376E-11    6.1528E-05    4.1434E-01    5.8560E-01
    9.749622E+03    1.0000E-99    2.3027E-18    1.4989E-10    1.7613E-04    6.2226E-01    3.7756E-01
    9.884725E+03    1.0000E-99    1.1519E-17    5.9585E-10    4.5710E-04    8.0389E-01    1.9565E-01
    1.001128E+04    1.0000E-99    5.3082E-17    2.1638E-09    1.0660E-03    9.1238E-01    8.6554E-02
    1.013294E+04    1.0000E-99    2.4367E-16    7.7396E-09    2.3925E-03    9.6351E-01    3.4096E-02
    1.025192E+04    1.0000E-99    1.1680E-15    2.8566E-08    5.3964E-03    9.8231E-01    1.2294E-02
    1.036523E+04    1.0000E-99    5.6399E-15    1.0597E-07    1.2116E-02    9.8361E-01    4.2720E-03
    1.047433E+04    1.0000E-99    2.7808E-14    3.9979E-07    2.7312E-02    9.7126E-01    1.4275E-03
    1.058087E+04    1.0000E-99    1.4222E-13    1.5509E-06    6.2024E-02    9.3753E-01    4.4754E-04
    1.068358E+04    1.0000E-99    7.3231E-13    6.0076E-06    1.3793E-01    8.6193E-01    1.2863E-04
    1.078178E+04    1.0000E-99    3.6393E-12    2.2242E-05    2.8628E-01    7.1366E-01    3.1698E-05
    1.087424E+04    1.0000E-99    1.6045E-11    7.2465E-05    5.1058E-01    4.8934E-01    6.1400E-06
    1.096142E+04    1.0000E-99    5.9001E-11    1.9566E-04    7.3778E-01    2.6202E-01    8.8066E-07
    1.104427E+04    1.0000E-99    1.8256E-10    4.4435E-04    8.8555E-01    1.1401E-01    9.9132E-08
    1.116962E+04    1.0000E-99    8.7747E-10    1.3279E-03    9.7331E-01    2.5364E-02    2.5923E-09
    1.128592E+04    1.0000E-99    3.8813E-09    3.6711E-03    9.9108E-01    5.2524E-03    6.2914E-11
    1.138719E+04    1.0000E-99    1.6518E-08    9.7534E-03    9.8913E-01    1.1210E-03    1.6885E-12
    1.148357E+04    1.0000E-99    7.9912E-08    2.7900E-02    9.7189E-01    2.0852E-04    3.3646E-14
    1.157588E+04    1.0000E-99    4.3401E-07    8.4949E-02    9.1502E-01    3.1773E-05    4.4308E-16
    1.165789E+04    1.0000E-99    2.1548E-06    2.3486E-01    7.6514E-01    4.1336E-06    4.6681E-18
    1.172968E+04    1.0000E-99    8.1912E-06    5.0218E-01    4.9781E-01    4.1817E-07    3.7653E-20
    1.179602E+04    1.0000E-99    2.2216E-05    7.6942E-01    2.3056E-01    2.9555E-08    2.0677E-22
    1.185624E+04    1.0000E-99    4.4955E-05    9.1116E-01    8.8798E-02    1.9471E-09    2.2936E-24
    1.191139E+04    1.0000E-99    7.9002E-05    9.6654E-01    3.3382E-02    1.4470E-10    4.4295E-25
    1.196310E+04    1.0000E-99    1.3176E-04    9.8714E-01    1.2724E-02    1.1957E-11    1.6917E-25
    1.200903E+04    1.0000E-99    2.0839E-04    9.9455E-01    5.2410E-03    1.2380E-12    7.0158E-26
    1.204957E+04    1.0000E-99    3.1493E-04    9.9734E-01    2.3415E-03    1.5913E-13    3.1366E-26
    1.208724E+04    1.0000E-99    4.6599E-04    9.9845E-01    1.0873E-03    2.2640E-14    1.4541E-26
    1.211780E+04    1.0000E-99    6.4440E-04    9.9878E-01    5.7552E-04    4.4980E-15    7.6822E-27
    1.214029E+04    1.0000E-99    8.2117E-04    9.9882E-01    3.5734E-04    1.3406E-15    4.7636E-27
    1.215784E+04    1.0000E-99    9.9431E-04    9.9876E-01    2.4521E-04    5.1505E-16    3.2662E-27
    1.217298E+04    1.0000E-99    1.1735E-03    9.9865E-01    1.7686E-04    2.2456E-16    2.3551E-27
    1.218654E+04    1.0000E-99    1.3621E-03    9.9851E-01    1.3176E-04    1.0629E-16    1.7544E-27
    1.220016E+04    1.0000E-99    1.5832E-03    9.9832E-01    9.7856E-05    4.9907E-17    1.3034E-27
    1.221368E+04    1.0000E-99    1.8383E-03    9.9809E-01    7.2795E-05    2.3525E-17    9.7033E-28
    1.222859E+04    1.0000E-99    2.1655E-03    9.9778E-01    5.2581E-05    1.0287E-17    7.0187E-28
    1.224457E+04    1.0000E-99    2.5789E-03    9.9738E-01    3.7134E-05    4.2459E-18    4.9673E-28
    1.225965E+04    1.0000E-99    3.0378E-03    9.9694E-01    2.6785E-05    1.8488E-18    3.5930E-28
    1.227256E+04    1.0000E-99    3.4864E-03    9.9649E-01    2.0328E-05    9.1601E-19    2.7349E-28
    1.228514E+04    1.0000E-99    3.9781E-03    9.9601E-01    1.5590E-05    4.6616E-19    2.1044E-28
    1.229683E+04    1.0000E-99    4.4940E-03    9.9549E-01    1.2199E-05    2.4974E-19    1.6524E-28
    1.232733E+04    1.0000E-99    6.0455E-03    9.9395E-01    6.6329E-06    5.3305E-20    9.0778E-29
    1.289197E+04    1.0000E-99    3.9816E-01    6.0184E-01    3.1330E-10    1.9637E-22    4.9766E-33
    1.402569E+04    1.0000E-99    9.9334E-01    6.6626E-03    4.2790E-17    2.6408E-24    9.3492E-40
    1.518573E+04    1.0000E-99    9.9988E-01    1.2130E-04    1.1007E-21    4.8113E-26    2.5119E-44
    1.632859E+04    1.0000E-99    1.0000E+00    4.2487E-06    9.3191E-22    1.7371E-27    2.2608E-44
    1.745157E+04    1.0000E-99    1.0000E+00    3.1581E-07    9.4547E-22    1.3206E-28    2.3995E-44
    1.855827E+04    1.0000E-99    1.0000E+00    5.0007E-08    9.6226E-22    2.1396E-29    2.5383E-44
    1.963325E+04    1.0000E-99    1.0000E+00    1.3109E-08    9.7970E-22    5.7379E-30    2.6755E-44
    2.068109E+04    1.0000E-99    1.0000E+00    4.8004E-09    9.9370E-22    2.1428E-30    2.7948E-44
    2.170537E+04    1.0000E-99    1.0000E+00    2.1457E-09    1.0056E-21    9.7588E-31    2.9021E-44
    2.269952E+04    1.0000E-99    1.0000E+00    1.1273E-09    1.0176E-21    5.2367E-31    3.0073E-44
    2.366536E+04    1.0000E-99    1.0000E+00    6.7522E-10    1.0304E-21    3.2174E-31    3.1140E-44
    2.460914E+04    1.0000E-99    1.0000E+00    4.6295E-10    1.0444E-21    2.2749E-31    3.2250E-44
    2.553354E+04    1.0000E-99    1.0000E+00    3.5669E-10    1.0595E-21    1.8162E-31    3.3388E-44
    2.644080E+04    1.0000E-99    1.0000E+00    3.0547E-10    1.0747E-21    1.6155E-31    3.4513E-44
    2.733350E+04    1.0000E-99    1.0000E+00    2.8287E-10    1.0893E-21    1.5520E-31    3.5584E-44
    2.821284E+04    1.0000E-99    1.0000E+00    2.7793E-10    1.1036E-21    1.5741E-31    3.6615E-44
    2.908138E+04    1.0000E-99    1.0000E+00    2.7801E-10    1.1192E-21    1.6145E-31    3.7692E-44
    2.994295E+04    1.0000E-99    1.0000E+00    2.8462E-10    1.1394E-21    1.6816E-31    3.9000E-44
    3.079959E+04    1.0000E-99    1.0000E+00    2.9233E-10    1.1693E-21    1.7527E-31    4.0842E-44
    3.165298E+04    1.0000E-99    1.0000E+00    3.2002E-10    1.2134E-21    1.9343E-31    4.3524E-44
    3.250461E+04    1.0000E-99    1.0000E+00    3.6338E-10    1.2734E-21    2.2175E-31    4.7255E-44
    3.335585E+04    1.0000E-99    1.0000E+00    4.4878E-10    1.3384E-21    2.7458E-31    5.1478E-44
    3.420806E+04    1.0000E-99    1.0000E+00    5.4039E-10    1.3970E-21    3.3511E-31    5.5530E-44
    3.506257E+04    1.0000E-99    1.0000E+00    6.8671E-10    1.4416E-21    4.3321E-31    5.8768E-44
    3.592077E+04    1.0000E-99    1.0000E+00    8.7961E-10    1.4934E-21    5.6682E-31    6.2978E-44
    3.678416E+04    1.0000E-99    1.0000E+00    1.2156E-09    1.5358E-21    7.8617E-31    6.6778E-44
    3.765440E+04    1.0000E-99    1.0000E+00    1.6639E-09    1.5684E-21    1.0889E-30    7.0138E-44
    3.853330E+04    1.0000E-99    1.0000E+00    2.3754E-09    1.5910E-21    1.5314E-30    7.2576E-44
    3.942287E+04    1.0000E-99    1.0000E+00    3.0319E-09    1.6080E-21    1.9002E-30    7.4522E-44
    4.030996E+04    1.0000E-99    1.0000E+00    3.9462E-09    1.6007E-21    2.2673E-30    7.4297E-44
    4.032500E+04    1.0000E-99    1.0000E+00    3.7365E-09    9.0497E-22    1.3804E-30    3.6610E-44
#TIME:     2.100
#NVEL: 111
#vel_mid[km/s]           ni1           ni2           ni3           ni4           ni5           ni6
    1.025000E+03    1.0000E-99    3.6166E-30    2.1657E-21    3.9269E-13    9.7461E-06    9.9999E-01
    1.037120E+03    1.0000E-99    3.5538E-30    2.1372E-21    3.8922E-13    9.7028E-06    9.9999E-01
    1.061360E+03    1.0000E-99    3.4556E-30    2.0941E-21    3.8412E-13    9.6405E-06    9.9999E-01
    1.109839E+03    1.0000E-99    3.3382E-30    2.0474E-21    3.7923E-13    9.5872E-06    9.9999E-01
    1.213017E+03    1.0000E-99    3.3200E-30    2.0685E-21    3.8540E-13    9.7007E-06    9.9999E-01
    1.325723E+03    1.0000E-99    3.4918E-30    2.1952E-21    4.0661E-13    1.0020E-05    9.9999E-01
    1.448902E+03    1.0000E-99    3.7919E-30    2.3979E-21    4.3871E-13    1.0480E-05    9.9999E-01
    1.583526E+03    1.0000E-99    4.2022E-30    2.6697E-21    4.8062E-13    1.1058E-05    9.9999E-01
    1.730658E+03    1.0000E-99    4.7345E-30    3.0204E-21    5.3349E-13    1.1757E-05    9.9999E-01
    1.891461E+03    1.0000E-99    5.4188E-30    3.4707E-21    5.9991E-13    1.2597E-05    9.9999E-01
    2.067205E+03    1.0000E-99    6.3132E-30    4.0584E-21    6.8450E-13    1.3613E-05    9.9999E-01
    2.259278E+03    1.0000E-99    7.5025E-30    4.8393E-21    7.9386E-13    1.4854E-05    9.9999E-01
    2.469197E+03    1.0000E-99    9.1312E-30    5.9057E-21    9.3865E-13    1.6395E-05    9.9998E-01
    2.698621E+03    1.0000E-99    1.1412E-29    7.3952E-21    1.1340E-12    1.8327E-05    9.9998E-01
    2.949361E+03    1.0000E-99    1.4707E-29    9.5379E-21    1.4044E-12    2.0789E-05    9.9998E-01
    3.223399E+03    1.0000E-99    1.9646E-29    1.2732E-20    1.7900E-12    2.3988E-05    9.9998E-01
    3.522899E+03    1.0000E-99    2.7360E-29    1.7683E-20    2.3586E-12    2.8229E-05    9.9997E-01
    3.850227E+03    1.0000E-99    4.0002E-29    2.5713E-20    3.2300E-12    3.3986E-05    9.9997E-01
    4.207968E+03    1.0000E-99    6.1906E-29    3.9441E-20    4.6263E-12    4.2015E-05    9.9996E-01
    4.598949E+03    1.0000E-99    1.0240E-28    6.4378E-20    6.9818E-12    5.3571E-05    9.9995E-01
    5.026257E+03    1.0000E-99    1.8297E-28    1.1294E-19    1.1195E-11    7.0795E-05    9.9993E-01
    5.322738E+03    1.0000E-99    2.7936E-28    1.6981E-19    1.5769E-11    8.6656E-05    9.9991E-01
    5.636785E+03    1.0000E-99    4.4427E-28    2.6539E-19    2.2945E-11    1.0813E-04    9.9989E-01
    5.969249E+03    1.0000E-99    7.3946E-28    4.3361E-19    3.4654E-11    1.3791E-04    9.9986E-01
    6.324633E+03    1.0000E-99    1.3166E-27    7.5862E-19    5.5371E-11    1.8182E-04    9.9982E-01
    6.696793E+03    1.0000E-99    2.8562E-27    1.6060E-18    1.0283E-10    2.6204E-04    9.9974E-01
    7.079796E+03    1.0000E-99    7.4524E-27    3.9933E-18    2.1542E-10    4.0565E-04    9.9959E-01
    7.407135E+03    1.0000E-99    2.1812E-26    1.0746E-17    4.7689E-10    6.4469E-04    9.9936E-01
    7.692817E+03    1.0000E-99    6.8654E-26    3.0462E-17    1.0967E-09    1.0424E-03    9.9896E-01
    7.943790E+03    1.0000E-99    2.3345E-25    9.1756E-17    2.6371E-09    1.7238E-03    9.9828E-01
    8.178255E+03    1.0000E-99    8.9175E-25    3.0555E-16    6.8533E-09    2.9740E-03    9.9703E-01
    8.396906E+03    1.0000E-99    3.7323E-24    1.1021E-15    1.8953E-08    5.3082E-03    9.9469E-01
    8.600030E+03    1.0000E-99    1.6731E-23    4.2210E-15    5.4901E-08    9.7109E-03    9.9029E-01
    8.794946E+03    1.0000E-99    8.2581E-23    1.7615E-14    1.7000E-07    1.8410E-02    9.8159E-01
    8.979615E+03    1.0000E-99    4.3464E-22    7.7838E-14    5.4956E-07    3.5611E-02    9.6439E-01
    9.145090E+03    1.0000E-99    2.1875E-21    3.3022E-13    1.7141E-06    6.7010E-02    9.3299E-01
    9.307344E+03    1.0000E-99    1.2018E-20    1.5120E-12    5.6406E-06    1.2800E-01    8.7199E-01
    9.467105E+03    1.0000E-99    7.1631E-20    7.4044E-12    1.9291E-05    2.4212E-01    7.5786E-01
    9.611352E+03    1.0000E-99    3.8456E-19    3.2690E-11    5.9384E-05    4.1095E-01    5.8899E-01
    9.749622E+03    1.0000E-99    1.9823E-18    1.3674E-10    1.6861E-04    6.1671E-01    3.8312E-01
    9.884725E+03    1.0000E-99    9.9595E-18    5.4607E-10    4.3957E-04    8.0021E-01    1.9935E-01
    1.001128E+04    1.0000E-99    4.6665E-17    2.0120E-09    1.0356E-03    9.1126E-01    8.7701E-02
    1.013294E+04    1.0000E-99    2.1869E-16    7.3231E-09    2.3506E-03    9.6351E-01    3.4144E-02
    1.025192E+04    1.0000E-99    1.0660E-15    2.7411E-08    5.3480E-03    9.8247E-01    1.2178E-02
    1.036523E+04    1.0000E-99    5.1759E-15    1.0217E-07    1.2041E-02    9.8374E-01    4.2154E-03
    1.047433E+04    1.0000E-99    2.5290E-14    3.8262E-07    2.7022E-02    9.7156E-01    1.4173E-03
    1.058087E+04    1.0000E-99    1.2627E-13    1.4555E-06    6.0657E-02    9.3889E-01    4.5225E-04
    1.068358E+04    1.0000E-99    6.2732E-13    5.4777E-06    1.3277E-01    8.6709E-01    1.3409E-04
    1.078178E+04    1.0000E-99    2.9946E-12    1.9659E-05    2.7185E-01    7.2810E-01    3.4748E-05
    1.087424E+04    1.0000E-99    1.2757E-11    6.2571E-05    4.8406E-01    5.1587E-01    7.2781E-06
    1.096142E+04    1.0000E-99    4.5784E-11    1.6692E-04    7.0860E-01    2.9123E-01    1.1607E-06
    1.104427E+04    1.0000E-99    1.3832E-10    3.7500E-04    8.6494E-01    1.3468E-01    1.4737E-07
    1.116962E+04    1.0000E-99    6.2370E-10    1.0782E-03    9.6572E-01    3.3201E-02    4.8030E-09
    1.128592E+04    1.0000E-99    2.4715E-09    2.7744E-03    9.8942E-01    7.8087E-03    1.5578E-10
    1.138719E+04    1.0000E-99    8.9728E-09    6.6517E-03    9.9138E-01    1.9648E-03    6.1016E-12
    1.148357E+04    1.0000E-99    3.5285E-08    1.6654E-02    9.8289E-01    4.5705E-04    2.0244E-13
    1.157588E+04    1.0000E-99    1.5112E-07    4.3741E-02    9.5616E-01    9.4950E-05    5.2852E-15
    1.165789E+04    1.0000E-99    6.1093E-07    1.0909E-01    8.9089E-01    1.9171E-05    1.3602E-16
    1.172968E+04    1.0000E-99    2.1497E-06    2.4120E-01    7.5879E-01    3.6928E-06    3.5076E-18
    1.179602E+04    1.0000E-99    6.4494E-06    4.5453E-01    5.4546E-01    5.8747E-07    7.1825E-20
    1.185624E+04    1.0000E-99    1.5044E-05    6.7919E-01    3.2079E-01    7.9829E-08    1.3243E-21
    1.191139E+04    1.0000E-99    2.8089E-05    8.3592E-01    1.6406E-01    1.0239E-08    2.7465E-23
    1.196310E+04    1.0000E-99    4.5817E-05    9.2062E-01    7.9337E-02    1.3570E-09    1.5813E-24
    1.200903E+04    1.0000E-99    6.8063E-05    9.6005E-01    3.9887E-02    2.1778E-10    5.4523E-25
    1.204957E+04    1.0000E-99    9.5356E-05    9.7858E-01    2.1329E-02    4.2661E-11    2.8819E-25
