#NTIMES: 4
#NSTAGES: 3 
#TIMES[d]: 75.0 100.0 150.0 200.0
#
#TIME: 75.0
#NVEL: 60
#vel_mid[km/s] co0 co1 co2
2.500000e+02   3.15e-06   5.42e-01   4.58e-01
7.500000e+02   2.73e-06   5.15e-01   4.85e-01
1.250000e+03   2.40e-06   4.87e-01   5.13e-01
1.750000e+03   2.11e-06   4.61e-01   5.39e-01
2.250000e+03   1.92e-06   4.37e-01   5.63e-01
2.750000e+03   1.76e-06   4.14e-01   5.86e-01
3.250000e+03   1.61e-06   3.92e-01   6.08e-01
3.750000e+03   1.51e-06   3.71e-01   6.29e-01
4.250000e+03   1.40e-06   3.51e-01   6.49e-01
4.750000e+03   1.32e-06   3.33e-01   6.67e-01
5.250000e+03   1.33e-06   3.15e-01   6.85e-01
5.750000e+03   1.31e-06   2.97e-01   7.03e-01
6.250000e+03   1.33e-06   2.81e-01   7.19e-01
6.750000e+03   1.44e-06   2.69e-01   7.32e-01
7.250000e+03   1.71e-06   2.72e-01   7.28e-01
7.750000e+03   2.21e-06   2.84e-01   7.16e-01
8.250000e+03   2.81e-06   2.90e-01   7.10e-01
8.750000e+03   3.47e-06   2.78e-01   7.22e-01
9.250000e+03   4.13e-06   2.47e-01   7.53e-01
9.750000e+03   4.83e-06   2.04e-01   7.96e-01
1.025000e+04   5.54e-06   1.63e-01   8.37e-01
1.075000e+04   6.34e-06   1.34e-01   8.66e-01
1.125000e+04   7.27e-06   1.15e-01   8.85e-01
1.175000e+04   7.42e-06   1.00e-01   9.00e-01
1.225000e+04   1.83e-06   9.70e-02   9.03e-01
1.275000e+04   7.65e-01   1.83e-01   5.16e-02
1.325000e+04   7.45e-01   1.95e-01   5.96e-02
1.375000e+04   7.24e-01   2.07e-01   6.85e-02
1.425000e+04   6.99e-01   2.21e-01   8.03e-02
1.475000e+04   6.72e-01   2.34e-01   9.34e-02
1.525000e+04   6.45e-01   2.47e-01   1.08e-01
1.575000e+04   6.20e-01   2.58e-01   1.22e-01
1.625000e+04   5.87e-01   2.72e-01   1.41e-01
1.675000e+04   5.51e-01   2.85e-01   1.64e-01
1.725000e+04   5.14e-01   2.96e-01   1.90e-01
1.775000e+04   4.77e-01   3.05e-01   2.18e-01
1.825000e+04   4.41e-01   3.10e-01   2.49e-01
1.875000e+04   3.71e-01   3.15e-01   3.14e-01
1.925000e+04   3.42e-01   3.10e-01   3.48e-01
1.975000e+04   3.13e-01   3.02e-01   3.85e-01
2.025000e+04   2.91e-01   2.91e-01   4.17e-01
2.075000e+04   2.73e-01   2.78e-01   4.49e-01
2.125000e+04   2.59e-01   2.60e-01   4.80e-01
2.175000e+04   2.51e-01   2.41e-01   5.08e-01
2.225000e+04   2.43e-01   2.21e-01   5.36e-01
2.275000e+04   2.39e-01   2.00e-01   5.61e-01
2.325000e+04   2.96e-01   1.91e-01   5.14e-01
2.375000e+04   2.94e-01   1.71e-01   5.35e-01
2.425000e+04   2.87e-01   1.56e-01   5.57e-01
2.475000e+04   2.72e-01   1.42e-01   5.86e-01
2.525000e+04   2.53e-01   1.29e-01   6.18e-01
2.575000e+04   2.31e-01   1.18e-01   6.51e-01
2.625000e+04   2.04e-01   1.08e-01   6.87e-01
2.675000e+04   1.80e-01   9.93e-02   7.21e-01
2.725000e+04   1.55e-01   9.05e-02   7.54e-01
2.775000e+04   1.33e-01   8.29e-02   7.85e-01
2.825000e+04   1.12e-01   7.57e-02   8.13e-01
2.875000e+04   9.29e-02   6.89e-02   8.38e-01
2.925000e+04   7.67e-02   6.33e-02   8.60e-01
2.975000e+04   6.31e-02   5.83e-02   8.79e-01
#TIME: 100.0
#NVEL: 60
#vel_mid[km/s] co0 co1 co2
2.500000e+02   5.46e-06   5.25e-01   4.75e-01
7.500000e+02   4.77e-06   4.95e-01   5.05e-01
1.250000e+03   4.32e-06   4.67e-01   5.33e-01
1.750000e+03   3.76e-06   4.38e-01   5.62e-01
2.250000e+03   3.45e-06   4.13e-01   5.87e-01
2.750000e+03   3.18e-06   3.89e-01   6.11e-01
3.250000e+03   3.07e-06   3.66e-01   6.34e-01
3.750000e+03   2.88e-06   3.44e-01   6.56e-01
4.250000e+03   2.89e-06   3.23e-01   6.77e-01
4.750000e+03   2.88e-06   3.03e-01   6.97e-01
5.250000e+03   2.97e-06   2.84e-01   7.16e-01
5.750000e+03   3.11e-06   2.66e-01   7.34e-01
6.250000e+03   3.33e-06   2.49e-01   7.51e-01
6.750000e+03   3.75e-06   2.34e-01   7.66e-01
7.250000e+03   4.60e-06   2.34e-01   7.66e-01
7.750000e+03   6.04e-06   2.44e-01   7.56e-01
8.250000e+03   8.03e-06   2.48e-01   7.52e-01
8.750000e+03   1.01e-05   2.34e-01   7.66e-01
9.250000e+03   1.19e-05   2.03e-01   7.97e-01
9.750000e+03   1.33e-05   1.64e-01   8.36e-01
1.025000e+04   1.42e-05   1.27e-01   8.73e-01
1.075000e+04   1.48e-05   1.01e-01   8.99e-01
1.125000e+04   1.38e-05   8.51e-02   9.15e-01
1.175000e+04   5.45e-06   7.47e-02   9.25e-01
1.225000e+04   1.74e-06   7.35e-02   9.26e-01
1.275000e+04   6.06e-01   2.91e-01   1.04e-01
1.325000e+04   5.73e-01   3.09e-01   1.18e-01
1.375000e+04   5.30e-01   3.31e-01   1.40e-01
1.425000e+04   4.86e-01   3.49e-01   1.64e-01
1.475000e+04   4.47e-01   3.64e-01   1.89e-01
1.525000e+04   4.14e-01   3.76e-01   2.10e-01
1.575000e+04   3.79e-01   3.84e-01   2.37e-01
1.625000e+04   3.45e-01   3.90e-01   2.65e-01
1.675000e+04   3.14e-01   3.92e-01   2.94e-01
1.725000e+04   2.93e-01   3.90e-01   3.18e-01
1.775000e+04   2.69e-01   3.85e-01   3.46e-01
1.825000e+04   2.46e-01   3.77e-01   3.77e-01
1.875000e+04   2.27e-01   3.64e-01   4.08e-01
1.925000e+04   2.13e-01   3.49e-01   4.38e-01
1.975000e+04   2.03e-01   3.31e-01   4.66e-01
2.025000e+04   1.95e-01   3.11e-01   4.93e-01
2.075000e+04   1.92e-01   2.89e-01   5.19e-01
2.125000e+04   1.92e-01   2.67e-01   5.41e-01
2.175000e+04   1.96e-01   2.43e-01   5.61e-01
2.225000e+04   2.03e-01   2.17e-01   5.80e-01
2.275000e+04   2.10e-01   1.93e-01   5.97e-01
2.325000e+04   2.50e-01   1.77e-01   5.72e-01
2.375000e+04   2.56e-01   1.58e-01   5.87e-01
2.425000e+04   2.49e-01   1.42e-01   6.09e-01
2.475000e+04   2.33e-01   1.28e-01   6.39e-01
2.525000e+04   2.14e-01   1.16e-01   6.70e-01
2.575000e+04   1.91e-01   1.06e-01   7.03e-01
2.625000e+04   1.66e-01   9.62e-02   7.38e-01
2.675000e+04   1.42e-01   8.72e-02   7.71e-01
2.725000e+04   1.21e-01   7.97e-02   7.99e-01
2.775000e+04   1.01e-01   7.26e-02   8.26e-01
2.825000e+04   8.39e-02   6.60e-02   8.50e-01
2.875000e+04   6.94e-02   6.06e-02   8.70e-01
2.925000e+04   5.70e-02   5.57e-02   8.87e-01
2.975000e+04   4.58e-02   5.12e-02   9.03e-01
#TIME: 150.0
#NVEL: 60
#vel_mid[km/s] co0 co1 co2
2.500000e+02   2.43e-05   5.26e-01   4.74e-01
7.500000e+02   2.15e-05   4.96e-01   5.04e-01
1.250000e+03   1.93e-05   4.65e-01   5.35e-01
1.750000e+03   1.81e-05   4.34e-01   5.66e-01
2.250000e+03   1.79e-05   4.06e-01   5.93e-01
2.750000e+03   1.73e-05   3.78e-01   6.22e-01
3.250000e+03   1.73e-05   3.53e-01   6.47e-01
3.750000e+03   1.74e-05   3.27e-01   6.73e-01
4.250000e+03   1.74e-05   3.03e-01   6.97e-01
4.750000e+03   1.81e-05   2.81e-01   7.19e-01
5.250000e+03   1.86e-05   2.59e-01   7.41e-01
5.750000e+03   1.90e-05   2.38e-01   7.62e-01
6.250000e+03   2.01e-05   2.17e-01   7.83e-01
6.750000e+03   2.12e-05   2.01e-01   7.99e-01
7.250000e+03   1.62e-05   1.98e-01   8.02e-01
7.750000e+03   3.36e-05   2.02e-01   7.98e-01
8.250000e+03   4.46e-05   2.03e-01   7.97e-01
8.750000e+03   4.85e-05   1.91e-01   8.09e-01
9.250000e+03   3.37e-05   1.64e-01   8.36e-01
9.750000e+03   6.72e-06   1.29e-01   8.71e-01
1.025000e+04   1.86e-05   9.80e-02   9.02e-01
1.075000e+04   4.07e-06   7.72e-02   9.23e-01
1.125000e+04   3.41e-06   6.51e-02   9.35e-01
1.175000e+04   1.01e-05   6.11e-02   9.39e-01
1.225000e+04   8.96e-06   6.17e-02   9.38e-01
1.275000e+04   4.50e-01   4.10e-01   1.40e-01
1.325000e+04   4.22e-01   4.21e-01   1.57e-01
1.375000e+04   3.94e-01   4.31e-01   1.74e-01
1.425000e+04   3.64e-01   4.40e-01   1.96e-01
1.475000e+04   3.41e-01   4.45e-01   2.14e-01
1.525000e+04   3.17e-01   4.49e-01   2.34e-01
1.575000e+04   2.87e-01   4.51e-01   2.62e-01
1.625000e+04   2.58e-01   4.50e-01   2.91e-01
1.675000e+04   2.31e-01   4.46e-01   3.23e-01
1.725000e+04   2.07e-01   4.40e-01   3.53e-01
1.775000e+04   1.85e-01   4.29e-01   3.86e-01
1.825000e+04   1.67e-01   4.15e-01   4.18e-01
1.875000e+04   1.51e-01   3.98e-01   4.51e-01
1.925000e+04   1.39e-01   3.79e-01   4.82e-01
1.975000e+04   1.29e-01   3.59e-01   5.12e-01
2.025000e+04   1.22e-01   3.37e-01   5.41e-01
2.075000e+04   1.20e-01   3.14e-01   5.66e-01
2.125000e+04   1.23e-01   2.89e-01   5.87e-01
2.175000e+04   1.30e-01   2.64e-01   6.05e-01
2.225000e+04   1.42e-01   2.39e-01   6.19e-01
2.275000e+04   1.59e-01   2.14e-01   6.27e-01
2.325000e+04   1.80e-01   1.88e-01   6.32e-01
2.375000e+04   1.98e-01   1.65e-01   6.38e-01
2.425000e+04   2.07e-01   1.44e-01   6.48e-01
2.475000e+04   2.03e-01   1.27e-01   6.70e-01
2.525000e+04   1.88e-01   1.14e-01   6.98e-01
2.575000e+04   1.68e-01   1.02e-01   7.29e-01
2.625000e+04   1.46e-01   9.24e-02   7.61e-01
2.675000e+04   1.25e-01   8.32e-02   7.91e-01
2.725000e+04   1.06e-01   7.56e-02   8.19e-01
2.775000e+04   8.86e-02   6.86e-02   8.43e-01
2.825000e+04   7.36e-02   6.23e-02   8.64e-01
2.875000e+04   6.07e-02   5.71e-02   8.82e-01
2.925000e+04   5.03e-02   5.27e-02   8.97e-01
2.975000e+04   4.12e-02   4.90e-02   9.10e-01
#TIME: 200.0
#NVEL: 60
#vel_mid[km/s] co0 co1 co2
2.500000e+02   1.08e-04   5.47e-01   4.53e-01
7.500000e+02   9.83e-05   5.17e-01   4.83e-01
1.250000e+03   9.00e-05   4.83e-01   5.17e-01
1.750000e+03   8.33e-05   4.50e-01   5.50e-01
2.250000e+03   7.92e-05   4.19e-01   5.81e-01
2.750000e+03   7.48e-05   3.88e-01   6.12e-01
3.250000e+03   7.20e-05   3.59e-01   6.41e-01
3.750000e+03   6.95e-05   3.30e-01   6.70e-01
4.250000e+03   6.62e-05   3.03e-01   6.97e-01
4.750000e+03   6.33e-05   2.77e-01   7.23e-01
5.250000e+03   4.08e-05   2.53e-01   7.47e-01
5.750000e+03   3.87e-05   2.29e-01   7.71e-01
6.250000e+03   5.38e-05   2.06e-01   7.93e-01
6.750000e+03   5.39e-05   1.87e-01   8.13e-01
7.250000e+03   6.36e-05   1.82e-01   8.18e-01
7.750000e+03   3.79e-05   1.84e-01   8.16e-01
8.250000e+03   6.80e-05   1.84e-01   8.16e-01
8.750000e+03   4.67e-05   1.72e-01   8.28e-01
9.250000e+03   2.30e-05   1.48e-01   8.52e-01
9.750000e+03   2.70e-05   1.14e-01   8.86e-01
1.025000e+04   1.41e-05   8.45e-02   9.15e-01
1.075000e+04   8.99e-06   6.84e-02   9.32e-01
1.125000e+04   5.46e-06   6.23e-02   9.38e-01
1.175000e+04   1.55e-05   6.27e-02   9.37e-01
1.225000e+04   1.58e-05   6.22e-02   9.38e-01
1.275000e+04   4.03e-01   4.31e-01   1.66e-01
1.325000e+04   3.78e-01   4.38e-01   1.83e-01
1.375000e+04   3.53e-01   4.45e-01   2.03e-01
1.425000e+04   3.25e-01   4.50e-01   2.25e-01
1.475000e+04   2.97e-01   4.53e-01   2.50e-01
1.525000e+04   2.71e-01   4.55e-01   2.74e-01
1.575000e+04   2.43e-01   4.54e-01   3.03e-01
1.625000e+04   2.16e-01   4.49e-01   3.34e-01
1.675000e+04   1.92e-01   4.43e-01   3.65e-01
1.725000e+04   1.68e-01   4.33e-01   3.99e-01
1.775000e+04   1.46e-01   4.21e-01   4.33e-01
1.825000e+04   1.30e-01   4.09e-01   4.61e-01
1.875000e+04   1.13e-01   3.93e-01   4.94e-01
1.925000e+04   9.59e-02   3.74e-01   5.30e-01
1.975000e+04   8.10e-02   3.52e-01   5.67e-01
2.025000e+04   6.95e-02   3.31e-01   5.99e-01
2.075000e+04   6.16e-02   3.09e-01   6.29e-01
2.125000e+04   5.58e-02   2.86e-01   6.58e-01
2.175000e+04   5.18e-02   2.63e-01   6.85e-01
2.225000e+04   7.43e-02   2.80e-01   6.46e-01
2.275000e+04   7.82e-02   2.56e-01   6.66e-01
2.325000e+04   8.49e-02   2.32e-01   6.83e-01
2.375000e+04   9.84e-02   2.06e-01   6.96e-01
2.425000e+04   1.19e-01   1.82e-01   6.99e-01
2.475000e+04   1.46e-01   1.57e-01   6.97e-01
2.525000e+04   1.65e-01   1.35e-01   7.00e-01
2.575000e+04   1.67e-01   1.17e-01   7.16e-01
2.625000e+04   1.56e-01   1.03e-01   7.41e-01
2.675000e+04   1.41e-01   9.28e-02   7.67e-01
2.725000e+04   1.22e-01   8.34e-02   7.94e-01
2.775000e+04   1.04e-01   7.53e-02   8.20e-01
2.825000e+04   8.90e-02   6.88e-02   8.42e-01
2.875000e+04   7.42e-02   6.25e-02   8.63e-01
2.925000e+04   6.23e-02   5.77e-02   8.80e-01
2.975000e+04   5.19e-02   5.35e-02   8.95e-01
