#NTIMES:    57
#NSTAGES:     6
#TIMES[d]:     2.000    2.020    2.050    2.100    2.200    2.400    2.640    2.900    3.190    3.510    3.860    4.250    4.670    5.140    5.650    6.210    6.830    7.510    8.260    9.090   10.000   11.000   12.100   13.310   14.640   16.100   17.710   19.480   21.430   23.570   25.930   28.520   31.370   34.510   38.000   41.000   45.100   49.610   54.570   60.030   66.000   72.560   80.000   88.000   97.000  107.000  117.000  127.000  137.000  147.000  157.000  167.000  177.000  187.000  197.000  207.000  217.000
#
#TIME:     2.000
#NVEL: 100
#vel_mid[km/s]           co0           co1           co2           co3           co4           co5
    1.025000E+03   1.0000E-099   6.3037E-031   6.6767E-022   9.6168E-014   2.7399E-006   1.0000E+000
    1.037120E+03   1.0000E-099   6.2074E-031   6.6008E-022   9.5434E-014   2.7299E-006   1.0000E+000
    1.061360E+03   1.0000E-099   6.1363E-031   6.5603E-022   9.5254E-014   2.7290E-006   1.0000E+000
    1.109839E+03   1.0000E-099   6.2071E-031   6.6677E-022   9.6944E-014   2.7578E-006   1.0000E+000
    1.213017E+03   1.0000E-099   6.6199E-031   7.1330E-022   1.0305E-013   2.8552E-006   1.0000E+000
    1.325723E+03   1.0000E-099   7.1689E-031   7.7383E-022   1.1073E-013   2.9739E-006   1.0000E+000
    1.448902E+03   1.0000E-099   7.8522E-031   8.4875E-022   1.2007E-013   3.1138E-006   1.0000E+000
    1.583526E+03   1.0000E-099   8.7033E-031   9.4171E-022   1.3148E-013   3.2791E-006   1.0000E+000
    1.730658E+03   1.0000E-099   9.7772E-031   1.0586E-021   1.4559E-013   3.4757E-006   1.0000E+000
    1.891461E+03   1.0000E-099   1.1126E-030   1.2051E-021   1.6301E-013   3.7084E-006   1.0000E+000
    2.067205E+03   1.0000E-099   1.2880E-030   1.3949E-021   1.8511E-013   3.9899E-006   1.0000E+000
    2.259278E+03   1.0000E-099   1.5173E-030   1.6421E-021   2.1331E-013   4.3306E-006   1.0000E+000
    2.469197E+03   1.0000E-099   1.8310E-030   1.9777E-021   2.5062E-013   4.7549E-006   1.0000E+000
    2.698621E+03   1.0000E-099   2.2647E-030   2.4386E-021   3.0048E-013   5.2848E-006   9.9999E-001
    2.949361E+03   1.0000E-099   2.8824E-030   3.0898E-021   3.6875E-013   5.9570E-006   9.9999E-001
    3.223399E+03   1.0000E-099   3.7983E-030   4.0445E-021   4.6537E-013   6.8291E-006   9.9999E-001
    3.522899E+03   1.0000E-099   5.2083E-030   5.4951E-021   6.0637E-013   7.9821E-006   9.9999E-001
    3.850227E+03   1.0000E-099   7.4837E-030   7.7977E-021   8.2021E-013   9.5444E-006   9.9999E-001
    4.207968E+03   1.0000E-099   1.1361E-029   1.1642E-020   1.1590E-012   1.1721E-005   9.9999E-001
    4.598949E+03   1.0000E-099   1.8399E-029   1.8447E-020   1.7240E-012   1.4851E-005   9.9999E-001
    5.026257E+03   1.0000E-099   3.2154E-029   3.1346E-020   2.7234E-012   1.9520E-005   9.9998E-001
    5.493268E+03   1.0000E-099   6.1419E-029   5.7801E-020   4.6180E-012   2.6792E-005   9.9997E-001
    6.003672E+03   1.0000E-099   1.3042E-028   1.1749E-019   8.5005E-012   3.8662E-005   9.9996E-001
    6.563976E+03   1.0000E-099   3.1496E-028   2.7085E-019   1.7424E-011   5.9535E-005   9.9994E-001
    7.150150E+03   1.0000E-099   1.2013E-027   9.6197E-019   4.9406E-011   1.1062E-004   9.9989E-001
    7.624563E+03   1.0000E-099   6.5657E-027   4.4902E-018   1.7213E-010   2.2922E-004   9.9977E-001
    8.015598E+03   1.0000E-099   4.5505E-026   2.5240E-017   6.9022E-010   5.1281E-004   9.9949E-001
    8.365060E+03   1.0000E-099   4.3041E-025   1.8504E-016   3.3979E-009   1.2900E-003   9.9871E-001
    8.678533E+03   1.0000E-099   5.2224E-024   1.6861E-015   1.9795E-008   3.5741E-003   9.9643E-001
    8.970829E+03   1.0000E-099   8.3613E-023   1.9655E-014   1.3977E-007   1.1041E-002   9.8896E-001
    9.225513E+03   1.0000E-099   1.3554E-021   2.3222E-013   9.9254E-007   3.3975E-002   9.6602E-001
    9.474694E+03   1.0000E-099   2.8539E-020   3.4613E-012   8.3706E-006   1.1244E-001   8.8755E-001
    9.694307E+03   1.0000E-099   5.0071E-019   4.3348E-011   5.9435E-005   3.1342E-001   6.8652E-001
    9.904307E+03   1.0000E-099   7.6150E-018   4.5887E-010   3.3897E-004   6.4753E-001   3.5213E-001
    1.009658E+04   1.0000E-099   8.4091E-017   3.4768E-009   1.3385E-003   8.8613E-001   1.1254E-001
    1.028085E+04   1.0000E-099   8.9793E-016   2.4734E-008   4.6522E-003   9.7020E-001   2.5150E-002
    1.045267E+04   1.0000E-099   1.0049E-014   1.8145E-007   1.5936E-002   9.7937E-001   4.6943E-003
    1.061724E+04   1.0000E-099   1.3173E-013   1.5122E-006   5.7791E-002   9.4149E-001   7.1541E-004
    1.077223E+04   1.0000E-099   1.8243E-012   1.2985E-005   2.0271E-001   7.9720E-001   8.3483E-005
    1.091419E+04   1.0000E-099   1.9374E-011   8.5169E-005   5.2552E-001   4.7439E-001   6.2743E-006
    1.104427E+04   1.0000E-099   1.2846E-010   3.5010E-004   8.3392E-001   1.6573E-001   2.5527E-007
    1.116962E+04   1.0000E-099   6.8478E-010   1.1307E-003   9.6186E-001   3.7012E-002   5.3861E-009
    1.128592E+04   1.0000E-099   3.6365E-009   3.5143E-003   9.8987E-001   6.6114E-003   7.6282E-011
    1.138719E+04   1.0000E-099   2.0332E-008   1.1065E-002   9.8783E-001   1.1035E-003   9.5260E-013
    1.148357E+04   1.0000E-099   1.3706E-007   3.8885E-002   9.6097E-001   1.4842E-004   7.1690E-015
    1.157588E+04   1.0000E-099   1.0169E-006   1.4221E-001   8.5778E-001   1.5052E-005   2.9527E-017
    1.165789E+04   1.0000E-099   5.8519E-006   4.0736E-001   5.9264E-001   1.1450E-006   8.3265E-020
    1.172968E+04   1.0000E-099   2.1117E-005   7.4014E-001   2.5984E-001   5.4900E-008   1.5332E-022
    1.179602E+04   1.0000E-099   5.6423E-005   9.3008E-001   6.9863E-002   1.3601E-009   3.6833E-024
    1.185624E+04   1.0000E-099   1.3881E-004   9.8590E-001   1.3965E-002   2.1188E-011   7.3189E-025
    1.191139E+04   1.0000E-099   3.4999E-004   9.9729E-001   2.3589E-003   2.3379E-013   1.2245E-025
    1.196310E+04   1.0000E-099   9.4937E-004   9.9872E-001   3.3362E-004   1.6710E-015   1.7131E-026
    1.200903E+04   1.0000E-099   2.6523E-003   9.9730E-001   4.3405E-005   9.6308E-018   2.2507E-027
    1.204957E+04   1.0000E-099   7.5834E-003   9.9241E-001   5.2639E-006   4.6015E-020   2.8265E-028
    1.208724E+04   1.0000E-099   2.4470E-002   9.7553E-001   4.9907E-007   1.6305E-022   2.7479E-029
    1.211780E+04   1.0000E-099   7.5056E-002   9.2494E-001   4.8358E-008   3.8671E-023   2.6955E-030
    1.214029E+04   1.0000E-099   1.7630E-001   8.2370E-001   6.4000E-009   3.3742E-023   3.6710E-031
    1.215784E+04   1.0000E-099   3.2341E-001   6.7659E-001   1.0440E-009   2.8308E-023   6.2852E-032
    1.217298E+04   1.0000E-099   4.9964E-001   5.0036E-001   1.7055E-010   2.1796E-023   1.0900E-032
    1.218654E+04   1.0000E-099   6.7006E-001   3.2994E-001   2.6060E-011   1.4999E-023   1.7624E-033
    1.220016E+04   1.0000E-099   8.1671E-001   1.8329E-001   2.9166E-012   8.6246E-024   2.0636E-034
    1.221368E+04   1.0000E-099   9.1312E-001   8.6880E-002   2.4828E-013   4.1534E-024   1.7984E-035
    1.222859E+04   1.0000E-099   9.6893E-001   3.1069E-002   1.0400E-014   1.4790E-024   7.5467E-037
    1.224457E+04   1.0000E-099   9.9117E-001   8.8261E-003   2.3600E-016   4.1112E-025   1.6832E-038
    1.225965E+04   1.0000E-099   9.9736E-001   2.6413E-003   5.9861E-018   1.1992E-025   4.1746E-040
    1.227256E+04   1.0000E-099   9.9892E-001   1.0847E-003   3.4539E-019   4.8369E-026   2.3703E-041
    1.228514E+04   1.0000E-099   9.9956E-001   4.4120E-004   1.7212E-020   1.9366E-026   1.1646E-042
    1.229683E+04   1.0000E-099   9.9981E-001   1.9123E-004   1.9758E-021   8.2691E-027   1.3186E-043
    1.232733E+04   1.0000E-099   9.9993E-001   7.4186E-005   1.1101E-021   3.1216E-027   7.2196E-044
    1.289197E+04   1.0000E-099   9.9996E-001   3.9259E-005   1.1481E-021   1.7461E-027   7.9275E-044
    1.402569E+04   1.0000E-099   9.9999E-001   8.3339E-006   1.2700E-021   4.1212E-028   9.8268E-044
    1.518573E+04   1.0000E-099   1.0000E+000   2.5358E-006   1.3907E-021   1.3747E-028   1.1883E-043
    1.632859E+04   1.0000E-099   1.0000E+000   1.0599E-006   1.5023E-021   6.2111E-029   1.3970E-043
    1.745157E+04   1.0000E-099   1.0000E+000   5.7960E-007   1.6055E-021   3.6312E-029   1.6053E-043
    1.855827E+04   1.0000E-099   1.0000E+000   3.7649E-007   1.7012E-021   2.5000E-029   1.8117E-043
    1.963325E+04   1.0000E-099   1.0000E+000   2.7244E-007   1.7890E-021   1.9030E-029   2.0118E-043
    2.068109E+04   1.0000E-099   1.0000E+000   2.0800E-007   1.8700E-021   1.5192E-029   2.2055E-043
    2.170537E+04   1.0000E-099   1.0000E+000   1.6268E-007   1.9453E-021   1.2363E-029   2.3929E-043
    2.269952E+04   1.0000E-099   1.0000E+000   1.3060E-007   2.0147E-021   1.0280E-029   2.5722E-043
    2.366536E+04   1.0000E-099   1.0000E+000   1.0748E-007   2.0789E-021   8.7312E-030   2.7434E-043
    2.460914E+04   1.0000E-099   1.0000E+000   9.1066E-008   2.1385E-021   7.6115E-030   2.9071E-043
    2.553354E+04   1.0000E-099   1.0000E+000   7.9345E-008   2.1938E-021   6.8071E-030   3.0637E-043
    2.644080E+04   1.0000E-099   1.0000E+000   7.0802E-008   2.2454E-021   6.2221E-030   3.2135E-043
    2.733350E+04   1.0000E-099   1.0000E+000   6.3950E-008   2.2937E-021   5.7463E-030   3.3572E-043
    2.821284E+04   1.0000E-099   1.0000E+000   5.7714E-008   2.3390E-021   5.2932E-030   3.4953E-043
    2.908138E+04   1.0000E-099   1.0000E+000   5.0786E-008   2.3819E-021   4.7463E-030   3.6287E-043
    2.994295E+04   1.0000E-099   1.0000E+000   4.3811E-008   2.4227E-021   4.1661E-030   3.7581E-043
    3.079959E+04   1.0000E-099   1.0000E+000   3.6237E-008   2.4617E-021   3.5016E-030   3.8839E-043
    3.165298E+04   1.0000E-099   1.0000E+000   3.0045E-008   2.4988E-021   2.9469E-030   4.0063E-043
    3.250461E+04   1.0000E-099   1.0000E+000   2.4740E-008   2.5342E-021   2.4606E-030   4.1252E-043
    3.335585E+04   1.0000E-099   1.0000E+000   2.1837E-008   2.5679E-021   2.2004E-030   4.2407E-043
    3.420806E+04   1.0000E-099   1.0000E+000   1.9145E-008   2.6000E-021   1.9530E-030   4.3531E-043
    3.506257E+04   1.0000E-099   1.0000E+000   1.7775E-008   2.6309E-021   1.8346E-030   4.4624E-043
    3.592077E+04   1.0000E-099   1.0000E+000   1.5930E-008   2.6604E-021   1.6626E-030   4.5686E-043
    3.678416E+04   1.0000E-099   1.0000E+000   1.5069E-008   2.6888E-021   1.5896E-030   4.6720E-043
    3.765440E+04   1.0000E-099   1.0000E+000   1.4326E-008   2.7163E-021   1.5270E-030   4.7729E-043
    3.853330E+04   1.0000E-099   1.0000E+000   1.5690E-008   2.7427E-021   1.6892E-030   4.8713E-043
    3.942287E+04   1.0000E-099   1.0000E+000   2.0800E-008   2.7681E-021   2.2611E-030   4.9673E-043
    4.030996E+04   1.0000E-099   1.0000E+000   2.5525E-008   2.7589E-021   2.7628E-030   4.8910E-043
    4.032500E+04   1.0000E-099   1.0000E+000   1.4606E-008   1.3232E-021   7.7854E-031   1.4254E-043
#TIME:     2.020
#NVEL: 111
#vel_mid[km/s]           co0           co1           co2           co3           co4           co5
    1.025000E+03   1.0000E-099   6.8708E-031   7.2705E-022   1.0371E-013   2.8598E-006   1.0000E+000
    1.037120E+03   1.0000E-099   6.7514E-031   7.1751E-022   1.0280E-013   2.8472E-006   1.0000E+000
    1.061360E+03   1.0000E-099   6.5908E-031   7.0529E-022   1.0171E-013   2.8327E-006   1.0000E+000
    1.109839E+03   1.0000E-099   6.4964E-031   7.0111E-022   1.0174E-013   2.8360E-006   1.0000E+000
    1.213017E+03   1.0000E-099   6.7860E-031   7.3700E-022   1.0670E-013   2.9153E-006   1.0000E+000
    1.325723E+03   1.0000E-099   7.3192E-031   7.9688E-022   1.1437E-013   3.0328E-006   1.0000E+000
    1.448902E+03   1.0000E-099   8.0150E-031   8.7393E-022   1.2403E-013   3.1760E-006   1.0000E+000
    1.583526E+03   1.0000E-099   8.8889E-031   9.7022E-022   1.3590E-013   3.3461E-006   1.0000E+000
    1.730658E+03   1.0000E-099   9.9923E-031   1.0913E-021   1.5059E-013   3.5485E-006   1.0000E+000
    1.891461E+03   1.0000E-099   1.1386E-030   1.2439E-021   1.6880E-013   3.7889E-006   1.0000E+000
    2.067205E+03   1.0000E-099   1.3196E-030   1.4413E-021   1.9188E-013   4.0795E-006   1.0000E+000
    2.259278E+03   1.0000E-099   1.5574E-030   1.6997E-021   2.2145E-013   4.4322E-006   1.0000E+000
    2.469197E+03   1.0000E-099   1.8822E-030   2.0499E-021   2.6053E-013   4.8707E-006   1.0000E+000
    2.698621E+03   1.0000E-099   2.3325E-030   2.5321E-021   3.1285E-013   5.4191E-006   9.9999E-001
    2.949361E+03   1.0000E-099   2.9755E-030   3.2148E-021   3.8464E-013   6.1157E-006   9.9999E-001
    3.223399E+03   1.0000E-099   3.9301E-030   4.2171E-021   4.8633E-013   7.0195E-006   9.9999E-001
    3.522899E+03   1.0000E-099   5.4031E-030   5.7427E-021   6.3496E-013   8.2153E-006   9.9999E-001
    3.850227E+03   1.0000E-099   7.7848E-030   8.1686E-021   8.6064E-013   9.8363E-006   9.9999E-001
    4.207968E+03   1.0000E-099   1.1851E-029   1.2225E-020   1.2187E-012   1.2095E-005   9.9999E-001
    4.598949E+03   1.0000E-099   1.9247E-029   1.9417E-020   1.8162E-012   1.5345E-005   9.9998E-001
    5.026257E+03   1.0000E-099   3.3718E-029   3.3056E-020   2.8734E-012   2.0192E-005   9.9998E-001
    5.322738E+03   1.0000E-099   5.0718E-029   4.8627E-020   4.0085E-012   2.4655E-005   9.9998E-001
    5.636785E+03   1.0000E-099   7.9493E-029   7.4276E-020   5.7709E-012   3.0690E-005   9.9997E-001
    5.969249E+03   1.0000E-099   1.3025E-028   1.1827E-019   8.6117E-012   3.9049E-005   9.9996E-001
    6.324633E+03   1.0000E-099   2.2301E-028   1.9690E-019   1.3352E-011   5.0865E-005   9.9995E-001
    6.696793E+03   1.0000E-099   4.5059E-028   3.8313E-019   2.3354E-011   7.1078E-005   9.9993E-001
    7.079796E+03   1.0000E-099   1.1025E-027   8.9342E-019   4.6691E-011   1.0732E-004   9.9989E-001
    7.407135E+03   1.0000E-099   3.1242E-027   2.3129E-018   1.0083E-010   1.6858E-004   9.9983E-001
    7.692817E+03   1.0000E-099   9.6255E-027   6.3589E-018   2.2800E-010   2.7127E-004   9.9973E-001
    7.943790E+03   1.0000E-099   3.2665E-026   1.8873E-017   5.4616E-010   4.5031E-004   9.9955E-001
    8.178255E+03   1.0000E-099   1.2658E-025   6.2748E-017   1.4292E-009   7.8589E-004   9.9921E-001
    8.396906E+03   1.0000E-099   5.5049E-025   2.3067E-016   4.0460E-009   1.4344E-003   9.9857E-001
    8.600030E+03   1.0000E-099   2.6342E-024   9.2211E-016   1.2227E-008   2.7168E-003   9.9728E-001
    8.794946E+03   1.0000E-099   1.4210E-023   4.1014E-015   4.0191E-008   5.3987E-003   9.9460E-001
    8.979615E+03   1.0000E-099   8.3818E-023   1.9765E-014   1.4066E-007   1.1110E-002   9.8889E-001
    9.145090E+03   1.0000E-099   4.7853E-022   9.2657E-014   4.8075E-007   2.2502E-002   9.7750E-001
    9.307344E+03   1.0000E-099   3.0467E-021   4.7899E-013   1.7707E-006   4.7310E-002   9.5269E-001
    9.467105E+03   1.0000E-099   2.1640E-020   2.7276E-012   6.9948E-006   1.0213E-001   8.9786E-001
    9.611352E+03   1.0000E-099   1.4020E-019   1.4259E-011   2.5486E-005   2.0501E-001   7.9497E-001
    9.749622E+03   1.0000E-099   8.8033E-019   7.1667E-011   8.7706E-005   3.7798E-001   6.2193E-001
    9.884725E+03   1.0000E-099   5.2165E-018   3.3491E-010   2.7272E-004   6.0301E-001   3.9672E-001
    1.001128E+04   1.0000E-099   2.6435E-017   1.3311E-009   7.1211E-004   7.9481E-001   2.0448E-001
    1.013294E+04   1.0000E-099   1.2394E-016   4.8456E-009   1.6671E-003   9.1059E-001   8.7745E-002
    1.025192E+04   1.0000E-099   5.8182E-016   1.7448E-008   3.7565E-003   9.6345E-001   3.2796E-002
    1.036523E+04   1.0000E-099   2.7199E-015   6.2353E-008   8.2938E-003   9.8025E-001   1.1457E-002
    1.047433E+04   1.0000E-099   1.3064E-014   2.2767E-007   1.8398E-002   9.7782E-001   3.7820E-003
    1.058087E+04   1.0000E-099   6.6088E-014   8.6660E-007   4.1519E-002   9.5732E-001   1.1622E-003
    1.068358E+04   1.0000E-099   3.4430E-013   3.3665E-006   9.3534E-002   9.0613E-001   3.2915E-004
    1.078178E+04   1.0000E-099   1.7848E-012   1.2897E-005   2.0289E-001   7.9701E-001   8.2046E-005
    1.087424E+04   1.0000E-099   8.4986E-012   4.5127E-005   3.9350E-001   6.0644E-001   1.6786E-005
    1.096142E+04   1.0000E-099   3.4236E-011   1.3307E-004   6.3062E-001   3.6925E-001   2.6054E-006
    1.104427E+04   1.0000E-099   1.1348E-010   3.2300E-004   8.2112E-001   1.7856E-001   3.0788E-007
    1.116962E+04   1.0000E-099   5.7877E-010   1.0151E-003   9.5630E-001   4.2682E-002   7.5657E-009
    1.128592E+04   1.0000E-099   2.7140E-009   2.9081E-003   9.8836E-001   8.7330E-003   1.4838E-010
    1.138719E+04   1.0000E-099   1.2695E-008   8.1569E-003   9.9009E-001   1.7482E-003   2.8782E-012
    1.148357E+04   1.0000E-099   7.0177E-008   2.5243E-002   9.7446E-001   2.9298E-004   3.6800E-014
    1.157588E+04   1.0000E-099   4.4979E-007   8.4993E-002   9.1497E-001   3.8444E-005   2.6983E-016
    1.165789E+04   1.0000E-099   2.6335E-006   2.5876E-001   7.4123E-001   4.0190E-006   1.3501E-018
    1.172968E+04   1.0000E-099   1.1030E-005   5.6880E-001   4.3119E-001   2.9667E-007   4.4969E-021
    1.179602E+04   1.0000E-099   3.0718E-005   8.3300E-001   1.6697E-001   1.4584E-008   1.7934E-023
    1.185624E+04   1.0000E-099   6.5297E-005   9.4639E-001   5.3541E-002   6.6980E-010   2.8277E-024
    1.191139E+04   1.0000E-099   1.2601E-004   9.8343E-001   1.6441E-002   3.2178E-011   8.7422E-025
    1.196310E+04   1.0000E-099   2.3747E-004   9.9481E-001   4.9480E-003   1.5435E-012   2.6269E-025
    1.200903E+04   1.0000E-099   4.3036E-004   9.9800E-001   1.5727E-003   8.6221E-014   8.3033E-026
    1.204957E+04   1.0000E-099   7.4962E-004   9.9872E-001   5.3510E-004   5.7324E-015   2.8138E-026
    1.208724E+04   1.0000E-099   1.2831E-003   9.9853E-001   1.8697E-004   4.0702E-016   9.8378E-027
    1.211780E+04   1.0000E-099   2.0066E-003   9.9792E-001   7.7430E-005   4.4200E-017   4.0991E-027
    1.214029E+04   1.0000E-099   2.7990E-003   9.9716E-001   3.9981E-005   8.3502E-018   2.1345E-027
    1.215784E+04   1.0000E-099   3.6323E-003   9.9634E-001   2.3766E-005   2.2479E-018   1.2800E-027
    1.217298E+04   1.0000E-099   4.5432E-003   9.9544E-001   1.5181E-005   7.2530E-019   8.2470E-028
    1.218654E+04   1.0000E-099   5.5453E-003   9.9444E-001   1.0173E-005   2.6417E-019   5.5711E-028
    1.220016E+04   1.0000E-099   6.7686E-003   9.9322E-001   6.8140E-006   9.6123E-020   3.7612E-028
    1.221368E+04   1.0000E-099   8.2345E-003   9.9176E-001   4.5927E-006   3.5569E-020   2.5540E-028
    1.222859E+04   1.0000E-099   1.0184E-002   9.8981E-001   2.9933E-006   1.2123E-020   1.6769E-028
    1.224457E+04   1.0000E-099   1.2734E-002   9.8726E-001   1.9071E-006   3.9273E-021   1.0754E-028
    1.225965E+04   1.0000E-099   1.5659E-002   9.8434E-001   1.2556E-006   1.4015E-021   7.1166E-029
    1.227256E+04   1.0000E-099   1.8585E-002   9.8141E-001   8.8722E-007   6.1123E-022   5.0466E-029
    1.228514E+04   1.0000E-099   2.1842E-002   9.7816E-001   6.3875E-007   2.9244E-022   3.6437E-029
    1.229683E+04   1.0000E-099   2.5300E-002   9.7470E-001   4.7317E-007   1.6064E-022   2.7054E-029
    1.232733E+04   1.0000E-099   3.5570E-002   9.6443E-001   2.3431E-007   6.2779E-023   1.3466E-029
    1.289197E+04   1.0000E-099   7.0998E-001   2.9002E-001   1.5350E-011   1.4398E-023   1.1425E-033
    1.402569E+04   1.0000E-099   9.9520E-001   4.8010E-003   2.7477E-017   2.6653E-025   2.3660E-039
    1.518573E+04   1.0000E-099   9.9986E-001   1.3620E-004   2.0174E-021   7.8573E-027   1.8280E-043
    1.632859E+04   1.0000E-099   9.9999E-001   7.3052E-006   1.5777E-021   4.4463E-028   1.5221E-043
    1.745157E+04   1.0000E-099   1.0000E+000   9.6593E-007   1.6321E-021   6.1283E-029   1.6529E-043
    1.855827E+04   1.0000E-099   1.0000E+000   2.6299E-007   1.6885E-021   1.7349E-029   1.7876E-043
    1.963325E+04   1.0000E-099   1.0000E+000   1.1275E-007   1.7432E-021   7.7114E-030   1.9206E-043
    2.068109E+04   1.0000E-099   1.0000E+000   6.4353E-008   1.7929E-021   4.5462E-030   2.0456E-043
    2.170537E+04   1.0000E-099   1.0000E+000   4.4565E-008   1.8388E-021   3.2422E-030   2.1638E-043
    2.269952E+04   1.0000E-099   1.0000E+000   3.5993E-008   1.8830E-021   2.6906E-030   2.2789E-043
    2.366536E+04   1.0000E-099   1.0000E+000   3.2242E-008   1.9264E-021   2.4716E-030   2.3928E-043
    2.460914E+04   1.0000E-099   1.0000E+000   3.1073E-008   1.9697E-021   2.4386E-030   2.5067E-043
    2.553354E+04   1.0000E-099   1.0000E+000   3.1293E-008   2.0127E-021   2.5097E-030   2.6200E-043
    2.644080E+04   1.0000E-099   1.0000E+000   3.2239E-008   2.0549E-021   2.6372E-030   2.7313E-043
    2.733350E+04   1.0000E-099   1.0000E+000   3.3251E-008   2.0952E-021   2.7673E-030   2.8375E-043
    2.821284E+04   1.0000E-099   1.0000E+000   3.3715E-008   2.1333E-021   2.8465E-030   2.9371E-043
    2.908138E+04   1.0000E-099   1.0000E+000   3.2865E-008   2.1705E-021   2.8074E-030   3.0329E-043
    2.994295E+04   1.0000E-099   1.0000E+000   3.0932E-008   2.2106E-021   2.6706E-030   3.1348E-043
    3.079959E+04   1.0000E-099   1.0000E+000   2.7681E-008   2.2595E-021   2.4199E-030   3.2600E-043
    3.165298E+04   1.0000E-099   1.0000E+000   2.4532E-008   2.3213E-021   2.1832E-030   3.4247E-043
    3.250461E+04   1.0000E-099   1.0000E+000   2.1439E-008   2.3951E-021   1.9566E-030   3.6351E-043
    3.335585E+04   1.0000E-099   1.0000E+000   1.9793E-008   2.4702E-021   1.8611E-030   3.8666E-043
    3.420806E+04   1.0000E-099   1.0000E+000   1.7963E-008   2.5335E-021   1.7339E-030   4.0748E-043
    3.506257E+04   1.0000E-099   1.0000E+000   1.6972E-008   2.5835E-021   1.6726E-030   4.2458E-043
    3.592077E+04   1.0000E-099   1.0000E+000   1.5512E-008   2.6340E-021   1.5699E-030   4.4358E-043
    3.678416E+04   1.0000E-099   1.0000E+000   1.4866E-008   2.6790E-021   1.5477E-030   4.6176E-043
    3.765440E+04   1.0000E-099   1.0000E+000   1.4255E-008   2.7144E-021   1.5153E-030   4.7613E-043
    3.853330E+04   1.0000E-099   1.0000E+000   1.5678E-008   2.7454E-021   1.6983E-030   4.8887E-043
    3.942287E+04   1.0000E-099   1.0000E+000   2.0763E-008   2.7706E-021   2.2732E-030   4.9839E-043
    4.030996E+04   1.0000E-099   1.0000E+000   2.5494E-008   2.7626E-021   2.7977E-030   4.9316E-043
    4.032500E+04   1.0000E-099   1.0000E+000   1.4620E-008   1.4016E-021   1.2339E-030   1.7048E-043
#TIME:     2.050
#NVEL: 111
#vel_mid[km/s]           co0           co1           co2           co3           co4           co5
    1.025000E+03   1.0000E-099   7.4201E-031   7.8846E-022   1.1172E-013   2.9836E-006   1.0000E+000
    1.037120E+03   1.0000E-099   7.2913E-031   7.7812E-022   1.1073E-013   2.9704E-006   1.0000E+000
    1.061360E+03   1.0000E-099   7.1012E-031   7.6335E-022   1.0939E-013   2.9528E-006   1.0000E+000
    1.109839E+03   1.0000E-099   6.9148E-031   7.5107E-022   1.0855E-013   2.9439E-006   1.0000E+000
    1.213017E+03   1.0000E-099   7.0493E-031   7.7353E-022   1.1208E-013   3.0015E-006   1.0000E+000
    1.325723E+03   1.0000E-099   7.5315E-031   8.2980E-022   1.1944E-013   3.1132E-006   1.0000E+000
    1.448902E+03   1.0000E-099   8.2296E-031   9.0845E-022   1.2938E-013   3.2587E-006   1.0000E+000
    1.583526E+03   1.0000E-099   9.1291E-031   1.0088E-021   1.4182E-013   3.4345E-006   1.0000E+000
    1.730658E+03   1.0000E-099   1.0272E-030   1.1358E-021   1.5728E-013   3.6446E-006   1.0000E+000
    1.891461E+03   1.0000E-099   1.1724E-030   1.2966E-021   1.7655E-013   3.8953E-006   1.0000E+000
    2.067205E+03   1.0000E-099   1.3613E-030   1.5049E-021   2.0098E-013   4.1982E-006   1.0000E+000
    2.259278E+03   1.0000E-099   1.6106E-030   1.7785E-021   2.3241E-013   4.5671E-006   1.0000E+000
    2.469197E+03   1.0000E-099   1.9510E-030   2.1496E-021   2.7392E-013   5.0253E-006   9.9999E-001
    2.698621E+03   1.0000E-099   2.4245E-030   2.6621E-021   3.2967E-013   5.5995E-006   9.9999E-001
    2.949361E+03   1.0000E-099   3.1032E-030   3.3900E-021   4.0636E-013   6.3300E-006   9.9999E-001
    3.223399E+03   1.0000E-099   4.1134E-030   4.4612E-021   5.1520E-013   7.2787E-006   9.9999E-001
    3.522899E+03   1.0000E-099   5.6775E-030   6.0966E-021   6.7467E-013   8.5356E-006   9.9999E-001
    3.850227E+03   1.0000E-099   8.2151E-030   8.7048E-021   9.1738E-013   1.0241E-005   9.9999E-001
    4.207968E+03   1.0000E-099   1.2563E-029   1.3079E-020   1.3033E-012   1.2621E-005   9.9999E-001
    4.598949E+03   1.0000E-099   2.0499E-029   2.0857E-020   1.9489E-012   1.6048E-005   9.9998E-001
    5.026257E+03   1.0000E-099   3.6073E-029   3.5645E-020   3.0932E-012   2.1163E-005   9.9998E-001
    5.322738E+03   1.0000E-099   5.4447E-029   5.2583E-020   4.3242E-012   2.5876E-005   9.9997E-001
    5.636785E+03   1.0000E-099   8.5581E-029   8.0523E-020   6.2408E-012   3.2263E-005   9.9997E-001
    5.969249E+03   1.0000E-099   1.4056E-028   1.2852E-019   9.3326E-012   4.1107E-005   9.9996E-001
    6.324633E+03   1.0000E-099   2.4388E-028   2.1671E-019   1.4608E-011   5.3847E-005   9.9995E-001
    6.696793E+03   1.0000E-099   5.1171E-028   4.3777E-019   2.6250E-011   7.6439E-005   9.9992E-001
    7.079796E+03   1.0000E-099   1.2898E-027   1.0441E-018   5.3456E-011   1.1663E-004   9.9988E-001
    7.407135E+03   1.0000E-099   3.6986E-027   2.7283E-018   1.1636E-010   1.8406E-004   9.9982E-001
    7.692817E+03   1.0000E-099   1.1473E-026   7.5433E-018   2.6444E-010   2.9701E-004   9.9970E-001
    7.943790E+03   1.0000E-099   3.8882E-026   2.2371E-017   6.3332E-010   4.9302E-004   9.9951E-001
    8.178255E+03   1.0000E-099   1.4965E-025   7.3997E-017   1.6514E-009   8.5877E-004   9.9914E-001
    8.396906E+03   1.0000E-099   6.4005E-025   2.6832E-016   4.6268E-009   1.5583E-003   9.9844E-001
    8.600030E+03   1.0000E-099   2.9767E-024   1.0471E-015   1.3724E-008   2.9205E-003   9.9708E-001
    8.794946E+03   1.0000E-099   1.5472E-023   4.5118E-015   4.4010E-008   5.7222E-003   9.9428E-001
    8.979615E+03   1.0000E-099   8.7016E-023   2.0868E-014   1.4916E-007   1.1562E-002   9.8844E-001
    9.145090E+03   1.0000E-099   4.7276E-022   9.3711E-014   4.9288E-007   2.2969E-002   9.7703E-001
    9.307344E+03   1.0000E-099   2.8641E-021   4.6393E-013   1.7547E-006   4.7372E-002   9.5263E-001
    9.467105E+03   1.0000E-099   1.9496E-020   2.5458E-012   6.7344E-006   1.0066E-001   8.9933E-001
    9.611352E+03   1.0000E-099   1.2362E-019   1.3066E-011   2.4199E-005   2.0077E-001   7.9921E-001
    9.749622E+03   1.0000E-099   7.7751E-019   6.5818E-011   8.3514E-005   3.7155E-001   6.2837E-001
    9.884725E+03   1.0000E-099   4.7080E-018   3.1364E-010   2.6379E-004   5.9845E-001   4.0129E-001
    1.001128E+04   1.0000E-099   2.4571E-017   1.2786E-009   7.0149E-004   7.9424E-001   2.0506E-001
    1.013294E+04   1.0000E-099   1.1838E-016   4.7609E-009   1.6663E-003   9.1168E-001   8.6649E-002
    1.025192E+04   1.0000E-099   5.6619E-016   1.7407E-008   3.7896E-003   9.6426E-001   3.1951E-002
    1.036523E+04   1.0000E-099   2.6622E-015   6.2509E-008   8.3892E-003   9.8051E-001   1.1103E-002
    1.047433E+04   1.0000E-099   1.2669E-014   2.2653E-007   1.8521E-002   9.7779E-001   3.6860E-003
    1.058087E+04   1.0000E-099   6.2583E-014   8.4578E-007   4.1311E-002   9.5754E-001   1.1516E-003
    1.068358E+04   1.0000E-099   3.1520E-013   3.1969E-006   9.1588E-002   9.0807E-001   3.3489E-004
    1.078178E+04   1.0000E-099   1.5804E-012   1.1929E-005   1.9599E-001   8.0391E-001   8.6390E-005
    1.087424E+04   1.0000E-099   7.3677E-012   4.1114E-005   3.7885E-001   6.2109E-001   1.8422E-005
    1.096142E+04   1.0000E-099   2.9465E-011   1.2097E-004   6.1217E-001   3.8771E-001   3.0022E-006
    1.104427E+04   1.0000E-099   9.6997E-011   2.9337E-004   8.0626E-001   1.9344E-001   3.7676E-007
    1.116962E+04   1.0000E-099   4.7364E-010   8.9848E-004   9.4951E-001   4.9590E-002   1.0815E-008
    1.128592E+04   1.0000E-099   2.0186E-009   2.4200E-003   9.8628E-001   1.1302E-002   2.7415E-010
    1.138719E+04   1.0000E-099   8.1788E-009   6.1896E-003   9.9119E-001   2.6195E-003   7.5691E-012
    1.148357E+04   1.0000E-099   3.7577E-008   1.7011E-002   9.8245E-001   5.3440E-004   1.5543E-013
    1.157588E+04   1.0000E-099   1.9588E-007   5.0358E-002   9.4955E-001   9.1945E-005   2.1479E-015
    1.165789E+04   1.0000E-099   9.7511E-007   1.4210E-001   8.5789E-001   1.4319E-005   2.4981E-017
    1.172968E+04   1.0000E-099   4.0489E-006   3.3924E-001   6.6076E-001   1.9101E-006   2.4340E-019
    1.179602E+04   1.0000E-099   1.2705E-005   6.1523E-001   3.8476E-001   1.9022E-007   1.7088E-021
    1.185624E+04   1.0000E-099   2.8403E-005   8.2276E-001   1.7721E-001   1.6741E-008   2.0961E-023
    1.191139E+04   1.0000E-099   5.1838E-005   9.2549E-001   7.4456E-002   1.5424E-009   4.0289E-024
    1.196310E+04   1.0000E-099   8.6891E-005   9.6933E-001   3.0578E-002   1.5150E-010   1.6455E-024
    1.200903E+04   1.0000E-099   1.3627E-004   9.8656E-001   1.3305E-002   1.8110E-011   7.1973E-025
    1.204957E+04   1.0000E-099   2.0334E-004   9.9358E-001   6.2152E-003   2.6388E-012   3.3610E-025
    1.208724E+04   1.0000E-099   2.9656E-004   9.9670E-001   3.0048E-003   4.2221E-013   1.6209E-025
    1.211780E+04   1.0000E-099   4.0488E-004   9.9795E-001   1.6435E-003   9.2415E-014   8.8437E-026
    1.214029E+04   1.0000E-099   5.1086E-004   9.9844E-001   1.0456E-003   2.9615E-014   5.6169E-026
    1.215784E+04   1.0000E-099   6.1368E-004   9.9865E-001   7.3142E-004   1.2050E-014   3.9250E-026
    1.217298E+04   1.0000E-099   7.1927E-004   9.9874E-001   5.3641E-004   5.5222E-015   2.8770E-026
    1.218654E+04   1.0000E-099   8.2964E-004   9.9876E-001   4.0568E-004   2.7340E-015   2.1753E-026
    1.220016E+04   1.0000E-099   9.5818E-004   9.9874E-001   3.0592E-004   1.3434E-015   1.6406E-026
    1.221368E+04   1.0000E-099   1.1055E-003   9.9866E-001   2.3105E-004   6.6261E-016   1.2398E-026
    1.222859E+04   1.0000E-099   1.2932E-003   9.9854E-001   1.6971E-004   3.0456E-016   9.1177E-027
    1.224457E+04   1.0000E-099   1.5286E-003   9.9835E-001   1.2202E-004   1.3261E-016   6.5686E-027
    1.225965E+04   1.0000E-099   1.7881E-003   9.9812E-001   8.9514E-005   6.0715E-017   4.8316E-027
    1.227256E+04   1.0000E-099   2.0404E-003   9.9789E-001   6.8915E-005   3.1385E-017   3.7304E-027
    1.228514E+04   1.0000E-099   2.3156E-003   9.9763E-001   5.3588E-005   1.6634E-017   2.9101E-027
    1.229683E+04   1.0000E-099   2.6029E-003   9.9735E-001   4.2472E-005   9.2494E-018   2.3143E-027
    1.232733E+04   1.0000E-099   3.4652E-003   9.9651E-001   2.3856E-005   2.1580E-018   1.3132E-027
    1.289197E+04   1.0000E-099   2.3421E-001   7.6579E-001   2.3370E-009   3.4205E-023   1.4914E-031
    1.402569E+04   1.0000E-099   9.8181E-001   1.8187E-002   1.2297E-015   1.0300E-024   1.0771E-037
    1.518573E+04   1.0000E-099   9.9962E-001   3.7633E-004   1.0266E-020   2.1900E-026   9.3745E-043
    1.632859E+04   1.0000E-099   9.9999E-001   1.4132E-005   1.5904E-021   8.6512E-028   1.5428E-043
    1.745157E+04   1.0000E-099   1.0000E+000   1.1555E-006   1.6341E-021   7.3390E-029   1.6570E-043
    1.855827E+04   1.0000E-099   1.0000E+000   2.1419E-007   1.6768E-021   1.4049E-029   1.7660E-043
    1.963325E+04   1.0000E-099   1.0000E+000   6.6906E-008   1.7179E-021   4.5200E-030   1.8716E-043
    2.068109E+04   1.0000E-099   1.0000E+000   2.8870E-008   1.7523E-021   2.0003E-030   1.9643E-043
    2.170537E+04   1.0000E-099   1.0000E+000   1.5562E-008   1.7824E-021   1.1029E-030   2.0479E-043
    2.269952E+04   1.0000E-099   1.0000E+000   1.0373E-008   1.8116E-021   7.5117E-031   2.1289E-043
    2.366536E+04   1.0000E-099   1.0000E+000   8.3699E-009   1.8411E-021   6.1905E-031   2.2101E-043
    2.460914E+04   1.0000E-099   1.0000E+000   8.0581E-009   1.8720E-021   6.0852E-031   2.2937E-043
    2.553354E+04   1.0000E-099   1.0000E+000   8.7891E-009   1.9039E-021   6.7710E-031   2.3790E-043
    2.644080E+04   1.0000E-099   1.0000E+000   1.0299E-008   1.9356E-021   8.0822E-031   2.4636E-043
    2.733350E+04   1.0000E-099   1.0000E+000   1.2339E-008   1.9660E-021   9.8428E-031   2.5450E-043
    2.821284E+04   1.0000E-099   1.0000E+000   1.4605E-008   1.9957E-021   1.1820E-030   2.6240E-043
    2.908138E+04   1.0000E-099   1.0000E+000   1.6521E-008   2.0271E-021   1.3552E-030   2.7063E-043
    2.994295E+04   1.0000E-099   1.0000E+000   1.7843E-008   2.0651E-021   1.4848E-030   2.8038E-043
    3.079959E+04   1.0000E-099   1.0000E+000   1.8079E-008   2.1174E-021   1.5319E-030   2.9358E-043
    3.165298E+04   1.0000E-099   1.0000E+000   1.7854E-008   2.1900E-021   1.5502E-030   3.1208E-043
    3.250461E+04   1.0000E-099   1.0000E+000   1.7110E-008   2.2841E-021   1.5340E-030   3.3697E-043
    3.335585E+04   1.0000E-099   1.0000E+000   1.6937E-008   2.3831E-021   1.5714E-030   3.6456E-043
    3.420806E+04   1.0000E-099   1.0000E+000   1.6192E-008   2.4709E-021   1.5504E-030   3.9065E-043
    3.506257E+04   1.0000E-099   1.0000E+000   1.5745E-008   2.5380E-021   1.5449E-030   4.1161E-043
    3.592077E+04   1.0000E-099   1.0000E+000   1.4847E-008   2.6126E-021   1.5066E-030   4.3750E-043
    3.678416E+04   1.0000E-099   1.0000E+000   1.4498E-008   2.6735E-021   1.5171E-030   4.6047E-043
    3.765440E+04   1.0000E-099   1.0000E+000   1.4140E-008   2.7210E-021   1.5220E-030   4.8004E-043
    3.853330E+04   1.0000E-099   1.0000E+000   1.5634E-008   2.7553E-021   1.7172E-030   4.9438E-043
    3.942287E+04   1.0000E-099   1.0000E+000   2.0765E-008   2.7823E-021   2.3200E-030   5.0561E-043
    4.030996E+04   1.0000E-099   1.0000E+000   2.5510E-008   2.7750E-021   2.8712E-030   5.0259E-043
    4.032500E+04   1.0000E-099   1.0000E+000   1.4657E-008   1.5112E-021   1.5034E-030   2.0621E-043
#TIME:     2.100
#NVEL: 111
#vel_mid[km/s]           co0           co1           co2           co3           co4           co5
    1.025000E+03   1.0000E-099   8.2344E-031   8.8414E-022   1.2426E-013   3.1728E-006   1.0000E+000
    1.037120E+03   1.0000E-099   8.0913E-031   8.7254E-022   1.2316E-013   3.1588E-006   1.0000E+000
    1.061360E+03   1.0000E-099   7.8682E-031   8.5487E-022   1.2155E-013   3.1384E-006   1.0000E+000
    1.109839E+03   1.0000E-099   7.6011E-031   8.3552E-022   1.2000E-013   3.1206E-006   1.0000E+000
    1.213017E+03   1.0000E-099   7.5598E-031   8.4281E-022   1.2197E-013   3.1556E-006   1.0000E+000
    1.325723E+03   1.0000E-099   7.9507E-031   8.9228E-022   1.2870E-013   3.2565E-006   1.0000E+000
    1.448902E+03   1.0000E-099   8.6325E-031   9.7173E-022   1.3888E-013   3.4026E-006   1.0000E+000
    1.583526E+03   1.0000E-099   9.5642E-031   1.0781E-021   1.5216E-013   3.5862E-006   1.0000E+000
    1.730658E+03   1.0000E-099   1.0772E-030   1.2149E-021   1.6891E-013   3.8086E-006   1.0000E+000
    1.891461E+03   1.0000E-099   1.2323E-030   1.3899E-021   1.8994E-013   4.0758E-006   1.0000E+000
    2.067205E+03   1.0000E-099   1.4348E-030   1.6172E-021   2.1671E-013   4.3995E-006   1.0000E+000
    2.259278E+03   1.0000E-099   1.7038E-030   1.9176E-021   2.5129E-013   4.7952E-006   1.0000E+000
    2.469197E+03   1.0000E-099   2.0716E-030   2.3254E-021   2.9703E-013   5.2867E-006   9.9999E-001
    2.698621E+03   1.0000E-099   2.5858E-030   2.8911E-021   3.5868E-013   5.9040E-006   9.9999E-001
    2.949361E+03   1.0000E-099   3.3268E-030   3.6986E-021   4.4384E-013   6.6916E-006   9.9999E-001
    3.223399E+03   1.0000E-099   4.4347E-030   4.8917E-021   5.6510E-013   7.7163E-006   9.9999E-001
    3.522899E+03   1.0000E-099   6.1592E-030   6.7221E-021   7.4349E-013   9.0769E-006   9.9999E-001
    3.850227E+03   1.0000E-099   8.9733E-030   9.6555E-021   1.0161E-012   1.0928E-005   9.9999E-001
    4.207968E+03   1.0000E-099   1.3823E-029   1.4601E-020   1.4513E-012   1.3515E-005   9.9999E-001
    4.598949E+03   1.0000E-099   2.2730E-029   2.3439E-020   2.1824E-012   1.7249E-005   9.9998E-001
    5.026257E+03   1.0000E-099   4.0307E-029   4.0322E-020   3.4836E-012   2.2832E-005   9.9998E-001
    5.322738E+03   1.0000E-099   6.1170E-029   5.9757E-020   4.8891E-012   2.7989E-005   9.9997E-001
    5.636785E+03   1.0000E-099   9.6630E-029   9.1920E-020   7.0852E-012   3.4991E-005   9.9996E-001
    5.969249E+03   1.0000E-099   1.5971E-028   1.4763E-019   1.0652E-011   4.4731E-005   9.9996E-001
    6.324633E+03   1.0000E-099   2.8311E-028   2.5409E-019   1.6941E-011   5.9148E-005   9.9994E-001
    6.696793E+03   1.0000E-099   6.2197E-028   5.3576E-019   3.1450E-011   8.5568E-005   9.9991E-001
    7.079796E+03   1.0000E-099   1.6466E-027   1.3313E-018   6.6192E-011   1.3306E-004   9.9987E-001
    7.407135E+03   1.0000E-099   4.8591E-027   3.5663E-018   1.4705E-010   2.1247E-004   9.9979E-001
    7.692817E+03   1.0000E-099   1.5315E-026   1.0005E-017   3.3825E-010   3.4531E-004   9.9965E-001
    7.943790E+03   1.0000E-099   5.1992E-026   2.9748E-017   8.1215E-010   5.7414E-004   9.9943E-001
    8.178255E+03   1.0000E-099   1.9797E-025   9.7591E-017   2.1051E-009   9.9683E-004   9.9900E-001
    8.396906E+03   1.0000E-099   8.2551E-025   3.4653E-016   5.8037E-009   1.7925E-003   9.9821E-001
    8.600030E+03   1.0000E-099   3.6888E-024   1.3073E-015   1.6768E-008   3.3094E-003   9.9669E-001
    8.794946E+03   1.0000E-099   1.8181E-023   5.3820E-015   5.1889E-008   6.3534E-003   9.9365E-001
    8.979615E+03   1.0000E-099   9.5935E-023   2.3560E-014   1.6842E-007   1.2522E-002   9.8748E-001
    9.145090E+03   1.0000E-099   4.8820E-022   9.9958E-014   5.3220E-007   2.4246E-002   9.7575E-001
    9.307344E+03   1.0000E-099   2.7660E-021   4.6682E-013   1.8097E-006   4.8707E-002   9.5129E-001
    9.467105E+03   1.0000E-099   1.7707E-020   2.4281E-012   6.6596E-006   1.0108E-001   8.9891E-001
    9.611352E+03   1.0000E-099   1.0767E-019   1.2017E-011   2.3269E-005   1.9865E-001   8.0133E-001
    9.749622E+03   1.0000E-099   6.6471E-019   5.9606E-011   7.9422E-005   3.6621E-001   6.3371E-001
    9.884725E+03   1.0000E-099   4.0460E-018   2.8562E-010   2.5225E-004   5.9301E-001   4.0674E-001
    1.001128E+04   1.0000E-099   2.1526E-017   1.1844E-009   6.7952E-004   7.9204E-001   2.0728E-001
    1.013294E+04   1.0000E-099   1.0599E-016   4.4921E-009   1.6342E-003   9.1168E-001   8.6681E-002
    1.025192E+04   1.0000E-099   5.1534E-016   1.6651E-008   3.7483E-003   9.6463E-001   3.1617E-002
    1.036523E+04   1.0000E-099   2.4355E-015   6.0052E-008   8.3190E-003   9.8074E-001   1.0943E-002
    1.047433E+04   1.0000E-099   1.1484E-014   2.1604E-007   1.8283E-002   9.7806E-001   3.6549E-003
    1.058087E+04   1.0000E-099   5.5389E-014   7.9115E-007   4.0311E-002   9.5853E-001   1.1621E-003
    1.068358E+04   1.0000E-099   2.6905E-013   2.9045E-006   8.7896E-002   9.1175E-001   3.4821E-004
    1.078178E+04   1.0000E-099   1.2922E-012   1.0478E-005   1.8493E-001   8.1496E-001   9.4097E-005
    1.087424E+04   1.0000E-099   5.7877E-012   3.5074E-005   3.5454E-001   6.4540E-001   2.1542E-005
    1.096142E+04   1.0000E-099   2.2517E-011   1.0161E-004   5.7778E-001   4.2212E-001   3.8838E-006
    1.104427E+04   1.0000E-099   7.2679E-011   2.4469E-004   7.7580E-001   2.2396E-001   5.5079E-007
    1.116962E+04   1.0000E-099   3.3670E-010   7.2854E-004   9.3543E-001   6.3843E-002   1.9836E-008
    1.128592E+04   1.0000E-099   1.2967E-009   1.8405E-003   9.8167E-001   1.6493E-002   6.7363E-010
    1.138719E+04   1.0000E-099   4.5107E-009   4.2713E-003   9.9125E-001   4.4741E-003   2.7116E-011
    1.148357E+04   1.0000E-099   1.6920E-008   1.0310E-002   9.8856E-001   1.1253E-003   9.2240E-013
    1.157588E+04   1.0000E-099   6.9331E-008   2.6189E-002   9.7355E-001   2.5619E-004   2.4851E-014
    1.165789E+04   1.0000E-099   2.7297E-007   6.4332E-002   9.3561E-001   5.7892E-005   6.7179E-016
    1.172968E+04   1.0000E-099   9.6972E-007   1.4567E-001   8.5432E-001   1.2988E-005   1.8890E-017
    1.179602E+04   1.0000E-099   3.1118E-006   2.9886E-001   7.0113E-001   2.5746E-006   4.4888E-019
    1.185624E+04   1.0000E-099   8.1113E-006   5.0821E-001   4.9178E-001   4.5569E-007   1.0015E-020
    1.191139E+04   1.0000E-099   1.6751E-005   7.0395E-001   2.9603E-001   7.4959E-008   2.4458E-022
    1.196310E+04   1.0000E-099   2.9064E-005   8.3847E-001   1.6150E-001   1.2166E-008   1.4226E-023
