#NTIMES: 4
#NSTAGES: 3 
#TIMES[d]: 75.0 100.0 150.0 200.0
#
#TIME: 75.0
#NVEL: 60
#vel_mid[km/s] ca0 ca1 ca2
2.500000e+02   6.43e-01   1.95e-01   1.62e-01
7.500000e+02   6.13e-01   2.00e-01   1.87e-01
1.250000e+03   5.80e-01   2.05e-01   2.15e-01
1.750000e+03   5.44e-01   2.09e-01   2.47e-01
2.250000e+03   5.10e-01   2.11e-01   2.78e-01
2.750000e+03   4.77e-01   2.13e-01   3.10e-01
3.250000e+03   4.44e-01   2.13e-01   3.43e-01
3.750000e+03   4.10e-01   2.12e-01   3.77e-01
4.250000e+03   3.81e-01   2.11e-01   4.08e-01
4.750000e+03   3.51e-01   2.08e-01   4.40e-01
5.250000e+03   3.23e-01   2.05e-01   4.72e-01
5.750000e+03   2.97e-01   2.01e-01   5.02e-01
6.250000e+03   2.72e-01   1.96e-01   5.32e-01
6.750000e+03   9.66e-10   8.35e-04   9.99e-01
7.250000e+03   9.23e-10   1.01e-03   9.99e-01
7.750000e+03   1.93e-09   1.23e-03   9.99e-01
8.250000e+03   2.94e-09   1.42e-03   9.99e-01
8.750000e+03   3.87e-09   1.47e-03   9.99e-01
9.250000e+03   5.08e-09   1.60e-03   9.98e-01
9.750000e+03   6.23e-09   1.66e-03   9.98e-01
1.025000e+04   7.25e-09   1.63e-03   9.98e-01
1.075000e+04   8.38e-09   1.39e-03   9.99e-01
1.125000e+04   8.67e-09   9.67e-04   9.99e-01
1.175000e+04   6.05e-09   4.28e-04   1.00e+00
1.225000e+04   3.57e-09   1.75e-04   1.00e+00
1.275000e+04   2.07e-09   1.08e-04   1.00e+00
1.325000e+04   7.79e-10   9.60e-05   1.00e+00
1.375000e+04   8.47e-10   1.14e-04   1.00e+00
1.425000e+04   1.31e-09   1.27e-04   1.00e+00
1.475000e+04   1.25e-09   1.31e-04   1.00e+00
1.525000e+04   1.00e-09   1.32e-04   1.00e+00
1.575000e+04   6.51e-10   1.34e-04   1.00e+00
1.625000e+04   6.31e-10   1.41e-04   1.00e+00
1.675000e+04   6.22e-10   1.51e-04   1.00e+00
1.725000e+04   5.89e-10   1.63e-04   1.00e+00
1.775000e+04   6.16e-10   1.79e-04   1.00e+00
1.825000e+04   6.58e-10   1.91e-04   1.00e+00
1.875000e+04   7.26e-10   2.10e-04   1.00e+00
1.925000e+04   7.49e-10   2.23e-04   1.00e+00
1.975000e+04   2.25e-09   2.36e-04   1.00e+00
2.025000e+04   2.30e-09   2.41e-04   1.00e+00
2.075000e+04   1.18e-09   2.46e-04   1.00e+00
2.125000e+04   1.20e-09   2.46e-04   1.00e+00
2.175000e+04   1.17e-09   2.31e-04   1.00e+00
2.225000e+04   1.24e-09   2.13e-04   1.00e+00
2.275000e+04   1.26e-09   1.94e-04   1.00e+00
2.325000e+04   1.23e-09   1.66e-04   1.00e+00
2.375000e+04   7.91e-10   1.39e-04   1.00e+00
2.425000e+04   6.53e-10   1.18e-04   1.00e+00
2.475000e+04   4.73e-10   8.78e-05   1.00e+00
2.525000e+04   3.63e-10   7.02e-05   1.00e+00
2.575000e+04   2.82e-10   5.72e-05   1.00e+00
2.625000e+04   2.22e-10   4.75e-05   1.00e+00
2.675000e+04   1.81e-10   4.11e-05   1.00e+00
2.725000e+04   1.54e-10   3.70e-05   1.00e+00
2.775000e+04   1.39e-10   3.56e-05   1.00e+00
2.825000e+04   1.23e-10   3.36e-05   1.00e+00
2.875000e+04   1.19e-10   3.47e-05   1.00e+00
2.925000e+04   1.13e-10   3.53e-05   1.00e+00
2.975000e+04   1.15e-10   3.83e-05   1.00e+00
#TIME: 100.0
#NVEL: 60
#vel_mid[km/s] ca0 ca1 ca2
2.500000e+02   5.06e-01   2.35e-01   2.59e-01
7.500000e+02   4.69e-01   2.36e-01   2.95e-01
1.250000e+03   4.32e-01   2.35e-01   3.32e-01
1.750000e+03   3.94e-01   2.33e-01   3.73e-01
2.250000e+03   3.61e-01   2.30e-01   4.09e-01
2.750000e+03   3.29e-01   2.26e-01   4.46e-01
3.250000e+03   2.97e-01   2.20e-01   4.82e-01
3.750000e+03   2.68e-01   2.14e-01   5.18e-01
4.250000e+03   2.42e-01   2.07e-01   5.51e-01
4.750000e+03   2.18e-01   1.99e-01   5.84e-01
5.250000e+03   1.96e-01   1.91e-01   6.14e-01
5.750000e+03   1.75e-01   1.81e-01   6.44e-01
6.250000e+03   1.57e-01   1.72e-01   6.70e-01
6.750000e+03   2.38e-09   1.37e-03   9.99e-01
7.250000e+03   2.32e-09   1.68e-03   9.98e-01
7.750000e+03   1.15e-08   1.98e-03   9.98e-01
8.250000e+03   1.60e-08   2.27e-03   9.98e-01
8.750000e+03   1.98e-08   2.34e-03   9.98e-01
9.250000e+03   2.56e-08   2.56e-03   9.97e-01
9.750000e+03   3.38e-08   2.70e-03   9.97e-01
1.025000e+04   4.66e-08   2.76e-03   9.97e-01
1.075000e+04   5.74e-08   2.39e-03   9.98e-01
1.125000e+04   5.29e-08   1.52e-03   9.99e-01
1.175000e+04   3.27e-08   7.03e-04   9.99e-01
1.225000e+04   7.55e-09   3.52e-04   1.00e+00
1.275000e+04   6.99e-09   2.49e-04   1.00e+00
1.325000e+04   6.16e-09   2.24e-04   1.00e+00
1.375000e+04   4.31e-09   2.50e-04   1.00e+00
1.425000e+04   4.77e-09   2.68e-04   1.00e+00
1.475000e+04   4.63e-09   2.78e-04   1.00e+00
1.525000e+04   4.31e-09   2.82e-04   1.00e+00
1.575000e+04   2.53e-09   2.85e-04   1.00e+00
1.625000e+04   2.38e-09   2.94e-04   1.00e+00
1.675000e+04   2.32e-09   3.07e-04   1.00e+00
1.725000e+04   2.55e-09   3.30e-04   1.00e+00
1.775000e+04   2.75e-09   3.50e-04   1.00e+00
1.825000e+04   3.17e-09   3.67e-04   1.00e+00
1.875000e+04   3.29e-09   3.83e-04   1.00e+00
1.925000e+04   3.69e-09   3.89e-04   1.00e+00
1.975000e+04   8.45e-09   3.90e-04   1.00e+00
2.025000e+04   8.10e-09   3.83e-04   1.00e+00
2.075000e+04   7.91e-09   3.70e-04   1.00e+00
2.125000e+04   7.55e-09   3.44e-04   1.00e+00
2.175000e+04   5.00e-09   3.10e-04   1.00e+00
2.225000e+04   4.54e-09   2.73e-04   1.00e+00
2.275000e+04   3.95e-09   2.30e-04   1.00e+00
2.325000e+04   3.76e-09   1.90e-04   1.00e+00
2.375000e+04   2.00e-09   1.44e-04   1.00e+00
2.425000e+04   1.60e-09   1.14e-04   1.00e+00
2.475000e+04   1.15e-09   8.71e-05   1.00e+00
2.525000e+04   8.52e-10   6.94e-05   1.00e+00
2.575000e+04   6.44e-10   5.70e-05   1.00e+00
2.625000e+04   5.10e-10   4.94e-05   1.00e+00
2.675000e+04   4.08e-10   4.35e-05   1.00e+00
2.725000e+04   3.46e-10   4.08e-05   1.00e+00
2.775000e+04   2.97e-10   3.88e-05   1.00e+00
2.825000e+04   2.70e-10   3.91e-05   1.00e+00
2.875000e+04   2.42e-10   3.92e-05   1.00e+00
2.925000e+04   2.24e-10   4.05e-05   1.00e+00
2.975000e+04   2.08e-10   4.26e-05   1.00e+00
#TIME: 150.0
#NVEL: 60
#vel_mid[km/s] ca0 ca1 ca2
2.500000e+02   4.10e-01   2.82e-01   3.07e-01
7.500000e+02   3.77e-01   2.78e-01   3.45e-01
1.250000e+03   3.42e-01   2.73e-01   3.86e-01
1.750000e+03   3.08e-01   2.65e-01   4.27e-01
2.250000e+03   2.78e-01   2.57e-01   4.66e-01
2.750000e+03   2.48e-01   2.46e-01   5.06e-01
3.250000e+03   2.23e-01   2.35e-01   5.42e-01
3.750000e+03   1.98e-01   2.23e-01   5.79e-01
4.250000e+03   1.76e-01   2.09e-01   6.15e-01
4.750000e+03   1.57e-01   1.97e-01   6.46e-01
5.250000e+03   1.39e-01   1.83e-01   6.79e-01
5.750000e+03   1.23e-01   1.70e-01   7.07e-01
6.250000e+03   1.08e-01   1.55e-01   7.37e-01
6.750000e+03   3.74e-08   1.72e-03   9.98e-01
7.250000e+03   1.58e-08   2.37e-03   9.98e-01
7.750000e+03   5.72e-08   3.61e-03   9.96e-01
8.250000e+03   2.45e-07   5.63e-03   9.94e-01
8.750000e+03   2.34e-07   8.35e-03   9.92e-01
9.250000e+03   9.73e-07   1.26e-02   9.87e-01
9.750000e+03   1.59e-06   1.62e-02   9.84e-01
1.025000e+04   2.21e-06   1.90e-02   9.81e-01
1.075000e+04   2.17e-06   1.84e-02   9.82e-01
1.125000e+04   7.52e-07   1.43e-02   9.86e-01
1.175000e+04   2.28e-07   9.07e-03   9.91e-01
1.225000e+04   2.33e-07   5.82e-03   9.94e-01
1.275000e+04   1.90e-07   4.25e-03   9.96e-01
1.325000e+04   1.50e-07   3.75e-03   9.96e-01
1.375000e+04   1.31e-07   3.23e-03   9.97e-01
1.425000e+04   1.02e-07   2.94e-03   9.97e-01
1.475000e+04   1.09e-07   2.54e-03   9.98e-01
1.525000e+04   9.30e-08   2.27e-03   9.98e-01
1.575000e+04   7.92e-08   2.01e-03   9.98e-01
1.625000e+04   7.40e-08   1.87e-03   9.98e-01
1.675000e+04   4.76e-08   1.76e-03   9.98e-01
1.725000e+04   4.66e-08   1.71e-03   9.98e-01
1.775000e+04   4.44e-08   1.62e-03   9.98e-01
1.825000e+04   4.49e-08   1.60e-03   9.98e-01
1.875000e+04   4.49e-08   1.59e-03   9.98e-01
1.925000e+04   4.65e-08   1.62e-03   9.98e-01
1.975000e+04   4.75e-08   1.62e-03   9.98e-01
2.025000e+04   4.79e-08   1.57e-03   9.98e-01
2.075000e+04   5.02e-08   1.58e-03   9.98e-01
2.125000e+04   4.83e-08   1.45e-03   9.99e-01
2.175000e+04   4.59e-08   1.30e-03   9.99e-01
2.225000e+04   4.25e-08   1.13e-03   9.99e-01
2.275000e+04   3.76e-08   9.34e-04   9.99e-01
2.325000e+04   3.10e-08   7.32e-04   9.99e-01
2.375000e+04   2.28e-08   5.26e-04   1.00e+00
2.425000e+04   1.66e-08   3.87e-04   1.00e+00
2.475000e+04   1.09e-08   2.71e-04   1.00e+00
2.525000e+04   7.52e-09   2.02e-04   1.00e+00
2.575000e+04   5.26e-09   1.56e-04   1.00e+00
2.625000e+04   3.87e-09   1.29e-04   1.00e+00
2.675000e+04   2.91e-09   1.09e-04   1.00e+00
2.725000e+04   2.33e-09   9.83e-05   1.00e+00
2.775000e+04   1.85e-09   8.87e-05   1.00e+00
2.825000e+04   1.53e-09   8.36e-05   1.00e+00
2.875000e+04   1.21e-09   7.60e-05   1.00e+00
2.925000e+04   9.85e-10   7.19e-05   1.00e+00
2.975000e+04   8.05e-10   6.92e-05   1.00e+00
#TIME: 200.0
#NVEL: 60
#vel_mid[km/s] ca0 ca1 ca2
2.500000e+02   3.56e-01   3.25e-01   3.18e-01
7.500000e+02   3.28e-01   3.18e-01   3.54e-01
1.250000e+03   2.97e-01   3.07e-01   3.97e-01
1.750000e+03   2.67e-01   2.94e-01   4.39e-01
2.250000e+03   2.40e-01   2.81e-01   4.79e-01
2.750000e+03   2.15e-01   2.65e-01   5.19e-01
3.250000e+03   1.92e-01   2.49e-01   5.58e-01
3.750000e+03   1.71e-01   2.32e-01   5.97e-01
4.250000e+03   1.52e-01   2.15e-01   6.34e-01
4.750000e+03   1.34e-01   1.98e-01   6.68e-01
5.250000e+03   1.18e-01   1.80e-01   7.02e-01
5.750000e+03   1.03e-01   1.64e-01   7.33e-01
6.250000e+03   9.02e-02   1.47e-01   7.62e-01
6.750000e+03   1.54e-07   2.16e-03   9.98e-01
7.250000e+03   8.79e-08   4.03e-03   9.96e-01
7.750000e+03   6.77e-07   9.98e-03   9.90e-01
8.250000e+03   3.55e-06   2.00e-02   9.80e-01
8.750000e+03   5.03e-06   2.29e-02   9.77e-01
9.250000e+03   7.88e-06   3.15e-02   9.69e-01
9.750000e+03   9.85e-06   4.29e-02   9.57e-01
1.025000e+04   8.90e-06   5.13e-02   9.49e-01
1.075000e+04   3.82e-06   5.33e-02   9.47e-01
1.125000e+04   4.88e-06   5.44e-02   9.46e-01
1.175000e+04   2.68e-06   5.53e-02   9.45e-01
1.225000e+04   2.71e-06   5.59e-02   9.44e-01
1.275000e+04   1.92e-06   5.59e-02   9.44e-01
1.325000e+04   1.82e-06   5.78e-02   9.42e-01
1.375000e+04   3.02e-06   5.93e-02   9.41e-01
1.425000e+04   2.12e-06   5.90e-02   9.41e-01
1.475000e+04   1.44e-06   5.68e-02   9.43e-01
1.525000e+04   1.33e-06   5.42e-02   9.46e-01
1.575000e+04   1.22e-06   4.99e-02   9.50e-01
1.625000e+04   1.09e-06   4.57e-02   9.54e-01
1.675000e+04   1.98e-06   4.11e-02   9.59e-01
1.725000e+04   1.24e-06   3.61e-02   9.64e-01
1.775000e+04   1.48e-06   3.11e-02   9.69e-01
1.825000e+04   8.50e-07   2.82e-02   9.72e-01
1.875000e+04   7.70e-07   2.61e-02   9.74e-01
1.925000e+04   7.03e-07   2.40e-02   9.76e-01
1.975000e+04   6.63e-07   2.21e-02   9.78e-01
2.025000e+04   6.04e-07   1.98e-02   9.80e-01
2.075000e+04   5.79e-07   1.83e-02   9.82e-01
2.125000e+04   5.36e-07   1.61e-02   9.84e-01
2.175000e+04   4.99e-07   1.40e-02   9.86e-01
2.225000e+04   1.02e-06   2.07e-02   9.79e-01
2.275000e+04   6.65e-07   1.56e-02   9.84e-01
2.325000e+04   5.90e-07   1.22e-02   9.88e-01
2.375000e+04   3.46e-07   7.09e-03   9.93e-01
2.425000e+04   2.20e-07   4.11e-03   9.96e-01
2.475000e+04   1.38e-07   2.38e-03   9.98e-01
2.525000e+04   8.32e-08   1.41e-03   9.99e-01
2.575000e+04   5.10e-08   9.01e-04   9.99e-01
2.625000e+04   3.09e-08   5.98e-04   9.99e-01
2.675000e+04   2.07e-08   4.44e-04   1.00e+00
2.725000e+04   1.47e-08   3.56e-04   1.00e+00
2.775000e+04   1.08e-08   2.97e-04   1.00e+00
2.825000e+04   8.09e-09   2.55e-04   1.00e+00
2.875000e+04   6.08e-09   2.21e-04   1.00e+00
2.925000e+04   4.47e-09   1.88e-04   1.00e+00
2.975000e+04   3.40e-09   1.69e-04   1.00e+00
