#NTIMES: 200
#NSTAGES: 7
#TIMES[d]: 2.0186 2.0562 2.0945 2.1335 2.1732 2.2136 2.2548 2.2968 2.3396 2.3831 2.4275 2.4727 2.5187 2.5656 2.6134 2.6620 2.7116 2.7620 2.8134 2.8658 2.9192 2.9735 3.0289 3.0853 3.1427 3.2012 3.2608 3.3215 3.3833 3.4463 3.5104 3.5758 3.6424 3.7102 3.7792 3.8496 3.9212 3.9942 4.0686 4.1443 4.2215 4.3001 4.3801 4.4617 4.5447 4.6293 4.7155 4.8033 4.8927 4.9838 5.0765 5.1711 5.2673 5.3654 5.4652 5.5670 5.6706 5.7762 5.8837 5.9932 6.1048 6.2184 6.3342 6.4521 6.5722 6.6946 6.8192 6.9461 7.0754 7.2072 7.3413 7.4780 7.6172 7.7590 7.9034 8.0506 8.2004 8.3531 8.5086 8.6670 8.8283 8.9927 9.1601 9.3306 9.5043 9.6812 9.8614 10.0450 10.2320 10.4225 10.6165 10.8141 11.0154 11.2205 11.4294 11.6421 11.8588 12.0796 12.3045 12.5335 12.7668 13.0045 13.2466 13.4932 13.7444 14.0002 14.2608 14.5263 14.7967 15.0722 15.3528 15.6386 15.9297 16.2262 16.5283 16.8360 17.1494 17.4686 17.7938 18.1251 18.4625 18.8062 19.1562 19.5128 19.8761 20.2461 20.6230 21.0069 21.3979 21.7963 22.2020 22.6153 23.0363 23.4652 23.9020 24.3469 24.8002 25.2618 25.7321 26.2111 26.6990 27.1961 27.7023 28.2180 28.7433 29.2784 29.8234 30.3786 30.9441 31.5202 32.1069 32.7046 33.3134 33.9336 34.5653 35.2087 35.8641 36.5318 37.2118 37.9045 38.6102 39.3289 40.0610 40.8068 41.5664 42.3402 43.1284 43.9313 44.7491 45.5821 46.4306 47.2950 48.1754 49.0722 49.9857 50.9162 51.8640 52.8295 53.8130 54.8147 55.8351 56.8745 57.9333 59.0118 60.1103 61.2293 62.3691 63.5301 64.7128 65.9174 67.1445 68.3945 69.6677 70.9646 72.2856 73.6312 75.0019 76.3981 77.8203 79.2690
#
#TIME: 2.0186
#NVEL: 202
#vel_mid[km/s] s0 s1 s2 s3 s4 s5 s6
8.7500e+01 6.1797e-43 5.9200e-35 6.8355e-27 3.6704e-19 4.7102e-12 6.9194e-06 9.9999e-01
2.7500e+02 1.7656e-43 2.1790e-35 3.2012e-27 2.1404e-19 3.3626e-12 5.8640e-06 9.9999e-01
4.7500e+02 1.3873e-43 1.8617e-35 2.9577e-27 2.0865e-19 3.3921e-12 5.9130e-06 9.9999e-01
6.7500e+02 1.3593e-43 1.9255e-35 3.1903e-27 2.2876e-19 3.7049e-12 6.2084e-06 9.9999e-01
8.7500e+02 1.4574e-43 2.1427e-35 3.6545e-27 2.6268e-19 4.1770e-12 6.6274e-06 9.9999e-01
1.0750e+03 1.6115e-43 2.4725e-35 4.3144e-27 3.0875e-19 4.7863e-12 7.1369e-06 9.9999e-01
1.2750e+03 1.8497e-43 2.9134e-35 5.1838e-27 3.6793e-19 5.5378e-12 7.7277e-06 9.9999e-01
1.4750e+03 2.1580e-43 3.5046e-35 6.3413e-27 4.4484e-19 6.4747e-12 8.4171e-06 9.9999e-01
1.6750e+03 2.5644e-43 4.2797e-35 7.8602e-27 5.4361e-19 7.6294e-12 9.2097e-06 9.9999e-01
1.8750e+03 3.0829e-43 5.2765e-35 9.8266e-27 6.6897e-19 9.0368e-12 1.0109e-05 9.9999e-01
2.0750e+03 3.7415e-43 6.5791e-35 1.2411e-26 8.3020e-19 1.0771e-11 1.1139e-05 9.9999e-01
2.2750e+03 4.6103e-43 8.3123e-35 1.5865e-26 1.0407e-18 1.2937e-11 1.2328e-05 9.9999e-01
2.4750e+03 5.7313e-43 1.0571e-34 2.0404e-26 1.3114e-18 1.5599e-11 1.3680e-05 9.9999e-01
2.6750e+03 7.1887e-43 1.3585e-34 2.6497e-26 1.6659e-18 1.8925e-11 1.5236e-05 9.9998e-01
2.8750e+03 9.0944e-43 1.7612e-34 3.4695e-26 2.1312e-18 2.3085e-11 1.7026e-05 9.9998e-01
3.0750e+03 1.1631e-42 2.3042e-34 4.5821e-26 2.7462e-18 2.8317e-11 1.9092e-05 9.9998e-01
3.2750e+03 1.4980e-42 3.0385e-34 6.0972e-26 3.5618e-18 3.4909e-11 2.1475e-05 9.9998e-01
3.4750e+03 1.9450e-42 4.0394e-34 8.1770e-26 4.6508e-18 4.3264e-11 2.4235e-05 9.9998e-01
3.6750e+03 2.5420e-42 5.4085e-34 1.1044e-25 6.1104e-18 5.3882e-11 2.7434e-05 9.9997e-01
3.8750e+03 3.3435e-42 7.2868e-34 1.5010e-25 8.0731e-18 6.7407e-11 3.1144e-05 9.9997e-01
4.0750e+03 4.4239e-42 9.8807e-34 2.0535e-25 1.0729e-17 8.4725e-11 3.5461e-05 9.9996e-01
4.2750e+03 5.8911e-42 1.3491e-33 2.8290e-25 1.4345e-17 1.0702e-10 4.0502e-05 9.9996e-01
4.4750e+03 7.8991e-42 1.8553e-33 3.9250e-25 1.9300e-17 1.3584e-10 4.6401e-05 9.9995e-01
4.6750e+03 1.0698e-41 2.5766e-33 5.4967e-25 2.6174e-17 1.7349e-10 5.3356e-05 9.9995e-01
4.8750e+03 1.4670e-41 3.6223e-33 7.7852e-25 3.5833e-17 2.2318e-10 6.1615e-05 9.9994e-01
5.0750e+03 2.0404e-41 5.1601e-33 1.1159e-24 4.9545e-17 2.8925e-10 7.1460e-05 9.9993e-01
5.2750e+03 2.8879e-41 7.4715e-33 1.6232e-24 6.9331e-17 3.7823e-10 8.3302e-05 9.9992e-01
5.4750e+03 4.1606e-41 1.0998e-32 2.3960e-24 9.8192e-17 4.9902e-10 9.7601e-05 9.9990e-01
5.6750e+03 6.1050e-41 1.6468e-32 3.5909e-24 1.4081e-16 6.6450e-10 1.1496e-04 9.9989e-01
5.8750e+03 9.1042e-41 2.5035e-32 5.4561e-24 2.0421e-16 8.9233e-10 1.3605e-04 9.9986e-01
6.0750e+03 1.3794e-40 3.8639e-32 8.4046e-24 2.9954e-16 1.2086e-09 1.6182e-04 9.9984e-01
6.2750e+03 2.1190e-40 6.0444e-32 1.3109e-23 4.4400e-16 1.6501e-09 1.9336e-04 9.9981e-01
6.4750e+03 3.2880e-40 9.5522e-32 2.0648e-23 6.6364e-16 2.2677e-09 2.3194e-04 9.9977e-01
6.6750e+03 5.2475e-40 1.5514e-31 3.3358e-23 1.0134e-15 3.1676e-09 2.8082e-04 9.9972e-01
6.8750e+03 9.4816e-40 2.8323e-31 5.9933e-23 1.6905e-15 4.7279e-09 3.5270e-04 9.9965e-01
7.0750e+03 1.9944e-39 5.9706e-31 1.2276e-22 3.1457e-15 7.6605e-09 4.6364e-04 9.9954e-01
7.2750e+03 4.8983e-39 1.4585e-30 2.8772e-22 6.5513e-15 1.3511e-08 6.3896e-04 9.9936e-01
7.4750e+03 1.4238e-38 4.1803e-30 7.8005e-22 1.5404e-14 2.6109e-08 9.2643e-04 9.9907e-01
7.6750e+03 5.0351e-38 1.4407e-29 2.4974e-21 4.1557e-14 5.5913e-08 1.4218e-03 9.9858e-01
7.8750e+03 2.2352e-37 6.1399e-29 9.6678e-21 1.3107e-13 1.3449e-07 2.3261e-03 9.9767e-01
8.0750e+03 1.2662e-36 3.2877e-28 4.5911e-20 4.8907e-13 3.6660e-07 4.0763e-03 9.9592e-01
8.2750e+03 9.0745e-36 2.2015e-27 2.6683e-19 2.1573e-12 1.1331e-06 7.6536e-03 9.9235e-01
8.4750e+03 8.1100e-35 1.8267e-26 1.8873e-18 1.1214e-11 3.9660e-06 1.5380e-02 9.8462e-01
8.6750e+03 8.9871e-34 1.8746e-25 1.6241e-17 6.8721e-11 1.5724e-05 3.3005e-02 9.6698e-01
8.8750e+03 1.2707e-32 2.4419e-24 1.7358e-16 5.0331e-10 7.1053e-05 7.5320e-02 9.2461e-01
9.0750e+03 2.3502e-31 4.1141e-23 2.3256e-15 4.3989e-09 3.6108e-04 1.7761e-01 8.2203e-01
9.2750e+03 5.2099e-30 8.2345e-22 3.5824e-14 4.1958e-08 1.8796e-03 3.9085e-01 6.0727e-01
9.4750e+03 1.1764e-28 1.6747e-20 5.4346e-13 3.7381e-07 8.5554e-03 6.7948e-01 3.1197e-01
9.6750e+03 2.6405e-27 3.3708e-19 7.8471e-12 2.9772e-06 3.2212e-02 8.6650e-01 1.0128e-01
9.8750e+03 6.7325e-26 7.6535e-18 1.2176e-10 2.3635e-05 1.1014e-01 8.6821e-01 2.1626e-02
1.0075e+04 1.9940e-24 2.0060e-16 2.0621e-09 1.8783e-04 3.3838e-01 6.5859e-01 2.8362e-03
1.0275e+04 5.5663e-23 4.9174e-15 3.0517e-08 1.1761e-03 7.1867e-01 2.8000e-01 1.6160e-04
1.0475e+04 1.4779e-21 1.1183e-13 3.8029e-07 5.3944e-03 9.3889e-01 5.5717e-02 3.1080e-06
1.0675e+04 5.4214e-20 3.3870e-12 5.5795e-06 2.4433e-02 9.6938e-01 6.1846e-03 2.2020e-08
1.0875e+04 3.3275e-18 1.6589e-10 1.1519e-04 1.2665e-01 8.7284e-01 3.8750e-04 5.2287e-11
1.1075e+04 2.4405e-16 9.5898e-09 2.4402e-03 5.3475e-01 4.6280e-01 8.3109e-06 2.1979e-14
1.1275e+04 1.3062e-14 3.8451e-07 2.9134e-02 9.0944e-01 6.1421e-02 2.0475e-08 4.1193e-19
1.1475e+04 1.3396e-12 2.2181e-05 3.0747e-01 6.9103e-01 1.4763e-03 2.3607e-12 7.2113e-26
1.1675e+04 9.8574e-11 6.7477e-04 9.3911e-01 6.0212e-02 1.1090e-06 1.1122e-18 4.3632e-36
1.1875e+04 2.0371e-08 2.6731e-02 9.7302e-01 2.4614e-04 2.6261e-12 2.7252e-29 0.0000e+00
1.2075e+04 2.1396e-05 9.6838e-01 3.1601e-02 2.1558e-10 1.5060e-24 0.0000e+00 0.0000e+00
1.2275e+04 1.1813e-01 8.8187e-01 1.7298e-10 6.3895e-31 0.0000e+00 0.0000e+00 0.0000e+00
1.2475e+04 7.9904e-01 2.0096e-01 1.6324e-14 5.1403e-40 0.0000e+00 0.0000e+00 0.0000e+00
1.2675e+04 7.8889e-01 2.1111e-01 1.8246e-14 6.1135e-40 0.0000e+00 0.0000e+00 0.0000e+00
1.2875e+04 7.7837e-01 2.2163e-01 2.0382e-14 7.2663e-40 0.0000e+00 0.0000e+00 0.0000e+00
1.3075e+04 7.6749e-01 2.3251e-01 2.2751e-14 8.6298e-40 0.0000e+00 0.0000e+00 0.0000e+00
1.3275e+04 7.5624e-01 2.4376e-01 2.5379e-14 1.0243e-39 0.0000e+00 0.0000e+00 0.0000e+00
1.3475e+04 7.4462e-01 2.5538e-01 2.8289e-14 1.2148e-39 0.0000e+00 0.0000e+00 0.0000e+00
1.3675e+04 7.3266e-01 2.6734e-01 3.1508e-14 1.4395e-39 0.0000e+00 0.0000e+00 0.0000e+00
1.3875e+04 7.2034e-01 2.7966e-01 3.5069e-14 1.7047e-39 0.0000e+00 0.0000e+00 0.0000e+00
1.4075e+04 7.0770e-01 2.9230e-01 3.8995e-14 2.0167e-39 0.0000e+00 0.0000e+00 0.0000e+00
1.4275e+04 6.9470e-01 3.0530e-01 4.3335e-14 2.3845e-39 0.0000e+00 0.0000e+00 0.0000e+00
1.4475e+04 6.8142e-01 3.1858e-01 4.8109e-14 2.8162e-39 0.0000e+00 0.0000e+00 0.0000e+00
1.4675e+04 6.6782e-01 3.3218e-01 5.3366e-14 3.3236e-39 0.0000e+00 0.0000e+00 0.0000e+00
1.4875e+04 6.5394e-01 3.4606e-01 5.9149e-14 3.9191e-39 0.0000e+00 0.0000e+00 0.0000e+00
1.5075e+04 6.3979e-01 3.6021e-01 6.5502e-14 4.6174e-39 0.0000e+00 0.0000e+00 0.0000e+00
1.5275e+04 6.2540e-01 3.7460e-01 7.2470e-14 5.4349e-39 0.0000e+00 0.0000e+00 0.0000e+00
1.5475e+04 6.1079e-01 3.8921e-01 8.0106e-14 6.3914e-39 0.0000e+00 0.0000e+00 0.0000e+00
1.5675e+04 5.9597e-01 4.0403e-01 8.8472e-14 7.5100e-39 0.0000e+00 0.0000e+00 0.0000e+00
1.5875e+04 5.8096e-01 4.1904e-01 9.7624e-14 8.8166e-39 0.0000e+00 0.0000e+00 0.0000e+00
1.6075e+04 5.6580e-01 4.3420e-01 1.0763e-13 1.0342e-38 0.0000e+00 0.0000e+00 0.0000e+00
1.6275e+04 5.5050e-01 4.4950e-01 1.1854e-13 1.2119e-38 0.0000e+00 0.0000e+00 0.0000e+00
1.6475e+04 5.3510e-01 4.6490e-01 1.3046e-13 1.4191e-38 0.0000e+00 0.0000e+00 0.0000e+00
1.6675e+04 5.1963e-01 4.8037e-01 1.4344e-13 1.6603e-38 0.0000e+00 0.0000e+00 0.0000e+00
1.6875e+04 5.0409e-01 4.9591e-01 1.5757e-13 1.9409e-38 0.0000e+00 0.0000e+00 0.0000e+00
1.7075e+04 4.8854e-01 5.1146e-01 1.7295e-13 2.2671e-38 0.0000e+00 0.0000e+00 0.0000e+00
1.7275e+04 4.7299e-01 5.2701e-01 1.8966e-13 2.6460e-38 0.0000e+00 0.0000e+00 0.0000e+00
1.7475e+04 4.5747e-01 5.4253e-01 2.0781e-13 3.0858e-38 0.0000e+00 0.0000e+00 0.0000e+00
1.7675e+04 4.4202e-01 5.5798e-01 2.2750e-13 3.5958e-38 0.0000e+00 0.0000e+00 0.0000e+00
1.7875e+04 4.2665e-01 5.7335e-01 2.4886e-13 4.1873e-38 0.0000e+00 0.0000e+00 0.0000e+00
1.8075e+04 4.1140e-01 5.8860e-01 2.7200e-13 4.8726e-38 0.0000e+00 0.0000e+00 0.0000e+00
1.8275e+04 3.9630e-01 6.0370e-01 2.9704e-13 5.6658e-38 0.0000e+00 0.0000e+00 0.0000e+00
1.8475e+04 3.8135e-01 6.1865e-01 3.2415e-13 6.5842e-38 0.0000e+00 0.0000e+00 0.0000e+00
1.8675e+04 3.6661e-01 6.3339e-01 3.5346e-13 7.6462e-38 0.0000e+00 0.0000e+00 0.0000e+00
1.8875e+04 3.5208e-01 6.4792e-01 3.8511e-13 8.8734e-38 0.0000e+00 0.0000e+00 0.0000e+00
1.9075e+04 3.3779e-01 6.6221e-01 4.1932e-13 1.0293e-37 0.0000e+00 0.0000e+00 0.0000e+00
1.9275e+04 3.2377e-01 6.7623e-01 4.5620e-13 1.1930e-37 0.0000e+00 0.0000e+00 0.0000e+00
1.9475e+04 3.1002e-01 6.8998e-01 4.9599e-13 1.3821e-37 0.0000e+00 0.0000e+00 0.0000e+00
1.9675e+04 2.9658e-01 7.0342e-01 5.3887e-13 1.6003e-37 0.0000e+00 0.0000e+00 0.0000e+00
1.9875e+04 2.8344e-01 7.1656e-01 5.8510e-13 1.8521e-37 0.0000e+00 0.0000e+00 0.0000e+00
2.0075e+04 2.7064e-01 7.2936e-01 6.3486e-13 2.1422e-37 0.0000e+00 0.0000e+00 0.0000e+00
2.0275e+04 2.5818e-01 7.4182e-01 6.8842e-13 2.4766e-37 0.0000e+00 0.0000e+00 0.0000e+00
2.0475e+04 2.4608e-01 7.5392e-01 7.4606e-13 2.8619e-37 0.0000e+00 0.0000e+00 0.0000e+00
2.0675e+04 2.3434e-01 7.6566e-01 8.0803e-13 3.3057e-37 0.0000e+00 0.0000e+00 0.0000e+00
2.0875e+04 2.2297e-01 7.7703e-01 8.7465e-13 3.8166e-37 0.0000e+00 0.0000e+00 0.0000e+00
2.1075e+04 2.1197e-01 7.8803e-01 9.4627e-13 4.4048e-37 0.0000e+00 0.0000e+00 0.0000e+00
2.1275e+04 2.0135e-01 7.9865e-01 1.0232e-12 5.0814e-37 0.0000e+00 0.0000e+00 0.0000e+00
2.1475e+04 1.9111e-01 8.0889e-01 1.1058e-12 5.8602e-37 0.0000e+00 0.0000e+00 0.0000e+00
2.1675e+04 1.8126e-01 8.1874e-01 1.1945e-12 6.7556e-37 0.0000e+00 0.0000e+00 0.0000e+00
2.1875e+04 1.7179e-01 8.2821e-01 1.2896e-12 7.7846e-37 0.0000e+00 0.0000e+00 0.0000e+00
2.2075e+04 1.6270e-01 8.3730e-01 1.3917e-12 8.9676e-37 0.0000e+00 0.0000e+00 0.0000e+00
2.2275e+04 1.5399e-01 8.4601e-01 1.5013e-12 1.0327e-36 0.0000e+00 0.0000e+00 0.0000e+00
2.2475e+04 1.4564e-01 8.5436e-01 1.6188e-12 1.1890e-36 0.0000e+00 0.0000e+00 0.0000e+00
2.2675e+04 1.3766e-01 8.6234e-01 1.7448e-12 1.3685e-36 0.0000e+00 0.0000e+00 0.0000e+00
2.2875e+04 1.3004e-01 8.6996e-01 1.8798e-12 1.5745e-36 0.0000e+00 0.0000e+00 0.0000e+00
2.3075e+04 1.2277e-01 8.7723e-01 2.0246e-12 1.8113e-36 0.0000e+00 0.0000e+00 0.0000e+00
2.3275e+04 1.1584e-01 8.8416e-01 2.1797e-12 2.0831e-36 0.0000e+00 0.0000e+00 0.0000e+00
2.3475e+04 1.0925e-01 8.9075e-01 2.3458e-12 2.3948e-36 0.0000e+00 0.0000e+00 0.0000e+00
2.3675e+04 1.0297e-01 8.9703e-01 2.5239e-12 2.7528e-36 0.0000e+00 0.0000e+00 0.0000e+00
2.3875e+04 9.7015e-02 9.0299e-01 2.7147e-12 3.1637e-36 0.0000e+00 0.0000e+00 0.0000e+00
2.4075e+04 9.1367e-02 9.0863e-01 2.9186e-12 3.6342e-36 0.0000e+00 0.0000e+00 0.0000e+00
2.4275e+04 8.6003e-02 9.1400e-01 3.1374e-12 4.1747e-36 0.0000e+00 0.0000e+00 0.0000e+00
2.4475e+04 8.0922e-02 9.1908e-01 3.3715e-12 4.7946e-36 0.0000e+00 0.0000e+00 0.0000e+00
2.4675e+04 7.6107e-02 9.2389e-01 3.6225e-12 5.5061e-36 0.0000e+00 0.0000e+00 0.0000e+00
2.4875e+04 7.1556e-02 9.2844e-01 3.8910e-12 6.3213e-36 0.0000e+00 0.0000e+00 0.0000e+00
2.5075e+04 6.7253e-02 9.3275e-01 4.1783e-12 7.2559e-36 0.0000e+00 0.0000e+00 0.0000e+00
2.5275e+04 6.3190e-02 9.3681e-01 4.4859e-12 8.3269e-36 0.0000e+00 0.0000e+00 0.0000e+00
2.5475e+04 5.9351e-02 9.4065e-01 4.8152e-12 9.5555e-36 0.0000e+00 0.0000e+00 0.0000e+00
2.5675e+04 5.5730e-02 9.4427e-01 5.1677e-12 1.0963e-35 0.0000e+00 0.0000e+00 0.0000e+00
2.5875e+04 5.2315e-02 9.4769e-01 5.5449e-12 1.2577e-35 0.0000e+00 0.0000e+00 0.0000e+00
2.6075e+04 4.9096e-02 9.5090e-01 5.9486e-12 1.4426e-35 0.0000e+00 0.0000e+00 0.0000e+00
2.6275e+04 4.6064e-02 9.5394e-01 6.3807e-12 1.6545e-35 0.0000e+00 0.0000e+00 0.0000e+00
2.6475e+04 4.3209e-02 9.5679e-01 6.8431e-12 1.8973e-35 0.0000e+00 0.0000e+00 0.0000e+00
2.6675e+04 4.0521e-02 9.5948e-01 7.3380e-12 2.1755e-35 0.0000e+00 0.0000e+00 0.0000e+00
2.6875e+04 3.7993e-02 9.6201e-01 7.8677e-12 2.4944e-35 0.0000e+00 0.0000e+00 0.0000e+00
2.7075e+04 3.5616e-02 9.6438e-01 8.4343e-12 2.8595e-35 0.0000e+00 0.0000e+00 0.0000e+00
2.7275e+04 3.3379e-02 9.6662e-01 9.0412e-12 3.2782e-35 0.0000e+00 0.0000e+00 0.0000e+00
2.7475e+04 3.1279e-02 9.6872e-01 9.6902e-12 3.7576e-35 0.0000e+00 0.0000e+00 0.0000e+00
2.7675e+04 2.9305e-02 9.7069e-01 1.0385e-11 4.3071e-35 0.0000e+00 0.0000e+00 0.0000e+00
2.7875e+04 2.7451e-02 9.7255e-01 1.1129e-11 4.9367e-35 0.0000e+00 0.0000e+00 0.0000e+00
2.8075e+04 2.5711e-02 9.7429e-01 1.1925e-11 5.6579e-35 0.0000e+00 0.0000e+00 0.0000e+00
2.8275e+04 2.4077e-02 9.7592e-01 1.2777e-11 6.4842e-35 0.0000e+00 0.0000e+00 0.0000e+00
2.8475e+04 2.2544e-02 9.7746e-01 1.3689e-11 7.4312e-35 0.0000e+00 0.0000e+00 0.0000e+00
2.8675e+04 2.1105e-02 9.7890e-01 1.4665e-11 8.5167e-35 0.0000e+00 0.0000e+00 0.0000e+00
2.8875e+04 1.9756e-02 9.8024e-01 1.5710e-11 9.7598e-35 0.0000e+00 0.0000e+00 0.0000e+00
2.9075e+04 1.8490e-02 9.8151e-01 1.6829e-11 1.1185e-34 0.0000e+00 0.0000e+00 0.0000e+00
2.9275e+04 1.7303e-02 9.8270e-01 1.8026e-11 1.2819e-34 0.0000e+00 0.0000e+00 0.0000e+00
2.9475e+04 1.6191e-02 9.8381e-01 1.9309e-11 1.4690e-34 0.0000e+00 0.0000e+00 0.0000e+00
2.9675e+04 1.5148e-02 9.8485e-01 2.0681e-11 1.6836e-34 0.0000e+00 0.0000e+00 0.0000e+00
2.9875e+04 1.4171e-02 9.8583e-01 2.2151e-11 1.9295e-34 0.0000e+00 0.0000e+00 0.0000e+00
3.0075e+04 1.3255e-02 9.8674e-01 2.3725e-11 2.2114e-34 0.0000e+00 0.0000e+00 0.0000e+00
3.0275e+04 1.2398e-02 9.8760e-01 2.5410e-11 2.5345e-34 0.0000e+00 0.0000e+00 0.0000e+00
3.0475e+04 1.1594e-02 9.8841e-01 2.7216e-11 2.9051e-34 0.0000e+00 0.0000e+00 0.0000e+00
3.0675e+04 1.0842e-02 9.8916e-01 2.9149e-11 3.3298e-34 0.0000e+00 0.0000e+00 0.0000e+00
3.0875e+04 1.0137e-02 9.8986e-01 3.1219e-11 3.8168e-34 0.0000e+00 0.0000e+00 0.0000e+00
3.1075e+04 9.4775e-03 9.9052e-01 3.3437e-11 4.3756e-34 0.0000e+00 0.0000e+00 0.0000e+00
3.1275e+04 8.8604e-03 9.9114e-01 3.5810e-11 5.0156e-34 0.0000e+00 0.0000e+00 0.0000e+00
3.1475e+04 8.2823e-03 9.9172e-01 3.8355e-11 5.7503e-34 0.0000e+00 0.0000e+00 0.0000e+00
3.1675e+04 7.7415e-03 9.9226e-01 4.1078e-11 6.5924e-34 0.0000e+00 0.0000e+00 0.0000e+00
3.1875e+04 7.2351e-03 9.9276e-01 4.3999e-11 7.5593e-34 0.0000e+00 0.0000e+00 0.0000e+00
3.2075e+04 6.7619e-03 9.9324e-01 4.7123e-11 8.6667e-34 0.0000e+00 0.0000e+00 0.0000e+00
3.2275e+04 6.3190e-03 9.9368e-01 5.0470e-11 9.9373e-34 0.0000e+00 0.0000e+00 0.0000e+00
3.2475e+04 5.9046e-03 9.9410e-01 5.4058e-11 1.1395e-33 0.0000e+00 0.0000e+00 0.0000e+00
3.2675e+04 5.5168e-03 9.9448e-01 5.7902e-11 1.3069e-33 0.0000e+00 0.0000e+00 0.0000e+00
3.2875e+04 5.1545e-03 9.9485e-01 6.2018e-11 1.4987e-33 0.0000e+00 0.0000e+00 0.0000e+00
3.3075e+04 4.8156e-03 9.9518e-01 6.6428e-11 1.7189e-33 0.0000e+00 0.0000e+00 0.0000e+00
3.3275e+04 4.4987e-03 9.9550e-01 7.1153e-11 1.9714e-33 0.0000e+00 0.0000e+00 0.0000e+00
3.3475e+04 4.2024e-03 9.9580e-01 7.6214e-11 2.2612e-33 0.0000e+00 0.0000e+00 0.0000e+00
3.3675e+04 3.9253e-03 9.9607e-01 8.1639e-11 2.5939e-33 0.0000e+00 0.0000e+00 0.0000e+00
3.3875e+04 3.6664e-03 9.9633e-01 8.7451e-11 2.9756e-33 0.0000e+00 0.0000e+00 0.0000e+00
3.4075e+04 3.4244e-03 9.9658e-01 9.3676e-11 3.4135e-33 0.0000e+00 0.0000e+00 0.0000e+00
3.4275e+04 3.1982e-03 9.9680e-01 1.0035e-10 3.9160e-33 0.0000e+00 0.0000e+00 0.0000e+00
3.4475e+04 2.9869e-03 9.9701e-01 1.0749e-10 4.4926e-33 0.0000e+00 0.0000e+00 0.0000e+00
3.4675e+04 2.7894e-03 9.9721e-01 1.1515e-10 5.1543e-33 0.0000e+00 0.0000e+00 0.0000e+00
3.4875e+04 2.6048e-03 9.9740e-01 1.2335e-10 5.9139e-33 0.0000e+00 0.0000e+00 0.0000e+00
3.5075e+04 2.4324e-03 9.9757e-01 1.3214e-10 6.7856e-33 0.0000e+00 0.0000e+00 0.0000e+00
3.5275e+04 2.2713e-03 9.9773e-01 1.4156e-10 7.7862e-33 0.0000e+00 0.0000e+00 0.0000e+00
3.5475e+04 2.1208e-03 9.9788e-01 1.5165e-10 8.9343e-33 0.0000e+00 0.0000e+00 0.0000e+00
3.5675e+04 1.9802e-03 9.9802e-01 1.6247e-10 1.0253e-32 0.0000e+00 0.0000e+00 0.0000e+00
3.5875e+04 1.8489e-03 9.9815e-01 1.7405e-10 1.1765e-32 0.0000e+00 0.0000e+00 0.0000e+00
3.6075e+04 1.7262e-03 9.9827e-01 1.8646e-10 1.3501e-32 0.0000e+00 0.0000e+00 0.0000e+00
3.6275e+04 1.6117e-03 9.9839e-01 1.9976e-10 1.5494e-32 0.0000e+00 0.0000e+00 0.0000e+00
3.6475e+04 1.5047e-03 9.9850e-01 2.1401e-10 1.7782e-32 0.0000e+00 0.0000e+00 0.0000e+00
3.6675e+04 1.4048e-03 9.9860e-01 2.2928e-10 2.0408e-32 0.0000e+00 0.0000e+00 0.0000e+00
3.6875e+04 1.3114e-03 9.9869e-01 2.4564e-10 2.3422e-32 0.0000e+00 0.0000e+00 0.0000e+00
3.7075e+04 1.2243e-03 9.9878e-01 2.6317e-10 2.6882e-32 0.0000e+00 0.0000e+00 0.0000e+00
3.7275e+04 1.1429e-03 9.9886e-01 2.8195e-10 3.0852e-32 0.0000e+00 0.0000e+00 0.0000e+00
3.7475e+04 1.0670e-03 9.9893e-01 3.0207e-10 3.5410e-32 0.0000e+00 0.0000e+00 0.0000e+00
3.7675e+04 9.9603e-04 9.9900e-01 3.2363e-10 4.0643e-32 0.0000e+00 0.0000e+00 0.0000e+00
3.7875e+04 9.2980e-04 9.9907e-01 3.4673e-10 4.6648e-32 0.0000e+00 0.0000e+00 0.0000e+00
3.8075e+04 8.6793e-04 9.9913e-01 3.7149e-10 5.3546e-32 0.0000e+00 0.0000e+00 0.0000e+00
3.8275e+04 8.1019e-04 9.9919e-01 3.9801e-10 6.1460e-32 0.0000e+00 0.0000e+00 0.0000e+00
3.8475e+04 7.5629e-04 9.9924e-01 4.2643e-10 7.0545e-32 0.0000e+00 0.0000e+00 0.0000e+00
3.8675e+04 7.0596e-04 9.9929e-01 4.5688e-10 8.0975e-32 0.0000e+00 0.0000e+00 0.0000e+00
3.8875e+04 6.5896e-04 9.9934e-01 4.8951e-10 9.2949e-32 0.0000e+00 0.0000e+00 0.0000e+00
3.9075e+04 6.1510e-04 9.9938e-01 5.2446e-10 1.0669e-31 0.0000e+00 0.0000e+00 0.0000e+00
3.9275e+04 5.7419e-04 9.9943e-01 5.6187e-10 1.2245e-31 0.0000e+00 0.0000e+00 0.0000e+00
3.9475e+04 5.3596e-04 9.9946e-01 6.0200e-10 1.4056e-31 0.0000e+00 0.0000e+00 0.0000e+00
3.9675e+04 5.0027e-04 9.9950e-01 6.4499e-10 1.6135e-31 0.0000e+00 0.0000e+00 0.0000e+00
3.9875e+04 4.6695e-04 9.9953e-01 6.9106e-10 1.8521e-31 0.0000e+00 0.0000e+00 0.0000e+00
4.0075e+04 4.3587e-04 9.9956e-01 7.4037e-10 2.1259e-31 0.0000e+00 0.0000e+00 0.0000e+00
4.0225e+04 4.1389e-04 9.9959e-01 7.7974e-10 2.3579e-31 0.0000e+00 0.0000e+00 0.0000e+00
#
#TIME: 2.0562
#NVEL: 202
#vel_mid[km/s] s0 s1 s2 s3 s4 s5 s6
8.7500e+01 3.1809e-43 3.3015e-35 4.1595e-27 2.4752e-19 3.5639e-12 6.0074e-06 9.9999e-01
2.7500e+02 9.8091e-44 1.2945e-35 2.0610e-27 1.5121e-19 2.6327e-12 5.1794e-06 9.9999e-01
4.7500e+02 7.7071e-44 1.1230e-35 1.9301e-27 1.4905e-19 2.6773e-12 5.2428e-06 9.9999e-01
6.7500e+02 7.5670e-44 1.1616e-35 2.0817e-27 1.6339e-19 2.9235e-12 5.5027e-06 9.9999e-01
8.7500e+02 8.1275e-44 1.2900e-35 2.3799e-27 1.8729e-19 3.2916e-12 5.8685e-06 9.9999e-01
1.0750e+03 9.1084e-44 1.4906e-35 2.8126e-27 2.2032e-19 3.7738e-12 6.3199e-06 9.9999e-01
1.2750e+03 1.0370e-43 1.7630e-35 3.3906e-27 2.6326e-19 4.3749e-12 6.8485e-06 9.9999e-01
1.4750e+03 1.1911e-43 2.0863e-35 4.0866e-27 3.1440e-19 5.0684e-12 7.4220e-06 9.9999e-01
1.6750e+03 1.4433e-43 2.5795e-35 5.1218e-27 3.8772e-19 6.0123e-12 8.1476e-06 9.9999e-01
1.8750e+03 1.7096e-43 3.1447e-35 6.3377e-27 4.7305e-19 7.0757e-12 8.9113e-06 9.9999e-01
2.0750e+03 2.0739e-43 3.9236e-35 8.0079e-27 5.8725e-19 8.4351e-12 9.8174e-06 9.9999e-01
2.2750e+03 2.5364e-43 4.9233e-35 1.0172e-26 7.3224e-19 1.0090e-11 1.0840e-05 9.9999e-01
2.4750e+03 3.1389e-43 6.2385e-35 1.3037e-26 9.1997e-19 1.2139e-11 1.2012e-05 9.9999e-01
2.6750e+03 3.9937e-43 8.1176e-35 1.7119e-26 1.1794e-18 1.4826e-11 1.3424e-05 9.9999e-01
2.8750e+03 4.9186e-43 1.0267e-34 2.1918e-26 1.4807e-18 1.7832e-11 1.4886e-05 9.9999e-01
3.0750e+03 6.3899e-43 1.3614e-34 2.9292e-26 1.9268e-18 2.2031e-11 1.6752e-05 9.9998e-01
3.2750e+03 8.1135e-43 1.7720e-34 3.8513e-26 2.4739e-18 2.6954e-11 1.8763e-05 9.9998e-01
3.4750e+03 1.0426e-42 2.3309e-34 5.1143e-26 3.2033e-18 3.3192e-11 2.1097e-05 9.9998e-01
3.6750e+03 1.3831e-42 3.1636e-34 6.9902e-26 4.2498e-18 4.1631e-11 2.3969e-05 9.9998e-01
3.8750e+03 1.8217e-42 4.2660e-34 9.5046e-26 5.6155e-18 5.2076e-11 2.7203e-05 9.9997e-01
4.0750e+03 2.3542e-42 5.6546e-34 1.2732e-25 7.3311e-18 6.4579e-11 3.0743e-05 9.9997e-01
4.2750e+03 3.2202e-42 7.9168e-34 1.7938e-25 9.9855e-18 8.2692e-11 3.5367e-05 9.9996e-01
4.4750e+03 4.2670e-42 1.0762e-33 2.4619e-25 1.3312e-17 1.0423e-10 4.0357e-05 9.9996e-01
4.6750e+03 5.7565e-42 1.4890e-33 3.4354e-25 1.7998e-17 1.3281e-10 4.6340e-05 9.9995e-01
4.8750e+03 7.7113e-42 2.0474e-33 4.7684e-25 2.4228e-17 1.6870e-10 5.3137e-05 9.9995e-01
5.0750e+03 1.0939e-41 2.9713e-33 6.9528e-25 3.3985e-17 2.2101e-10 6.1988e-05 9.9994e-01
5.2750e+03 1.5264e-41 4.2466e-33 9.9959e-25 4.7104e-17 2.8697e-10 7.1977e-05 9.9993e-01
5.4750e+03 2.1457e-41 6.1092e-33 1.4454e-24 6.5586e-17 3.7385e-10 8.3745e-05 9.9992e-01
5.6750e+03 3.1448e-41 9.1398e-33 2.1651e-24 9.4029e-17 4.9777e-10 9.8626e-05 9.9990e-01
5.8750e+03 4.5537e-41 1.3517e-32 3.2087e-24 1.3357e-16 6.5820e-10 1.1573e-04 9.9988e-01
6.0750e+03 7.0530e-41 2.1297e-32 5.0365e-24 1.9904e-16 9.0201e-10 1.3853e-04 9.9986e-01
6.2750e+03 1.0815e-40 3.3250e-32 7.8408e-24 2.9455e-16 1.2299e-09 1.6539e-04 9.9983e-01
6.4750e+03 1.6725e-40 5.2358e-32 1.2306e-23 4.3890e-16 1.6861e-09 1.9810e-04 9.9980e-01
6.6750e+03 2.6448e-40 8.4251e-32 1.9705e-23 6.6508e-16 2.3412e-09 2.3902e-04 9.9976e-01
6.8750e+03 4.6272e-40 1.4907e-31 3.4383e-23 1.0823e-15 3.4288e-09 2.9702e-04 9.9970e-01
7.0750e+03 1.0102e-39 3.2513e-31 7.2595e-23 2.0648e-15 5.6584e-09 3.9432e-04 9.9961e-01
7.2750e+03 2.4497e-39 7.8387e-31 1.6800e-22 4.2532e-15 9.8943e-09 5.4072e-04 9.9946e-01
7.4750e+03 7.0444e-39 2.2229e-30 4.5097e-22 9.9166e-15 1.8996e-08 7.8109e-04 9.9922e-01
7.6750e+03 2.4630e-38 7.5815e-30 1.4309e-21 2.6564e-14 4.0470e-08 1.1954e-03 9.9880e-01
7.8750e+03 1.0582e-37 3.1349e-29 5.3942e-21 8.1998e-14 9.5811e-08 1.9389e-03 9.9806e-01
8.0750e+03 5.9097e-37 1.6569e-28 2.5334e-20 3.0329e-13 2.5952e-07 3.3864e-03 9.9661e-01
8.2750e+03 4.1785e-36 1.0947e-27 1.4546e-19 1.3245e-12 7.9606e-07 6.3327e-03 9.9367e-01
8.4750e+03 3.5901e-35 8.7358e-27 9.9230e-19 6.6787e-12 2.7226e-06 1.2569e-02 9.8743e-01
8.6750e+03 4.2182e-34 9.4639e-26 8.9679e-18 4.2632e-11 1.1133e-05 2.7468e-02 9.7252e-01
8.8750e+03 5.8217e-33 1.2040e-24 9.3863e-17 3.0718e-10 4.9769e-05 6.2532e-02 9.3742e-01
9.0750e+03 1.0209e-31 1.9288e-23 1.2041e-15 2.5990e-09 2.4810e-04 1.4736e-01 8.5239e-01
9.2750e+03 2.3036e-30 3.9296e-22 1.8935e-14 2.5418e-08 1.3312e-03 3.3712e-01 6.6155e-01
9.4750e+03 5.6741e-29 8.6976e-21 3.1211e-13 2.4531e-07 6.5395e-03 6.2999e-01 3.6348e-01
9.6750e+03 1.3205e-27 1.8148e-19 4.6848e-12 2.0386e-06 2.5806e-02 8.4843e-01 1.2576e-01
9.8750e+03 3.4560e-26 4.2259e-18 7.4670e-11 1.6654e-05 9.1006e-02 8.8100e-01 2.7982e-02
1.0075e+04 1.0378e-24 1.1232e-16 1.2891e-09 1.3602e-04 2.9030e-01 7.0561e-01 3.9542e-03
1.0275e+04 3.4449e-23 3.2559e-15 2.2249e-08 9.6955e-04 6.8113e-01 3.1767e-01 2.2617e-04
1.0475e+04 8.6108e-22 7.0198e-14 2.6849e-07 4.4462e-03 9.2575e-01 6.9800e-02 5.1636e-06
1.0675e+04 2.5629e-20 1.7509e-12 3.4013e-06 1.8699e-02 9.7225e-01 9.0468e-03 5.0525e-08
1.0875e+04 1.7706e-18 9.5762e-11 7.6903e-05 1.0293e-01 8.9644e-01 5.5180e-04 1.0967e-10
1.1075e+04 1.4620e-16 6.1882e-09 1.8076e-03 4.7828e-01 5.1990e-01 1.2907e-05 5.0130e-14
1.1275e+04 8.4013e-15 2.6854e-07 2.3578e-02 8.9891e-01 7.7511e-02 3.6615e-08 1.1130e-18
1.1475e+04 6.8839e-13 1.3025e-05 2.3446e-01 7.6292e-01 2.6058e-03 8.3287e-12 5.8226e-25
1.1675e+04 5.9176e-11 4.7551e-04 9.0750e-01 9.2026e-02 3.0828e-06 7.5934e-18 8.7722e-35
1.1875e+04 7.6583e-09 1.4200e-02 9.8517e-01 6.3387e-04 2.3196e-11 1.5324e-27 0.0000e+00
1.2075e+04 2.1630e-06 5.1149e-01 4.8850e-01 5.0450e-07 3.0974e-18 3.3502e-40 0.0000e+00
1.2275e+04 9.3989e-07 3.2978e-01 6.7021e-01 2.0838e-06 5.5685e-17 5.5545e-38 0.0000e+00
1.2475e+04 3.0587e-05 9.8688e-01 1.3094e-02 2.1379e-11 2.0208e-26 0.0000e+00 0.0000e+00
1.2675e+04 4.8259e-03 9.9517e-01 2.0843e-07 2.1573e-23 0.0000e+00 0.0000e+00 0.0000e+00
1.2875e+04 1.2175e-01 8.7825e-01 1.1799e-10 2.1992e-31 0.0000e+00 0.0000e+00 0.0000e+00
1.3075e+04 4.4156e-01 5.5844e-01 1.3740e-12 6.3643e-36 0.0000e+00 0.0000e+00 0.0000e+00
1.3275e+04 6.0714e-01 3.9286e-01 1.9099e-13 7.5613e-38 0.0000e+00 0.0000e+00 0.0000e+00
1.3475e+04 6.6754e-01 3.3246e-01 8.1540e-14 1.1232e-38 0.0000e+00 0.0000e+00 0.0000e+00
1.3675e+04 6.6035e-01 3.3965e-01 8.2772e-14 1.0950e-38 0.0000e+00 0.0000e+00 0.0000e+00
1.3875e+04 6.6407e-01 3.3593e-01 7.2665e-14 7.7973e-39 0.0000e+00 0.0000e+00 0.0000e+00
1.4075e+04 6.7163e-01 3.2837e-01 6.0571e-14 4.9648e-39 0.0000e+00 0.0000e+00 0.0000e+00
1.4275e+04 6.4241e-01 3.5759e-01 8.2050e-14 9.0427e-39 0.0000e+00 0.0000e+00 0.0000e+00
1.4475e+04 6.3793e-01 3.6207e-01 8.0141e-14 8.1151e-39 0.0000e+00 0.0000e+00 0.0000e+00
1.4675e+04 6.2319e-01 3.7681e-01 8.9018e-14 9.6364e-39 0.0000e+00 0.0000e+00 0.0000e+00
1.4875e+04 6.0799e-01 3.9201e-01 9.9052e-14 1.1499e-38 0.0000e+00 0.0000e+00 0.0000e+00
1.5075e+04 5.9731e-01 4.0269e-01 1.0400e-13 1.2098e-38 0.0000e+00 0.0000e+00 0.0000e+00
1.5275e+04 5.7902e-01 4.2098e-01 1.1935e-13 1.5480e-38 0.0000e+00 0.0000e+00 0.0000e+00
1.5475e+04 5.7031e-01 4.2969e-01 1.2198e-13 1.5370e-38 0.0000e+00 0.0000e+00 0.0000e+00
1.5675e+04 5.4307e-01 4.5693e-01 1.5431e-13 2.4452e-38 0.0000e+00 0.0000e+00 0.0000e+00
1.5875e+04 5.3442e-01 4.6558e-01 1.5712e-13 2.4112e-38 0.0000e+00 0.0000e+00 0.0000e+00
1.6075e+04 5.1573e-01 4.8427e-01 1.7912e-13 3.0578e-38 0.0000e+00 0.0000e+00 0.0000e+00
1.6275e+04 4.9628e-01 5.0372e-01 2.0555e-13 3.9412e-38 0.0000e+00 0.0000e+00 0.0000e+00
1.6475e+04 4.8041e-01 5.1959e-01 2.2629e-13 4.6374e-38 0.0000e+00 0.0000e+00 0.0000e+00
1.6675e+04 4.7023e-01 5.2977e-01 2.3373e-13 4.7349e-38 0.0000e+00 0.0000e+00 0.0000e+00
1.6875e+04 4.4159e-01 5.5841e-01 2.9624e-13 7.6663e-38 0.0000e+00 0.0000e+00 0.0000e+00
1.7075e+04 4.4016e-01 5.5984e-01 2.7757e-13 6.2935e-38 0.0000e+00 0.0000e+00 0.0000e+00
1.7275e+04 4.2510e-01 5.7490e-01 3.0261e-13 7.2743e-38 0.0000e+00 0.0000e+00 0.0000e+00
1.7475e+04 4.0288e-01 5.9712e-01 3.5759e-13 1.0107e-37 0.0000e+00 0.0000e+00 0.0000e+00
1.7675e+04 3.8494e-01 6.1506e-01 4.0345e-13 1.2666e-37 0.0000e+00 0.0000e+00 0.0000e+00
1.7875e+04 3.7688e-01 6.2312e-01 4.0760e-13 1.2352e-37 0.0000e+00 0.0000e+00 0.0000e+00
1.8075e+04 3.5045e-01 6.4955e-01 5.0864e-13 1.9550e-37 0.0000e+00 0.0000e+00 0.0000e+00
1.8275e+04 3.3786e-01 6.6214e-01 5.4310e-13 2.1684e-37 0.0000e+00 0.0000e+00 0.0000e+00
1.8475e+04 3.3401e-01 6.6599e-01 5.2393e-13 1.9049e-37 0.0000e+00 0.0000e+00 0.0000e+00
1.8675e+04 3.0694e-01 6.9306e-01 6.6735e-13 3.1801e-37 0.0000e+00 0.0000e+00 0.0000e+00
1.8875e+04 2.9853e-01 7.0147e-01 6.8192e-13 3.1944e-37 0.0000e+00 0.0000e+00 0.0000e+00
1.9075e+04 2.8003e-01 7.1997e-01 7.9182e-13 4.3211e-37 0.0000e+00 0.0000e+00 0.0000e+00
1.9275e+04 2.6826e-01 7.3174e-01 8.4858e-13 4.8569e-37 0.0000e+00 0.0000e+00 0.0000e+00
1.9475e+04 2.5380e-01 7.4620e-01 9.4573e-13 5.9880e-37 0.0000e+00 0.0000e+00 0.0000e+00
1.9675e+04 2.2611e-01 7.7389e-01 1.2752e-12 1.1567e-36 0.0000e+00 0.0000e+00 0.0000e+00
1.9875e+04 2.2032e-01 7.7968e-01 1.2773e-12 1.1130e-36 0.0000e+00 0.0000e+00 0.0000e+00
2.0075e+04 2.2062e-01 7.7938e-01 1.1728e-12 8.7239e-37 0.0000e+00 0.0000e+00 0.0000e+00
2.0275e+04 2.0206e-01 7.9794e-01 1.4231e-12 1.3210e-36 0.0000e+00 0.0000e+00 0.0000e+00
2.0475e+04 1.9649e-01 8.0351e-01 1.4294e-12 1.2806e-36 0.0000e+00 0.0000e+00 0.0000e+00
2.0675e+04 1.9274e-01 8.0726e-01 1.3974e-12 1.1645e-36 0.0000e+00 0.0000e+00 0.0000e+00
2.0875e+04 1.7514e-01 8.2486e-01 1.7139e-12 1.8156e-36 0.0000e+00 0.0000e+00 0.0000e+00
2.1075e+04 1.6050e-01 8.3950e-01 2.0349e-12 2.6259e-36 0.0000e+00 0.0000e+00 0.0000e+00
2.1275e+04 1.5501e-01 8.4499e-01 2.0718e-12 2.6344e-36 0.0000e+00 0.0000e+00 0.0000e+00
2.1475e+04 1.4275e-01 8.5725e-01 2.4066e-12 3.6249e-36 0.0000e+00 0.0000e+00 0.0000e+00
2.1675e+04 1.4617e-01 8.5383e-01 2.0779e-12 2.4515e-36 0.0000e+00 0.0000e+00 0.0000e+00
2.1875e+04 1.3506e-01 8.6494e-01 2.3841e-12 3.2783e-36 0.0000e+00 0.0000e+00 0.0000e+00
2.2075e+04 1.1969e-01 8.8031e-01 3.0472e-12 5.6927e-36 0.0000e+00 0.0000e+00 0.0000e+00
2.2275e+04 1.2420e-01 8.7580e-01 2.5445e-12 3.5495e-36 0.0000e+00 0.0000e+00 0.0000e+00
2.2475e+04 1.0507e-01 8.9493e-01 3.6534e-12 8.1786e-36 0.0000e+00 0.0000e+00 0.0000e+00
2.2675e+04 1.1002e-01 8.8998e-01 2.9863e-12 4.8394e-36 0.0000e+00 0.0000e+00 0.0000e+00
2.2875e+04 9.2813e-02 9.0719e-01 4.2767e-12 1.1118e-35 0.0000e+00 0.0000e+00 0.0000e+00
2.3075e+04 1.0030e-01 8.9970e-01 3.2302e-12 5.4286e-36 0.0000e+00 0.0000e+00 0.0000e+00
2.3275e+04 8.7952e-02 9.1205e-01 4.1690e-12 9.7091e-36 0.0000e+00 0.0000e+00 0.0000e+00
2.3475e+04 7.8945e-02 9.2106e-01 5.0443e-12 1.4875e-35 0.0000e+00 0.0000e+00 0.0000e+00
2.3675e+04 7.9729e-02 9.2027e-01 4.5375e-12 1.1088e-35 0.0000e+00 0.0000e+00 0.0000e+00
2.3875e+04 7.1085e-02 9.2892e-01 5.5624e-12 1.7558e-35 0.0000e+00 0.0000e+00 0.0000e+00
2.4075e+04 6.6941e-02 9.3306e-01 5.9448e-12 1.9924e-35 0.0000e+00 0.0000e+00 0.0000e+00
2.4275e+04 6.7317e-02 9.3268e-01 5.4065e-12 1.5251e-35 0.0000e+00 0.0000e+00 0.0000e+00
2.4475e+04 5.6855e-02 9.4315e-01 7.5139e-12 3.2886e-35 0.0000e+00 0.0000e+00 0.0000e+00
2.4675e+04 6.6816e-02 9.3318e-01 4.6803e-12 9.9879e-36 0.0000e+00 0.0000e+00 0.0000e+00
2.4875e+04 5.9081e-02 9.4092e-01 5.8214e-12 1.6421e-35 0.0000e+00 0.0000e+00 0.0000e+00
2.5075e+04 5.2463e-02 9.4754e-01 7.1426e-12 2.6145e-35 0.0000e+00 0.0000e+00 0.0000e+00
2.5275e+04 5.3366e-02 9.4663e-01 6.3219e-12 1.8726e-35 0.0000e+00 0.0000e+00 0.0000e+00
2.5475e+04 4.4183e-02 9.5582e-01 9.1328e-12 4.4537e-35 0.0000e+00 0.0000e+00 0.0000e+00
2.5675e+04 4.4071e-02 9.5593e-01 8.4708e-12 3.5771e-35 0.0000e+00 0.0000e+00 0.0000e+00
2.5875e+04 4.3095e-02 9.5691e-01 8.2337e-12 3.2230e-35 0.0000e+00 0.0000e+00 0.0000e+00
2.6075e+04 3.6884e-02 9.6312e-01 1.0935e-11 6.2499e-35 0.0000e+00 0.0000e+00 0.0000e+00
2.6275e+04 3.7546e-02 9.6245e-01 9.6714e-12 4.4663e-35 0.0000e+00 0.0000e+00 0.0000e+00
2.6475e+04 3.4685e-02 9.6531e-01 1.0726e-11 5.5660e-35 0.0000e+00 0.0000e+00 0.0000e+00
2.6675e+04 3.0304e-02 9.6970e-01 1.3522e-11 9.5103e-35 0.0000e+00 0.0000e+00 0.0000e+00
2.6875e+04 3.9226e-02 9.6077e-01 6.8404e-12 1.7210e-35 0.0000e+00 0.0000e+00 0.0000e+00
2.7075e+04 3.1120e-02 9.6888e-01 1.0809e-11 5.1215e-35 0.0000e+00 0.0000e+00 0.0000e+00
2.7275e+04 2.7494e-02 9.7251e-01 1.3260e-11 8.1871e-35 0.0000e+00 0.0000e+00 0.0000e+00
2.7475e+04 2.5455e-02 9.7454e-01 1.4589e-11 1.0015e-34 0.0000e+00 0.0000e+00 0.0000e+00
2.7675e+04 2.2240e-02 9.7776e-01 1.8311e-11 1.6954e-34 0.0000e+00 0.0000e+00 0.0000e+00
2.7875e+04 2.6348e-02 9.7365e-01 1.1458e-11 5.1622e-35 0.0000e+00 0.0000e+00 0.0000e+00
2.8075e+04 2.2713e-02 9.7729e-01 1.4835e-11 9.4332e-35 0.0000e+00 0.0000e+00 0.0000e+00
2.8275e+04 1.7835e-02 9.8216e-01 2.3680e-11 2.8914e-34 0.0000e+00 0.0000e+00 0.0000e+00
2.8475e+04 1.7385e-02 9.8261e-01 2.3130e-11 2.6390e-34 0.0000e+00 0.0000e+00 0.0000e+00
2.8675e+04 1.8242e-02 9.8176e-01 1.9128e-11 1.5970e-34 0.0000e+00 0.0000e+00 0.0000e+00
2.8875e+04 1.5927e-02 9.8407e-01 2.3959e-11 2.6929e-34 0.0000e+00 0.0000e+00 0.0000e+00
2.9075e+04 1.4439e-02 9.8556e-01 2.7544e-11 3.6756e-34 0.0000e+00 0.0000e+00 0.0000e+00
2.9275e+04 1.4821e-02 9.8518e-01 2.3944e-11 2.5158e-34 0.0000e+00 0.0000e+00 0.0000e+00
2.9475e+04 1.2921e-02 9.8708e-01 3.0042e-11 4.2620e-34 0.0000e+00 0.0000e+00 0.0000e+00
2.9675e+04 1.5732e-02 9.8427e-01 1.7794e-11 1.1309e-34 0.0000e+00 0.0000e+00 0.0000e+00
2.9875e+04 1.2983e-02 9.8702e-01 2.5260e-11 2.5989e-34 0.0000e+00 0.0000e+00 0.0000e+00
3.0075e+04 1.0729e-02 9.8927e-01 3.5672e-11 5.8991e-34 0.0000e+00 0.0000e+00 0.0000e+00
3.0275e+04 1.2075e-02 9.8792e-01 2.5256e-11 2.4313e-34 0.0000e+00 0.0000e+00 0.0000e+00
3.0475e+04 1.2333e-02 9.8767e-01 2.2209e-11 1.7117e-34 0.0000e+00 0.0000e+00 0.0000e+00
3.0675e+04 7.9118e-03 9.9209e-01 5.5051e-11 1.5617e-33 0.0000e+00 0.0000e+00 0.0000e+00
3.0875e+04 6.4312e-03 9.9357e-01 8.0292e-11 3.8426e-33 0.0000e+00 0.0000e+00 0.0000e+00
3.1075e+04 9.5075e-03 9.9049e-01 3.1110e-11 3.5653e-34 0.0000e+00 0.0000e+00 0.0000e+00
3.1275e+04 7.5047e-03 9.9250e-01 4.8512e-11 1.0348e-33 0.0000e+00 0.0000e+00 0.0000e+00
3.1475e+04 7.8432e-03 9.9216e-01 4.0557e-11 6.4296e-34 0.0000e+00 0.0000e+00 0.0000e+00
3.1675e+04 7.9548e-03 9.9205e-01 3.6238e-11 4.7090e-34 0.0000e+00 0.0000e+00 0.0000e+00
3.1875e+04 8.5513e-03 9.9145e-01 2.8448e-11 2.5044e-34 0.0000e+00 0.0000e+00 0.0000e+00
3.2075e+04 6.3521e-03 9.9365e-01 5.0703e-11 1.0117e-33 0.0000e+00 0.0000e+00 0.0000e+00
3.2275e+04 6.0900e-03 9.9391e-01 5.1313e-11 1.0083e-33 0.0000e+00 0.0000e+00 0.0000e+00
3.2475e+04 5.2852e-03 9.9471e-01 6.4690e-11 1.7305e-33 0.0000e+00 0.0000e+00 0.0000e+00
3.2675e+04 4.4830e-03 9.9552e-01 8.5717e-11 3.3593e-33 0.0000e+00 0.0000e+00 0.0000e+00
3.2875e+04 5.3767e-03 9.9462e-01 5.2945e-11 9.8709e-34 0.0000e+00 0.0000e+00 0.0000e+00
3.3075e+04 5.6643e-03 9.9434e-01 4.3506e-11 5.8767e-34 0.0000e+00 0.0000e+00 0.0000e+00
3.3275e+04 3.8037e-03 9.9620e-01 9.6434e-11 4.0739e-33 0.0000e+00 0.0000e+00 0.0000e+00
3.3475e+04 5.2116e-03 9.9479e-01 4.4442e-11 5.8000e-34 0.0000e+00 0.0000e+00 0.0000e+00
3.3675e+04 3.4445e-03 9.9656e-01 1.0194e-10 4.3761e-33 0.0000e+00 0.0000e+00 0.0000e+00
3.3875e+04 2.4212e-03 9.9758e-01 2.0352e-10 2.3432e-32 0.0000e+00 0.0000e+00 0.0000e+00
3.4075e+04 2.7542e-03 9.9725e-01 1.4154e-10 9.2311e-33 0.0000e+00 0.0000e+00 0.0000e+00
3.4275e+04 2.6056e-03 9.9739e-01 1.4737e-10 9.8712e-33 0.0000e+00 0.0000e+00 0.0000e+00
3.4475e+04 2.8968e-03 9.9710e-01 1.0772e-10 4.3992e-33 0.0000e+00 0.0000e+00 0.0000e+00
3.4675e+04 2.0589e-03 9.9794e-01 2.0978e-10 2.2148e-32 0.0000e+00 0.0000e+00 0.0000e+00
3.4875e+04 2.2847e-03 9.9772e-01 1.5404e-10 9.9812e-33 0.0000e+00 0.0000e+00 0.0000e+00
3.5075e+04 1.3471e-03 9.9865e-01 4.5040e-10 1.3739e-31 0.0000e+00 0.0000e+00 0.0000e+00
3.5275e+04 1.8409e-03 9.9816e-01 2.1004e-10 2.0133e-32 0.0000e+00 0.0000e+00 0.0000e+00
3.5475e+04 2.9432e-03 9.9706e-01 6.9289e-11 1.2529e-33 0.0000e+00 0.0000e+00 0.0000e+00
3.5675e+04 1.8527e-03 9.9815e-01 1.7609e-10 1.2188e-32 0.0000e+00 0.0000e+00 0.0000e+00
3.5875e+04 1.7276e-03 9.9827e-01 1.8917e-10 1.4083e-32 0.0000e+00 0.0000e+00 0.0000e+00
3.6075e+04 1.4883e-03 9.9851e-01 2.4159e-10 2.4964e-32 0.0000e+00 0.0000e+00 0.0000e+00
3.6275e+04 2.1167e-03 9.9788e-01 1.0310e-10 2.9376e-33 0.0000e+00 0.0000e+00 0.0000e+00
3.6475e+04 1.5303e-03 9.9847e-01 1.9328e-10 1.3461e-32 0.0000e+00 0.0000e+00 0.0000e+00
3.6675e+04 1.5822e-03 9.9842e-01 1.6566e-10 8.8943e-33 0.0000e+00 0.0000e+00 0.0000e+00
3.6875e+04 1.7325e-03 9.9827e-01 1.2525e-10 4.3085e-33 0.0000e+00 0.0000e+00 0.0000e+00
3.7075e+04 1.5146e-03 9.9849e-01 1.5493e-10 7.0570e-33 0.0000e+00 0.0000e+00 0.0000e+00
3.7275e+04 1.8535e-03 9.9815e-01 9.1813e-11 1.8711e-33 0.0000e+00 0.0000e+00 0.0000e+00
3.7475e+04 1.2512e-03 9.9875e-01 1.9993e-10 1.2422e-32 0.0000e+00 0.0000e+00 0.0000e+00
3.7675e+04 1.8741e-03 9.9813e-01 7.6153e-11 1.1032e-33 0.0000e+00 0.0000e+00 0.0000e+00
3.7875e+04 1.8262e-03 9.9817e-01 7.4296e-11 1.0043e-33 0.0000e+00 0.0000e+00 0.0000e+00
3.8075e+04 1.3911e-03 9.9861e-01 1.2424e-10 3.4689e-33 0.0000e+00 0.0000e+00 0.0000e+00
3.8275e+04 1.0918e-03 9.9891e-01 1.9448e-10 1.0175e-32 0.0000e+00 0.0000e+00 0.0000e+00
3.8475e+04 9.1458e-04 9.9909e-01 2.6397e-10 2.0970e-32 0.0000e+00 0.0000e+00 0.0000e+00
3.8675e+04 1.5887e-03 9.9841e-01 7.2776e-11 8.3689e-34 0.0000e+00 0.0000e+00 0.0000e+00
3.8875e+04 1.5572e-03 9.9844e-01 7.0085e-11 7.3778e-34 0.0000e+00 0.0000e+00 0.0000e+00
3.9075e+04 1.8147e-03 9.9819e-01 4.6195e-11 2.5452e-34 0.0000e+00 0.0000e+00 0.0000e+00
3.9275e+04 2.1683e-03 9.9783e-01 2.8808e-11 7.6560e-35 0.0000e+00 0.0000e+00 0.0000e+00
3.9475e+04 2.5264e-03 9.9747e-01 1.8973e-11 2.6359e-35 0.0000e+00 0.0000e+00 0.0000e+00
3.9675e+04 3.6494e-03 9.9635e-01 7.7731e-12 2.8033e-36 0.0000e+00 0.0000e+00 0.0000e+00
3.9875e+04 9.1785e-03 9.9082e-01 9.2074e-13 1.3847e-38 0.0000e+00 0.0000e+00 0.0000e+00
4.0075e+04 2.5483e-02 9.7452e-01 8.3327e-14 3.5516e-41 0.0000e+00 0.0000e+00 0.0000e+00
4.0225e+04 7.8706e-02 9.2129e-01 5.2813e-15 4.0638e-44 0.0000e+00 0.0000e+00 0.0000e+00
#
#TIME: 2.0945
#NVEL: 202
#vel_mid[km/s] s0 s1 s2 s3 s4 s5 s6
8.7500e+01 3.4612e-43 3.6710e-35 4.6915e-27 2.7795e-19 3.9260e-12 6.3198e-06 9.9999e-01
2.7500e+02 1.1070e-43 1.4990e-35 2.4111e-27 1.7504e-19 2.9663e-12 5.5147e-06 9.9999e-01
4.7500e+02 8.9683e-44 1.3171e-35 2.2846e-27 1.7425e-19 3.0392e-12 5.6065e-06 9.9999e-01
6.7500e+02 8.8282e-44 1.3738e-35 2.4833e-27 1.9227e-19 3.3354e-12 5.9025e-06 9.9999e-01
8.7500e+02 9.5288e-44 1.5321e-35 2.8505e-27 2.2116e-19 3.7655e-12 6.3067e-06 9.9999e-01
1.0750e+03 1.0510e-43 1.7662e-35 3.3626e-27 2.5980e-19 4.3132e-12 6.7917e-06 9.9999e-01
1.2750e+03 1.2472e-43 2.1524e-35 4.1646e-27 3.1750e-19 5.0846e-12 7.4278e-06 9.9999e-01
1.4750e+03 1.4013e-43 2.5007e-35 4.9384e-27 3.7412e-19 5.8332e-12 8.0119e-06 9.9999e-01
1.6750e+03 1.7656e-43 3.2123e-35 6.4072e-27 4.7485e-19 7.0696e-12 8.8991e-06 9.9999e-01
1.8750e+03 2.0459e-43 3.8440e-35 7.7991e-27 5.7160e-19 8.2386e-12 9.6868e-06 9.9999e-01
2.0750e+03 2.5784e-43 4.9404e-35 1.0124e-26 7.2575e-19 9.9884e-12 1.0772e-05 9.9999e-01
2.2750e+03 3.0548e-43 6.0361e-35 1.2558e-26 8.8746e-19 1.1778e-11 1.1809e-05 9.9999e-01
2.4750e+03 3.8956e-43 7.8703e-35 1.6522e-26 1.1396e-18 1.4404e-11 1.3205e-05 9.9999e-01
2.6750e+03 4.9606e-43 1.0253e-34 2.1725e-26 1.4629e-18 1.7613e-11 1.4772e-05 9.9999e-01
2.8750e+03 6.2498e-43 1.3234e-34 2.8339e-26 1.8657e-18 2.1437e-11 1.6491e-05 9.9998e-01
3.0750e+03 8.1135e-43 1.7574e-34 3.7941e-26 2.4318e-18 2.6523e-11 1.8581e-05 9.9998e-01
3.2750e+03 1.0272e-42 2.2813e-34 4.9784e-26 3.1176e-18 3.2420e-11 2.0809e-05 9.9998e-01
3.4750e+03 1.3130e-42 2.9864e-34 6.5851e-26 4.0247e-18 3.9844e-11 2.3381e-05 9.9998e-01
3.6750e+03 1.7979e-42 4.1768e-34 9.2545e-26 5.4664e-18 5.0871e-11 2.6830e-05 9.9997e-01
3.8750e+03 2.3234e-42 5.5377e-34 1.2399e-25 7.1371e-18 6.3088e-11 3.0319e-05 9.9997e-01
4.0750e+03 3.0548e-42 7.4673e-34 1.6881e-25 9.4472e-18 7.9070e-11 3.4474e-05 9.9997e-01
4.2750e+03 4.2389e-42 1.0600e-33 2.4098e-25 1.3014e-17 1.0214e-10 3.9864e-05 9.9996e-01
4.4750e+03 5.5604e-42 1.4287e-33 3.2832e-25 1.7247e-17 1.2821e-10 4.5400e-05 9.9995e-01
4.6750e+03 7.7492e-42 2.0387e-33 4.7139e-25 2.3883e-17 1.6633e-10 5.2662e-05 9.9995e-01
4.8750e+03 1.0302e-41 2.7837e-33 6.5016e-25 3.1981e-17 2.1046e-10 6.0274e-05 9.9994e-01
5.0750e+03 1.4851e-41 4.1019e-33 9.6119e-25 4.5375e-17 2.7810e-10 7.0658e-05 9.9993e-01
5.2750e+03 2.0448e-41 5.7877e-33 1.3655e-24 6.2257e-17 3.5834e-10 8.1714e-05 9.9992e-01
5.4750e+03 3.0781e-41 8.8789e-33 2.0930e-24 9.0984e-17 4.8403e-10 9.6993e-05 9.9990e-01
5.6750e+03 4.4006e-41 1.2975e-32 3.0682e-24 1.2808e-16 6.3570e-10 1.1339e-04 9.9989e-01
5.8750e+03 6.7034e-41 2.0125e-32 4.7479e-24 1.8861e-16 8.6350e-10 1.3506e-04 9.9986e-01
