#NTIMES: 4
#NSTAGES: 3 
#TIMES[d]: 75.0 100.0 150.0 200.0
#
#TIME: 75.0
#NVEL: 60
#vel_mid[km/s] s0 s1 s2
2.500000e+02   2.02e-01   5.83e-01   2.15e-01
7.500000e+02   1.79e-01   5.81e-01   2.40e-01
1.250000e+03   1.58e-01   5.75e-01   2.67e-01
1.750000e+03   1.38e-01   5.67e-01   2.95e-01
2.250000e+03   1.22e-01   5.56e-01   3.22e-01
2.750000e+03   1.07e-01   5.44e-01   3.49e-01
3.250000e+03   9.50e-02   5.30e-01   3.75e-01
3.750000e+03   8.35e-02   5.15e-01   4.02e-01
4.250000e+03   7.43e-02   5.00e-01   4.26e-01
4.750000e+03   6.60e-02   4.84e-01   4.50e-01
5.250000e+03   5.85e-02   4.68e-01   4.73e-01
5.750000e+03   5.20e-02   4.52e-01   4.96e-01
6.250000e+03   4.62e-02   4.36e-01   5.18e-01
6.750000e+03   4.63e-06   2.19e-01   7.81e-01
7.250000e+03   5.56e-06   2.32e-01   7.68e-01
7.750000e+03   7.31e-06   2.66e-01   7.34e-01
8.250000e+03   9.47e-06   3.10e-01   6.89e-01
8.750000e+03   1.18e-05   3.52e-01   6.48e-01
9.250000e+03   1.38e-05   3.85e-01   6.15e-01
9.750000e+03   1.48e-05   4.02e-01   5.98e-01
1.025000e+04   1.52e-05   4.07e-01   5.93e-01
1.075000e+04   1.45e-05   4.02e-01   5.98e-01
1.125000e+04   1.15e-05   3.92e-01   6.08e-01
1.175000e+04   6.77e-06   3.77e-01   6.23e-01
1.225000e+04   4.00e-06   3.63e-01   6.37e-01
1.275000e+04   3.22e-06   3.47e-01   6.53e-01
1.325000e+04   3.03e-06   3.29e-01   6.71e-01
1.375000e+04   3.00e-06   3.11e-01   6.89e-01
1.425000e+04   2.96e-06   2.90e-01   7.10e-01
1.475000e+04   2.87e-06   2.72e-01   7.28e-01
1.525000e+04   2.80e-06   2.55e-01   7.45e-01
1.575000e+04   2.69e-06   2.40e-01   7.60e-01
1.625000e+04   2.53e-06   2.23e-01   7.77e-01
1.675000e+04   2.32e-06   2.04e-01   7.96e-01
1.725000e+04   2.11e-06   1.88e-01   8.12e-01
1.775000e+04   1.86e-06   1.70e-01   8.30e-01
1.825000e+04   1.63e-06   1.55e-01   8.45e-01
1.875000e+04   1.42e-06   1.41e-01   8.59e-01
1.925000e+04   1.20e-06   1.26e-01   8.74e-01
1.975000e+04   1.01e-06   1.13e-01   8.87e-01
2.025000e+04   8.27e-07   9.95e-02   9.00e-01
2.075000e+04   6.58e-07   8.44e-02   9.16e-01
2.125000e+04   5.35e-07   7.48e-02   9.25e-01
2.175000e+04   4.39e-07   6.78e-02   9.32e-01
2.225000e+04   3.72e-07   6.24e-02   9.38e-01
2.275000e+04   3.15e-07   5.72e-02   9.43e-01
2.325000e+04   2.73e-07   5.17e-02   9.48e-01
2.375000e+04   2.56e-07   4.73e-02   9.53e-01
2.425000e+04   2.57e-07   4.44e-02   9.56e-01
2.475000e+04   2.79e-07   4.24e-02   9.58e-01
2.525000e+04   3.08e-07   4.06e-02   9.59e-01
2.575000e+04   3.39e-07   3.84e-02   9.62e-01
2.625000e+04   3.85e-07   3.79e-02   9.62e-01
2.675000e+04   4.31e-07   3.69e-02   9.63e-01
2.725000e+04   4.73e-07   3.56e-02   9.64e-01
2.775000e+04   5.53e-07   3.68e-02   9.63e-01
2.825000e+04   6.48e-07   3.85e-02   9.62e-01
2.875000e+04   7.05e-07   3.77e-02   9.62e-01
2.925000e+04   8.41e-07   4.08e-02   9.59e-01
2.975000e+04   1.06e-06   4.49e-02   9.55e-01
#TIME: 100.0
#NVEL: 60
#vel_mid[km/s] s0 s1 s2
2.500000e+02   1.49e-01   5.71e-01   2.80e-01
7.500000e+02   1.29e-01   5.60e-01   3.11e-01
1.250000e+03   1.11e-01   5.46e-01   3.42e-01
1.750000e+03   9.52e-02   5.29e-01   3.75e-01
2.250000e+03   8.31e-02   5.13e-01   4.04e-01
2.750000e+03   7.21e-02   4.95e-01   4.33e-01
3.250000e+03   6.26e-02   4.76e-01   4.61e-01
3.750000e+03   5.42e-02   4.57e-01   4.89e-01
4.250000e+03   4.73e-02   4.38e-01   5.15e-01
4.750000e+03   4.10e-02   4.18e-01   5.41e-01
5.250000e+03   3.57e-02   3.99e-01   5.65e-01
5.750000e+03   3.07e-02   3.79e-01   5.91e-01
6.250000e+03   2.67e-02   3.60e-01   6.14e-01
6.750000e+03   9.51e-06   1.88e-01   8.12e-01
7.250000e+03   1.09e-05   1.97e-01   8.03e-01
7.750000e+03   1.35e-05   2.26e-01   7.74e-01
8.250000e+03   1.67e-05   2.65e-01   7.35e-01
8.750000e+03   1.96e-05   3.02e-01   6.98e-01
9.250000e+03   2.20e-05   3.33e-01   6.67e-01
9.750000e+03   2.40e-05   3.55e-01   6.45e-01
1.025000e+04   2.48e-05   3.64e-01   6.36e-01
1.075000e+04   2.28e-05   3.67e-01   6.33e-01
1.125000e+04   1.70e-05   3.65e-01   6.34e-01
1.175000e+04   1.08e-05   3.58e-01   6.42e-01
1.225000e+04   7.63e-06   3.46e-01   6.54e-01
1.275000e+04   6.46e-06   3.30e-01   6.70e-01
1.325000e+04   6.23e-06   3.13e-01   6.87e-01
1.375000e+04   6.12e-06   2.96e-01   7.04e-01
1.425000e+04   5.96e-06   2.75e-01   7.25e-01
1.475000e+04   5.73e-06   2.57e-01   7.43e-01
1.525000e+04   5.55e-06   2.41e-01   7.59e-01
1.575000e+04   5.15e-06   2.22e-01   7.78e-01
1.625000e+04   4.74e-06   2.04e-01   7.96e-01
1.675000e+04   4.31e-06   1.87e-01   8.13e-01
1.725000e+04   3.90e-06   1.74e-01   8.26e-01
1.775000e+04   3.42e-06   1.58e-01   8.42e-01
1.825000e+04   2.96e-06   1.43e-01   8.57e-01
1.875000e+04   2.51e-06   1.28e-01   8.72e-01
1.925000e+04   2.12e-06   1.15e-01   8.85e-01
1.975000e+04   1.76e-06   1.02e-01   8.98e-01
2.025000e+04   1.43e-06   9.02e-02   9.10e-01
2.075000e+04   1.16e-06   7.94e-02   9.21e-01
2.125000e+04   9.29e-07   6.98e-02   9.30e-01
2.175000e+04   7.37e-07   6.07e-02   9.39e-01
2.225000e+04   5.98e-07   5.43e-02   9.46e-01
2.275000e+04   5.04e-07   4.91e-02   9.51e-01
2.325000e+04   4.46e-07   4.37e-02   9.56e-01
2.375000e+04   4.42e-07   4.01e-02   9.60e-01
2.425000e+04   4.82e-07   3.83e-02   9.62e-01
2.475000e+04   5.50e-07   3.66e-02   9.63e-01
2.525000e+04   6.12e-07   3.50e-02   9.65e-01
2.575000e+04   7.11e-07   3.49e-02   9.65e-01
2.625000e+04   7.97e-07   3.40e-02   9.66e-01
2.675000e+04   8.76e-07   3.28e-02   9.67e-01
2.725000e+04   1.04e-06   3.42e-02   9.66e-01
2.775000e+04   1.21e-06   3.55e-02   9.65e-01
2.825000e+04   1.30e-06   3.41e-02   9.66e-01
2.875000e+04   1.55e-06   3.66e-02   9.63e-01
2.925000e+04   1.84e-06   3.91e-02   9.61e-01
2.975000e+04   2.30e-06   4.21e-02   9.58e-01
#TIME: 150.0
#NVEL: 60
#vel_mid[km/s] s0 s1 s2
2.500000e+02   1.50e-01   5.69e-01   2.81e-01
7.500000e+02   1.29e-01   5.58e-01   3.12e-01
1.250000e+03   1.10e-01   5.43e-01   3.46e-01
1.750000e+03   9.36e-02   5.25e-01   3.81e-01
2.250000e+03   8.02e-02   5.07e-01   4.13e-01
2.750000e+03   6.77e-02   4.85e-01   4.47e-01
3.250000e+03   5.80e-02   4.64e-01   4.78e-01
3.750000e+03   4.86e-02   4.40e-01   5.11e-01
4.250000e+03   4.08e-02   4.16e-01   5.43e-01
4.750000e+03   3.44e-02   3.93e-01   5.73e-01
5.250000e+03   2.85e-02   3.67e-01   6.04e-01
5.750000e+03   2.37e-02   3.44e-01   6.33e-01
6.250000e+03   1.93e-02   3.18e-01   6.63e-01
6.750000e+03   3.18e-05   3.14e-01   6.86e-01
7.250000e+03   1.74e-05   1.65e-01   8.36e-01
7.750000e+03   2.00e-05   1.86e-01   8.14e-01
8.250000e+03   2.41e-05   2.19e-01   7.81e-01
8.750000e+03   2.86e-05   2.53e-01   7.47e-01
9.250000e+03   3.34e-05   2.84e-01   7.16e-01
9.750000e+03   3.85e-05   3.13e-01   6.87e-01
1.025000e+04   4.03e-05   3.37e-01   6.63e-01
1.075000e+04   3.65e-05   3.58e-01   6.42e-01
1.125000e+04   2.98e-05   3.72e-01   6.28e-01
1.175000e+04   2.48e-05   3.80e-01   6.20e-01
1.225000e+04   2.15e-05   3.73e-01   6.27e-01
1.275000e+04   2.04e-05   3.56e-01   6.44e-01
1.325000e+04   2.02e-05   3.38e-01   6.62e-01
1.375000e+04   2.00e-05   3.20e-01   6.80e-01
1.425000e+04   1.95e-05   2.99e-01   7.01e-01
1.475000e+04   1.91e-05   2.83e-01   7.17e-01
1.525000e+04   1.85e-05   2.65e-01   7.35e-01
1.575000e+04   1.72e-05   2.44e-01   7.56e-01
1.625000e+04   1.58e-05   2.23e-01   7.77e-01
1.675000e+04   1.42e-05   2.02e-01   7.98e-01
1.725000e+04   1.27e-05   1.84e-01   8.16e-01
1.775000e+04   1.12e-05   1.66e-01   8.34e-01
1.825000e+04   9.65e-06   1.49e-01   8.51e-01
1.875000e+04   8.20e-06   1.33e-01   8.67e-01
1.925000e+04   6.92e-06   1.18e-01   8.81e-01
1.975000e+04   5.81e-06   1.06e-01   8.94e-01
2.025000e+04   4.82e-06   9.33e-02   9.07e-01
2.075000e+04   3.94e-06   8.24e-02   9.18e-01
2.125000e+04   3.17e-06   7.27e-02   9.27e-01
2.175000e+04   2.49e-06   6.35e-02   9.36e-01
2.225000e+04   1.94e-06   5.51e-02   9.45e-01
2.275000e+04   1.51e-06   4.82e-02   9.52e-01
2.325000e+04   1.21e-06   4.21e-02   9.58e-01
2.375000e+04   1.06e-06   3.71e-02   9.63e-01
2.425000e+04   1.08e-06   3.30e-02   9.67e-01
2.475000e+04   1.24e-06   3.08e-02   9.69e-01
2.525000e+04   1.42e-06   2.89e-02   9.71e-01
2.575000e+04   1.65e-06   2.83e-02   9.72e-01
2.625000e+04   1.90e-06   2.81e-02   9.72e-01
2.675000e+04   2.12e-06   2.75e-02   9.73e-01
2.725000e+04   2.51e-06   2.87e-02   9.71e-01
2.775000e+04   2.98e-06   3.02e-02   9.70e-01
2.825000e+04   3.22e-06   2.94e-02   9.71e-01
2.875000e+04   3.88e-06   3.18e-02   9.68e-01
2.925000e+04   4.62e-06   3.41e-02   9.66e-01
2.975000e+04   5.79e-06   3.70e-02   9.63e-01
#TIME: 200.0
#NVEL: 60
#vel_mid[km/s] s0 s1 s2
2.500000e+02   1.68e-01   5.75e-01   2.58e-01
7.500000e+02   1.45e-01   5.66e-01   2.88e-01
1.250000e+03   1.22e-01   5.52e-01   3.25e-01
1.750000e+03   1.03e-01   5.35e-01   3.62e-01
2.250000e+03   8.67e-02   5.15e-01   3.98e-01
2.750000e+03   7.21e-02   4.92e-01   4.36e-01
3.250000e+03   6.00e-02   4.68e-01   4.72e-01
3.750000e+03   4.92e-02   4.41e-01   5.10e-01
4.250000e+03   4.03e-02   4.13e-01   5.46e-01
4.750000e+03   3.27e-02   3.85e-01   5.82e-01
5.250000e+03   2.64e-02   3.57e-01   6.17e-01
5.750000e+03   2.10e-02   3.28e-01   6.51e-01
6.250000e+03   1.67e-02   3.00e-01   6.84e-01
6.750000e+03   3.58e-05   2.78e-01   7.22e-01
7.250000e+03   1.94e-05   1.48e-01   8.52e-01
7.750000e+03   2.27e-05   1.67e-01   8.33e-01
8.250000e+03   2.78e-05   1.96e-01   8.04e-01
8.750000e+03   3.42e-05   2.30e-01   7.70e-01
9.250000e+03   4.20e-05   2.66e-01   7.34e-01
9.750000e+03   5.01e-05   3.03e-01   6.97e-01
1.025000e+04   5.34e-05   3.43e-01   6.57e-01
1.075000e+04   5.09e-05   3.84e-01   6.16e-01
1.125000e+04   4.99e-05   4.21e-01   5.79e-01
1.175000e+04   5.00e-05   4.45e-01   5.55e-01
1.225000e+04   4.98e-05   4.46e-01   5.53e-01
1.275000e+04   4.89e-05   4.29e-01   5.71e-01
1.325000e+04   4.93e-05   4.09e-01   5.91e-01
1.375000e+04   4.92e-05   3.89e-01   6.11e-01
1.425000e+04   4.78e-05   3.65e-01   6.35e-01
1.475000e+04   4.54e-05   3.41e-01   6.59e-01
1.525000e+04   4.34e-05   3.19e-01   6.81e-01
1.575000e+04   4.01e-05   2.95e-01   7.05e-01
1.625000e+04   3.59e-05   2.70e-01   7.30e-01
1.675000e+04   3.23e-05   2.48e-01   7.52e-01
1.725000e+04   2.85e-05   2.26e-01   7.74e-01
1.775000e+04   2.49e-05   2.04e-01   7.96e-01
1.825000e+04   2.19e-05   1.87e-01   8.13e-01
1.875000e+04   1.89e-05   1.69e-01   8.31e-01
1.925000e+04   1.59e-05   1.51e-01   8.49e-01
1.975000e+04   1.33e-05   1.34e-01   8.66e-01
2.025000e+04   1.09e-05   1.19e-01   8.81e-01
2.075000e+04   9.00e-06   1.06e-01   8.94e-01
2.125000e+04   7.30e-06   9.36e-02   9.06e-01
2.175000e+04   5.78e-06   8.23e-02   9.18e-01
2.225000e+04   4.48e-06   7.18e-02   9.28e-01
2.275000e+04   3.46e-06   6.30e-02   9.37e-01
2.325000e+04   2.66e-06   5.54e-02   9.45e-01
2.375000e+04   1.98e-06   4.79e-02   9.52e-01
2.425000e+04   1.51e-06   4.20e-02   9.58e-01
2.475000e+04   1.25e-06   3.66e-02   9.63e-01
2.525000e+04   1.31e-06   3.22e-02   9.68e-01
2.575000e+04   1.65e-06   2.97e-02   9.70e-01
2.625000e+04   2.06e-06   2.76e-02   9.72e-01
2.675000e+04   2.60e-06   2.78e-02   9.72e-01
2.725000e+04   3.06e-06   2.75e-02   9.73e-01
2.775000e+04   3.75e-06   2.89e-02   9.71e-01
2.825000e+04   4.54e-06   3.08e-02   9.69e-01
2.875000e+04   5.12e-06   3.07e-02   9.69e-01
2.925000e+04   6.24e-06   3.36e-02   9.66e-01
2.975000e+04   7.72e-06   3.69e-02   9.63e-01
