#NTIMES: 257
#NSTAGES: 6
#TIMES[d]: 2.2 2.42 2.662 2.9282 3.22102 3.543122 3.897434 4.287178 4.715896 5.187485 5.706233 6.276857 6.904542 7.594996 8.354497 9.189946 10.10894 11.10894 12.10894 13.108941 14.108941 15.108941 16.108941 17.108941 18.108941 19.108941 20.108941 21.108941 22.108941 23.108941 24.108941 25.108941 26.108941 27.108941 28.108941 29.108941 30.108941 31.108941 32.108941 33.108941 34.108941 35.108941 36.108941 37.108941 38.108941 39.108941 40.108941 41.108941 42.108941 43.108941 44.108941 45.108941 46.108941 47.108941 48.108941 49.108941 50.108941 51.108941 52.108941 53.108941 54.108941 55.108941 56.108941 57.108941 58.108941 59.108941 60.108941 61.108941 62.108941 63.108941 64.108941 65.108941 66.108941 67.108941 68.108941 69.108941 70.108941 71.108941 72.108941 73.108941 74.108941 75.108941 76.108941 77.108941 78.108941 79.108941 80.108941 81.108941 82.108941 83.108941 84.108941 85.108941 86.108941 87.108941 88.108941 89.108941 90.108941 91.108941 92.108941 93.108941 94.108941 95.108941 96.108941 97.108935 98.108935 99.108935 100.108935 101.108935 102.108935 103.108935 104.108935 105.108935 106.108935 107.108935 108.108935 109.108935 110.108935 111.108935 112.108935 113.108935 114.108935 115.108935 116.108935 117.108935 118.108935 119.108935 120.108935 121.108935 122.108935 123.108935 124.108935 125.108935 126.108935 127.108935 128.108935 129.108935 130.108935 131.108935 132.108935 133.108935 134.108935 135.108935 136.108935 137.108935 138.108935 139.108935 140.108935 141.108935 142.108935 143.108935 144.108935 145.108935 146.108935 147.108935 148.108935 149.108935 150.108935 151.108935 152.108935 153.108935 154.108935 155.108935 156.108935 157.108935 158.108935 159.108935 160.108935 161.108935 162.108935 163.108935 164.108935 165.108935 166.108935 167.108935 168.108935 169.108935 170.108935 171.108935 172.108935 173.108935 174.108935 175.108935 176.108935 177.108935 178.108935 179.108935 180.108935 181.108935 182.108935 183.108935 184.108935 185.108935 186.108935 187.108935 188.108935 189.108935 190.108935 191.108935 192.108935 193.108935 194.108935 195.108935 196.108935 197.108935 198.108935 199.108935 200.108935 201.108935 202.108935 203.108935 204.108935 205.108935 206.108935 207.108935 208.108935 209.108935 210.108935 211.108935 212.108935 213.108935 214.108935 215.108935 216.108935 217.108935 218.108935 219.108935 220.108935 221.108935 222.108935 223.108935 224.108935 225.108935 226.108935 227.108935 228.108935 229.108935 230.108935 231.108935 232.108935 233.108935 234.108935 235.108935 236.108935 237.108935 238.108935 239.108935 240.108935 241.108935 242.108935 243.108935 244.108935 245.108935 246.108935 247.108935 248.108935 249.108935 250.108935
#
#TIME: 2.200000
#NVEL: 81
#vel_mid[km/s] Ni0 Ni1 Ni2 Ni3 Ni4 Ni5
2.500e+02 5.476591e-39 1.040493e-29 7.075639e-21 1.163792e-12 3.544568e-05 9.999646e-01
7.500e+02 6.727758e-39 1.324589e-29 9.015813e-21 1.425150e-12 3.977859e-05 9.999602e-01
1.250e+03 8.713967e-39 1.781964e-29 1.210766e-20 1.824476e-12 4.591968e-05 9.999541e-01
1.750e+03 1.176437e-38 2.494149e-29 1.685550e-20 2.408263e-12 5.411594e-05 9.999459e-01
2.250e+03 1.654509e-38 3.626819e-29 2.428484e-20 3.273836e-12 6.506458e-05 9.999349e-01
2.750e+03 2.415770e-38 5.461711e-29 3.611815e-20 4.576188e-12 7.973140e-05 9.999203e-01
3.250e+03 3.677467e-38 8.549419e-29 5.563404e-20 6.595677e-12 9.971526e-05 9.999003e-01
3.750e+03 5.843386e-38 1.392642e-28 8.886333e-20 9.814984e-12 1.273325e-04 9.998727e-01
4.250e+03 9.706207e-38 2.364107e-28 1.474205e-19 1.510300e-11 1.661084e-04 9.998339e-01
4.750e+03 1.688295e-37 4.189060e-28 2.544386e-19 2.406843e-11 2.214714e-04 9.997785e-01
5.250e+03 3.083213e-37 7.767654e-28 4.580634e-19 3.981160e-11 3.020543e-04 9.996979e-01
5.750e+03 5.920111e-37 1.509326e-27 8.615208e-19 6.844018e-11 4.215174e-04 9.995785e-01
6.250e+03 1.199016e-36 3.082758e-27 1.698097e-18 1.225813e-10 6.024706e-04 9.993975e-01
6.750e+03 2.727625e-36 6.993386e-27 3.674155e-18 2.369097e-10 8.990233e-04 9.991010e-01
7.250e+03 1.160826e-35 2.757244e-26 1.271226e-17 6.583652e-10 1.643673e-03 9.983563e-01
7.750e+03 1.191239e-34 2.378605e-25 8.626638e-17 3.095070e-09 4.031503e-03 9.959685e-01
8.250e+03 3.040922e-33 4.677193e-24 1.210913e-15 2.585097e-08 1.360683e-02 9.863931e-01
8.750e+03 2.055139e-31 2.249612e-22 3.810105e-14 4.079161e-07 6.440654e-02 9.355930e-01
9.250e+03 3.312555e-29 2.412535e-20 2.469978e-12 1.076842e-05 3.545523e-01 6.454370e-01
9.750e+03 6.898263e-27 3.058580e-18 1.679055e-10 2.172689e-04 8.942730e-01 1.055097e-01
1.025e+04 2.854424e-24 6.991634e-16 1.706214e-08 4.059677e-03 9.930651e-01 2.875220e-03
1.075e+04 1.092479e-20 1.295188e-12 9.708294e-06 1.889638e-01 8.110150e-01 1.148725e-05
1.125e+04 3.789616e-17 2.030770e-09 2.490333e-03 9.888905e-01 8.619186e-03 3.139148e-11
1.175e+04 1.792392e-12 2.604998e-05 8.270974e-01 1.728765e-01 1.134523e-08 4.894834e-24
1.225e+04 8.284154e-06 8.656171e-01 1.343746e-01 7.258848e-13 1.807545e-36 2.013751e-74
1.275e+04 1.175576e-02 9.882442e-01 1.462765e-08 1.269514e-33 1.046759e-78 2.234798e-146
1.325e+04 1.006061e-02 9.899394e-01 1.715099e-08 1.742300e-33 1.681522e-78 4.202083e-146
1.375e+04 8.611923e-03 9.913881e-01 2.009480e-08 2.388232e-33 2.696593e-78 7.883821e-146
1.425e+04 7.372952e-03 9.926270e-01 2.353029e-08 3.270553e-33 4.318783e-78 1.476671e-145
1.475e+04 6.312966e-03 9.936870e-01 2.753989e-08 4.475358e-33 6.909384e-78 2.762061e-145
1.525e+04 5.405554e-03 9.945944e-01 3.222168e-08 6.120731e-33 1.104599e-77 5.161644e-145
1.575e+04 4.627904e-03 9.953721e-01 3.769493e-08 8.370153e-33 1.765753e-77 9.645145e-145
1.625e+04 3.961350e-03 9.960386e-01 4.409665e-08 1.144690e-32 2.823035e-77 1.802715e-144
1.675e+04 3.389458e-03 9.966105e-01 5.159612e-08 1.566252e-32 4.517022e-77 3.373069e-144
1.725e+04 2.898783e-03 9.971012e-01 6.038918e-08 2.144529e-32 7.235206e-77 6.320511e-144
1.775e+04 2.477589e-03 9.975223e-01 7.071515e-08 2.939376e-32 1.160764e-76 1.186903e-143
1.825e+04 2.116107e-03 9.978838e-01 8.285500e-08 4.033763e-32 1.865727e-76 2.234437e-143
1.875e+04 1.805903e-03 9.981940e-01 9.714755e-08 5.543725e-32 3.005505e-76 4.219060e-143
1.925e+04 1.539930e-03 9.984600e-01 1.139874e-07 7.630202e-32 4.852452e-76 7.990406e-143
1.975e+04 1.311977e-03 9.986879e-01 1.338535e-07 1.051919e-31 7.853827e-76 1.518317e-142
2.025e+04 1.116781e-03 9.988831e-01 1.573105e-07 1.452626e-31 1.274372e-75 2.894814e-142
2.075e+04 9.498275e-04 9.990500e-01 1.850232e-07 2.009176e-31 2.072792e-75 5.537020e-142
2.125e+04 8.071726e-04 9.991926e-01 2.177852e-07 2.783304e-31 3.379394e-75 1.062428e-141
2.175e+04 6.854049e-04 9.993143e-01 2.565391e-07 3.861515e-31 5.522149e-75 2.044753e-141
2.225e+04 5.816109e-04 9.994181e-01 3.023837e-07 5.364415e-31 9.041332e-75 3.945707e-141
2.275e+04 4.932164e-04 9.995064e-01 3.566401e-07 7.461525e-31 1.483102e-74 7.633031e-141
2.325e+04 4.180274e-04 9.995816e-01 4.208508e-07 1.038941e-30 2.436688e-74 1.479760e-140
2.375e+04 3.541322e-04 9.996454e-01 4.968474e-07 1.447948e-30 4.008934e-74 2.874004e-140
2.425e+04 2.998723e-04 9.996995e-01 5.868121e-07 2.019675e-30 6.604046e-74 5.591406e-140
2.475e+04 2.538279e-04 9.997455e-01 6.933236e-07 2.819262e-30 1.089133e-73 1.089454e-139
2.525e+04 2.147783e-04 9.997844e-01 8.194429e-07 3.938075e-30 1.798023e-73 2.125637e-139
2.575e+04 1.817004e-04 9.998173e-01 9.686837e-07 5.502958e-30 2.970000e-73 4.150488e-139
2.625e+04 1.536693e-04 9.998452e-01 1.145446e-06 7.694311e-30 4.910330e-73 8.113983e-139
2.675e+04 1.299290e-04 9.998687e-01 1.354804e-06 1.076373e-29 8.124471e-73 1.587852e-138
2.725e+04 1.098278e-04 9.998886e-01 1.602830e-06 1.506524e-29 1.345274e-72 3.110482e-138
2.775e+04 9.281201e-05 9.999053e-01 1.896749e-06 2.109667e-29 2.229277e-72 6.099533e-138
2.825e+04 7.841299e-05 9.999193e-01 2.245114e-06 2.955729e-29 3.696894e-72 1.197269e-137
2.875e+04 6.622959e-05 9.999311e-01 2.658181e-06 4.143352e-29 6.135716e-72 2.352670e-137
2.925e+04 5.592196e-05 9.999409e-01 3.148203e-06 5.811711e-29 1.019275e-71 4.628722e-137
2.975e+04 4.720498e-05 9.999491e-01 3.729618e-06 8.156499e-29 1.694686e-71 9.117108e-137
3.025e+04 3.983697e-05 9.999557e-01 4.419485e-06 1.145290e-28 2.819716e-71 1.797536e-136
3.075e+04 3.360803e-05 9.999612e-01 5.238654e-06 1.609197e-28 4.696179e-71 3.548645e-136
3.125e+04 2.834520e-05 9.999654e-01 6.211363e-06 2.262256e-28 7.827852e-71 7.013356e-136
3.175e+04 2.390046e-05 9.999687e-01 7.366530e-06 3.181943e-28 1.305774e-70 1.387477e-135
3.225e+04 2.014855e-05 9.999711e-01 8.738311e-06 4.477344e-28 2.179513e-70 2.747140e-135
3.275e+04 1.698124e-05 9.999727e-01 1.036820e-05 6.303351e-28 3.640706e-70 5.444804e-135
3.325e+04 1.430866e-05 9.999734e-01 1.230480e-05 8.877962e-28 6.085527e-70 1.080104e-134
3.375e+04 1.205451e-05 9.999733e-01 1.460575e-05 1.250870e-27 1.017762e-69 2.144189e-134
3.425e+04 1.015372e-05 9.999725e-01 1.733993e-05 1.763029e-27 1.703012e-69 4.259496e-134
3.475e+04 8.551200e-06 9.999709e-01 2.058942e-05 2.485728e-27 2.851080e-69 8.467348e-134
3.525e+04 7.200695e-06 9.999683e-01 2.445088e-05 3.505547e-27 4.774886e-69 1.684041e-133
3.575e+04 6.062992e-06 9.999649e-01 2.903882e-05 4.944541e-27 7.998695e-69 3.350385e-133
3.625e+04 5.104272e-06 9.999604e-01 3.449278e-05 6.976322e-27 1.340513e-68 6.669567e-133
3.675e+04 4.296862e-06 9.999547e-01 4.097375e-05 9.844283e-27 2.247028e-68 1.328052e-132
3.725e+04 3.617100e-06 9.999477e-01 4.867326e-05 1.389174e-26 3.766766e-68 2.644619e-132
3.775e+04 3.044510e-06 9.999391e-01 5.782640e-05 1.960793e-26 6.316598e-68 5.268866e-132
3.825e+04 2.562494e-06 9.999287e-01 6.870237e-05 2.767752e-26 1.059324e-67 1.049815e-131
3.875e+04 2.156620e-06 9.999162e-01 8.163003e-05 3.907412e-26 1.776947e-67 2.092388e-131
3.925e+04 1.815020e-06 9.999012e-01 9.699051e-05 5.516382e-26 2.980750e-67 4.170413e-131
3.975e+04 1.527491e-06 9.998832e-01 1.152435e-04 7.788190e-26 5.000376e-67 8.312874e-131
4.025e+04 1.285490e-06 9.998618e-01 1.369329e-04 1.099584e-25 8.388706e-67 1.657082e-130
#TIME: 2.420000
#NVEL: 81
#vel_mid[km/s] Ni0 Ni1 Ni2 Ni3 Ni4 Ni5
2.500e+02 4.201636e-40 1.217617e-30 1.317392e-21 3.623377e-13 1.953216e-05 9.999805e-01
7.500e+02 2.673613e-39 6.600298e-30 5.529429e-21 1.052805e-12 3.449369e-05 9.999655e-01
1.250e+03 4.043826e-39 1.018967e-29 8.328961e-21 1.468622e-12 4.178638e-05 9.999582e-01
1.750e+03 6.753935e-39 1.723176e-29 1.358304e-20 2.183911e-12 5.268423e-05 9.999473e-01
2.250e+03 1.164601e-38 3.005233e-29 2.280802e-20 3.337378e-12 6.776462e-05 9.999322e-01
2.750e+03 1.870979e-38 4.933025e-29 3.653724e-20 4.950667e-12 8.608806e-05 9.999139e-01
3.250e+03 3.187376e-38 8.547070e-29 6.143891e-20 7.655464e-12 1.123075e-04 9.998877e-01
3.750e+03 5.670757e-38 1.542228e-28 1.072756e-19 1.224512e-11 1.497435e-04 9.998503e-01
4.250e+03 1.106346e-37 3.027443e-28 2.018825e-19 2.085187e-11 2.073287e-04 9.997927e-01
4.750e+03 2.215822e-37 6.097145e-28 3.899352e-19 3.642743e-11 2.917377e-04 9.997083e-01
5.250e+03 4.615752e-37 1.274751e-27 7.810569e-19 6.580172e-11 4.188399e-04 9.995812e-01
5.750e+03 1.019309e-36 2.814752e-27 1.647021e-18 1.243277e-10 6.172293e-04 9.993828e-01
6.250e+03 2.434343e-36 6.684362e-27 3.715910e-18 2.488091e-10 9.399353e-04 9.990601e-01
6.750e+03 8.432159e-36 2.220490e-26 1.124371e-17 6.290022e-10 1.633964e-03 9.983660e-01
7.250e+03 6.900647e-35 1.586718e-25 6.582390e-17 2.662910e-09 3.790202e-03 9.962098e-01
7.750e+03 1.316516e-33 2.419020e-24 7.468245e-16 1.891918e-08 1.169883e-02 9.883012e-01
8.250e+03 7.160220e-32 9.577133e-23 1.985958e-14 2.621932e-07 5.172350e-02 9.482762e-01
8.750e+03 1.105234e-29 9.910452e-21 1.254205e-12 6.881522e-06 2.933824e-01 7.066107e-01
9.250e+03 2.266922e-27 1.259936e-18 8.746720e-11 1.490256e-04 8.536188e-01 1.462322e-01
9.750e+03 7.020088e-25 2.193285e-16 7.029632e-09 2.441916e-03 9.922669e-01 5.291196e-03
1.025e+04 9.008771e-22 1.491534e-13 1.756545e-06 7.250226e-02 9.274437e-01 5.231542e-05
1.075e+04 1.812181e-18 1.496351e-10 4.326112e-04 9.005410e-01 9.902633e-02 1.019107e-08
1.125e+04 1.064601e-15 4.590734e-08 2.200472e-02 9.777521e-01 2.431204e-04 6.914122e-15
1.175e+04 2.162240e-12 3.503284e-05 9.065175e-01 9.344750e-02 1.749510e-09 1.233154e-25
1.225e+04 1.239189e-08 1.788650e-02 9.821130e-01 4.728485e-07 4.990999e-23 1.725547e-50
1.275e+04 4.517148e-07 2.197726e-01 7.802269e-01 1.480731e-09 2.751301e-29 6.047156e-62
1.325e+04 3.039690e-06 6.891663e-01 3.108307e-01 8.066668e-12 1.696018e-34 2.920552e-71
1.375e+04 8.865815e-06 9.440998e-01 5.589135e-02 2.109478e-14 5.450956e-40 8.150087e-81
1.425e+04 2.548190e-05 9.947966e-01 5.177946e-03 1.451493e-17 1.715976e-46 5.905598e-92
1.475e+04 5.670332e-05 9.991850e-01 7.583283e-04 4.380666e-20 1.165835e-51 8.406085e-101
1.525e+04 1.668798e-04 9.997736e-01 5.948488e-05 2.130401e-23 1.973545e-58 2.260783e-112
1.575e+04 4.435201e-04 9.995508e-01 5.640019e-06 1.778409e-26 9.695767e-65 3.601593e-123
1.625e+04 6.206642e-04 9.993772e-01 2.177539e-06 9.195229e-28 2.007121e-67 8.189653e-128
1.675e+04 5.494187e-04 9.994483e-01 2.331076e-06 9.603502e-28 1.839765e-67 5.882435e-128
1.725e+04 6.490956e-04 9.993496e-01 1.309445e-06 1.498451e-28 3.569189e-69 5.999286e-131
1.775e+04 9.514842e-04 9.990481e-01 4.512480e-07 5.519004e-30 3.688201e-72 4.153110e-136
1.825e+04 5.087866e-04 9.994897e-01 1.499846e-06 1.632622e-28 2.992686e-69 3.085176e-131
1.875e+04 1.198299e-03 9.988015e-01 1.768762e-07 2.532847e-31 4.977239e-75 3.754139e-141
1.925e+04 2.461165e-03 9.975388e-01 2.715328e-08 8.349747e-34 3.702672e-80 5.650889e-150
1.975e+04 9.750073e-04 9.990248e-01 1.871926e-07 2.194285e-31 2.631701e-75 8.847621e-142
2.025e+04 7.708884e-04 9.992289e-01 2.594868e-07 4.928038e-31 1.144862e-74 9.026773e-141
2.075e+04 7.079540e-04 9.992918e-01 2.559933e-07 4.049669e-31 6.458033e-75 2.841338e-141
2.125e+04 3.553070e-04 9.996437e-01 9.795042e-07 1.809422e-29 1.207451e-71 8.717370e-136
2.175e+04 3.556455e-04 9.996436e-01 7.962886e-07 8.400097e-30 2.137678e-72 3.819838e-137
2.225e+04 1.718267e-04 9.998249e-01 3.272559e-06 4.594999e-28 5.963259e-69 2.289463e-131
2.275e+04 1.401979e-04 9.998556e-01 4.186540e-06 8.093063e-28 1.572586e-68 9.889889e-131
2.325e+04 1.433833e-04 9.998534e-01 3.248668e-06 3.277766e-28 2.113158e-69 2.714393e-132
2.375e+04 2.396303e-04 9.997595e-01 8.460403e-07 5.347813e-30 4.236273e-73 1.168787e-138
2.425e+04 2.175995e-04 9.997815e-01 8.543321e-07 4.700915e-30 2.735432e-73 4.622497e-139
2.475e+04 2.058224e-04 9.997934e-01 7.876442e-07 3.161154e-30 1.026237e-73 7.261829e-140
2.525e+04 9.315844e-05 9.999031e-01 3.726878e-06 2.605745e-28 6.543809e-70 1.767078e-133
2.575e+04 6.679340e-05 9.999269e-01 6.331376e-06 1.054491e-27 9.283162e-69 1.329032e-131
2.625e+04 1.119883e-04 9.998864e-01 1.647309e-06 1.724122e-29 1.879052e-72 5.849691e-138
2.675e+04 5.276287e-05 9.999402e-01 7.079252e-06 1.065519e-27 6.646327e-69 5.195839e-132
2.725e+04 5.987689e-05 9.999358e-01 4.370677e-06 2.207839e-28 2.302499e-70 1.427148e-134
2.775e+04 7.022120e-05 9.999273e-01 2.506068e-06 3.680235e-29 5.130591e-72 1.850465e-137
2.825e+04 2.911666e-05 9.999567e-01 1.417295e-05 5.066204e-27 9.122918e-68 2.537551e-130
2.875e+04 1.183223e-04 9.998812e-01 5.219118e-07 2.668127e-31 1.670270e-76 3.020720e-145
2.925e+04 2.784658e-05 9.999617e-01 1.040934e-05 1.491732e-27 5.390842e-69 1.434434e-132
2.975e+04 2.880126e-05 9.999633e-01 7.887728e-06 5.643055e-28 6.317245e-70 3.124054e-134
3.025e+04 2.740110e-05 9.999654e-01 7.178002e-06 3.651598e-28 2.192151e-70 4.297787e-135
3.075e+04 1.037039e-04 9.998960e-01 3.068871e-07 2.980011e-32 9.705584e-79 2.283717e-149
3.125e+04 2.630496e-05 9.999685e-01 5.221514e-06 1.045543e-28 1.223508e-71 2.203682e-137
3.175e+04 1.064855e-04 9.998933e-01 1.913069e-07 5.419219e-33 2.155419e-80 2.439080e-152
3.225e+04 4.163984e-05 9.999571e-01 1.258092e-06 1.170674e-30 9.669210e-76 1.635029e-144
3.275e+04 4.350059e-06 9.998516e-01 1.440932e-04 1.073208e-24 9.139559e-64 2.891759e-124
3.325e+04 1.115406e-05 9.999737e-01 1.514674e-05 1.253561e-27 9.091622e-70 1.565920e-134
3.375e+04 4.654498e-06 9.999123e-01 8.304348e-05 1.554994e-25 1.290522e-65 1.442394e-127
3.425e+04 6.084488e-06 9.999561e-01 3.785654e-05 1.331007e-26 7.523739e-68 1.934006e-131
3.475e+04 1.473714e-05 9.999808e-01 4.462326e-06 2.170406e-29 1.461170e-73 3.240087e-141
3.525e+04 7.307162e-05 9.999268e-01 1.040081e-07 2.999156e-34 1.775600e-83 3.822062e-158
3.575e+04 3.318066e-05 9.999663e-01 4.919168e-07 2.457187e-32 1.118113e-79 9.111035e-152
3.625e+04 5.342364e-06 9.999724e-01 2.230674e-05 1.496961e-27 4.446882e-70 1.510178e-135
3.675e+04 1.894203e-05 9.999799e-01 1.128832e-06 2.048111e-31 5.732773e-78 5.049435e-149
3.725e+04 9.083503e-06 9.999863e-01 4.642556e-06 1.101178e-29 1.517354e-74 2.719284e-143
3.775e+04 3.807327e-06 9.999708e-01 2.537246e-05 1.352925e-27 2.117885e-70 2.441992e-136
3.825e+04 7.623145e-06 9.999878e-01 4.528752e-06 7.451320e-30 4.818370e-75 2.667266e-144
3.875e+04 6.677868e-05 9.999332e-01 2.962173e-08 2.486801e-36 3.120427e-88 8.628472e-167
3.925e+04 1.511667e-05 9.999842e-01 6.629614e-07 1.948310e-32 2.014883e-80 1.348483e-153
3.975e+04 2.555496e-04 9.997444e-01 9.244905e-10 6.713348e-41 1.176965e-97 5.507378e-183
4.025e+04 9.419698e-04 9.990580e-01 3.444231e-11 3.319582e-45 1.655525e-106 3.614006e-198
#TIME: 2.662000
#NVEL: 81
#vel_mid[km/s] Ni0 Ni1 Ni2 Ni3 Ni4 Ni5
2.500e+02 4.047558e-40 1.321712e-30 1.530389e-21 4.239031e-13 2.146675e-05 9.999785e-01
7.500e+02 2.822444e-39 7.799532e-30 6.930707e-21 1.315230e-12 3.976354e-05 9.999602e-01
1.250e+03 4.735216e-39 1.322433e-29 1.131891e-20 1.957946e-12 5.018891e-05 9.999498e-01
1.750e+03 7.864166e-39 2.230135e-29 1.848264e-20 2.931948e-12 6.386807e-05 9.999361e-01
2.250e+03 1.392445e-38 3.990786e-29 3.183011e-20 4.594575e-12 8.370284e-05 9.999163e-01
2.750e+03 2.261469e-38 6.628244e-29 5.168755e-20 6.926219e-12 1.076976e-04 9.998923e-01
3.250e+03 4.085189e-38 1.212590e-28 9.134826e-20 1.119000e-11 1.444636e-04 9.998555e-01
3.750e+03 7.662816e-38 2.298881e-28 1.670252e-19 1.865468e-11 1.976706e-04 9.998023e-01
4.250e+03 1.543816e-37 4.655559e-28 3.243082e-19 3.274392e-11 2.789445e-04 9.997211e-01
4.750e+03 3.208037e-37 9.714512e-28 6.488887e-19 5.913496e-11 4.004532e-04 9.995995e-01
5.250e+03 7.202298e-37 2.177684e-27 1.386976e-18 1.129857e-10 5.939259e-04 9.994061e-01
5.750e+03 1.604474e-36 4.859751e-27 2.968672e-18 2.171082e-10 8.836932e-04 9.991163e-01
6.250e+03 4.095455e-36 1.228789e-26 7.113039e-18 4.576119e-10 1.385489e-03 9.986145e-01
6.750e+03 1.486419e-35 4.272778e-26 2.256048e-17 1.206105e-09 2.463950e-03 9.975360e-01
7.250e+03 1.260674e-34 3.169155e-25 1.378097e-16 5.303439e-09 5.828816e-03 9.941712e-01
7.750e+03 2.912891e-33 5.785251e-24 1.853319e-15 4.320723e-08 1.936201e-02 9.806380e-01
8.250e+03 1.983028e-31 2.834874e-22 6.032303e-14 6.993428e-07 9.189009e-02 9.081092e-01
8.750e+03 3.173804e-29 3.039389e-20 3.929697e-12 1.795046e-05 4.646969e-01 5.352851e-01
9.250e+03 6.734056e-27 3.868007e-18 2.606642e-10 3.257123e-04 9.390798e-01 6.059451e-02
9.750e+03 2.126749e-24 7.016972e-16 2.163502e-08 5.218464e-03 9.929752e-01 1.806332e-03
1.025e+04 1.940468e-21 3.578002e-13 4.184450e-06 1.280677e-01 8.719084e-01 1.973834e-05
1.075e+04 1.442711e-18 1.458343e-10 4.715826e-04 9.211922e-01 7.833625e-02 5.229934e-09
1.125e+04 4.003786e-16 2.327489e-08 1.540599e-02 9.842263e-01 3.676963e-04 1.639169e-14
1.175e+04 2.952027e-13 8.095386e-06 5.965648e-01 4.034270e-01 1.230008e-07 3.556025e-22
1.225e+04 2.424218e-11 2.473390e-04 9.980623e-01 1.690390e-03 4.446668e-14 3.459660e-34
1.275e+04 2.036023e-10 1.181000e-03 9.987497e-01 6.925554e-05 1.241732e-17 1.000234e-40
1.325e+04 4.334308e-09 1.095748e-02 9.890418e-01 7.037155e-07 9.756012e-23 3.907162e-50
1.375e+04 8.653529e-08 9.246027e-02 9.075396e-01 7.053230e-09 8.315280e-28 1.852901e-59
1.425e+04 6.352679e-07 3.573573e-01 6.426420e-01 1.503244e-10 7.100457e-32 7.312006e-67
1.475e+04 2.240342e-06 7.261881e-01 2.738097e-01 2.356030e-12 5.820349e-36 3.871499e-74
1.525e+04 5.032408e-06 9.277255e-01 7.226950e-02 2.233343e-14 2.769758e-40 1.120677e-81
1.575e+04 9.536509e-06 9.832643e-01 1.672619e-02 2.216084e-16 1.878561e-44 7.248733e-89
1.625e+04 1.626967e-05 9.955674e-01 4.416304e-03 3.672962e-18 3.906195e-48 3.363204e-95
1.675e+04 3.429584e-05 9.992391e-01 7.266072e-04 1.564296e-20 5.318235e-53 1.554441e-103
1.725e+04 4.674647e-05 9.996487e-01 3.045144e-04 1.041388e-21 1.870444e-55 8.874881e-108
1.775e+04 1.272203e-04 9.998446e-01 2.816929e-05 8.231813e-25 8.414277e-62 1.246554e-118
1.825e+04 2.127635e-04 9.997798e-01 7.420563e-06 1.392698e-26 1.830052e-65 6.221357e-125
1.875e+04 3.055942e-04 9.996917e-01 2.714218e-06 6.164241e-28 2.773991e-68 8.356728e-130
1.925e+04 4.654302e-04 9.995337e-01 8.662225e-07 1.821747e-29 1.847018e-71 2.759488e-135
1.975e+04 5.635897e-04 9.994360e-01 4.594151e-07 2.400467e-30 2.540765e-73 1.566223e-138
2.025e+04 6.517205e-04 9.993480e-01 2.696071e-07 4.259141e-31 6.382617e-75 2.472586e-141
2.075e+04 1.806837e-03 9.981931e-01 2.108455e-08 1.925351e-34 8.434146e-82 3.914944e-153
2.125e+04 7.872434e-03 9.921276e-01 5.383985e-10 3.089846e-39 1.203694e-91 5.216672e-170
2.175e+04 6.132193e-03 9.938678e-01 7.818712e-10 7.968967e-39 6.961256e-91 8.682192e-169
2.225e+04 4.228265e-03 9.957717e-01 1.514975e-09 4.848933e-38 2.321130e-89 2.878223e-166
2.275e+04 2.787984e-02 9.721202e-01 1.513498e-11 5.404819e-44 1.600458e-101 4.734835e-187
2.325e+04 8.415090e-03 9.915849e-01 1.990929e-10 8.800019e-41 4.348647e-95 3.471059e-176
2.375e+04 4.671296e-02 9.532870e-01 2.891782e-12 3.155105e-46 3.381635e-106 3.697075e-195
2.425e+04 4.851337e-02 9.514866e-01 2.138040e-12 1.115055e-46 3.449141e-107 6.343785e-197
2.475e+04 1.313514e-01 8.686486e-01 1.249252e-13 2.559213e-50 1.246771e-114 1.157546e-209
2.525e+04 3.107745e-03 9.968923e-01 8.789542e-10 3.831342e-39 4.732092e-92 2.553241e-171
2.575e+04 3.941276e-02 9.605872e-01 1.890166e-12 4.792369e-47 3.658331e-108 8.040422e-199
2.625e+04 3.504779e-03 9.964952e-01 4.334535e-10 3.459189e-40 2.503004e-94 2.337993e-175
2.675e+04 1.028860e-02 9.897114e-01 2.874344e-11 9.899796e-44 1.323198e-101 7.842828e-188
2.725e+04 2.488396e-02 9.751160e-01 3.005426e-12 1.142263e-46 1.242588e-107 3.686714e-198
2.775e+04 5.210775e-03 9.947892e-01 9.091459e-11 2.143254e-42 4.795911e-99 1.238949e-183
2.825e+04 1.297984e-01 8.702016e-01 2.949896e-14 1.236684e-52 7.354862e-120 4.087540e-219
2.875e+04 1.705064e-01 8.294936e-01 1.041195e-14 5.245206e-54 1.022723e-122 4.645424e-224
2.925e+04 1.175278e-03 9.988247e-01 1.595628e-09 6.625083e-39 3.722199e-92 4.143270e-172
2.975e+04 2.529227e-03 9.974708e-01 2.108641e-10 1.391519e-41 1.085601e-97 1.236586e-181
3.025e+04 6.447235e-04 9.993553e-01 4.262843e-09 9.007872e-38 5.405927e-90 1.420799e-168
3.075e+04 3.063223e-03 9.969368e-01 8.785760e-11 7.644205e-43 2.089961e-100 2.021833e-186
3.125e+04 3.224575e-01 6.775425e-01 3.409535e-16 1.301275e-58 1.964335e-132 5.134673e-241
3.175e+04 1.935197e-01 8.064803e-01 1.922775e-15 1.486004e-56 2.432571e-128 4.148897e-234
3.225e+04 3.804247e-02 9.619575e-01 1.334953e-13 2.627836e-51 8.596469e-118 3.112551e-216
3.275e+04 1.363332e-01 8.636668e-01 3.781245e-15 7.356590e-56 4.364216e-127 3.982704e-232
3.325e+04 5.537467e-02 9.446253e-01 3.477839e-14 3.812685e-53 1.146210e-121 5.552879e-223
3.375e+04 9.996675e-01 3.324725e-04 1.830205e-29 4.565806e-92 6.621193e-198 0.000000e+00
3.425e+04 1.227757e-03 9.987722e-01 1.699080e-10 1.846655e-42 3.820996e-100 1.636683e-186
3.475e+04 5.074594e-03 9.949254e-01 4.985255e-12 4.664824e-47 1.418428e-109 1.147847e-202
3.525e+04 1.304168e-02 9.869583e-01 4.628300e-13 3.772557e-50 6.460894e-116 1.573828e-213
3.575e+04 2.498519e-01 7.501481e-01 1.400234e-16 2.095249e-60 9.237441e-137 4.386995e-249
3.625e+04 1.741525e-02 9.825848e-01 1.554455e-13 1.134213e-51 3.760914e-119 3.449254e-219
3.675e+04 7.898915e-02 9.210108e-01 3.159251e-15 1.158180e-56 2.496007e-129 1.423036e-236
3.725e+04 2.871394e-05 9.999710e-01 2.588051e-07 1.787229e-33 2.425102e-82 1.141508e-156
3.775e+04 2.875089e-01 7.124911e-01 3.403990e-17 1.857116e-62 3.136617e-141 5.128762e-257
3.825e+04 5.497131e-01 4.502869e-01 8.083233e-19 4.463006e-67 1.166233e-150 3.375735e-273
3.875e+04 1.585602e-04 9.998414e-01 2.973550e-09 2.224595e-39 1.534733e-94 1.185150e-177
3.925e+04 7.908791e-01 2.091209e-01 9.479752e-21 1.924815e-72 1.384839e-161 5.887209e-292
3.975e+04 9.434661e-01 5.653392e-02 3.987275e-23 1.485148e-78 1.146574e-173 2.143472e-312
4.025e+04 8.310061e-01 1.689939e-01 2.380264e-21 3.340518e-74 2.915618e-165 2.339607e-298
#TIME: 2.928200
#NVEL: 81
#vel_mid[km/s] Ni0 Ni1 Ni2 Ni3 Ni4 Ni5
2.500e+02 3.521517e-40 1.314208e-30 1.658626e-21 4.738480e-13 2.318190e-05 9.999768e-01
7.500e+02 3.037940e-39 9.398205e-30 8.860871e-21 1.677609e-12 4.665865e-05 9.999533e-01
1.250e+03 5.218226e-39 1.630500e-29 1.480072e-20 2.554135e-12 5.992758e-05 9.999401e-01
1.750e+03 9.033273e-39 2.858714e-29 2.505555e-20 3.952417e-12 7.800780e-05 9.999220e-01
2.250e+03 1.660575e-38 5.300692e-29 4.462981e-20 6.392533e-12 1.044563e-04 9.998955e-01
2.750e+03 2.912361e-38 9.447145e-29 7.720188e-20 1.016935e-11 1.389445e-04 9.998611e-01
3.250e+03 5.486075e-38 1.798215e-28 1.417159e-19 1.701750e-11 1.905744e-04 9.998094e-01
3.750e+03 1.073868e-37 3.549872e-28 2.694344e-19 2.941143e-11 2.666074e-04 9.997334e-01
4.250e+03 2.286984e-37 7.574103e-28 5.497406e-19 5.396305e-11 3.862418e-04 9.996138e-01
4.750e+03 5.093272e-37 1.686124e-27 1.168874e-18 1.027469e-10 5.717191e-04 9.994283e-01
5.250e+03 1.170713e-36 3.871336e-27 2.565479e-18 2.014673e-10 8.605058e-04 9.991395e-01
5.750e+03 2.815995e-36 9.282840e-27 5.876868e-18 4.101431e-10 1.322569e-03 9.986774e-01
6.250e+03 7.711299e-36 2.508609e-26 1.501500e-17 9.130063e-10 2.137259e-03 9.978627e-01
6.750e+03 3.023419e-35 9.389682e-26 5.117940e-17 2.556628e-09 3.928667e-03 9.960713e-01
7.250e+03 2.885889e-34 7.793794e-25 3.486243e-16 1.229179e-08 9.751457e-03 9.902485e-01
7.750e+03 7.764390e-33 1.646436e-23 5.402128e-15 1.120621e-07 3.429290e-02 9.657070e-01
8.250e+03 6.039998e-31 9.200448e-22 2.000631e-13 1.984581e-06 1.659692e-01 8.340288e-01
8.750e+03 9.467529e-29 9.597151e-20 1.249459e-11 4.543722e-05 6.654217e-01 3.345328e-01
9.250e+03 1.719161e-26 1.042064e-17 6.931315e-10 6.470881e-04 9.745140e-01 2.483888e-02
9.750e+03 4.472652e-24 1.627673e-15 5.075159e-08 9.392916e-03 9.898430e-01 7.640210e-04
1.025e+04 2.796905e-21 5.979571e-13 7.352369e-06 1.870794e-01 8.129039e-01 9.351879e-06
1.075e+04 9.883623e-19 1.245334e-10 4.680848e-04 9.300668e-01 6.946513e-02 3.562183e-09
1.125e+04 1.438922e-16 1.132919e-08 1.048758e-02 9.889341e-01 5.783366e-04 4.270835e-14
1.175e+04 5.085862e-14 2.125563e-06 3.168494e-01 6.831474e-01 1.089874e-06 2.714070e-20
1.225e+04 1.811628e-12 4.353164e-05 9.646964e-01 3.526009e-02 8.942447e-11 3.177768e-28
1.275e+04 7.686609e-12 1.325715e-04 9.961908e-01 3.676621e-03 2.503405e-13 6.034798e-33
1.325e+04 4.952811e-11 5.261440e-04 9.992562e-01 2.176792e-04 1.773666e-16 9.585755e-39
1.375e+04 4.824026e-10 2.786138e-03 9.972068e-01 7.082842e-06 2.721746e-20 8.956920e-46
1.425e+04 5.181451e-09 1.589867e-02 9.841011e-01 1.833997e-07 2.290369e-24 2.646300e-53
1.475e+04 5.330949e-08 8.412833e-02 9.158716e-01 4.842748e-09 2.252749e-28 1.105506e-60
1.525e+04 4.306390e-07 3.469670e-01 6.530325e-01 9.324099e-11 1.470108e-32 2.646057e-68
1.575e+04 1.326318e-06 6.707333e-01 3.292654e-01 2.699443e-12 4.474504e-36 1.371001e-74
1.625e+04 2.766613e-06 8.856241e-01 1.143731e-01 5.408276e-14 9.377218e-40 4.814892e-81
1.675e+04 4.379859e-06 9.586984e-01 4.129718e-02 1.880221e-15 7.731350e-43 2.094460e-86
1.725e+04 6.872385e-06 9.865138e-01 1.347934e-02 5.533745e-17 4.953107e-46 6.360607e-92
1.775e+04 9.583752e-06 9.945335e-01 5.456893e-03 3.250382e-18 1.333591e-48 2.281755e-96
1.825e+04 1.390520e-05 9.979743e-01 2.011760e-03 1.472979e-19 2.147605e-51 3.451676e-101
1.875e+04 2.118510e-05 9.993142e-01 6.646580e-04 4.876061e-21 1.841430e-54 1.798000e-106
1.925e+04 4.349048e-05 9.998419e-01 1.146155e-04 2.407433e-23 3.380876e-59 1.377600e-114
1.975e+04 6.552670e-05 9.998961e-01 3.839503e-05 8.311106e-25 3.141663e-62 8.177995e-120
2.025e+04 8.278054e-05 9.998984e-01 1.881566e-05 8.743126e-26 2.768525e-64 2.203225e-123
2.075e+04 1.416160e-04 9.998537e-01 4.711444e-06 1.277228e-27 4.474689e-68 6.640456e-130
2.125e+04 3.408251e-04 9.996586e-01 5.450202e-07 1.911646e-30 7.083252e-74 7.613337e-140
2.175e+04 5.466064e-04 9.994532e-01 1.534554e-07 3.897431e-32 2.209284e-77 6.878868e-146
2.225e+04 1.213562e-03 9.987864e-01 2.007315e-08 8.127564e-35 6.578358e-83 2.210864e-155
2.275e+04 9.909749e-04 9.990090e-01 2.602986e-08 1.505062e-34 1.943515e-82 1.173345e-154
2.325e+04 7.923816e-04 9.992076e-01 3.534892e-08 3.190705e-34 7.548262e-82 9.908066e-154
2.375e+04 6.107688e-04 9.993892e-01 5.205652e-08 8.579507e-34 4.742967e-81 1.894494e-152
2.425e+04 3.112861e-03 9.968871e-01 9.419676e-10 4.961578e-39 8.500110e-92 7.373214e-171
2.475e+04 2.124197e-03 9.978758e-01 1.877977e-09 3.307379e-38 3.435608e-90 3.416121e-168
2.525e+04 4.755571e-03 9.952444e-01 2.281230e-10 5.453472e-41 6.173808e-96 4.503486e-178
2.575e+04 7.857658e-03 9.921423e-01 5.757345e-11 8.045384e-43 9.859688e-100 1.281745e-184
2.625e+04 2.767093e-02 9.723291e-01 2.516596e-12 7.193184e-47 5.182436e-108 8.889105e-199
2.675e+04 2.677628e-02 9.732237e-01 2.204498e-12 4.164509e-47 1.434809e-108 8.325731e-200
2.725e+04 1.003817e-02 9.899618e-01 1.740605e-11 1.494792e-44 1.793814e-103 3.201171e-191
2.775e+04 1.303398e-02 9.869660e-01 7.727083e-12 1.181459e-45 8.781775e-106 3.137459e-195
2.825e+04 7.849453e-03 9.921505e-01 2.012737e-11 1.670964e-44 1.581186e-103 1.789319e-191
2.875e+04 6.507245e-03 9.934928e-01 2.511178e-11 2.736765e-44 3.610355e-103 6.074179e-191
2.925e+04 3.396169e-02 9.660383e-01 4.383136e-13 1.684694e-49 8.456635e-114 4.261429e-209
2.975e+04 5.836213e-03 9.941638e-01 2.115178e-11 1.207709e-44 4.834503e-104 1.376146e-192
3.025e+04 3.265075e-03 9.967349e-01 6.583341e-11 2.941958e-43 2.673722e-101 5.398364e-188
3.075e+04 2.460716e-01 7.539284e-01 8.854384e-16 1.728103e-57 3.301722e-130 2.879176e-237
3.125e+04 3.891431e-03 9.961086e-01 2.860375e-11 1.839979e-44 6.739136e-104 1.404914e-192
3.175e+04 2.882976e-02 9.711702e-01 2.255247e-13 1.088111e-50 1.355199e-116 2.992026e-214
3.225e+04 2.042940e-01 7.957060e-01 9.080352e-16 1.099955e-57 7.771694e-131 1.440494e-238
3.275e+04 1.442871e-02 9.855713e-01 7.433750e-13 2.564468e-49 5.675257e-114 5.894426e-210
3.325e+04 8.680110e-03 9.913199e-01 1.934604e-12 3.589613e-48 9.937086e-112 3.184116e-206
3.375e+04 2.440250e-02 9.755975e-01 1.435534e-13 1.535489e-51 1.261873e-118 5.029423e-218
3.425e+04 1.833995e-02 9.816601e-01 2.263924e-13 4.940096e-51 1.122712e-117 1.713333e-216
3.475e+04 2.994313e-02 9.700569e-01 5.797118e-14 7.934688e-53 2.199815e-121 7.108037e-223
3.525e+04 3.307441e-01 6.692559e-01 3.825579e-17 4.715303e-62 3.752398e-140 6.344346e-255
3.575e+04 5.864258e-03 9.941357e-01 1.647852e-12 1.019002e-48 3.195644e-113 3.657962e-209
3.625e+04 2.495499e-01 7.504501e-01 7.953167e-17 2.626106e-61 8.568123e-139 9.362009e-253
3.675e+04 4.743121e-02 9.525688e-01 8.150993e-15 1.382673e-55 2.815084e-127 3.252873e-233
3.725e+04 2.108653e-01 7.891347e-01 9.559471e-17 3.132049e-61 8.609677e-139 6.654123e-253
3.775e+04 5.806746e-03 9.941933e-01 7.212025e-13 4.813053e-50 3.238686e-116 1.413528e-214
3.825e+04 4.757782e-02 9.524222e-01 4.274117e-15 1.302934e-56 1.383170e-129 2.218945e-237
3.875e+04 9.859568e-01 1.404317e-02 3.420134e-25 1.801548e-83 4.858555e-183 0.000000e+00
3.925e+04 1.606019e-02 9.839398e-01 3.699922e-14 5.071587e-54 1.686253e-124 6.752807e-229
3.975e+04 2.829375e-01 7.170625e-01 1.074113e-17 2.572844e-64 1.963907e-145 1.276077e-264
4.025e+04 2.713690e-01 7.286310e-01 1.024772e-17 1.885550e-64 8.764924e-146 2.705660e-265
#TIME: 3.221020
#NVEL: 81
#vel_mid[km/s] Ni0 Ni1 Ni2 Ni3 Ni4 Ni5
2.500e+02 3.748157e-40 1.564528e-30 2.092217e-21 5.949695e-13 2.680887e-05 9.999732e-01
7.500e+02 3.320268e-39 1.150570e-29 1.152299e-20 2.180924e-12 5.563578e-05 9.999444e-01
1.250e+03 6.330698e-39 2.194658e-29 2.091074e-20 3.554524e-12 7.455180e-05 9.999254e-01
1.750e+03 1.132748e-38 3.971440e-29 3.649557e-20 5.663661e-12 9.901661e-05 9.999010e-01
2.250e+03 2.115832e-38 7.486625e-29 6.620419e-20 9.347273e-12 1.345123e-04 9.998655e-01
2.750e+03 3.909971e-38 1.401134e-28 1.198690e-19 1.549003e-11 1.835152e-04 9.998165e-01
3.250e+03 7.993179e-38 2.876127e-28 2.357143e-19 2.749728e-11 2.607131e-04 9.997393e-01
3.750e+03 1.629786e-37 5.903800e-28 4.656966e-19 4.924538e-11 3.725482e-04 9.996275e-01
4.250e+03 3.713773e-37 1.342003e-27 1.008720e-18 9.519290e-11 5.562365e-04 9.994438e-01
4.750e+03 8.591775e-37 3.100202e-27 2.227337e-18 1.876483e-10 8.396942e-04 9.991603e-01
5.250e+03 2.110726e-36 7.579396e-27 5.192737e-18 3.875393e-10 1.301095e-03 9.986989e-01
5.750e+03 5.368462e-36 1.917126e-26 1.253937e-17 8.255749e-10 2.050340e-03 9.979497e-01
6.250e+03 1.591647e-35 5.585460e-26 3.444292e-17 1.952229e-09 3.425045e-03 9.965750e-01
6.750e+03 6.991899e-35 2.327196e-25 1.300075e-16 5.941926e-09 6.589095e-03 9.934109e-01
7.250e+03 7.515445e-34 2.164887e-24 9.897270e-16 3.124452e-08 1.714429e-02 9.828557e-01
7.750e+03 2.399668e-32 5.392217e-23 1.797507e-14 3.220371e-07 6.387686e-02 9.361228e-01
8.250e+03 1.999707e-30 3.237536e-21 7.155060e-13 5.882061e-06 2.961848e-01 7.038093e-01
8.750e+03 2.719607e-28 2.901296e-19 3.758292e-11 1.050627e-04 8.288968e-01 1.709981e-01
9.250e+03 4.442990e-26 2.863780e-17 1.875793e-09 1.286344e-03 9.890657e-01 9.648001e-03
9.750e+03 1.005287e-23 4.032406e-15 1.255855e-07 1.740101e-02 9.822912e-01 3.077025e-04
1.025e+04 5.012515e-21 1.219275e-12 1.508888e-05 2.923136e-01 7.076679e-01 3.454575e-06
1.075e+04 8.687813e-19 1.327699e-10 5.418092e-04 9.496542e-01 4.980399e-02 1.454222e-09
1.125e+04 7.893456e-17 7.991102e-09 9.125935e-03 9.902563e-01 6.177139e-04 4.522918e-14
1.175e+04 1.539610e-14 8.956505e-07 2.050096e-01 7.949868e-01 2.709609e-06 1.712637e-19
1.225e+04 4.983275e-13 1.866306e-05 8.848590e-01 1.151223e-01 1.811499e-09 7.076859e-26
1.275e+04 2.079412e-12 5.885533e-05 9.865868e-01 1.335436e-02 5.746548e-12 1.543328e-30
1.325e+04 1.000252e-11 1.922037e-04 9.986357e-01 1.172141e-03 1.083386e-14 1.453707e-35
1.375e+04 5.972397e-11 7.195152e-04 9.992033e-01 7.720237e-05 1.006336e-17 3.752401e-41
1.425e+04 4.080800e-10 2.970690e-03 9.970253e-01 4.050210e-06 5.153418e-21 3.140217e-47
1.475e+04 2.398889e-09 1.108771e-02 9.889120e-01 2.463360e-07 3.782827e-24 4.916328e-53
1.525e+04 1.684657e-08 4.560890e-02 9.543911e-01 1.177847e-08 1.587978e-27 2.847695e-59
1.575e+04 1.156572e-07 1.766992e-01 8.233007e-01 4.601936e-10 4.744687e-31 9.679060e-66
1.625e+04 4.897814e-07 4.564328e-01 5.435667e-01 1.737418e-11 1.912802e-34 6.892994e-72
1.675e+04 1.098642e-06 7.148759e-01 2.851230e-01 8.582952e-13 2.138895e-37 3.781019e-77
1.725e+04 1.749403e-06 8.609187e-01 1.390796e-01 5.758162e-14 5.847699e-40 1.142605e-81
1.775e+04 3.104173e-06 9.581157e-01 4.188117e-02 1.094562e-15 1.357639e-43 5.564001e-88
1.825e+04 4.350261e-06 9.826612e-01 1.733446e-02 6.521635e-17 3.630134e-46 1.912818e-92
1.875e+04 6.059135e-06 9.929332e-01 7.060730e-03 3.871417e-18 9.923663e-49 7.001009e-97
1.925e+04 8.796842e-06 9.973883e-01 2.602941e-03 1.748503e-19 1.582432e-51 1.038496e-101
1.975e+04 1.638786e-05 9.994263e-01 5.573582e-04 1.622338e-21 1.038675e-55 6.911950e-109
2.025e+04 2.167582e-05 9.997292e-01 2.491486e-04 1.306871e-22 5.366436e-58 7.571257e-113
2.075e+04 2.618254e-05 9.998384e-01 1.353692e-04 1.865174e-23 8.796416e-60 5.874607e-116
2.125e+04 3.259825e-05 9.998986e-01 6.877899e-05 2.186920e-24 9.685018e-62 2.318113e-119
2.175e+04 4.774088e-05 9.999278e-01 2.447047e-05 9.016265e-26 1.287443e-64 2.524233e-124
2.225e+04 7.242551e-05 9.999196e-01 8.013097e-06 2.907118e-27 1.036682e-67 1.168132e-129
2.275e+04 9.951805e-05 9.998972e-01 3.243024e-06 1.741021e-28 2.909729e-70 4.486628e-134
2.325e+04 1.928229e-04 9.998066e-01 6.082110e-07 1.083618e-30 8.287855e-75 7.012446e-142
2.375e+04 1.729600e-04 9.998264e-01 6.310042e-07 1.031387e-30 6.286702e-75 3.646259e-142
2.425e+04 2.324088e-04 9.997673e-01 2.655233e-07 6.900963e-32 2.194208e-77 2.013499e-146
2.475e+04 1.216748e-04 9.998774e-01 9.153032e-07 2.245973e-30 2.137756e-74 2.019493e-141
2.525e+04 3.016328e-04 9.996983e-01 9.783313e-08 2.665255e-33 2.102975e-80 1.024591e-151
2.575e+04 1.781087e-04 9.998216e-01 2.592852e-07 4.012933e-32 4.311442e-78 7.289605e-148
2.625e+04 2.257679e-04 9.997741e-01 1.239999e-07 3.912972e-33 3.225802e-80 1.470442e-151
2.675e+04 4.991699e-04 9.995008e-01 1.670948e-08 9.081613e-36 1.216775e-85 7.208741e-161
2.725e+04 3.620081e-04 9.996380e-01 2.821030e-08 3.647980e-35 1.724461e-84 5.494786e-159
2.775e+04 7.559259e-04 9.992441e-01 4.205902e-09 1.122733e-37 1.130591e-89 6.755459e-168
2.825e+04 2.352112e-04 9.997647e-01 4.933096e-08 1.384899e-34 1.822036e-83 2.107826e-157
2.875e+04 1.026347e-03 9.989737e-01 1.343243e-09 2.788749e-39 4.305126e-93 6.939158e-174
2.925e+04 6.521849e-04 9.993478e-01 3.145419e-09 2.989670e-38 4.569064e-91 1.663840e-170
2.975e+04 1.925148e-04 9.998074e-01 4.150701e-08 5.203326e-35 1.477319e-84 1.693864e-159
3.025e+04 1.706310e-04 9.998293e-01 4.422994e-08 5.361939e-35 1.316983e-84 1.159526e-159
3.075e+04 1.479586e-03 9.985204e-01 2.406727e-10 9.131373e-42 1.862627e-98 2.387843e-183
3.125e+04 4.096919e-04 9.995903e-01 3.969525e-09 3.211450e-38 2.657124e-91 3.228213e-171
3.175e+04 5.946214e-04 9.994054e-01 1.351125e-09 1.131098e-39 2.461792e-94 1.817644e-176
3.225e+04 2.941099e-04 9.997059e-01 5.578940e-09 6.436410e-38 7.723309e-91 1.385587e-170
3.275e+04 7.079943e-05 9.999291e-01 1.124079e-07 3.788032e-34 2.867021e-83 8.685015e-158
3.325e+04 9.062688e-04 9.990937e-01 2.634999e-10 5.569015e-42 2.908686e-99 4.157299e-185
3.375e+04 2.924503e-04 9.997075e-01 3.003746e-09 6.491426e-39 4.332878e-93 1.179652e-174
3.425e+04 6.086054e-04 9.993914e-01 4.403193e-10 1.885902e-41 2.493355e-98 1.144383e-183
3.475e+04 2.306446e-03 9.976936e-01 1.527535e-11 7.543292e-46 2.272822e-107 3.575404e-199
3.525e+04 1.116129e-03 9.988839e-01 6.808204e-11 5.420475e-44 1.160484e-103 6.338702e-193
3.575e+04 2.605092e-03 9.973949e-01 7.505148e-12 6.788919e-47 1.200821e-109 3.283423e-203
3.625e+04 7.938204e-03 9.920618e-01 4.693518e-13 1.692072e-50 4.948800e-117 7.440149e-216
3.675e+04 1.903885e-03 9.980961e-01 1.015547e-11 1.216285e-46 2.780125e-109 9.571684e-203
3.725e+04 5.979184e-03 9.940208e-01 5.869069e-13 2.373173e-50 6.882201e-117 8.992573e-216
3.775e+04 1.426880e-02 9.857312e-01 6.469428e-14 3.209604e-53 8.967881e-123 7.429147e-226
3.825e+04 3.619333e-03 9.963807e-01 1.210179e-12 1.446981e-49 1.886271e-115 1.733944e-213
3.875e+04 3.682493e-03 9.963175e-01 9.398997e-13 5.888211e-50 2.553252e-116 4.802428e-215
3.925e+04 6.096688e-03 9.939033e-01 2.399693e-13 9.194562e-52 4.671740e-120 1.758685e-221
3.975e+04 9.723865e-03 9.902761e-01 6.677476e-14 1.862792e-53 1.458927e-123 1.609102e-227
4.025e+04 1.409358e-02 9.859064e-01 2.301170e-14 7.081503e-55 1.632809e-126 1.290964e-232
#TIME: 3.543122
#NVEL: 81
#vel_mid[km/s] Ni0 Ni1 Ni2 Ni3 Ni4 Ni5
2.500e+02 4.516794e-40 2.083945e-30 2.908037e-21 8.078142e-13 3.257284e-05 9.999674e-01
7.500e+02 3.953354e-39 1.523462e-29 1.606456e-20 3.006844e-12 6.887927e-05 9.999311e-01
1.250e+03 7.900882e-39 3.037121e-29 3.037954e-20 5.088559e-12 9.462686e-05 9.999054e-01
1.750e+03 1.505395e-38 5.825628e-29 5.592599e-20 8.496501e-12 1.294189e-04 9.998706e-01
2.250e+03 2.902101e-38 1.132259e-28 1.045892e-19 1.444349e-11 1.791727e-04 9.998208e-01
2.750e+03 5.772726e-38 2.268572e-28 2.016130e-19 2.526887e-11 2.524700e-04 9.997475e-01
3.250e+03 1.244795e-37 4.897283e-28 4.160730e-19 4.684530e-11 3.679724e-04 9.996320e-01
3.750e+03 2.687370e-37 1.060925e-27 8.656129e-19 8.781705e-11 5.398522e-04 9.994601e-01
4.250e+03 6.434582e-37 2.528628e-27 1.964854e-18 1.769992e-10 8.253193e-04 9.991747e-01
4.750e+03 1.598398e-36 6.246337e-27 4.625867e-18 3.685700e-10 1.284697e-03 9.987153e-01
