#NTIMES: 200
#NSTAGES: 7
#TIMES[d]: 2.0186 2.0562 2.0945 2.1335 2.1732 2.2136 2.2548 2.2968 2.3396 2.3831 2.4275 2.4727 2.5187 2.5656 2.6134 2.6620 2.7116 2.7620 2.8134 2.8658 2.9192 2.9735 3.0289 3.0853 3.1427 3.2012 3.2608 3.3215 3.3833 3.4463 3.5104 3.5758 3.6424 3.7102 3.7792 3.8496 3.9212 3.9942 4.0686 4.1443 4.2215 4.3001 4.3801 4.4617 4.5447 4.6293 4.7155 4.8033 4.8927 4.9838 5.0765 5.1711 5.2673 5.3654 5.4652 5.5670 5.6706 5.7762 5.8837 5.9932 6.1048 6.2184 6.3342 6.4521 6.5722 6.6946 6.8192 6.9461 7.0754 7.2072 7.3413 7.4780 7.6172 7.7590 7.9034 8.0506 8.2004 8.3531 8.5086 8.6670 8.8283 8.9927 9.1601 9.3306 9.5043 9.6812 9.8614 10.0450 10.2320 10.4225 10.6165 10.8141 11.0154 11.2205 11.4294 11.6421 11.8588 12.0796 12.3045 12.5335 12.7668 13.0045 13.2466 13.4932 13.7444 14.0002 14.2608 14.5263 14.7967 15.0722 15.3528 15.6386 15.9297 16.2262 16.5283 16.8360 17.1494 17.4686 17.7938 18.1251 18.4625 18.8062 19.1562 19.5128 19.8761 20.2461 20.6230 21.0069 21.3979 21.7963 22.2020 22.6153 23.0363 23.4652 23.9020 24.3469 24.8002 25.2618 25.7321 26.2111 26.6990 27.1961 27.7023 28.2180 28.7433 29.2784 29.8234 30.3786 30.9441 31.5202 32.1069 32.7046 33.3134 33.9336 34.5653 35.2087 35.8641 36.5318 37.2118 37.9045 38.6102 39.3289 40.0610 40.8068 41.5664 42.3402 43.1284 43.9313 44.7491 45.5821 46.4306 47.2950 48.1754 49.0722 49.9857 50.9162 51.8640 52.8295 53.8130 54.8147 55.8351 56.8745 57.9333 59.0118 60.1103 61.2293 62.3691 63.5301 64.7128 65.9174 67.1445 68.3945 69.6677 70.9646 72.2856 73.6312 75.0019 76.3981 77.8203 79.2690
#
#TIME: 2.0186
#NVEL: 202
#vel_mid[km/s] o0 o1 o2 o3 o4 o5 o6
8.7500e+01 3.3740e-37 7.1371e-29 2.9806e-21 2.4862e-14 1.6167e-08 6.3564e-04 9.9936e-01
2.7500e+02 1.1988e-37 3.2091e-29 1.6875e-21 1.7127e-14 1.3125e-08 5.8306e-04 9.9942e-01
4.7500e+02 1.1968e-37 3.4446e-29 1.9362e-21 2.0195e-14 1.5331e-08 6.4303e-04 9.9936e-01
6.7500e+02 1.5137e-37 4.5171e-29 2.6172e-21 2.6992e-14 1.9502e-08 7.4059e-04 9.9926e-01
8.7500e+02 2.1021e-37 6.4203e-29 3.7844e-21 3.8024e-14 2.5726e-08 8.6907e-04 9.9913e-01
1.0750e+03 3.0606e-37 9.5102e-29 5.6686e-21 5.5073e-14 3.4600e-08 1.0301e-03 9.9897e-01
1.2750e+03 4.5816e-37 1.4440e-28 8.6756e-21 8.1140e-14 4.7098e-08 1.2286e-03 9.9877e-01
1.4750e+03 7.0651e-37 2.2528e-28 1.3606e-20 1.2196e-13 6.5043e-08 1.4767e-03 9.9852e-01
1.6750e+03 1.1135e-36 3.5868e-28 2.1736e-20 1.8611e-13 9.0818e-08 1.7853e-03 9.9821e-01
1.8750e+03 1.7801e-36 5.7877e-28 3.5157e-20 2.8691e-13 1.2775e-07 2.1669e-03 9.9783e-01
2.0750e+03 2.8951e-36 9.4943e-28 5.7748e-20 4.4801e-13 1.8140e-07 2.6433e-03 9.9736e-01
2.2750e+03 4.8076e-36 1.5891e-27 9.6656e-20 7.1067e-13 2.6062e-07 3.2449e-03 9.9675e-01
2.4750e+03 8.0667e-36 2.6871e-27 1.6338e-19 1.1366e-12 3.7669e-07 3.9962e-03 9.9600e-01
2.6750e+03 1.3760e-35 4.6181e-27 2.8040e-19 1.8411e-12 5.4964e-07 4.9466e-03 9.9505e-01
2.8750e+03 2.3809e-35 8.0494e-27 4.8773e-19 3.0159e-12 8.0873e-07 6.1503e-03 9.9385e-01
3.0750e+03 4.1806e-35 1.4238e-26 8.6027e-19 4.9985e-12 1.2004e-06 7.6823e-03 9.9232e-01
3.2750e+03 7.4359e-35 2.5516e-26 1.5364e-18 8.3713e-12 1.7956e-06 9.6355e-03 9.9036e-01
3.4750e+03 1.3405e-34 4.6359e-26 2.7802e-18 1.4176e-11 2.7083e-06 1.2137e-02 9.8786e-01
3.6750e+03 2.4459e-34 8.5299e-26 5.0926e-18 2.4254e-11 4.1167e-06 1.5350e-02 9.8465e-01
3.8750e+03 4.5106e-34 1.5874e-25 9.4320e-18 4.1885e-11 6.3013e-06 1.9480e-02 9.8051e-01
4.0750e+03 8.4092e-34 2.9890e-25 1.7668e-17 7.3031e-11 9.7144e-06 2.4807e-02 9.7518e-01
4.2750e+03 1.5852e-33 5.6953e-25 3.3475e-17 1.2855e-10 1.5081e-05 3.1691e-02 9.6829e-01
4.4750e+03 3.0203e-33 1.0976e-24 6.4109e-17 2.2829e-10 2.3561e-05 4.0590e-02 9.5939e-01
4.6750e+03 5.8325e-33 2.1447e-24 1.2434e-16 4.0959e-10 3.7072e-05 5.2124e-02 9.4784e-01
4.8750e+03 1.1440e-32 4.2564e-24 2.4455e-16 7.4299e-10 5.8763e-05 6.7091e-02 9.3285e-01
5.0750e+03 2.2781e-32 8.5737e-24 4.8721e-16 1.3610e-09 9.3710e-05 8.6443e-02 9.1346e-01
5.2750e+03 4.6175e-32 1.7566e-23 9.8484e-16 2.5200e-09 1.5038e-04 1.1141e-01 8.8844e-01
5.4750e+03 9.5064e-32 3.6530e-23 2.0152e-15 4.7058e-09 2.4231e-04 1.4333e-01 8.5643e-01
5.6750e+03 1.9842e-31 7.6959e-23 4.1661e-15 8.8433e-09 3.9111e-04 1.8358e-01 8.1603e-01
5.8750e+03 4.1751e-31 1.6339e-22 8.6579e-15 1.6648e-08 6.2978e-04 2.3326e-01 7.6611e-01
6.0750e+03 8.8262e-31 3.4841e-22 1.8029e-14 3.1294e-08 1.0084e-03 2.9299e-01 7.0600e-01
6.2750e+03 1.8639e-30 7.4238e-22 3.7436e-14 5.8471e-08 1.5985e-03 3.6230e-01 6.3610e-01
6.4750e+03 3.9011e-30 1.5689e-21 7.6979e-14 1.0793e-07 2.4954e-03 4.3911e-01 5.5839e-01
6.6750e+03 8.2555e-30 3.3514e-21 1.5941e-13 1.9936e-07 3.8668e-03 5.2211e-01 4.7402e-01
6.8750e+03 1.9726e-29 8.0240e-21 3.6443e-13 3.9616e-07 6.2303e-03 6.1624e-01 3.7753e-01
7.0750e+03 5.4249e-29 2.1927e-20 9.3346e-13 8.5429e-07 1.0445e-02 7.1431e-01 2.7525e-01
7.2750e+03 1.6992e-28 6.7741e-20 2.6518e-12 1.9771e-06 1.7999e-02 8.0146e-01 1.8054e-01
7.4750e+03 6.0887e-28 2.3748e-19 8.3662e-12 4.9045e-06 3.1738e-02 8.6312e-01 1.0513e-01
7.6750e+03 2.5498e-27 9.6229e-19 2.9718e-11 1.3152e-05 5.7443e-02 8.8881e-01 5.3735e-02
7.8750e+03 1.2760e-26 4.5942e-18 1.2051e-10 3.8438e-05 1.0688e-01 8.6936e-01 2.3724e-02
8.0750e+03 7.5933e-26 2.5708e-17 5.5350e-10 1.2103e-04 2.0119e-01 7.8991e-01 8.7788e-03
8.2750e+03 5.0839e-25 1.6011e-16 2.7378e-09 3.9063e-04 3.6448e-01 6.3255e-01 2.5733e-03
8.4750e+03 3.5085e-24 1.0219e-15 1.3461e-08 1.1940e-03 5.8703e-01 4.1123e-01 5.4775e-04
8.6750e+03 2.3546e-23 6.3263e-15 6.2286e-08 3.2695e-03 7.9306e-01 2.0359e-01 7.8787e-05
8.8750e+03 1.6116e-22 3.9682e-14 2.8152e-07 8.2503e-03 9.1476e-01 7.6982e-02 7.5475e-06
9.0750e+03 1.2516e-21 2.7845e-13 1.3575e-06 2.0681e-02 9.5619e-01 2.3123e-02 4.8921e-07
9.2750e+03 1.1643e-20 2.3077e-12 7.3551e-06 5.3918e-02 9.4043e-01 5.6472e-03 2.1573e-08
9.4750e+03 1.2864e-19 2.2477e-11 4.4536e-05 1.4473e-01 8.5414e-01 1.0825e-03 6.1154e-10
9.6750e+03 1.5751e-18 2.3861e-10 2.7694e-04 3.6237e-01 6.3721e-01 1.4099e-04 9.3367e-12
9.8750e+03 1.8070e-17 2.3165e-09 1.4661e-03 6.8857e-01 3.0995e-01 9.5437e-06 5.6204e-14
1.0075e+04 1.8368e-16 1.9338e-08 6.1470e-03 9.0645e-01 8.7398e-02 2.8645e-07 1.0824e-16
1.0275e+04 2.0273e-15 1.6850e-07 2.4366e-02 9.5968e-01 1.5951e-02 4.0105e-09 6.5295e-20
1.0475e+04 2.9720e-14 1.8247e-06 1.0489e-01 8.9318e-01 1.9317e-03 2.4527e-11 1.0394e-23
1.0675e+04 5.1998e-13 2.1565e-05 4.1501e-01 5.8486e-01 1.1497e-04 4.3322e-14 2.5199e-28
1.0875e+04 6.4152e-12 1.6283e-04 8.5585e-01 1.4399e-01 1.6405e-06 9.3397e-18 3.2979e-34
1.1075e+04 6.0672e-11 8.6398e-04 9.8578e-01 1.3358e-02 5.0060e-09 1.8064e-22 1.3424e-41
1.1275e+04 8.0093e-10 5.6264e-03 9.9376e-01 6.1544e-04 3.3426e-12 2.2037e-28 0.0000e+00
1.1475e+04 2.7990e-08 6.7967e-02 9.3202e-01 9.3952e-06 1.7776e-16 2.7229e-36 0.0000e+00
1.1675e+04 1.2066e-06 7.0695e-01 2.9305e-01 1.0653e-08 8.0291e-23 0.0000e+00 0.0000e+00
1.1875e+04 1.6438e-05 9.9832e-01 1.6678e-03 9.8402e-15 3.7131e-34 0.0000e+00 0.0000e+00
1.2075e+04 1.2228e-03 9.9878e-01 4.2192e-08 1.6034e-26 0.0000e+00 0.0000e+00 0.0000e+00
1.2275e+04 9.8925e-01 1.0755e-02 1.7846e-22 0.0000e+00 0.0000e+00 0.0000e+00 0.0000e+00
1.2475e+04 9.9988e-01 1.2286e-04 1.5085e-29 0.0000e+00 0.0000e+00 0.0000e+00 0.0000e+00
1.2675e+04 9.9987e-01 1.3072e-04 1.7078e-29 0.0000e+00 0.0000e+00 0.0000e+00 0.0000e+00
1.2875e+04 9.9986e-01 1.3909e-04 1.9335e-29 0.0000e+00 0.0000e+00 0.0000e+00 0.0000e+00
1.3075e+04 9.9985e-01 1.4799e-04 2.1888e-29 0.0000e+00 0.0000e+00 0.0000e+00 0.0000e+00
1.3275e+04 9.9984e-01 1.5746e-04 2.4779e-29 0.0000e+00 0.0000e+00 0.0000e+00 0.0000e+00
1.3475e+04 9.9983e-01 1.6753e-04 2.8051e-29 0.0000e+00 0.0000e+00 0.0000e+00 0.0000e+00
1.3675e+04 9.9982e-01 1.7824e-04 3.1752e-29 0.0000e+00 0.0000e+00 0.0000e+00 0.0000e+00
1.3875e+04 9.9981e-01 1.8965e-04 3.5945e-29 0.0000e+00 0.0000e+00 0.0000e+00 0.0000e+00
1.4075e+04 9.9980e-01 2.0176e-04 4.0683e-29 0.0000e+00 0.0000e+00 0.0000e+00 0.0000e+00
1.4275e+04 9.9979e-01 2.1467e-04 4.6056e-29 0.0000e+00 0.0000e+00 0.0000e+00 0.0000e+00
1.4475e+04 9.9977e-01 2.2837e-04 5.2125e-29 0.0000e+00 0.0000e+00 0.0000e+00 0.0000e+00
1.4675e+04 9.9976e-01 2.4296e-04 5.8997e-29 0.0000e+00 0.0000e+00 0.0000e+00 0.0000e+00
1.4875e+04 9.9974e-01 2.5848e-04 6.6778e-29 0.0000e+00 0.0000e+00 0.0000e+00 0.0000e+00
1.5075e+04 9.9972e-01 2.7499e-04 7.5584e-29 0.0000e+00 0.0000e+00 0.0000e+00 0.0000e+00
1.5275e+04 9.9971e-01 2.9255e-04 8.5547e-29 0.0000e+00 0.0000e+00 0.0000e+00 0.0000e+00
1.5475e+04 9.9969e-01 3.1124e-04 9.6823e-29 0.0000e+00 0.0000e+00 0.0000e+00 0.0000e+00
1.5675e+04 9.9967e-01 3.3112e-04 1.0959e-28 0.0000e+00 0.0000e+00 0.0000e+00 0.0000e+00
1.5875e+04 9.9965e-01 3.5228e-04 1.2405e-28 0.0000e+00 0.0000e+00 0.0000e+00 0.0000e+00
1.6075e+04 9.9963e-01 3.7480e-04 1.4042e-28 0.0000e+00 0.0000e+00 0.0000e+00 0.0000e+00
1.6275e+04 9.9960e-01 3.9877e-04 1.5896e-28 0.0000e+00 0.0000e+00 0.0000e+00 0.0000e+00
1.6475e+04 9.9958e-01 4.2429e-04 1.7996e-28 0.0000e+00 0.0000e+00 0.0000e+00 0.0000e+00
1.6675e+04 9.9955e-01 4.5147e-04 2.0376e-28 0.0000e+00 0.0000e+00 0.0000e+00 0.0000e+00
1.6875e+04 9.9952e-01 4.8041e-04 2.3073e-28 0.0000e+00 0.0000e+00 0.0000e+00 0.0000e+00
1.7075e+04 9.9949e-01 5.1124e-04 2.6130e-28 0.0000e+00 0.0000e+00 0.0000e+00 0.0000e+00
1.7275e+04 9.9946e-01 5.4409e-04 2.9596e-28 0.0000e+00 0.0000e+00 0.0000e+00 0.0000e+00
1.7475e+04 9.9942e-01 5.7908e-04 3.3527e-28 0.0000e+00 0.0000e+00 0.0000e+00 0.0000e+00
1.7675e+04 9.9938e-01 6.1637e-04 3.7985e-28 0.0000e+00 0.0000e+00 0.0000e+00 0.0000e+00
1.7875e+04 9.9934e-01 6.5613e-04 4.3046e-28 0.0000e+00 0.0000e+00 0.0000e+00 0.0000e+00
1.8075e+04 9.9930e-01 6.9853e-04 4.8791e-28 0.0000e+00 0.0000e+00 0.0000e+00 0.0000e+00
1.8275e+04 9.9926e-01 7.4372e-04 5.5311e-28 0.0000e+00 0.0000e+00 0.0000e+00 0.0000e+00
1.8475e+04 9.9921e-01 7.9196e-04 6.2722e-28 0.0000e+00 0.0000e+00 0.0000e+00 0.0000e+00
1.8675e+04 9.9916e-01 8.4341e-04 7.1139e-28 0.0000e+00 0.0000e+00 0.0000e+00 0.0000e+00
1.8875e+04 9.9910e-01 8.9829e-04 8.0702e-28 0.0000e+00 0.0000e+00 0.0000e+00 0.0000e+00
1.9075e+04 9.9904e-01 9.5691e-04 9.1584e-28 0.0000e+00 0.0000e+00 0.0000e+00 0.0000e+00
1.9275e+04 9.9898e-01 1.0194e-03 1.0395e-27 0.0000e+00 0.0000e+00 0.0000e+00 0.0000e+00
1.9475e+04 9.9891e-01 1.0862e-03 1.1802e-27 0.0000e+00 0.0000e+00 0.0000e+00 0.0000e+00
1.9675e+04 9.9884e-01 1.1575e-03 1.3402e-27 0.0000e+00 0.0000e+00 0.0000e+00 0.0000e+00
1.9875e+04 9.9877e-01 1.2336e-03 1.5225e-27 0.0000e+00 0.0000e+00 0.0000e+00 0.0000e+00
2.0075e+04 9.9869e-01 1.3149e-03 1.7300e-27 0.0000e+00 0.0000e+00 0.0000e+00 0.0000e+00
2.0275e+04 9.9860e-01 1.4018e-03 1.9663e-27 0.0000e+00 0.0000e+00 0.0000e+00 0.0000e+00
2.0475e+04 9.9851e-01 1.4946e-03 2.2356e-27 0.0000e+00 0.0000e+00 0.0000e+00 0.0000e+00
2.0675e+04 9.9841e-01 1.5938e-03 2.5423e-27 0.0000e+00 0.0000e+00 0.0000e+00 0.0000e+00
2.0875e+04 9.9830e-01 1.6998e-03 2.8920e-27 0.0000e+00 0.0000e+00 0.0000e+00 0.0000e+00
2.1075e+04 9.9819e-01 1.8131e-03 3.2908e-27 0.0000e+00 0.0000e+00 0.0000e+00 0.0000e+00
2.1275e+04 9.9807e-01 1.9342e-03 3.7453e-27 0.0000e+00 0.0000e+00 0.0000e+00 0.0000e+00
2.1475e+04 9.9794e-01 2.0636e-03 4.2641e-27 0.0000e+00 0.0000e+00 0.0000e+00 0.0000e+00
2.1675e+04 9.9780e-01 2.2020e-03 4.8558e-27 0.0000e+00 0.0000e+00 0.0000e+00 0.0000e+00
2.1875e+04 9.9765e-01 2.3499e-03 5.5307e-27 0.0000e+00 0.0000e+00 0.0000e+00 0.0000e+00
2.2075e+04 9.9749e-01 2.5080e-03 6.3010e-27 0.0000e+00 0.0000e+00 0.0000e+00 0.0000e+00
2.2275e+04 9.9732e-01 2.6771e-03 7.1803e-27 0.0000e+00 0.0000e+00 0.0000e+00 0.0000e+00
2.2475e+04 9.9714e-01 2.8578e-03 8.1844e-27 0.0000e+00 0.0000e+00 0.0000e+00 0.0000e+00
2.2675e+04 9.9695e-01 3.0512e-03 9.3311e-27 0.0000e+00 0.0000e+00 0.0000e+00 0.0000e+00
2.2875e+04 9.9674e-01 3.2578e-03 1.0640e-26 0.0000e+00 0.0000e+00 0.0000e+00 0.0000e+00
2.3075e+04 9.9652e-01 3.4789e-03 1.2136e-26 0.0000e+00 0.0000e+00 0.0000e+00 0.0000e+00
2.3275e+04 9.9628e-01 3.7153e-03 1.3844e-26 0.0000e+00 0.0000e+00 0.0000e+00 0.0000e+00
2.3475e+04 9.9603e-01 3.9678e-03 1.5794e-26 0.0000e+00 0.0000e+00 0.0000e+00 0.0000e+00
2.3675e+04 9.9576e-01 4.2380e-03 1.8023e-26 0.0000e+00 0.0000e+00 0.0000e+00 0.0000e+00
2.3875e+04 9.9547e-01 4.5269e-03 2.0570e-26 0.0000e+00 0.0000e+00 0.0000e+00 0.0000e+00
2.4075e+04 9.9516e-01 4.8353e-03 2.3476e-26 0.0000e+00 0.0000e+00 0.0000e+00 0.0000e+00
2.4275e+04 9.9483e-01 5.1655e-03 2.6800e-26 0.0000e+00 0.0000e+00 0.0000e+00 0.0000e+00
2.4475e+04 9.9448e-01 5.5184e-03 3.0598e-26 0.0000e+00 0.0000e+00 0.0000e+00 0.0000e+00
2.4675e+04 9.9410e-01 5.8960e-03 3.4943e-26 0.0000e+00 0.0000e+00 0.0000e+00 0.0000e+00
2.4875e+04 9.9370e-01 6.2994e-03 3.9903e-26 0.0000e+00 0.0000e+00 0.0000e+00 0.0000e+00
2.5075e+04 9.9327e-01 6.7305e-03 4.5572e-26 0.0000e+00 0.0000e+00 0.0000e+00 0.0000e+00
2.5275e+04 9.9281e-01 7.1912e-03 5.2048e-26 0.0000e+00 0.0000e+00 0.0000e+00 0.0000e+00
2.5475e+04 9.9232e-01 7.6839e-03 5.9454e-26 0.0000e+00 0.0000e+00 0.0000e+00 0.0000e+00
2.5675e+04 9.9179e-01 8.2104e-03 6.7916e-26 0.0000e+00 0.0000e+00 0.0000e+00 0.0000e+00
2.5875e+04 9.9123e-01 8.7729e-03 7.7585e-26 0.0000e+00 0.0000e+00 0.0000e+00 0.0000e+00
2.6075e+04 9.9063e-01 9.3741e-03 8.8637e-26 0.0000e+00 0.0000e+00 0.0000e+00 0.0000e+00
2.6275e+04 9.8998e-01 1.0017e-02 1.0127e-25 0.0000e+00 0.0000e+00 0.0000e+00 0.0000e+00
2.6475e+04 9.8930e-01 1.0703e-02 1.1570e-25 0.0000e+00 0.0000e+00 0.0000e+00 0.0000e+00
2.6675e+04 9.8856e-01 1.1436e-02 1.3220e-25 0.0000e+00 0.0000e+00 0.0000e+00 0.0000e+00
2.6875e+04 9.8778e-01 1.2220e-02 1.5106e-25 0.0000e+00 0.0000e+00 0.0000e+00 0.0000e+00
2.7075e+04 9.8694e-01 1.3057e-02 1.7260e-25 0.0000e+00 0.0000e+00 0.0000e+00 0.0000e+00
2.7275e+04 9.8605e-01 1.3951e-02 1.9723e-25 0.0000e+00 0.0000e+00 0.0000e+00 0.0000e+00
2.7475e+04 9.8509e-01 1.4906e-02 2.2537e-25 0.0000e+00 0.0000e+00 0.0000e+00 0.0000e+00
2.7675e+04 9.8407e-01 1.5926e-02 2.5754e-25 0.0000e+00 0.0000e+00 0.0000e+00 0.0000e+00
2.7875e+04 9.8299e-01 1.7015e-02 2.9429e-25 0.0000e+00 0.0000e+00 0.0000e+00 0.0000e+00
2.8075e+04 9.8182e-01 1.8178e-02 3.3628e-25 0.0000e+00 0.0000e+00 0.0000e+00 0.0000e+00
2.8275e+04 9.8058e-01 1.9419e-02 3.8426e-25 0.0000e+00 0.0000e+00 0.0000e+00 0.0000e+00
2.8475e+04 9.7926e-01 2.0744e-02 4.3910e-25 0.0000e+00 0.0000e+00 0.0000e+00 0.0000e+00
2.8675e+04 9.7784e-01 2.2159e-02 5.0177e-25 0.0000e+00 0.0000e+00 0.0000e+00 0.0000e+00
2.8875e+04 9.7633e-01 2.3668e-02 5.7333e-25 0.0000e+00 0.0000e+00 0.0000e+00 0.0000e+00
2.9075e+04 9.7472e-01 2.5280e-02 6.5514e-25 0.0000e+00 0.0000e+00 0.0000e+00 0.0000e+00
2.9275e+04 9.7300e-01 2.6999e-02 7.4859e-25 0.0000e+00 0.0000e+00 0.0000e+00 0.0000e+00
2.9475e+04 9.7117e-01 2.8832e-02 8.5530e-25 0.0000e+00 0.0000e+00 0.0000e+00 0.0000e+00
2.9675e+04 9.6921e-01 3.0787e-02 9.7719e-25 0.0000e+00 0.0000e+00 0.0000e+00 0.0000e+00
2.9875e+04 9.6713e-01 3.2872e-02 1.1164e-24 0.0000e+00 0.0000e+00 0.0000e+00 0.0000e+00
3.0075e+04 9.6491e-01 3.5094e-02 1.2754e-24 0.0000e+00 0.0000e+00 0.0000e+00 0.0000e+00
3.0275e+04 9.6254e-01 3.7462e-02 1.4569e-24 0.0000e+00 0.0000e+00 0.0000e+00 0.0000e+00
3.0475e+04 9.6001e-01 3.9986e-02 1.6642e-24 0.0000e+00 0.0000e+00 0.0000e+00 0.0000e+00
3.0675e+04 9.5733e-01 4.2673e-02 1.9007e-24 0.0000e+00 0.0000e+00 0.0000e+00 0.0000e+00
3.0875e+04 9.5447e-01 4.5535e-02 2.1706e-24 0.0000e+00 0.0000e+00 0.0000e+00 0.0000e+00
3.1075e+04 9.5142e-01 4.8582e-02 2.4788e-24 0.0000e+00 0.0000e+00 0.0000e+00 0.0000e+00
3.1275e+04 9.4818e-01 5.1821e-02 2.8300e-24 0.0000e+00 0.0000e+00 0.0000e+00 0.0000e+00
3.1475e+04 9.4473e-01 5.5269e-02 3.2308e-24 0.0000e+00 0.0000e+00 0.0000e+00 0.0000e+00
3.1675e+04 9.4107e-01 5.8932e-02 3.6876e-24 0.0000e+00 0.0000e+00 0.0000e+00 0.0000e+00
3.1875e+04 9.3717e-01 6.2828e-02 4.2088e-24 0.0000e+00 0.0000e+00 0.0000e+00 0.0000e+00
3.2075e+04 9.3304e-01 6.6960e-02 4.8018e-24 0.0000e+00 0.0000e+00 0.0000e+00 0.0000e+00
3.2275e+04 9.2865e-01 7.1348e-02 5.4774e-24 0.0000e+00 0.0000e+00 0.0000e+00 0.0000e+00
3.2475e+04 9.2400e-01 7.6005e-02 6.2470e-24 0.0000e+00 0.0000e+00 0.0000e+00 0.0000e+00
3.2675e+04 9.1906e-01 8.0943e-02 7.1234e-24 0.0000e+00 0.0000e+00 0.0000e+00 0.0000e+00
3.2875e+04 9.1383e-01 8.6172e-02 8.1195e-24 0.0000e+00 0.0000e+00 0.0000e+00 0.0000e+00
3.3075e+04 9.0829e-01 9.1709e-02 9.2526e-24 0.0000e+00 0.0000e+00 0.0000e+00 0.0000e+00
3.3275e+04 9.0243e-01 9.7567e-02 1.0540e-23 0.0000e+00 0.0000e+00 0.0000e+00 0.0000e+00
3.3475e+04 8.9624e-01 1.0376e-01 1.2003e-23 0.0000e+00 0.0000e+00 0.0000e+00 0.0000e+00
3.3675e+04 8.8970e-01 1.1030e-01 1.3665e-23 0.0000e+00 0.0000e+00 0.0000e+00 0.0000e+00
3.3875e+04 8.8279e-01 1.1721e-01 1.5550e-23 0.0000e+00 0.0000e+00 0.0000e+00 0.0000e+00
3.4075e+04 8.7551e-01 1.2449e-01 1.7687e-23 0.0000e+00 0.0000e+00 0.0000e+00 0.0000e+00
3.4275e+04 8.6785e-01 1.3215e-01 2.0108e-23 0.0000e+00 0.0000e+00 0.0000e+00 0.0000e+00
3.4475e+04 8.5978e-01 1.4022e-01 2.2850e-23 0.0000e+00 0.0000e+00 0.0000e+00 0.0000e+00
3.4675e+04 8.5131e-01 1.4869e-01 2.5952e-23 0.0000e+00 0.0000e+00 0.0000e+00 0.0000e+00
3.4875e+04 8.4240e-01 1.5760e-01 2.9460e-23 0.0000e+00 0.0000e+00 0.0000e+00 0.0000e+00
3.5075e+04 8.3307e-01 1.6693e-01 3.3422e-23 0.0000e+00 0.0000e+00 0.0000e+00 0.0000e+00
3.5275e+04 8.2330e-01 1.7670e-01 3.7894e-23 0.0000e+00 0.0000e+00 0.0000e+00 0.0000e+00
3.5475e+04 8.1308e-01 1.8692e-01 4.2936e-23 0.0000e+00 0.0000e+00 0.0000e+00 0.0000e+00
3.5675e+04 8.0241e-01 1.9759e-01 4.8618e-23 0.0000e+00 0.0000e+00 0.0000e+00 0.0000e+00
3.5875e+04 7.9129e-01 2.0871e-01 5.5008e-23 0.0000e+00 0.0000e+00 0.0000e+00 0.0000e+00
3.6075e+04 7.7970e-01 2.2030e-01 6.2195e-23 0.0000e+00 0.0000e+00 0.0000e+00 0.0000e+00
3.6275e+04 7.6766e-01 2.3234e-01 7.0265e-23 0.0000e+00 0.0000e+00 0.0000e+00 0.0000e+00
3.6475e+04 7.5516e-01 2.4484e-01 7.9318e-23 0.0000e+00 0.0000e+00 0.0000e+00 0.0000e+00
3.6675e+04 7.4222e-01 2.5778e-01 8.9462e-23 0.0000e+00 0.0000e+00 0.0000e+00 0.0000e+00
3.6875e+04 7.2883e-01 2.7117e-01 1.0081e-22 0.0000e+00 0.0000e+00 0.0000e+00 0.0000e+00
3.7075e+04 7.1501e-01 2.8499e-01 1.1350e-22 0.0000e+00 0.0000e+00 0.0000e+00 0.0000e+00
3.7275e+04 7.0078e-01 2.9922e-01 1.2766e-22 0.0000e+00 0.0000e+00 0.0000e+00 0.0000e+00
3.7475e+04 6.8615e-01 3.1385e-01 1.4345e-22 0.0000e+00 0.0000e+00 0.0000e+00 0.0000e+00
3.7675e+04 6.7112e-01 3.2888e-01 1.6104e-22 0.0000e+00 0.0000e+00 0.0000e+00 0.0000e+00
3.7875e+04 6.5575e-01 3.4425e-01 1.8058e-22 0.0000e+00 0.0000e+00 0.0000e+00 0.0000e+00
3.8075e+04 6.4003e-01 3.5997e-01 2.0230e-22 0.0000e+00 0.0000e+00 0.0000e+00 0.0000e+00
3.8275e+04 6.2401e-01 3.7599e-01 2.2638e-22 0.0000e+00 0.0000e+00 0.0000e+00 0.0000e+00
3.8475e+04 6.0771e-01 3.9229e-01 2.5304e-22 0.0000e+00 0.0000e+00 0.0000e+00 0.0000e+00
3.8675e+04 5.9116e-01 4.0884e-01 2.8253e-22 0.0000e+00 0.0000e+00 0.0000e+00 0.0000e+00
3.8875e+04 5.7440e-01 4.2560e-01 3.1510e-22 0.0000e+00 0.0000e+00 0.0000e+00 0.0000e+00
3.9075e+04 5.5747e-01 4.4253e-01 3.5101e-22 0.0000e+00 0.0000e+00 0.0000e+00 0.0000e+00
3.9275e+04 5.4042e-01 4.5958e-01 3.9053e-22 0.0000e+00 0.0000e+00 0.0000e+00 0.0000e+00
3.9475e+04 5.2326e-01 4.7674e-01 4.3403e-22 0.0000e+00 0.0000e+00 0.0000e+00 0.0000e+00
3.9675e+04 5.0604e-01 4.9396e-01 4.8180e-22 0.0000e+00 0.0000e+00 0.0000e+00 0.0000e+00
3.9875e+04 4.8880e-01 5.1120e-01 5.3421e-22 0.0000e+00 0.0000e+00 0.0000e+00 0.0000e+00
4.0075e+04 4.7160e-01 5.2840e-01 5.9157e-22 0.0000e+00 0.0000e+00 0.0000e+00 0.0000e+00
4.0225e+04 4.5872e-01 5.4128e-01 6.3820e-22 0.0000e+00 0.0000e+00 0.0000e+00 0.0000e+00
#
#TIME: 2.0562
#NVEL: 202
#vel_mid[km/s] o0 o1 o2 o3 o4 o5 o6
8.7500e+01 1.4866e-37 3.4447e-29 1.5818e-21 1.4868e-14 1.1148e-08 5.2108e-04 9.9948e-01
2.7500e+02 5.8340e-38 1.6977e-29 9.7329e-22 1.0986e-14 9.5388e-09 4.9196e-04 9.9951e-01
4.7500e+02 5.9643e-38 1.8621e-29 1.1385e-21 1.3165e-14 1.1278e-08 5.4619e-04 9.9945e-01
6.7500e+02 7.5422e-38 2.4407e-29 1.5378e-21 1.7584e-14 1.4338e-08 6.2889e-04 9.9937e-01
8.7500e+02 1.0437e-37 3.4569e-29 2.2158e-21 2.4695e-14 1.8871e-08 7.3710e-04 9.9926e-01
1.0750e+03 1.5226e-37 5.1288e-29 3.3230e-21 3.5803e-14 2.5401e-08 8.7409e-04 9.9913e-01
1.2750e+03 2.2930e-37 7.8289e-29 5.1094e-21 5.2958e-14 3.4679e-08 1.0443e-03 9.9896e-01
1.4750e+03 3.4451e-37 1.1920e-28 7.8340e-21 7.8095e-14 4.7215e-08 1.2455e-03 9.9875e-01
1.6750e+03 5.5377e-37 1.9322e-28 1.2720e-20 1.2082e-13 6.6611e-08 1.5143e-03 9.9849e-01
1.8750e+03 8.6941e-37 3.0650e-28 2.0250e-20 1.8378e-13 9.2764e-08 1.8280e-03 9.9817e-01
2.0750e+03 1.4152e-36 5.0305e-28 3.3269e-20 2.8702e-13 1.3174e-07 2.2302e-03 9.9777e-01
2.2750e+03 2.3241e-36 8.3294e-28 5.5123e-20 4.5142e-13 1.8806e-07 2.7283e-03 9.9727e-01
2.4750e+03 3.8764e-36 1.4001e-27 9.2641e-20 7.1849e-13 2.7084e-07 3.3536e-03 9.9665e-01
2.6750e+03 6.7441e-36 2.4501e-27 1.6162e-19 1.1801e-12 3.9933e-07 4.1751e-03 9.9582e-01
2.8750e+03 1.1217e-35 4.1141e-27 2.7157e-19 1.8775e-12 5.7488e-07 5.1298e-03 9.9487e-01
3.0750e+03 2.0117e-35 7.4192e-27 4.8752e-19 3.1584e-12 8.6284e-07 6.4476e-03 9.9355e-01
3.2750e+03 3.5040e-35 1.3031e-26 8.5446e-19 5.2063e-12 1.2755e-06 8.0356e-03 9.9196e-01
3.4750e+03 6.2089e-35 2.3282e-26 1.5220e-18 8.6996e-12 1.9048e-06 1.0069e-02 9.8993e-01
3.6750e+03 1.1572e-34 4.3672e-26 2.8372e-18 1.5105e-11 2.9274e-06 1.2813e-02 9.8718e-01
3.8750e+03 2.1361e-34 8.1292e-26 5.2540e-18 2.6083e-11 4.4805e-06 1.6265e-02 9.8373e-01
4.0750e+03 3.8395e-34 1.4777e-25 9.5237e-18 4.4232e-11 6.7658e-06 2.0488e-02 9.7951e-01
4.2750e+03 7.5352e-34 2.9227e-25 1.8674e-17 8.0153e-11 1.0736e-05 2.6499e-02 9.7349e-01
4.4750e+03 1.4105e-33 5.5362e-25 3.5193e-17 1.4045e-10 1.6610e-05 3.3784e-02 9.6620e-01
4.6750e+03 2.7127e-33 1.0771e-24 6.7995e-17 2.5125e-10 2.6090e-05 4.3383e-02 9.5659e-01
4.8750e+03 5.1525e-33 2.0731e-24 1.3004e-16 4.4536e-10 4.0676e-05 5.5418e-02 9.4454e-01
5.0750e+03 1.0613e-32 4.3121e-24 2.6703e-16 8.3754e-10 6.6213e-05 7.2311e-02 9.2762e-01
5.2750e+03 2.1197e-32 8.7139e-24 5.3336e-16 1.5369e-09 1.0568e-04 9.3138e-02 9.0676e-01
5.4750e+03 4.2422e-32 1.7645e-23 1.0660e-15 2.8174e-09 1.6826e-04 1.1943e-01 8.8040e-01
5.6750e+03 8.9238e-32 3.7463e-23 2.2221e-15 5.3397e-09 2.7389e-04 1.5423e-01 8.4549e-01
5.8750e+03 1.8208e-31 7.7269e-23 4.5026e-15 9.8611e-09 4.3609e-04 1.9586e-01 8.0370e-01
6.0750e+03 4.0209e-31 1.7178e-22 9.7540e-15 1.9198e-08 7.1866e-04 2.5109e-01 7.4819e-01
6.2750e+03 8.5896e-31 3.7011e-22 2.0488e-14 3.6304e-08 1.1537e-03 3.1473e-01 6.8412e-01
6.4750e+03 1.8175e-30 7.9040e-22 4.2592e-14 6.7808e-08 1.8247e-03 3.8717e-01 6.1101e-01
6.6750e+03 3.8650e-30 1.6962e-21 8.8704e-14 1.2625e-07 2.8584e-03 4.6748e-01 5.2966e-01
6.8750e+03 9.0481e-30 3.9822e-21 1.9958e-13 2.4867e-07 4.6096e-03 5.5992e-01 4.3547e-01
7.0750e+03 2.6642e-29 1.1608e-20 5.4301e-13 5.6540e-07 8.0707e-03 6.6936e-01 3.2257e-01
7.2750e+03 8.4052e-29 3.6096e-20 1.5552e-12 1.3233e-06 1.4125e-02 7.6778e-01 2.1809e-01
7.4750e+03 3.0397e-28 1.2767e-19 4.9587e-12 3.3256e-06 2.5312e-02 8.4426e-01 1.3043e-01
7.6750e+03 1.2827e-27 5.2159e-19 1.7798e-11 9.0318e-06 4.6508e-02 8.8535e-01 6.8134e-02
7.8750e+03 6.3293e-27 2.4609e-18 7.1686e-11 2.6389e-05 8.7190e-02 8.8177e-01 3.1012e-02
8.0750e+03 3.8065e-26 1.3929e-17 3.3396e-10 8.4516e-05 1.6745e-01 8.2065e-01 1.1809e-02
8.2750e+03 2.6087e-25 8.8794e-17 1.6948e-09 2.8072e-04 3.1338e-01 6.8272e-01 3.6213e-03
8.4750e+03 1.8291e-24 5.7599e-16 8.5146e-09 8.8477e-04 5.2675e-01 4.7153e-01 8.3711e-04
8.6750e+03 1.3507e-23 3.9060e-15 4.2873e-08 2.6066e-03 7.5450e-01 2.4277e-01 1.2235e-04
8.8750e+03 9.3330e-23 2.4754e-14 1.9667e-07 6.7219e-03 8.9736e-01 9.5908e-02 1.2445e-05
9.0750e+03 7.0059e-22 1.6848e-13 9.2945e-07 1.6776e-02 9.5309e-01 3.0130e-02 8.7384e-07
9.2750e+03 6.4593e-21 1.3852e-12 5.0178e-06 4.3876e-02 9.4857e-01 7.5458e-03 4.0164e-08
9.4750e+03 7.3679e-20 1.3909e-11 3.1251e-05 1.2064e-01 8.7786e-01 1.4647e-03 1.1441e-09
9.6750e+03 9.2747e-19 1.5201e-10 2.0082e-04 3.1393e-01 6.8567e-01 2.0203e-04 1.8760e-11
9.8750e+03 1.1342e-17 1.5745e-09 1.1366e-03 6.3969e-01 3.5916e-01 1.4833e-05 1.2355e-13
1.0075e+04 1.1855e-16 1.3556e-08 4.9535e-03 8.8658e-01 1.0847e-01 4.8952e-07 2.7011e-16
1.0275e+04 1.4268e-15 1.2800e-07 2.0817e-02 9.5988e-01 1.9307e-02 6.2468e-09 1.3671e-19
1.0475e+04 1.9455e-14 1.3065e-06 8.7058e-02 9.1040e-01 2.5378e-03 4.5462e-11 2.8944e-23
1.0675e+04 3.0543e-13 1.4270e-05 3.4103e-01 6.5876e-01 1.9321e-04 1.2726e-13 1.4419e-27
1.0875e+04 4.5587e-12 1.2903e-04 8.1910e-01 1.8077e-01 2.9066e-06 2.6745e-17 1.6722e-33
1.1075e+04 4.5445e-11 7.1745e-04 9.8194e-01 1.7339e-02 9.1367e-09 5.3262e-22 7.0148e-41
1.1275e+04 5.9009e-10 4.6346e-03 9.9455e-01 8.1677e-04 6.3986e-12 7.0690e-28 0.0000e+00
1.1475e+04 1.6499e-08 4.8282e-02 9.5170e-01 1.6561e-05 6.5054e-16 2.8492e-35 0.0000e+00
1.1675e+04 8.3314e-07 6.0507e-01 3.9493e-01 2.8789e-08 5.6180e-22 0.0000e+00 0.0000e+00
1.1875e+04 1.0662e-05 9.9576e-01 4.2332e-03 1.0383e-13 2.7935e-32 0.0000e+00 0.0000e+00
1.2075e+04 1.5213e-04 9.9984e-01 6.6580e-06 6.5901e-21 1.4013e-45 0.0000e+00 0.0000e+00
1.2275e+04 9.3491e-05 9.9989e-01 2.0179e-05 1.0935e-19 2.1720e-43 0.0000e+00 0.0000e+00
1.2475e+04 1.9694e-03 9.9803e-01 9.9371e-09 3.5978e-28 0.0000e+00 0.0000e+00 0.0000e+00
1.2675e+04 5.7449e-01 4.2551e-01 2.2272e-16 0.0000e+00 0.0000e+00 0.0000e+00 0.0000e+00
1.2875e+04 9.9045e-01 9.5546e-03 7.9117e-23 0.0000e+00 0.0000e+00 0.0000e+00 0.0000e+00
1.3075e+04 9.9904e-01 9.6471e-04 1.8457e-26 0.0000e+00 0.0000e+00 0.0000e+00 0.0000e+00
1.3275e+04 9.9961e-01 3.8987e-04 6.1832e-28 0.0000e+00 0.0000e+00 0.0000e+00 0.0000e+00
1.3475e+04 9.9973e-01 2.7018e-04 1.4708e-28 0.0000e+00 0.0000e+00 0.0000e+00 0.0000e+00
1.3675e+04 9.9972e-01 2.7636e-04 1.4431e-28 0.0000e+00 0.0000e+00 0.0000e+00 0.0000e+00
1.3875e+04 9.9974e-01 2.6495e-04 1.1185e-28 0.0000e+00 0.0000e+00 0.0000e+00 0.0000e+00
1.4075e+04 9.9975e-01 2.4823e-04 7.9728e-29 0.0000e+00 0.0000e+00 0.0000e+00 0.0000e+00
1.4275e+04 9.9971e-01 2.8889e-04 1.2512e-28 0.0000e+00 0.0000e+00 0.0000e+00 0.0000e+00
1.4475e+04 9.9971e-01 2.9053e-04 1.1540e-28 0.0000e+00 0.0000e+00 0.0000e+00 0.0000e+00
1.4675e+04 9.9969e-01 3.0965e-04 1.3150e-28 0.0000e+00 0.0000e+00 0.0000e+00 0.0000e+00
1.4875e+04 9.9967e-01 3.3043e-04 1.5050e-28 0.0000e+00 0.0000e+00 0.0000e+00 0.0000e+00
1.5075e+04 9.9966e-01 3.4355e-04 1.5667e-28 0.0000e+00 0.0000e+00 0.0000e+00 0.0000e+00
1.5275e+04 9.9963e-01 3.7213e-04 1.8932e-28 0.0000e+00 0.0000e+00 0.0000e+00 0.0000e+00
1.5475e+04 9.9962e-01 3.8235e-04 1.8877e-28 0.0000e+00 0.0000e+00 0.0000e+00 0.0000e+00
1.5675e+04 9.9957e-01 4.3373e-04 2.6984e-28 0.0000e+00 0.0000e+00 0.0000e+00 0.0000e+00
1.5875e+04 9.9955e-01 4.4513e-04 2.6791e-28 0.0000e+00 0.0000e+00 0.0000e+00 0.0000e+00
1.6075e+04 9.9952e-01 4.8177e-04 3.2272e-28 0.0000e+00 0.0000e+00 0.0000e+00 0.0000e+00
1.6275e+04 9.9948e-01 5.2339e-04 3.9405e-28 0.0000e+00 0.0000e+00 0.0000e+00 0.0000e+00
1.6475e+04 9.9944e-01 5.5791e-04 4.4895e-28 0.0000e+00 0.0000e+00 0.0000e+00 0.0000e+00
1.6675e+04 9.9942e-01 5.7714e-04 4.5868e-28 0.0000e+00 0.0000e+00 0.0000e+00 0.0000e+00
1.6875e+04 9.9934e-01 6.5893e-04 6.7047e-28 0.0000e+00 0.0000e+00 0.0000e+00 0.0000e+00
1.7075e+04 9.9935e-01 6.5077e-04 5.7879e-28 0.0000e+00 0.0000e+00 0.0000e+00 0.0000e+00
1.7275e+04 9.9931e-01 6.9166e-04 6.5216e-28 0.0000e+00 0.0000e+00 0.0000e+00 0.0000e+00
1.7475e+04 9.9923e-01 7.6505e-04 8.4916e-28 0.0000e+00 0.0000e+00 0.0000e+00 0.0000e+00
1.7675e+04 9.9917e-01 8.2797e-04 1.0213e-27 0.0000e+00 0.0000e+00 0.0000e+00 0.0000e+00
1.7875e+04 9.9915e-01 8.4891e-04 1.0096e-27 0.0000e+00 0.0000e+00 0.0000e+00 0.0000e+00
1.8075e+04 9.9903e-01 9.6719e-04 1.4620e-27 0.0000e+00 0.0000e+00 0.0000e+00 0.0000e+00
1.8275e+04 9.9898e-01 1.0202e-03 1.6015e-27 0.0000e+00 0.0000e+00 0.0000e+00 0.0000e+00
1.8475e+04 9.9898e-01 1.0229e-03 1.4594e-27 0.0000e+00 0.0000e+00 0.0000e+00 0.0000e+00
1.8675e+04 9.9882e-01 1.1808e-03 2.2135e-27 0.0000e+00 0.0000e+00 0.0000e+00 0.0000e+00
1.8875e+04 9.9878e-01 1.2195e-03 2.2451e-27 0.0000e+00 0.0000e+00 0.0000e+00 0.0000e+00
1.9075e+04 9.9865e-01 1.3453e-03 2.8884e-27 0.0000e+00 0.0000e+00 0.0000e+00 0.0000e+00
1.9275e+04 9.9858e-01 1.4250e-03 3.2082e-27 0.0000e+00 0.0000e+00 0.0000e+00 0.0000e+00
1.9475e+04 9.9846e-01 1.5411e-03 3.8398e-27 0.0000e+00 0.0000e+00 0.0000e+00 0.0000e+00
1.9675e+04 9.9816e-01 1.8434e-03 6.6038e-27 0.0000e+00 0.0000e+00 0.0000e+00 0.0000e+00
1.9875e+04 9.9811e-01 1.8875e-03 6.4872e-27 0.0000e+00 0.0000e+00 0.0000e+00 0.0000e+00
2.0075e+04 9.9815e-01 1.8456e-03 5.4007e-27 0.0000e+00 0.0000e+00 0.0000e+00 0.0000e+00
2.0275e+04 9.9791e-01 2.0928e-03 7.6563e-27 0.0000e+00 0.0000e+00 0.0000e+00 0.0000e+00
2.0475e+04 9.9785e-01 2.1470e-03 7.5715e-27 0.0000e+00 0.0000e+00 0.0000e+00 0.0000e+00
2.0675e+04 9.9783e-01 2.1710e-03 7.1103e-27 0.0000e+00 0.0000e+00 0.0000e+00 0.0000e+00
2.0875e+04 9.9752e-01 2.4806e-03 1.0349e-26 0.0000e+00 0.0000e+00 0.0000e+00 0.0000e+00
2.1075e+04 9.9721e-01 2.7879e-03 1.4191e-26 0.0000e+00 0.0000e+00 0.0000e+00 0.0000e+00
2.1275e+04 9.9712e-01 2.8837e-03 1.4449e-26 0.0000e+00 0.0000e+00 0.0000e+00 0.0000e+00
2.1475e+04 9.9679e-01 3.2064e-03 1.9055e-26 0.0000e+00 0.0000e+00 0.0000e+00 0.0000e+00
2.1675e+04 9.9697e-01 3.0314e-03 1.4059e-26 0.0000e+00 0.0000e+00 0.0000e+00 0.0000e+00
2.1875e+04 9.9665e-01 3.3494e-03 1.8124e-26 0.0000e+00 0.0000e+00 0.0000e+00 0.0000e+00
2.2075e+04 9.9607e-01 3.9307e-03 2.8979e-26 0.0000e+00 0.0000e+00 0.0000e+00 0.0000e+00
2.2275e+04 9.9635e-01 3.6469e-03 1.9991e-26 0.0000e+00 0.0000e+00 0.0000e+00 0.0000e+00
2.2475e+04 9.9543e-01 4.5700e-03 4.0397e-26 0.0000e+00 0.0000e+00 0.0000e+00 0.0000e+00
2.2675e+04 9.9581e-01 4.1886e-03 2.6679e-26 0.0000e+00 0.0000e+00 0.0000e+00 0.0000e+00
2.2875e+04 9.9475e-01 5.2488e-03 5.3890e-26 0.0000e+00 0.0000e+00 0.0000e+00 0.0000e+00
2.3075e+04 9.9540e-01 4.6014e-03 3.0359e-26 0.0000e+00 0.0000e+00 0.0000e+00 0.0000e+00
2.3275e+04 9.9456e-01 5.4443e-03 4.9931e-26 0.0000e+00 0.0000e+00 0.0000e+00 0.0000e+00
2.3475e+04 9.9378e-01 6.2170e-03 7.2342e-26 0.0000e+00 0.0000e+00 0.0000e+00 0.0000e+00
2.3675e+04 9.9399e-01 6.0093e-03 5.7771e-26 0.0000e+00 0.0000e+00 0.0000e+00 0.0000e+00
2.3875e+04 9.9308e-01 6.9169e-03 8.6092e-26 0.0000e+00 0.0000e+00 0.0000e+00 0.0000e+00
2.4075e+04 9.9263e-01 7.3699e-03 9.7383e-26 0.0000e+00 0.0000e+00 0.0000e+00 0.0000e+00
2.4275e+04 9.9283e-01 7.1677e-03 7.9492e-26 0.0000e+00 0.0000e+00 0.0000e+00 0.0000e+00
2.4475e+04 9.9113e-01 8.8663e-03 1.5324e-25 0.0000e+00 0.0000e+00 0.0000e+00 0.0000e+00
2.4675e+04 9.9304e-01 6.9573e-03 5.8086e-26 0.0000e+00 0.0000e+00 0.0000e+00 0.0000e+00
2.4875e+04 9.9192e-01 8.0810e-03 8.9407e-26 0.0000e+00 0.0000e+00 0.0000e+00 0.0000e+00
2.5075e+04 9.9068e-01 9.3177e-03 1.3408e-25 0.0000e+00 0.0000e+00 0.0000e+00 0.0000e+00
2.5275e+04 9.9108e-01 8.9232e-03 1.0356e-25 0.0000e+00 0.0000e+00 0.0000e+00 0.0000e+00
2.5475e+04 9.8870e-01 1.1296e-02 2.1696e-25 0.0000e+00 0.0000e+00 0.0000e+00 0.0000e+00
2.5675e+04 9.8889e-01 1.1111e-02 1.8432e-25 0.0000e+00 0.0000e+00 0.0000e+00 0.0000e+00
2.5875e+04 9.8878e-01 1.1224e-02 1.7231e-25 0.0000e+00 0.0000e+00 0.0000e+00 0.0000e+00
2.6075e+04 9.8645e-01 1.3551e-02 3.0488e-25 0.0000e+00 0.0000e+00 0.0000e+00 0.0000e+00
2.6275e+04 9.8703e-01 1.2972e-02 2.3503e-25 0.0000e+00 0.0000e+00 0.0000e+00 0.0000e+00
2.6475e+04 9.8587e-01 1.4131e-02 2.8787e-25 0.0000e+00 0.0000e+00 0.0000e+00 0.0000e+00
2.6675e+04 9.8344e-01 1.6564e-02 4.5863e-25 0.0000e+00 0.0000e+00 0.0000e+00 0.0000e+00
2.6875e+04 9.8848e-01 1.1523e-02 1.1265e-25 0.0000e+00 0.0000e+00 0.0000e+00 0.0000e+00
2.7075e+04 9.8463e-01 1.5369e-02 2.8488e-25 0.0000e+00 0.0000e+00 0.0000e+00 0.0000e+00
2.7275e+04 9.8226e-01 1.7739e-02 4.2947e-25 0.0000e+00 0.0000e+00 0.0000e+00 0.0000e+00
2.7475e+04 9.8076e-01 1.9239e-02 5.1812e-25 0.0000e+00 0.0000e+00 0.0000e+00 0.0000e+00
2.7675e+04 9.7751e-01 2.2494e-02 8.1929e-25 0.0000e+00 0.0000e+00 0.0000e+00 0.0000e+00
2.7875e+04 9.8233e-01 1.7673e-02 3.1032e-25 0.0000e+00 0.0000e+00 0.0000e+00 0.0000e+00
2.8075e+04 9.7896e-01 2.1037e-02 5.2305e-25 0.0000e+00 0.0000e+00 0.0000e+00 0.0000e+00
2.8275e+04 9.7180e-01 2.8202e-02 1.3558e-24 0.0000e+00 0.0000e+00 0.0000e+00 0.0000e+00
2.8475e+04 9.7142e-01 2.8577e-02 1.2817e-24 0.0000e+00 0.0000e+00 0.0000e+00 0.0000e+00
2.8675e+04 9.7366e-01 2.6339e-02 8.6055e-25 0.0000e+00 0.0000e+00 0.0000e+00 0.0000e+00
2.8875e+04 9.6926e-01 3.0743e-02 1.3559e-24 0.0000e+00 0.0000e+00 0.0000e+00 0.0000e+00
2.9075e+04 9.6583e-01 3.4168e-02 1.7913e-24 0.0000e+00 0.0000e+00 0.0000e+00 0.0000e+00
2.9275e+04 9.6759e-01 3.2408e-02 1.3329e-24 0.0000e+00 0.0000e+00 0.0000e+00 0.0000e+00
2.9475e+04 9.6216e-01 3.7838e-02 2.1071e-24 0.0000e+00 0.0000e+00 0.0000e+00 0.0000e+00
2.9675e+04 9.7113e-01 2.8873e-02 7.1292e-25 0.0000e+00 0.0000e+00 0.0000e+00 0.0000e+00
2.9875e+04 9.6383e-01 3.6170e-02 1.4529e-24 0.0000e+00 0.0000e+00 0.0000e+00 0.0000e+00
3.0075e+04 9.5489e-01 4.5112e-02 2.9267e-24 0.0000e+00 0.0000e+00 0.0000e+00 0.0000e+00
3.0275e+04 9.6187e-01 3.8133e-02 1.4298e-24 0.0000e+00 0.0000e+00 0.0000e+00 0.0000e+00
3.0475e+04 9.6359e-01 3.6411e-02 1.0894e-24 0.0000e+00 0.0000e+00 0.0000e+00 0.0000e+00
3.0675e+04 9.3786e-01 6.2140e-02 6.9430e-24 0.0000e+00 0.0000e+00 0.0000e+00 0.0000e+00
3.0875e+04 9.2157e-01 7.8426e-02 1.4862e-23 0.0000e+00 0.0000e+00 0.0000e+00 0.0000e+00
3.1075e+04 9.5235e-01 4.7650e-02 2.1246e-24 0.0000e+00 0.0000e+00 0.0000e+00 0.0000e+00
3.1275e+04 9.3737e-01 6.2633e-02 5.2317e-24 0.0000e+00 0.0000e+00 0.0000e+00 0.0000e+00
3.1475e+04 9.4179e-01 5.8213e-02 3.5984e-24 0.0000e+00 0.0000e+00 0.0000e+00 0.0000e+00
3.1675e+04 9.4387e-01 5.6128e-02 2.8350e-24 0.0000e+00 0.0000e+00 0.0000e+00 0.0000e+00
3.1875e+04 9.4966e-01 5.0345e-02 1.7134e-24 0.0000e+00 0.0000e+00 0.0000e+00 0.0000e+00
3.2075e+04 9.2884e-01 7.1163e-02 5.5382e-24 0.0000e+00 0.0000e+00 0.0000e+00 0.0000e+00
3.2275e+04 9.2650e-01 7.3495e-02 5.6274e-24 0.0000e+00 0.0000e+00 0.0000e+00 0.0000e+00
3.2475e+04 9.1449e-01 8.5514e-02 8.9387e-24 0.0000e+00 0.0000e+00 0.0000e+00 0.0000e+00
3.2675e+04 8.9804e-01 1.0196e-01 1.5672e-23 0.0000e+00 0.0000e+00 0.0000e+00 0.0000e+00
3.2875e+04 9.1927e-01 8.0729e-02 5.8468e-24 0.0000e+00 0.0000e+00 0.0000e+00 0.0000e+00
3.3075e+04 9.2558e-01 7.4424e-02 3.8874e-24 0.0000e+00 0.0000e+00 0.0000e+00 0.0000e+00
3.3275e+04 8.8314e-01 1.1686e-01 1.9332e-23 0.0000e+00 0.0000e+00 0.0000e+00 0.0000e+00
3.3475e+04 9.2075e-01 7.9252e-02 3.9915e-24 0.0000e+00 0.0000e+00 0.0000e+00 0.0000e+00
3.3675e+04 8.7369e-01 1.2631e-01 2.1204e-23 0.0000e+00 0.0000e+00 0.0000e+00 0.0000e+00
3.3875e+04 8.1707e-01 1.8293e-01 8.3250e-23 0.0000e+00 0.0000e+00 0.0000e+00 0.0000e+00
3.4075e+04 8.4343e-01 1.5657e-01 4.0064e-23 0.0000e+00 0.0000e+00 0.0000e+00 0.0000e+00
3.4275e+04 8.3647e-01 1.6353e-01 4.2955e-23 0.0000e+00 0.0000e+00 0.0000e+00 0.0000e+00
3.4475e+04 8.5691e-01 1.4309e-01 2.2763e-23 0.0000e+00 0.0000e+00 0.0000e+00 0.0000e+00
3.4675e+04 7.9692e-01 2.0308e-01 8.4392e-23 0.0000e+00 0.0000e+00 0.0000e+00 0.0000e+00
3.4875e+04 8.2088e-01 1.7912e-01 4.5387e-23 0.0000e+00 0.0000e+00 0.0000e+00 0.0000e+00
3.5075e+04 7.0226e-01 2.9774e-01 3.6139e-22 0.0000e+00 0.0000e+00 0.0000e+00 0.0000e+00
3.5275e+04 7.8290e-01 2.1710e-01 8.1617e-23 0.0000e+00 0.0000e+00 0.0000e+00 0.0000e+00
3.5475e+04 8.7121e-01 1.2879e-01 8.9491e-24 0.0000e+00 0.0000e+00 0.0000e+00 0.0000e+00
3.5675e+04 7.9106e-01 2.0894e-01 5.6413e-23 0.0000e+00 0.0000e+00 0.0000e+00 0.0000e+00
3.5875e+04 7.7919e-01 2.2081e-01 6.4127e-23 0.0000e+00 0.0000e+00 0.0000e+00 0.0000e+00
3.6075e+04 7.4800e-01 2.5200e-01 1.0189e-22 0.0000e+00 0.0000e+00 0.0000e+00 0.0000e+00
3.6275e+04 8.2704e-01 1.7296e-01 1.8978e-23 0.0000e+00 0.0000e+00 0.0000e+00 0.0000e+00
3.6475e+04 7.6213e-01 2.3787e-01 6.4416e-23 0.0000e+00 0.0000e+00 0.0000e+00 0.0000e+00
3.6675e+04 7.7345e-01 2.2655e-01 4.7115e-23 0.0000e+00 0.0000e+00 0.0000e+00 0.0000e+00
3.6875e+04 7.9668e-01 2.0332e-01 2.6928e-23 0.0000e+00 0.0000e+00 0.0000e+00 0.0000e+00
3.7075e+04 7.7060e-01 2.2940e-01 4.0332e-23 0.0000e+00 0.0000e+00 0.0000e+00 0.0000e+00
3.7275e+04 8.1665e-01 1.8335e-01 1.4276e-23 0.0000e+00 0.0000e+00 0.0000e+00 0.0000e+00
3.7475e+04 7.3196e-01 2.6804e-01 6.4411e-23 0.0000e+00 0.0000e+00 0.0000e+00 0.0000e+00
3.7675e+04 8.2472e-01 1.7528e-01 9.6462e-24 0.0000e+00 0.0000e+00 0.0000e+00 0.0000e+00
3.7875e+04 8.2279e-01 1.7721e-01 9.0859e-24 0.0000e+00 0.0000e+00 0.0000e+00 0.0000e+00
3.8075e+04 7.6901e-01 2.3099e-01 2.4650e-23 0.0000e+00 0.0000e+00 0.0000e+00 0.0000e+00
3.8275e+04 7.1281e-01 2.8719e-01 5.7807e-23 0.0000e+00 0.0000e+00 0.0000e+00 0.0000e+00
3.8475e+04 6.6816e-01 3.3184e-01 1.0184e-22 0.0000e+00 0.0000e+00 0.0000e+00 0.0000e+00
3.8675e+04 8.0779e-01 1.9221e-01 8.3403e-24 0.0000e+00 0.0000e+00 0.0000e+00 0.0000e+00
3.8875e+04 8.0691e-01 1.9309e-01 7.6558e-24 0.0000e+00 0.0000e+00 0.0000e+00 0.0000e+00
3.9075e+04 8.3875e-01 1.6125e-01 3.3183e-24 0.0000e+00 0.0000e+00 0.0000e+00 0.0000e+00
3.9275e+04 8.6994e-01 1.3006e-01 1.2789e-24 0.0000e+00 0.0000e+00 0.0000e+00 0.0000e+00
3.9475e+04 8.9278e-01 1.0722e-01 5.4654e-25 0.0000e+00 0.0000e+00 0.0000e+00 0.0000e+00
3.9675e+04 9.3205e-01 6.7954e-02 8.8433e-26 0.0000e+00 0.0000e+00 0.0000e+00 0.0000e+00
3.9875e+04 9.7907e-01 2.0926e-02 1.0930e-27 0.0000e+00 0.0000e+00 0.0000e+00 0.0000e+00
4.0075e+04 9.9462e-01 5.3793e-03 7.6293e-30 0.0000e+00 0.0000e+00 0.0000e+00 0.0000e+00
4.0225e+04 9.9887e-01 1.1317e-03 2.7259e-32 0.0000e+00 0.0000e+00 0.0000e+00 0.0000e+00
#
#TIME: 2.0945
#NVEL: 202
#vel_mid[km/s] o0 o1 o2 o3 o4 o5 o6
8.7500e+01 1.9474e-37 4.5556e-29 2.1025e-21 1.9286e-14 1.3729e-08 5.8727e-04 9.9941e-01
2.7500e+02 8.1529e-38 2.3849e-29 1.3676e-21 1.4938e-14 1.2168e-08 5.6526e-04 9.9943e-01
4.7500e+02 8.5115e-38 2.6685e-29 1.6303e-21 1.8191e-14 1.4560e-08 6.3171e-04 9.9937e-01
6.7500e+02 1.0912e-37 3.5444e-29 2.2301e-21 2.4562e-14 1.8662e-08 7.3057e-04 9.9927e-01
8.7500e+02 1.5209e-37 5.0559e-29 3.2362e-21 3.4705e-14 2.4674e-08 8.5835e-04 9.9914e-01
1.0750e+03 2.2113e-37 7.4815e-29 4.8441e-21 5.0238e-14 3.3171e-08 1.0172e-03 9.9898e-01
1.2750e+03 3.4924e-37 1.1942e-28 7.7634e-21 7.6958e-14 4.6487e-08 1.2327e-03 9.9877e-01
1.4750e+03 5.0975e-37 1.7708e-28 1.1624e-20 1.1123e-13 6.2346e-08 1.4580e-03 9.9854e-01
1.6750e+03 8.7083e-37 3.0399e-28 1.9902e-20 1.7998e-13 9.0952e-08 1.8055e-03 9.9819e-01
1.8750e+03 1.3280e-36 4.6960e-28 3.0937e-20 2.6831e-13 1.2477e-07 2.1614e-03 9.9784e-01
2.0750e+03 2.2670e-36 8.0623e-28 5.3000e-20 4.3412e-13 1.8194e-07 2.6753e-03 9.9732e-01
2.2750e+03 3.5704e-36 1.2847e-27 8.4812e-20 6.6302e-13 2.5409e-07 3.2336e-03 9.9677e-01
2.4750e+03 6.2348e-36 2.2560e-27 1.4845e-19 1.0921e-12 3.7545e-07 4.0308e-03 9.9597e-01
2.6750e+03 1.0873e-35 3.9594e-27 2.5982e-19 1.7986e-12 5.5468e-07 5.0233e-03 9.9498e-01
2.8750e+03 1.8687e-35 6.8613e-27 4.4961e-19 2.9335e-12 8.1351e-07 6.2347e-03 9.9376e-01
3.0750e+03 3.3611e-35 1.2419e-26 8.1019e-19 4.9504e-12 1.2239e-06 7.8456e-03 9.9215e-01
3.2750e+03 5.8324e-35 2.1755e-26 1.4172e-18 8.1466e-12 1.8070e-06 9.7701e-03 9.9023e-01
3.4750e+03 1.0262e-34 3.8650e-26 2.5124e-18 1.3558e-11 2.6906e-06 1.2221e-02 9.8778e-01
3.6750e+03 2.0081e-34 7.5996e-26 4.8941e-18 2.4434e-11 4.2521e-06 1.5786e-02 9.8421e-01
3.8750e+03 3.6108e-34 1.3817e-25 8.8725e-18 4.1442e-11 6.4215e-06 1.9887e-02 9.8011e-01
4.0750e+03 6.6741e-34 2.5819e-25 1.6506e-17 7.1839e-11 9.8572e-06 2.5266e-02 9.7472e-01
4.2750e+03 1.3391e-33 5.2211e-25 3.3047e-17 1.3248e-10 1.5845e-05 3.2890e-02 9.6709e-01
4.4750e+03 2.4705e-33 9.7655e-25 6.1563e-17 2.2983e-10 2.4326e-05 4.1724e-02 9.5825e-01
4.6750e+03 4.9802e-33 1.9884e-24 1.2404e-16 4.2577e-10 3.9199e-05 5.4261e-02 9.4570e-01
4.8750e+03 9.3212e-33 3.7763e-24 2.3419e-16 7.4610e-10 6.0549e-05 6.8868e-02 9.3107e-01
5.0750e+03 1.9559e-32 7.9966e-24 4.8853e-16 1.4203e-09 9.9343e-05 9.0045e-02 9.0986e-01
5.2750e+03 3.8028e-32 1.5755e-23 9.5223e-16 2.5501e-09 1.5579e-04 1.1462e-01 8.8523e-01
5.4750e+03 8.3292e-32 3.4756e-23 2.0567e-15 4.9806e-09 2.5938e-04 1.4984e-01 8.4990e-01
5.6750e+03 1.6717e-31 7.0572e-23 4.1088e-15 9.0924e-09 4.0968e-04 1.8967e-01 8.0992e-01
5.8750e+03 3.6157e-31 1.5383e-22 8.7445e-15 1.7450e-08 6.6861e-04 2.4230e-01 7.5703e-01
