#NTIMES: 4
#NSTAGES: 3 
#TIMES[d]: 75.0 100.0 150.0 200.0
#
#TIME: 75.0
#NVEL: 60
#vel_mid[km/s] si0 si1 si2
2.500000e+02   4.43e-01   3.68e-01   1.89e-01
7.500000e+02   4.07e-01   3.77e-01   2.16e-01
1.250000e+03   3.71e-01   3.84e-01   2.45e-01
1.750000e+03   3.35e-01   3.88e-01   2.77e-01
2.250000e+03   3.04e-01   3.89e-01   3.07e-01
2.750000e+03   2.75e-01   3.88e-01   3.37e-01
3.250000e+03   2.49e-01   3.85e-01   3.66e-01
3.750000e+03   2.23e-01   3.79e-01   3.97e-01
4.250000e+03   2.02e-01   3.73e-01   4.24e-01
4.750000e+03   1.82e-01   3.66e-01   4.52e-01
5.250000e+03   1.64e-01   3.57e-01   4.79e-01
5.750000e+03   1.48e-01   3.48e-01   5.04e-01
6.250000e+03   1.33e-01   3.38e-01   5.29e-01
6.750000e+03   2.37e-07   1.38e-01   8.62e-01
7.250000e+03   2.91e-07   1.46e-01   8.54e-01
7.750000e+03   4.09e-07   1.69e-01   8.31e-01
8.250000e+03   5.92e-07   2.00e-01   8.00e-01
8.750000e+03   8.22e-07   2.28e-01   7.72e-01
9.250000e+03   1.08e-06   2.50e-01   7.50e-01
9.750000e+03   1.34e-06   2.62e-01   7.38e-01
1.025000e+04   1.59e-06   2.65e-01   7.35e-01
1.075000e+04   1.83e-06   2.64e-01   7.36e-01
1.125000e+04   1.89e-06   2.58e-01   7.42e-01
1.175000e+04   1.53e-06   2.49e-01   7.51e-01
1.225000e+04   1.02e-06   2.36e-01   7.64e-01
1.275000e+04   7.73e-07   2.22e-01   7.78e-01
1.325000e+04   6.32e-07   2.07e-01   7.93e-01
1.375000e+04   5.29e-07   1.93e-01   8.07e-01
1.425000e+04   4.47e-07   1.78e-01   8.22e-01
1.475000e+04   3.80e-07   1.63e-01   8.37e-01
1.525000e+04   3.26e-07   1.51e-01   8.49e-01
1.575000e+04   2.74e-07   1.40e-01   8.60e-01
1.625000e+04   2.25e-07   1.28e-01   8.72e-01
1.675000e+04   1.84e-07   1.15e-01   8.85e-01
1.725000e+04   1.50e-07   1.05e-01   8.95e-01
1.775000e+04   1.23e-07   9.42e-02   9.06e-01
1.825000e+04   1.03e-07   8.60e-02   9.14e-01
1.875000e+04   8.58e-08   7.88e-02   9.21e-01
1.925000e+04   7.29e-08   7.20e-02   9.28e-01
1.975000e+04   6.19e-08   6.60e-02   9.34e-01
2.025000e+04   5.37e-08   6.07e-02   9.39e-01
2.075000e+04   3.50e-08   4.13e-02   9.59e-01
2.125000e+04   3.43e-08   4.16e-02   9.58e-01
2.175000e+04   3.61e-08   4.46e-02   9.55e-01
2.225000e+04   4.15e-08   5.07e-02   9.49e-01
2.275000e+04   5.27e-08   6.09e-02   9.39e-01
2.325000e+04   7.03e-08   7.45e-02   9.25e-01
2.375000e+04   1.03e-07   9.44e-02   9.06e-01
2.425000e+04   1.40e-07   1.13e-01   8.87e-01
2.475000e+04   1.87e-07   1.34e-01   8.67e-01
2.525000e+04   2.04e-07   1.50e-01   8.50e-01
2.575000e+04   2.30e-07   1.62e-01   8.38e-01
2.625000e+04   2.37e-07   1.70e-01   8.30e-01
2.675000e+04   2.49e-07   1.75e-01   8.25e-01
2.725000e+04   3.91e-07   1.78e-01   8.22e-01
2.775000e+04   2.73e-07   1.78e-01   8.22e-01
2.825000e+04   5.39e-07   1.77e-01   8.23e-01
2.875000e+04   2.89e-07   1.75e-01   8.25e-01
2.925000e+04   2.82e-07   1.71e-01   8.29e-01
2.975000e+04   2.53e-07   1.69e-01   8.31e-01
#TIME: 100.0
#NVEL: 60
#vel_mid[km/s] si0 si1 si2
2.500000e+02   3.43e-01   3.87e-01   2.70e-01
7.500000e+02   3.06e-01   3.88e-01   3.06e-01
1.250000e+03   2.72e-01   3.87e-01   3.41e-01
1.750000e+03   2.38e-01   3.82e-01   3.79e-01
2.250000e+03   2.12e-01   3.76e-01   4.12e-01
2.750000e+03   1.88e-01   3.68e-01   4.45e-01
3.250000e+03   1.66e-01   3.58e-01   4.77e-01
3.750000e+03   1.46e-01   3.46e-01   5.08e-01
4.250000e+03   1.29e-01   3.35e-01   5.37e-01
4.750000e+03   1.13e-01   3.22e-01   5.65e-01
5.250000e+03   9.95e-02   3.09e-01   5.92e-01
5.750000e+03   8.69e-02   2.95e-01   6.18e-01
6.250000e+03   7.64e-02   2.82e-01   6.41e-01
6.750000e+03   5.91e-07   1.17e-01   8.83e-01
7.250000e+03   7.41e-07   1.23e-01   8.77e-01
7.750000e+03   1.06e-06   1.42e-01   8.58e-01
8.250000e+03   1.59e-06   1.69e-01   8.31e-01
8.750000e+03   2.22e-06   1.93e-01   8.07e-01
9.250000e+03   2.86e-06   2.12e-01   7.88e-01
9.750000e+03   3.44e-06   2.23e-01   7.77e-01
1.025000e+04   3.83e-06   2.24e-01   7.76e-01
1.075000e+04   3.89e-06   2.19e-01   7.81e-01
1.125000e+04   3.31e-06   2.11e-01   7.89e-01
1.175000e+04   2.17e-06   1.98e-01   8.02e-01
1.225000e+04   1.34e-06   1.84e-01   8.16e-01
1.275000e+04   1.00e-06   1.70e-01   8.30e-01
1.325000e+04   8.08e-07   1.56e-01   8.44e-01
1.375000e+04   6.72e-07   1.43e-01   8.57e-01
1.425000e+04   5.55e-07   1.29e-01   8.71e-01
1.475000e+04   4.62e-07   1.17e-01   8.83e-01
1.525000e+04   3.89e-07   1.06e-01   8.94e-01
1.575000e+04   3.12e-07   9.55e-02   9.04e-01
1.625000e+04   2.54e-07   8.59e-02   9.14e-01
1.675000e+04   2.07e-07   7.74e-02   9.23e-01
1.725000e+04   1.73e-07   7.14e-02   9.29e-01
1.775000e+04   1.41e-07   6.46e-02   9.35e-01
1.825000e+04   1.16e-07   5.85e-02   9.42e-01
1.875000e+04   9.75e-08   5.35e-02   9.47e-01
1.925000e+04   8.24e-08   4.96e-02   9.50e-01
1.975000e+04   7.16e-08   4.65e-02   9.54e-01
2.025000e+04   6.48e-08   4.42e-02   9.56e-01
2.075000e+04   6.03e-08   4.26e-02   9.57e-01
2.125000e+04   5.79e-08   4.18e-02   9.58e-01
2.175000e+04   4.54e-08   3.31e-02   9.67e-01
2.225000e+04   5.54e-08   3.91e-02   9.61e-01
2.275000e+04   7.90e-08   5.05e-02   9.50e-01
2.325000e+04   1.21e-07   6.80e-02   9.32e-01
2.375000e+04   1.90e-07   9.13e-02   9.09e-01
2.425000e+04   2.72e-07   1.15e-01   8.85e-01
2.475000e+04   3.68e-07   1.37e-01   8.63e-01
2.525000e+04   4.01e-07   1.53e-01   8.47e-01
2.575000e+04   4.49e-07   1.64e-01   8.36e-01
2.625000e+04   4.65e-07   1.71e-01   8.29e-01
2.675000e+04   4.70e-07   1.75e-01   8.25e-01
2.725000e+04   4.61e-07   1.77e-01   8.23e-01
2.775000e+04   4.65e-07   1.76e-01   8.24e-01
2.825000e+04   3.85e-07   1.74e-01   8.26e-01
2.875000e+04   4.11e-07   1.70e-01   8.30e-01
2.925000e+04   3.98e-07   1.64e-01   8.36e-01
2.975000e+04   4.54e-07   1.56e-01   8.44e-01
#TIME: 150.0
#NVEL: 60
#vel_mid[km/s] si0 si1 si2
2.500000e+02   3.28e-01   3.86e-01   2.87e-01
7.500000e+02   2.90e-01   3.86e-01   3.24e-01
1.250000e+03   2.54e-01   3.83e-01   3.63e-01
1.750000e+03   2.21e-01   3.77e-01   4.03e-01
2.250000e+03   1.93e-01   3.68e-01   4.40e-01
2.750000e+03   1.66e-01   3.56e-01   4.78e-01
3.250000e+03   1.44e-01   3.44e-01   5.12e-01
3.750000e+03   1.23e-01   3.29e-01   5.48e-01
4.250000e+03   1.05e-01   3.14e-01   5.81e-01
4.750000e+03   9.01e-02   2.98e-01   6.12e-01
5.250000e+03   7.61e-02   2.81e-01   6.43e-01
5.750000e+03   6.47e-02   2.65e-01   6.70e-01
6.250000e+03   5.40e-02   2.47e-01   6.99e-01
6.750000e+03   1.66e-06   1.02e-01   8.98e-01
7.250000e+03   1.87e-06   1.02e-01   8.98e-01
7.750000e+03   2.58e-06   1.17e-01   8.83e-01
8.250000e+03   3.74e-06   1.38e-01   8.62e-01
8.750000e+03   5.14e-06   1.60e-01   8.40e-01
9.250000e+03   6.54e-06   1.77e-01   8.23e-01
9.750000e+03   7.58e-06   1.86e-01   8.14e-01
1.025000e+04   7.84e-06   1.87e-01   8.13e-01
1.075000e+04   6.94e-06   1.83e-01   8.17e-01
1.125000e+04   5.31e-06   1.76e-01   8.24e-01
1.175000e+04   3.64e-06   1.67e-01   8.33e-01
1.225000e+04   2.43e-06   1.53e-01   8.47e-01
1.275000e+04   1.84e-06   1.39e-01   8.61e-01
1.325000e+04   1.52e-06   1.27e-01   8.73e-01
1.375000e+04   1.28e-06   1.16e-01   8.84e-01
1.425000e+04   1.07e-06   1.05e-01   8.95e-01
1.475000e+04   9.04e-07   9.60e-02   9.04e-01
1.525000e+04   7.57e-07   8.75e-02   9.12e-01
1.575000e+04   6.19e-07   7.85e-02   9.21e-01
1.625000e+04   5.03e-07   7.03e-02   9.30e-01
1.675000e+04   4.10e-07   6.32e-02   9.37e-01
1.725000e+04   3.22e-07   5.71e-02   9.43e-01
1.775000e+04   2.93e-07   5.21e-02   9.48e-01
1.825000e+04   2.51e-07   4.81e-02   9.52e-01
1.875000e+04   2.13e-07   4.47e-02   9.55e-01
1.925000e+04   1.78e-07   4.17e-02   9.58e-01
1.975000e+04   1.55e-07   3.89e-02   9.61e-01
2.025000e+04   1.11e-07   3.66e-02   9.63e-01
2.075000e+04   9.57e-08   3.45e-02   9.65e-01
2.125000e+04   8.53e-08   3.31e-02   9.67e-01
2.175000e+04   7.90e-08   3.21e-02   9.68e-01
2.225000e+04   7.78e-08   3.19e-02   9.68e-01
2.275000e+04   6.97e-08   2.78e-02   9.72e-01
2.325000e+04   1.04e-07   3.70e-02   9.63e-01
2.375000e+04   1.76e-07   5.30e-02   9.47e-01
2.425000e+04   3.07e-07   7.64e-02   9.24e-01
2.475000e+04   4.73e-07   1.02e-01   8.98e-01
2.525000e+04   6.38e-07   1.24e-01   8.76e-01
2.575000e+04   7.60e-07   1.42e-01   8.58e-01
2.625000e+04   8.43e-07   1.55e-01   8.45e-01
2.675000e+04   8.93e-07   1.64e-01   8.36e-01
2.725000e+04   9.13e-07   1.69e-01   8.31e-01
2.775000e+04   9.06e-07   1.72e-01   8.28e-01
2.825000e+04   8.84e-07   1.72e-01   8.28e-01
2.875000e+04   8.39e-07   1.68e-01   8.32e-01
2.925000e+04   7.75e-07   1.62e-01   8.38e-01
2.975000e+04   7.28e-07   1.52e-01   8.48e-01
#TIME: 200.0
#NVEL: 60
#vel_mid[km/s] si0 si1 si2
2.500000e+02   3.49e-01   3.84e-01   2.67e-01
7.500000e+02   3.10e-01   3.86e-01   3.04e-01
1.250000e+03   2.69e-01   3.84e-01   3.47e-01
1.750000e+03   2.31e-01   3.78e-01   3.91e-01
2.250000e+03   1.99e-01   3.69e-01   4.33e-01
2.750000e+03   1.68e-01   3.56e-01   4.76e-01
3.250000e+03   1.43e-01   3.42e-01   5.15e-01
3.750000e+03   1.20e-01   3.26e-01   5.55e-01
4.250000e+03   1.00e-01   3.08e-01   5.92e-01
4.750000e+03   8.32e-02   2.90e-01   6.27e-01
5.250000e+03   6.87e-02   2.71e-01   6.61e-01
5.750000e+03   5.64e-02   2.51e-01   6.92e-01
6.250000e+03   4.61e-02   2.32e-01   7.22e-01
6.750000e+03   3.80e-06   1.81e-01   8.19e-01
7.250000e+03   2.11e-06   9.21e-02   9.08e-01
7.750000e+03   3.00e-06   1.05e-01   8.95e-01
8.250000e+03   4.52e-06   1.24e-01   8.76e-01
8.750000e+03   6.50e-06   1.44e-01   8.56e-01
9.250000e+03   8.57e-06   1.62e-01   8.38e-01
9.750000e+03   9.87e-06   1.73e-01   8.27e-01
1.025000e+04   9.93e-06   1.79e-01   8.21e-01
1.075000e+04   8.89e-06   1.81e-01   8.19e-01
1.125000e+04   7.57e-06   1.84e-01   8.16e-01
1.175000e+04   5.73e-06   1.80e-01   8.20e-01
1.225000e+04   4.16e-06   1.68e-01   8.32e-01
1.275000e+04   3.31e-06   1.54e-01   8.46e-01
1.325000e+04   2.75e-06   1.40e-01   8.60e-01
1.375000e+04   2.34e-06   1.28e-01   8.72e-01
1.425000e+04   1.94e-06   1.15e-01   8.85e-01
1.475000e+04   1.61e-06   1.03e-01   8.96e-01
1.525000e+04   1.34e-06   9.31e-02   9.07e-01
1.575000e+04   1.10e-06   8.35e-02   9.16e-01
1.625000e+04   9.06e-07   7.49e-02   9.25e-01
1.675000e+04   7.46e-07   6.79e-02   9.32e-01
1.725000e+04   6.34e-07   6.21e-02   9.38e-01
1.775000e+04   5.21e-07   5.68e-02   9.43e-01
1.825000e+04   4.41e-07   5.29e-02   9.47e-01
1.875000e+04   3.71e-07   4.92e-02   9.51e-01
1.925000e+04   3.07e-07   4.55e-02   9.55e-01
1.975000e+04   2.55e-07   4.21e-02   9.58e-01
2.025000e+04   2.16e-07   3.89e-02   9.61e-01
2.075000e+04   1.81e-07   3.63e-02   9.64e-01
2.125000e+04   1.48e-07   3.38e-02   9.66e-01
2.175000e+04   1.24e-07   3.14e-02   9.69e-01
2.225000e+04   9.18e-08   2.91e-02   9.71e-01
2.275000e+04   8.89e-08   2.74e-02   9.73e-01
2.325000e+04   7.03e-08   2.62e-02   9.74e-01
2.375000e+04   5.27e-08   1.97e-02   9.80e-01
2.425000e+04   8.27e-08   2.50e-02   9.75e-01
2.475000e+04   1.38e-07   3.91e-02   9.61e-01
2.525000e+04   3.30e-07   6.25e-02   9.38e-01
2.575000e+04   5.96e-07   9.08e-02   9.09e-01
2.625000e+04   8.59e-07   1.15e-01   8.85e-01
2.675000e+04   1.07e-06   1.34e-01   8.67e-01
2.725000e+04   1.20e-06   1.46e-01   8.54e-01
2.775000e+04   1.29e-06   1.55e-01   8.45e-01
2.825000e+04   1.32e-06   1.60e-01   8.40e-01
2.875000e+04   1.30e-06   1.61e-01   8.40e-01
2.925000e+04   1.07e-06   1.58e-01   8.42e-01
2.975000e+04   1.19e-06   1.52e-01   8.48e-01
