#NTIMES: 50
#NSTAGES: 4
#TIMES[d]: 199.16 202.03 204.93 207.87 210.86 213.89 216.97 220.09 223.25 226.46 229.71 233.01 236.36 239.76 243.21 246.70 250.25 253.85 257.50 261.20 264.95 268.76 272.62 276.54 280.51 284.55 288.64 292.79 296.99 301.26 305.59 309.99 314.44 318.96 323.55 328.19 332.91 337.70 342.55 347.48 352.47 357.54 362.68 367.89 373.18 378.54 383.98 389.50 395.10 400.78
#
#TIME: 199.16
#NVEL: 115
#vel_mid[km/s] ni0 ni1 ni2 ni3
425.78 6.1393e-01 2.2219e-01 1.2158e-01 4.2299e-02
857.79 6.2483e-01 2.2801e-01 1.1002e-01 3.7143e-02
878.44 6.1819e-01 2.4304e-01 1.0414e-01 3.4628e-02
917.72 6.2256e-01 2.3663e-01 1.0553e-01 3.5285e-02
973.04 6.2130e-01 2.1033e-01 1.1388e-01 5.4492e-02
1034.98 6.4153e-01 2.1256e-01 1.0939e-01 3.6518e-02
1099.97 6.0100e-01 2.5427e-01 1.0793e-01 3.6796e-02
1169.04 5.9699e-01 2.5938e-01 1.0711e-01 3.6521e-02
1242.44 5.9996e-01 2.5697e-01 1.0679e-01 3.6280e-02
1320.45 6.1537e-01 2.4726e-01 1.0307e-01 3.4296e-02
1403.37 6.6042e-01 2.0258e-01 1.0347e-01 3.3521e-02
1491.49 6.8970e-01 1.8037e-01 9.9006e-02 3.0922e-02
1585.14 7.0160e-01 1.6951e-01 9.8493e-02 3.0389e-02
1684.67 6.9558e-01 1.7730e-01 9.7114e-02 3.0005e-02
1790.45 7.0527e-01 1.6677e-01 9.7866e-02 3.0095e-02
1902.87 7.2001e-01 1.5041e-01 9.9255e-02 3.0325e-02
2022.36 6.4242e-01 1.9327e-01 1.2252e-01 4.1785e-02
2149.34 6.5289e-01 2.0950e-01 1.0375e-01 3.3856e-02
2284.30 6.2633e-01 2.2595e-01 1.1031e-01 3.7409e-02
2427.74 5.6804e-01 2.6934e-01 1.1952e-01 4.3098e-02
2580.18 5.1686e-01 3.0530e-01 1.2884e-01 4.9000e-02
2742.19 4.3373e-01 3.7075e-01 1.3923e-01 5.6291e-02
2914.37 3.5433e-01 4.3329e-01 1.4897e-01 6.3409e-02
3097.37 2.6472e-01 5.1004e-01 1.5601e-01 6.9231e-02
3291.85 1.5547e-01 6.0238e-01 1.6524e-01 7.6907e-02
3498.55 1.1727e-01 6.5273e-01 1.5740e-01 7.2599e-02
3718.23 1.6506e-01 6.5451e-01 1.2661e-01 5.3815e-02
3951.70 1.5787e-01 6.8261e-01 1.1290e-01 4.6618e-02
4199.83 3.5344e-02 7.5644e-01 1.4300e-01 6.5209e-02
4463.54 1.7687e-02 7.4426e-01 1.6092e-01 7.7128e-02
4743.81 1.5824e-02 7.3711e-01 1.6623e-01 8.0828e-02
5041.68 2.0381e-02 7.3603e-01 1.6415e-01 7.9445e-02
5358.25 2.4521e-02 7.3367e-01 1.6313e-01 7.8679e-02
5694.70 1.9875e-02 7.3864e-01 1.6292e-01 7.8568e-02
6052.28 2.3658e-02 7.3853e-01 1.6080e-01 7.7019e-02
6432.31 2.7546e-02 7.3822e-01 1.5860e-01 7.5633e-02
6836.20 3.1143e-02 7.3190e-01 1.6027e-01 7.6688e-02
7265.45 3.8741e-02 7.2713e-01 1.5859e-01 7.5538e-02
7721.65 3.1244e-02 7.3824e-01 1.5638e-01 7.4136e-02
8206.56 3.6285e-02 7.3745e-01 1.5387e-01 7.2399e-02
8717.73 3.8279e-02 7.5087e-01 1.4441e-01 6.6439e-02
9214.74 3.7061e-02 7.6452e-01 1.3676e-01 6.1657e-02
9629.11 2.5070e-02 7.8678e-01 1.3028e-01 5.7875e-02
9954.11 2.5389e-02 8.0092e-01 1.2105e-01 5.2641e-02
10245.64 2.2418e-02 8.0779e-01 1.1849e-01 5.1299e-02
10541.49 1.3565e-02 8.1888e-01 1.1712e-01 5.0427e-02
10839.94 1.2340e-02 8.4885e-01 9.8228e-02 4.0577e-02
11119.11 4.5922e-02 8.3312e-01 8.6489e-02 3.4472e-02
11355.83 5.4455e-02 8.4610e-01 7.1904e-02 2.7544e-02
11539.81 5.1820e-02 8.6456e-01 6.0906e-02 2.2712e-02
11677.16 8.5673e-02 8.4279e-01 5.2505e-02 1.9032e-02
11784.05 1.2516e-01 8.1252e-01 4.6119e-02 1.6203e-02
11875.85 8.5231e-02 8.5027e-01 4.7573e-02 1.6924e-02
11963.37 1.5175e-01 7.8487e-01 4.6930e-02 1.6452e-02
12055.39 1.1251e-01 8.1444e-01 5.3604e-02 1.9447e-02
12170.41 5.1625e-02 8.5835e-01 6.5308e-02 2.4716e-02
12360.89 1.8040e-02 8.8820e-01 6.7597e-02 2.6160e-02
12670.46 9.9815e-03 8.8357e-01 7.6186e-02 3.0264e-02
13075.34 4.9314e-03 8.6790e-01 9.0227e-02 3.6943e-02
13530.52 3.7361e-03 8.4311e-01 1.0758e-01 4.5574e-02
14012.75 1.2733e-03 8.3300e-01 1.1566e-01 5.0067e-02
14508.81 3.3823e-03 7.9846e-01 1.3628e-01 6.1883e-02
15002.30 4.4841e-03 7.8348e-01 1.4508e-01 6.6949e-02
15475.29 1.3577e-01 6.6229e-01 1.3964e-01 6.2297e-02
15923.68 1.9964e-03 7.6390e-01 1.5853e-01 7.5579e-02
16355.64 1.2802e-02 7.3444e-01 1.6995e-01 8.2812e-02
16776.27 1.3844e-02 7.3860e-01 1.6623e-01 8.1332e-02
17183.14 4.1029e-01 3.9896e-01 1.3542e-01 5.5324e-02
17580.45 2.6042e-01 5.4517e-01 1.3634e-01 5.8073e-02
17990.34 1.6676e-01 5.9551e-01 1.6185e-01 7.5880e-02
18458.06 2.5245e-01 5.0858e-01 1.6376e-01 7.5200e-02
19084.69 3.3703e-02 6.6200e-01 1.9924e-01 1.0506e-01
19999.79 2.6740e-03 5.9163e-01 2.5197e-01 1.5373e-01
21193.46 5.3838e-02 3.5569e-01 3.2011e-01 2.7036e-01
22528.72 9.7583e-04 2.5785e-01 3.4117e-01 4.0001e-01
23943.32 9.1558e-04 1.8716e-01 3.3811e-01 4.7382e-01
25446.74 8.1338e-03 1.3318e-01 3.2150e-01 5.3718e-01
27044.57 1.0719e-05 6.5726e-02 2.7605e-01 6.5822e-01
28744.18 5.3064e-04 1.5679e-02 1.4250e-01 8.4129e-01
30520.16 6.8104e-05 5.6207e-03 8.8881e-02 9.0543e-01
32243.50 9.7857e-06 3.0939e-03 6.6834e-02 9.3006e-01
33773.01 1.0010e-05 1.9979e-03 5.4205e-02 9.4379e-01
35108.48 2.8533e-05 1.0381e-03 3.9678e-02 9.5926e-01
36326.30 4.3217e-06 4.9994e-04 2.7604e-02 9.7189e-01
37486.70 1.3540e-06 2.4353e-04 1.9357e-02 9.8040e-01
38628.25 4.4120e-09 1.4295e-04 1.4898e-02 9.8496e-01
39768.62 5.6077e-10 7.8462e-05 1.1129e-02 9.8879e-01
40915.31 1.5970e-10 4.4551e-05 8.3990e-03 9.9156e-01
42074.51 6.6372e-11 2.5460e-05 6.3599e-03 9.9361e-01
43252.44 2.9630e-08 1.4514e-05 4.8117e-03 9.9517e-01
44454.05 2.0512e-08 8.2512e-06 3.6370e-03 9.9635e-01
45683.04 1.1940e-08 4.6637e-06 2.7402e-03 9.9726e-01
46941.68 6.8208e-09 2.6157e-06 2.0566e-03 9.9794e-01
48230.81 3.2241e-09 1.4579e-06 1.5374e-03 9.9846e-01
49550.29 1.3338e-09 8.0917e-07 1.1475e-03 9.9885e-01
50899.37 5.3279e-10 4.4739e-07 8.5537e-04 9.9914e-01
52276.86 2.1345e-10 2.4638e-07 6.3750e-04 9.9936e-01
53681.16 1.4537e-12 1.3537e-07 4.7535e-04 9.9952e-01
55110.21 5.4758e-13 7.4985e-08 3.5476e-04 9.9965e-01
56561.17 4.0694e-12 4.1381e-08 2.6516e-04 9.9973e-01
58030.00 6.0795e-12 2.3010e-08 1.9895e-04 9.9980e-01
59510.42 2.5835e-12 1.3013e-08 1.4991e-04 9.9985e-01
60993.45 1.1038e-12 7.3426e-09 1.1375e-04 9.9989e-01
62466.44 4.8666e-13 4.2351e-09 8.6899e-05 9.9991e-01
63912.69 2.2295e-13 2.5061e-09 6.7204e-05 9.9993e-01
65311.62 1.0892e-13 1.5578e-09 5.2705e-05 9.9995e-01
66639.26 4.3686e-14 7.8035e-10 4.2095e-05 9.9996e-01
67870.77 2.4153e-14 5.2784e-10 3.4311e-05 9.9997e-01
68864.47 1.5140e-14 3.9836e-10 2.8450e-05 9.9997e-01
69459.55 1.3540e-14 3.8407e-10 2.6366e-05 9.9997e-01
69744.99 1.2074e-14 3.5555e-10 2.5369e-05 9.9997e-01
69888.26 1.1409e-14 3.4204e-10 2.4885e-05 9.9998e-01
69959.62 1.1078e-14 3.3563e-10 2.4652e-05 9.9998e-01
69991.15 9.1208e-15 2.7742e-10 2.4535e-05 9.9998e-01
69999.53 9.1203e-15 2.7752e-10 2.4543e-05 9.9998e-01
#TIME: 202.03
#NVEL: 115
#vel_mid[km/s] ni0 ni1 ni2 ni3
425.78 6.8485e-01 1.7710e-01 1.0461e-01 3.3451e-02
857.79 6.3452e-01 2.2772e-01 1.0364e-01 3.4120e-02
878.44 6.2524e-01 2.1572e-01 1.1202e-01 4.7017e-02
917.72 5.4561e-01 2.8644e-01 1.2320e-01 4.4758e-02
973.04 6.7586e-01 1.8565e-01 1.0481e-01 3.3679e-02
1034.98 6.4232e-01 2.1176e-01 1.0935e-01 3.6571e-02
1099.97 5.6618e-01 2.8567e-01 1.0978e-01 3.8370e-02
1169.04 6.0744e-01 2.2626e-01 1.2311e-01 4.3192e-02
1242.44 5.9234e-01 2.4029e-01 1.2361e-01 4.3755e-02
1320.45 5.9573e-01 2.4477e-01 1.1833e-01 4.1181e-02
1403.37 6.4653e-01 2.1650e-01 1.0325e-01 3.3720e-02
1491.49 6.8000e-01 1.9144e-01 9.7885e-02 3.0677e-02
1585.14 6.8680e-01 1.8486e-01 9.7847e-02 3.0498e-02
1684.67 7.0287e-01 1.7200e-01 9.5812e-02 2.9320e-02
1790.45 7.0448e-01 1.6980e-01 9.6253e-02 2.9470e-02
1902.87 7.0115e-01 1.6625e-01 1.0106e-01 3.1543e-02
2022.36 7.1626e-01 1.4846e-01 1.0320e-01 3.2073e-02
2149.34 6.5909e-01 2.0418e-01 1.0322e-01 3.3504e-02
2284.30 6.2409e-01 2.2824e-01 1.1023e-01 3.7444e-02
2427.74 5.7410e-01 2.6496e-01 1.1848e-01 4.2464e-02
2580.18 5.1899e-01 3.0412e-01 1.2827e-01 4.8620e-02
2742.19 4.3766e-01 3.6678e-01 1.3929e-01 5.6275e-02
2914.37 3.4740e-01 4.3921e-01 1.4951e-01 6.3884e-02
3097.37 2.5556e-01 5.1768e-01 1.5681e-01 6.9960e-02
3291.85 1.4917e-01 6.0846e-01 1.6527e-01 7.7100e-02
3498.55 1.1359e-01 6.5581e-01 1.5775e-01 7.2849e-02
3718.23 1.4945e-01 6.6852e-01 1.2748e-01 5.4549e-02
3951.70 1.4901e-01 6.9012e-01 1.1371e-01 4.7157e-02
4199.83 3.5884e-02 7.5614e-01 1.4285e-01 6.5129e-02
4463.54 1.9423e-02 7.4363e-01 1.6033e-01 7.6613e-02
4743.81 1.5479e-02 7.3807e-01 1.6588e-01 8.0573e-02
5041.68 1.7746e-02 7.3564e-01 1.6591e-01 8.0703e-02
5358.25 2.6163e-02 7.3105e-01 1.6369e-01 7.9093e-02
5694.70 1.9263e-02 7.3889e-01 1.6305e-01 7.8798e-02
6052.28 2.6664e-02 7.3505e-01 1.6094e-01 7.7345e-02
6432.31 2.6877e-02 7.3785e-01 1.5921e-01 7.6064e-02
6836.20 2.9412e-02 7.3343e-01 1.6032e-01 7.6833e-02
7265.45 3.1247e-02 7.3988e-01 1.5535e-01 7.3516e-02
7721.65 3.2491e-02 7.4429e-01 1.5198e-01 7.1241e-02
8206.56 4.7489e-02 7.3515e-01 1.4844e-01 6.8922e-02
8717.73 4.4421e-02 7.4402e-01 1.4485e-01 6.6709e-02
9214.74 3.3954e-02 7.6766e-01 1.3673e-01 6.1660e-02
9629.11 3.2589e-02 7.8820e-01 1.2456e-01 5.4648e-02
9954.11 3.2815e-02 7.8960e-01 1.2365e-01 5.3943e-02
10245.64 1.8756e-02 8.0898e-01 1.2022e-01 5.2043e-02
10541.49 1.8701e-02 8.2275e-01 1.1118e-01 4.7364e-02
10839.94 1.5748e-02 8.4536e-01 9.8331e-02 4.0561e-02
11119.11 1.6357e-02 8.6490e-01 8.4799e-02 3.3940e-02
11355.83 4.8656e-02 8.5217e-01 7.1655e-02 2.7520e-02
11539.81 5.9768e-02 8.6296e-01 5.6435e-02 2.0841e-02
11677.16 7.0054e-02 8.6141e-01 5.0367e-02 1.8170e-02
11784.05 2.1450e-01 7.2707e-01 4.3596e-02 1.4833e-02
11875.85 6.5535e-02 8.6801e-01 4.8841e-02 1.7619e-02
11963.37 2.2214e-01 7.1556e-01 4.6465e-02 1.5834e-02
12055.39 1.1594e-01 8.1090e-01 5.3733e-02 1.9427e-02
12170.41 8.6450e-02 8.2992e-01 6.0983e-02 2.2650e-02
12360.89 1.3004e-02 8.9589e-01 6.5733e-02 2.5376e-02
12670.46 1.0394e-02 8.8233e-01 7.6755e-02 3.0516e-02
13075.34 8.2544e-03 8.6461e-01 9.0175e-02 3.6964e-02
13530.52 3.5315e-03 8.5297e-01 1.0120e-01 4.2304e-02
14012.75 5.3704e-03 8.2418e-01 1.1863e-01 5.1816e-02
14508.81 6.7970e-03 8.0703e-01 1.2901e-01 5.7164e-02
15002.30 4.3416e-03 7.8525e-01 1.4379e-01 6.6614e-02
15475.29 1.0109e-02 7.7567e-01 1.4639e-01 6.7832e-02
15923.68 4.4549e-03 7.6172e-01 1.5847e-01 7.5351e-02
16355.64 8.6483e-03 7.4179e-01 1.6777e-01 8.1789e-02
16776.27 4.3666e-03 7.5763e-01 1.6085e-01 7.7152e-02
17183.14 4.8961e-02 7.2479e-01 1.5394e-01 7.2317e-02
17580.45 2.0171e-02 7.5835e-01 1.5167e-01 6.9806e-02
17990.34 8.2151e-02 6.7095e-01 1.6663e-01 8.0260e-02
18458.06 5.2986e-02 6.7718e-01 1.7992e-01 8.9914e-02
19084.69 1.2524e-01 5.8422e-01 1.9240e-01 9.8145e-02
19999.79 1.7945e-02 5.8432e-01 2.4872e-01 1.4902e-01
21193.46 5.6590e-04 4.4215e-01 3.1158e-01 2.4570e-01
22528.72 1.3852e-01 1.7887e-01 3.2546e-01 3.5714e-01
23943.32 4.2526e-02 1.3951e-01 3.1947e-01 4.9849e-01
25446.74 6.0305e-03 1.1680e-01 3.0110e-01 5.7607e-01
27044.57 4.7870e-05 6.7964e-02 2.5346e-01 6.7853e-01
28744.18 1.2689e-04 1.1689e-02 1.8409e-01 8.0409e-01
30520.16 6.9498e-05 6.7352e-03 1.0370e-01 8.8950e-01
32243.50 5.1087e-05 3.2429e-03 6.8592e-02 9.2811e-01
33773.01 9.1931e-05 2.0403e-03 5.5367e-02 9.4250e-01
35108.48 5.7584e-06 1.1045e-03 4.0699e-02 9.5819e-01
36326.30 3.0354e-06 5.3062e-04 2.8430e-02 9.7104e-01
37486.70 1.9362e-06 2.5842e-04 1.9971e-02 9.7977e-01
38628.25 1.0209e-06 1.3713e-04 1.4623e-02 9.8524e-01
39768.62 4.2995e-07 7.6716e-05 1.0980e-02 9.8894e-01
40915.31 1.8506e-07 4.7758e-05 8.6873e-03 9.9126e-01
42074.51 3.9321e-11 2.7175e-05 6.5835e-03 9.9339e-01
43252.44 1.1623e-11 1.5464e-05 4.9771e-03 9.9501e-01
44454.05 4.7222e-12 8.7793e-06 3.7533e-03 9.9624e-01
45683.04 1.3964e-08 4.9493e-06 2.8200e-03 9.9718e-01
46941.68 6.2988e-09 2.7724e-06 2.1142e-03 9.9788e-01
48230.81 2.9944e-09 1.5416e-06 1.5791e-03 9.9842e-01
49550.29 1.3291e-09 8.5414e-07 1.1775e-03 9.9882e-01
50899.37 5.6557e-10 4.7045e-07 8.7661e-04 9.9912e-01
52276.86 2.2992e-10 2.5848e-07 6.5227e-04 9.9935e-01
53681.16 9.2829e-11 1.4191e-07 4.8557e-04 9.9951e-01
55110.21 3.7766e-11 7.8037e-08 3.6217e-04 9.9964e-01
56561.17 1.7544e-13 4.3212e-08 2.7074e-04 9.9973e-01
58030.00 8.0208e-14 2.4008e-08 2.0302e-04 9.9980e-01
59510.42 1.9734e-12 1.3596e-08 1.5288e-04 9.9985e-01
60993.45 1.1707e-12 7.6301e-09 1.1585e-04 9.9988e-01
62466.44 5.2125e-13 4.4452e-09 8.8534e-05 9.9991e-01
63912.69 2.3838e-13 2.6246e-09 6.8481e-05 9.9993e-01
65311.62 1.1371e-13 1.5954e-09 5.3658e-05 9.9995e-01
66639.26 5.8043e-14 1.0177e-09 4.2824e-05 9.9996e-01
67870.77 2.9615e-14 6.4068e-10 3.4855e-05 9.9997e-01
68864.47 1.6122e-14 4.1676e-10 2.8918e-05 9.9997e-01
69459.55 9.9537e-15 2.7699e-10 2.6799e-05 9.9997e-01
69744.99 8.5743e-15 2.5458e-10 2.5788e-05 9.9997e-01
69888.26 8.2906e-15 2.4422e-10 2.5288e-05 9.9997e-01
69959.62 7.1129e-15 2.1147e-10 2.5053e-05 9.9997e-01
69991.15 7.3667e-15 2.2061e-10 2.4926e-05 9.9998e-01
69999.53 7.3879e-15 2.2067e-10 2.4934e-05 9.9998e-01
#TIME: 204.93
#NVEL: 115
#vel_mid[km/s] ni0 ni1 ni2 ni3
425.78 6.7799e-01 1.8289e-01 1.0520e-01 3.3919e-02
857.79 7.6379e-01 1.1191e-01 9.6206e-02 2.8087e-02
878.44 6.6490e-01 1.9286e-01 1.0718e-01 3.5057e-02
917.72 6.3125e-01 2.2455e-01 1.0801e-01 3.6191e-02
973.04 6.5522e-01 2.0202e-01 1.0740e-01 3.5368e-02
1034.98 6.5025e-01 2.0726e-01 1.0711e-01 3.5379e-02
1099.97 6.2615e-01 2.1018e-01 1.2160e-01 4.2075e-02
1169.04 6.7843e-01 1.8083e-01 1.0635e-01 3.4389e-02
1242.44 7.1169e-01 1.5046e-01 1.0488e-01 3.2970e-02
1320.45 6.7701e-01 1.8517e-01 1.0434e-01 3.3477e-02
1403.37 6.5903e-01 2.0822e-01 1.0050e-01 3.2252e-02
1491.49 6.8762e-01 1.8752e-01 9.5374e-02 2.9479e-02
1585.14 6.9142e-01 1.8293e-01 9.6006e-02 2.9641e-02
1684.67 6.9731e-01 1.8021e-01 9.3831e-02 2.8647e-02
1790.45 6.9334e-01 1.8191e-01 9.5397e-02 2.9361e-02
1902.87 6.9455e-01 1.7503e-01 9.9411e-02 3.1008e-02
2022.36 6.9021e-01 1.7165e-01 1.0473e-01 3.3413e-02
2149.34 6.6122e-01 2.0330e-01 1.0238e-01 3.3098e-02
2284.30 6.3342e-01 2.2024e-01 1.0944e-01 3.6897e-02
2427.74 5.8352e-01 2.5610e-01 1.1822e-01 4.2164e-02
2580.18 5.1555e-01 3.0717e-01 1.2846e-01 4.8822e-02
2742.19 4.4511e-01 3.6023e-01 1.3879e-01 5.5866e-02
2914.37 3.5604e-01 4.3224e-01 1.4858e-01 6.3137e-02
3097.37 2.6106e-01 5.1313e-01 1.5633e-01 6.9477e-02
3291.85 1.5045e-01 6.0677e-01 1.6553e-01 7.7252e-02
3498.55 1.1278e-01 6.5619e-01 1.5799e-01 7.3042e-02
3718.23 1.4438e-01 6.7309e-01 1.2778e-01 5.4754e-02
3951.70 1.4934e-01 6.8969e-01 1.1378e-01 4.7189e-02
4199.83 3.4160e-02 7.5723e-01 1.4316e-01 6.5445e-02
4463.54 1.8908e-02 7.4349e-01 1.6075e-01 7.6853e-02
4743.81 1.7904e-02 7.3502e-01 1.6628e-01 8.0802e-02
5041.68 2.3941e-02 7.3140e-01 1.6480e-01 7.9856e-02
5358.25 2.8988e-02 7.2913e-01 1.6315e-01 7.8738e-02
5694.70 1.9919e-02 7.3678e-01 1.6398e-01 7.9322e-02
6052.28 1.8947e-02 7.4175e-01 1.6168e-01 7.7625e-02
6432.31 3.0539e-02 7.3375e-01 1.5950e-01 7.6209e-02
6836.20 3.2103e-02 7.3294e-01 1.5897e-01 7.5984e-02
7265.45 3.7719e-02 7.2728e-01 1.5913e-01 7.5869e-02
7721.65 3.4489e-02 7.4113e-01 1.5264e-01 7.1736e-02
8206.56 3.9245e-02 7.3734e-01 1.5215e-01 7.1264e-02
8717.73 4.4128e-02 7.3847e-01 1.4840e-01 6.8993e-02
9214.74 4.2145e-02 7.6099e-01 1.3579e-01 6.1075e-02
9629.11 3.5810e-02 7.8063e-01 1.2743e-01 5.6133e-02
9954.11 2.4568e-02 7.9452e-01 1.2569e-01 5.5223e-02
10245.64 2.4847e-02 8.0247e-01 1.2046e-01 5.2227e-02
10541.49 1.3757e-02 8.2427e-01 1.1344e-01 4.8527e-02
10839.94 2.0991e-02 8.4108e-01 9.7655e-02 4.0272e-02
11119.11 3.1936e-02 8.5121e-01 8.3567e-02 3.3286e-02
11355.83 2.8181e-02 8.7305e-01 7.1298e-02 2.7473e-02
11539.81 4.8471e-02 8.7319e-01 5.7086e-02 2.1252e-02
11677.16 1.3716e-01 7.9733e-01 4.8399e-02 1.7110e-02
11784.05 7.3831e-02 8.5871e-01 4.9603e-02 1.7859e-02
11875.85 8.0873e-02 8.5387e-01 4.8058e-02 1.7203e-02
11963.37 1.0191e-01 8.3389e-01 4.7326e-02 1.6876e-02
12055.39 2.4035e-01 6.9155e-01 5.0644e-02 1.7459e-02
12170.41 8.4357e-02 8.3229e-01 6.0764e-02 2.2585e-02
12360.89 2.5032e-02 8.8669e-01 6.3759e-02 2.4513e-02
12670.46 6.4497e-03 8.8718e-01 7.6122e-02 3.0252e-02
13075.34 8.2627e-03 8.6662e-01 8.8957e-02 3.6158e-02
13530.52 1.0542e-02 8.4297e-01 1.0318e-01 4.3313e-02
14012.75 5.4366e-03 8.2394e-01 1.1871e-01 5.1911e-02
14508.81 3.0528e-03 8.0573e-01 1.3187e-01 5.9355e-02
15002.30 1.0190e-02 7.9194e-01 1.3664e-01 6.1234e-02
15475.29 3.9091e-03 7.8373e-01 1.4511e-01 6.7251e-02
15923.68 1.3980e-02 7.6552e-01 1.5067e-01 6.9833e-02
16355.64 3.9708e-03 7.6261e-01 1.5794e-01 7.5482e-02
16776.27 7.4318e-02 7.0062e-01 1.5453e-01 7.0530e-02
17183.14 8.8134e-03 7.5175e-01 1.6275e-01 7.6690e-02
17580.45 1.1870e-02 7.5962e-01 1.5535e-01 7.3164e-02
17990.34 3.6778e-01 4.4386e-01 1.3400e-01 5.4364e-02
18458.06 4.4552e-02 6.8444e-01 1.8047e-01 9.0538e-02
19084.69 6.3703e-02 6.3635e-01 1.9692e-01 1.0303e-01
19999.79 7.4005e-02 5.3418e-01 2.4520e-01 1.4661e-01
21193.46 2.0910e-03 4.4061e-01 3.1268e-01 2.4461e-01
22528.72 4.0804e-03 2.6469e-01 3.4050e-01 3.9072e-01
23943.32 3.0714e-02 1.6779e-01 3.2683e-01 4.7467e-01
25446.74 3.6612e-04 1.4008e-01 3.1206e-01 5.4749e-01
27044.57 2.1927e-05 6.7019e-02 2.5198e-01 6.8098e-01
28744.18 3.1834e-03 1.7659e-02 1.5672e-01 8.2244e-01
30520.16 5.2457e-05 4.5430e-03 1.1159e-01 8.8382e-01
32243.50 1.0633e-05 1.8348e-03 8.0364e-02 9.1779e-01
33773.01 1.2508e-05 2.0410e-03 6.3986e-02 9.3396e-01
35108.48 7.3609e-06 1.1597e-03 4.1723e-02 9.5711e-01
36326.30 1.2323e-05 5.5475e-04 2.9226e-02 9.7021e-01
37486.70 5.2285e-06 2.7306e-04 2.0616e-02 9.7911e-01
38628.25 6.3889e-07 1.4644e-04 1.5119e-02 9.8473e-01
39768.62 2.1972e-07 8.2129e-05 1.1361e-02 9.8856e-01
40915.31 1.0399e-07 5.1030e-05 8.9795e-03 9.9097e-01
42074.51 2.0601e-07 2.9040e-05 6.8026e-03 9.9317e-01
43252.44 8.4613e-08 1.6539e-05 5.1423e-03 9.9484e-01
44454.05 3.7699e-11 9.3890e-06 3.8746e-03 9.9612e-01
45683.04 1.6732e-12 5.2536e-06 2.9061e-03 9.9709e-01
46941.68 9.9459e-13 2.9362e-06 2.1742e-03 9.9782e-01
48230.81 3.5451e-13 1.6310e-06 1.6217e-03 9.9838e-01
49550.29 1.3879e-09 8.9977e-07 1.2074e-03 9.9879e-01
50899.37 5.8182e-10 4.9484e-07 8.9800e-04 9.9910e-01
52276.86 2.4314e-10 2.7125e-07 6.6758e-04 9.9933e-01
53681.16 9.9179e-11 1.4891e-07 4.9672e-04 9.9950e-01
55110.21 4.0443e-11 8.1914e-08 3.6996e-04 9.9963e-01
56561.17 1.6633e-11 4.5317e-08 2.7629e-04 9.9972e-01
58030.00 1.1147e-12 2.5005e-08 2.0701e-04 9.9979e-01
59510.42 3.5422e-14 1.4229e-08 1.5585e-04 9.9984e-01
60993.45 2.4015e-14 6.8305e-09 1.1820e-04 9.9988e-01
62466.44 4.2927e-13 4.6255e-09 9.0255e-05 9.9991e-01
63912.69 2.3908e-13 2.5816e-09 6.9741e-05 9.9993e-01
65311.62 1.1866e-13 1.6319e-09 5.4647e-05 9.9995e-01
66639.26 4.1430e-14 7.1182e-10 4.3590e-05 9.9996e-01
67870.77 3.3300e-14 7.0061e-10 3.5503e-05 9.9996e-01
68864.47 1.7656e-14 4.4442e-10 2.9425e-05 9.9997e-01
69459.55 1.0864e-14 2.9706e-10 2.7267e-05 9.9997e-01
69744.99 1.3737e-14 3.9007e-10 2.6223e-05 9.9997e-01
69888.26 1.3007e-14 3.7624e-10 2.5718e-05 9.9997e-01
69959.62 1.2642e-14 3.6893e-10 2.5466e-05 9.9997e-01
69991.15 1.2458e-14 3.6542e-10 2.5342e-05 9.9997e-01
69999.53 1.2466e-14 3.6557e-10 2.5351e-05 9.9997e-01
#TIME: 207.87
#NVEL: 115
#vel_mid[km/s] ni0 ni1 ni2 ni3
425.78 6.4975e-01 2.1070e-01 1.0508e-01 3.4472e-02
857.79 7.3880e-01 1.2971e-01 1.0083e-01 3.0666e-02
878.44 6.8226e-01 1.7846e-01 1.0543e-01 3.3843e-02
917.72 5.7178e-01 2.7509e-01 1.1323e-01 3.9892e-02
973.04 6.4759e-01 2.0922e-01 1.0754e-01 3.5652e-02
1034.98 6.4890e-01 2.0972e-01 1.0629e-01 3.5085e-02
1099.97 6.8083e-01 1.7844e-01 1.0640e-01 3.4323e-02
1169.04 6.0967e-01 2.3988e-01 1.1198e-01 3.8476e-02
1242.44 6.7576e-01 1.9146e-01 1.0080e-01 3.1982e-02
1320.45 6.5164e-01 2.0669e-01 1.0658e-01 3.5098e-02
1403.37 6.6476e-01 2.0600e-01 9.8115e-02 3.1120e-02
1491.49 6.8067e-01 1.9586e-01 9.4301e-02 2.9170e-02
1585.14 6.8504e-01 1.9095e-01 9.4756e-02 2.9256e-02
1684.67 6.9479e-01 1.8374e-01 9.3070e-02 2.8396e-02
1790.45 7.0322e-01 1.7461e-01 9.3703e-02 2.8463e-02
1902.87 6.9084e-01 1.7983e-01 9.8562e-02 3.0763e-02
2022.36 6.8915e-01 1.7480e-01 1.0325e-01 3.2801e-02
2149.34 6.2568e-01 2.0318e-01 1.2681e-01 4.4340e-02
2284.30 6.3081e-01 2.2350e-01 1.0897e-01 3.6712e-02
2427.74 5.8851e-01 2.5199e-01 1.1770e-01 4.1793e-02
2580.18 5.2829e-01 2.9598e-01 1.2761e-01 4.8120e-02
2742.19 4.3855e-01 3.6597e-01 1.3925e-01 5.6228e-02
2914.37 3.6024e-01 4.2869e-01 1.4823e-01 6.2848e-02
3097.37 2.6937e-01 5.0575e-01 1.5577e-01 6.9099e-02
3291.85 1.4826e-01 6.0815e-01 1.6603e-01 7.7559e-02
3498.55 1.0879e-01 6.6031e-01 1.5793e-01 7.2968e-02
3718.23 1.4886e-01 6.6952e-01 1.2726e-01 5.4359e-02
3951.70 1.5829e-01 6.8198e-01 1.1306e-01 4.6672e-02
4199.83 3.4531e-02 7.5724e-01 1.4290e-01 6.5327e-02
4463.54 2.2922e-02 7.4059e-01 1.6000e-01 7.6493e-02
4743.81 2.7243e-02 7.2864e-01 1.6450e-01 7.9613e-02
5041.68 1.8569e-02 7.3600e-01 1.6519e-01 8.0242e-02
5358.25 2.7816e-02 7.3083e-01 1.6284e-01 7.8519e-02
5694.70 2.3349e-02 7.3768e-01 1.6131e-01 7.7664e-02
6052.28 2.0682e-02 7.4048e-01 1.6133e-01 7.7503e-02
6432.31 2.6138e-02 7.3783e-01 1.5956e-01 7.6477e-02
6836.20 2.6333e-02 7.4227e-01 1.5699e-01 7.4402e-02
7265.45 3.1047e-02 7.3536e-01 1.5819e-01 7.5400e-02
7721.65 2.5014e-02 7.4356e-01 1.5686e-01 7.4568e-02
8206.56 4.4611e-02 7.3858e-01 1.4825e-01 6.8564e-02
8717.73 3.3141e-02 7.5594e-01 1.4448e-01 6.6433e-02
9214.74 4.2695e-02 7.6014e-01 1.3598e-01 6.1184e-02
9629.11 2.0998e-02 7.9477e-01 1.2764e-01 5.6588e-02
9954.11 3.1670e-02 7.9578e-01 1.2030e-01 5.2245e-02
10245.64 1.8843e-02 8.0917e-01 1.1986e-01 5.2126e-02
10541.49 3.0324e-02 8.1592e-01 1.0812e-01 4.5639e-02
10839.94 2.4075e-02 8.3453e-01 9.9992e-02 4.1404e-02
11119.11 3.5390e-02 8.4512e-01 8.5471e-02 3.4019e-02
11355.83 3.9934e-02 8.6140e-01 7.1228e-02 2.7440e-02
11539.81 4.3193e-02 8.7746e-01 5.7833e-02 2.1512e-02
11677.16 1.1482e-01 8.1528e-01 5.1529e-02 1.8363e-02
11784.05 1.0139e-01 8.3102e-01 4.9807e-02 1.7780e-02
11875.85 1.3501e-01 8.0170e-01 4.6881e-02 1.6416e-02
11963.37 1.5911e-01 7.7836e-01 4.6358e-02 1.6175e-02
12055.39 9.0198e-02 8.3405e-01 5.5524e-02 2.0231e-02
12170.41 6.8646e-02 8.4464e-01 6.3144e-02 2.3573e-02
12360.89 2.3230e-02 8.8748e-01 6.4521e-02 2.4768e-02
12670.46 1.0565e-02 8.8206e-01 7.6798e-02 3.0578e-02
13075.34 6.8586e-03 8.6943e-01 8.7851e-02 3.5862e-02
13530.52 4.3524e-03 8.4918e-01 1.0303e-01 4.3440e-02
14012.75 5.3362e-03 8.2382e-01 1.1890e-01 5.1943e-02
14508.81 1.4560e-02 7.9493e-01 1.3139e-01 5.9112e-02
15002.30 3.1525e-03 7.9318e-01 1.3968e-01 6.3986e-02
15475.29 1.8251e-03 7.8986e-01 1.4286e-01 6.5454e-02
15923.68 9.5234e-03 7.6266e-01 1.5474e-01 7.3081e-02
16355.64 1.8170e-03 7.6071e-01 1.6066e-01 7.6807e-02
16776.27 4.5719e-03 7.5914e-01 1.6013e-01 7.6158e-02
17183.14 1.3126e-01 6.5191e-01 1.4901e-01 6.7826e-02
17580.45 1.3268e-01 6.5860e-01 1.4370e-01 6.5013e-02
17990.34 4.2534e-02 7.1487e-01 1.6392e-01 7.8677e-02
18458.06 1.2775e-01 6.2821e-01 1.6517e-01 7.8869e-02
19084.69 8.9480e-03 6.8572e-01 1.9964e-01 1.0570e-01
19999.79 6.2548e-02 5.3598e-01 2.4946e-01 1.5202e-01
21193.46 8.6015e-03 4.4933e-01 3.0927e-01 2.3280e-01
22528.72 2.4029e-02 2.9206e-01 3.3780e-01 3.4611e-01
23943.32 4.4442e-04 2.0262e-01 3.4333e-01 4.5361e-01
25446.74 2.0868e-03 1.4886e-01 3.1708e-01 5.3198e-01
27044.57 2.3435e-04 5.9736e-02 2.4223e-01 6.9780e-01
28744.18 3.3560e-05 2.2951e-02 1.6650e-01 8.1052e-01
30520.16 4.9448e-04 6.2612e-03 9.5087e-02 8.9816e-01
32243.50 1.1334e-04 3.5688e-03 7.6519e-02 9.1980e-01
33773.01 8.6354e-06 1.4026e-03 6.8374e-02 9.3021e-01
35108.48 4.4985e-06 8.6691e-04 4.8358e-02 9.5077e-01
36326.30 1.0154e-06 4.6573e-04 3.3752e-02 9.6578e-01
37486.70 4.1671e-07 2.4969e-04 2.2552e-02 9.7720e-01
38628.25 2.0758e-07 1.5660e-04 1.5635e-02 9.8421e-01
39768.62 6.0741e-07 8.7446e-05 1.1743e-02 9.8817e-01
40915.31 2.9596e-07 5.4417e-05 9.2861e-03 9.9066e-01
42074.51 2.7215e-08 3.1085e-05 7.0232e-03 9.9295e-01
43252.44 8.3227e-09 1.7667e-05 5.3041e-03 9.9468e-01
44454.05 3.7879e-09 9.9871e-06 3.9942e-03 9.9600e-01
45683.04 2.2704e-08 5.5917e-06 2.9945e-03 9.9700e-01
46941.68 9.3987e-09 3.1140e-06 2.2372e-03 9.9776e-01
48230.81 3.2302e-13 1.7223e-06 1.6660e-03 9.9833e-01
49550.29 8.4774e-14 9.4865e-07 1.2379e-03 9.9876e-01
50899.37 3.6664e-14 5.2126e-07 9.1944e-04 9.9908e-01
52276.86 2.5809e-10 2.8489e-07 6.8323e-04 9.9932e-01
53681.16 1.0577e-10 1.5633e-07 5.0774e-04 9.9949e-01
55110.21 4.3153e-11 8.5709e-08 3.7799e-04 9.9962e-01
56561.17 1.7680e-11 4.7203e-08 2.8211e-04 9.9972e-01
58030.00 7.3338e-12 2.6179e-08 2.1132e-04 9.9979e-01
59510.42 3.0925e-12 1.4679e-08 1.5895e-04 9.9984e-01
60993.45 2.1594e-13 8.3167e-09 1.2041e-04 9.9988e-01
62466.44 1.9295e-14 4.7766e-09 9.1991e-05 9.9991e-01
63912.69 1.6926e-14 2.8479e-09 7.1103e-05 9.9993e-01
65311.62 9.0464e-14 1.5900e-09 5.5694e-05 9.9994e-01
66639.26 6.0673e-14 1.0949e-09 4.4423e-05 9.9996e-01
67870.77 3.0171e-14 6.2195e-10 3.6140e-05 9.9996e-01
68864.47 1.8162e-14 4.5091e-10 2.9964e-05 9.9997e-01
69459.55 1.6030e-14 4.2872e-10 2.7750e-05 9.9997e-01
69744.99 1.4282e-14 3.9705e-10 2.6699e-05 9.9997e-01
69888.26 1.3488e-14 3.8191e-10 2.6184e-05 9.9997e-01
69959.62 1.3082e-14 3.7450e-10 2.5925e-05 9.9997e-01
69991.15 1.2911e-14 3.7106e-10 2.5811e-05 9.9997e-01
69999.53 1.2926e-14 3.7135e-10 2.5820e-05 9.9997e-01
#TIME: 210.86
#NVEL: 115
#vel_mid[km/s] ni0 ni1 ni2 ni3
425.78 6.5083e-01 2.1175e-01 1.0360e-01 3.3810e-02
857.79 6.0507e-01 2.5136e-01 1.0720e-01 3.6370e-02
878.44 6.8143e-01 1.9159e-01 9.6792e-02 3.0189e-02
917.72 6.7741e-01 1.8405e-01 1.0478e-01 3.3762e-02
973.04 5.6151e-01 2.8975e-01 1.1022e-01 3.8518e-02
1034.98 6.4860e-01 2.1556e-01 1.0250e-01 3.3341e-02
1099.97 6.4176e-01 2.1362e-01 1.0845e-01 3.6172e-02
1169.04 6.4982e-01 2.1104e-01 1.0480e-01 3.4335e-02
1242.44 6.1198e-01 2.4161e-01 1.0922e-01 3.7184e-02
1320.45 6.4507e-01 2.1606e-01 1.0456e-01 3.4317e-02
1403.37 6.9034e-01 1.8347e-01 9.6342e-02 2.9850e-02
1491.49 6.8080e-01 1.9709e-01 9.3347e-02 2.8767e-02
1585.14 6.9483e-01 1.8390e-01 9.2944e-02 2.8328e-02
1684.67 6.9785e-01 1.8345e-01 9.1147e-02 2.7554e-02
1790.45 7.0488e-01 1.7528e-01 9.2061e-02 2.7773e-02
1902.87 6.9043e-01 1.8285e-01 9.6714e-02 3.0004e-02
2022.36 6.8940e-01 1.7712e-01 1.0145e-01 3.2035e-02
2149.34 7.0996e-01 1.5000e-01 1.0638e-01 3.3659e-02
2284.30 6.3189e-01 2.2303e-01 1.0857e-01 3.6512e-02
2427.74 5.8398e-01 2.5732e-01 1.1710e-01 4.1599e-02
2580.18 5.1836e-01 3.0443e-01 1.2845e-01 4.8754e-02
2742.19 4.3776e-01 3.6665e-01 1.3931e-01 5.6286e-02
2914.37 3.5830e-01 4.3031e-01 1.4835e-01 6.3042e-02
3097.37 2.6959e-01 5.0627e-01 1.5534e-01 6.8792e-02
3291.85 1.5091e-01 6.0591e-01 1.6586e-01 7.7324e-02
3498.55 1.0539e-01 6.6296e-01 1.5832e-01 7.3329e-02
3718.23 1.5231e-01 6.6636e-01 1.2707e-01 5.4269e-02
3951.70 1.4465e-01 6.9366e-01 1.1423e-01 4.7457e-02
4199.83 3.5713e-02 7.5747e-01 1.4207e-01 6.4740e-02
4463.54 1.9696e-02 7.4504e-01 1.5929e-01 7.5971e-02
4743.81 1.9298e-02 7.3423e-01 1.6587e-01 8.0597e-02
5041.68 1.6000e-02 7.4076e-01 1.6383e-01 7.9407e-02
5358.25 2.8938e-02 7.2829e-01 1.6369e-01 7.9090e-02
5694.70 2.8238e-02 7.3470e-01 1.6028e-01 7.6782e-02
6052.28 2.4560e-02 7.3655e-01 1.6148e-01 7.7413e-02
6432.31 2.8836e-02 7.3675e-01 1.5870e-01 7.5714e-02
6836.20 3.4991e-02 7.3194e-01 1.5792e-01 7.5147e-02
7265.45 2.8638e-02 7.4380e-01 1.5459e-01 7.2971e-02
7721.65 3.1646e-02 7.4492e-01 1.5202e-01 7.1415e-02
8206.56 3.0365e-02 7.5068e-01 1.4935e-01 6.9610e-02
8717.73 2.7064e-02 7.6010e-01 1.4556e-01 6.7274e-02
9214.74 3.6214e-02 7.6644e-01 1.3614e-01 6.1206e-02
9629.11 2.7296e-02 7.8480e-01 1.3011e-01 5.7794e-02
9954.11 2.6265e-02 7.9504e-01 1.2422e-01 5.4477e-02
10245.64 2.7807e-02 8.0064e-01 1.1968e-01 5.1873e-02
10541.49 1.9857e-02 8.1779e-01 1.1377e-01 4.8585e-02
10839.94 1.7452e-02 8.4505e-01 9.7395e-02 4.0104e-02
11119.11 4.2984e-02 8.3828e-01 8.4983e-02 3.3754e-02
11355.83 4.4001e-02 8.6376e-01 6.6814e-02 2.5426e-02
11539.81 3.9940e-02 8.7878e-01 5.9208e-02 2.2071e-02
11677.16 1.6416e-01 7.7224e-01 4.7127e-02 1.6468e-02
11784.05 1.1131e-01 8.2697e-01 4.5607e-02 1.6108e-02
11875.85 1.7382e-01 7.6210e-01 4.7596e-02 1.6479e-02
11963.37 1.1782e-01 8.1749e-01 4.7790e-02 1.6897e-02
12055.39 2.6205e-01 6.6944e-01 5.1084e-02 1.7427e-02
12170.41 8.1040e-02 8.3784e-01 5.9140e-02 2.1982e-02
12360.89 2.9064e-02 8.7899e-01 6.6412e-02 2.5530e-02
12670.46 1.3211e-02 8.8795e-01 7.0969e-02 2.7866e-02
13075.34 1.0942e-02 8.6295e-01 8.9570e-02 3.6540e-02
13530.52 3.7810e-03 8.5902e-01 9.6969e-02 4.0226e-02
14012.75 1.6116e-03 8.2887e-01 1.1806e-01 5.1454e-02
14508.81 9.0305e-03 7.9690e-01 1.3366e-01 6.0405e-02
15002.30 1.3205e-02 7.8237e-01 1.4017e-01 6.4252e-02
15475.29 1.9075e-01 6.1924e-01 1.3281e-01 5.7195e-02
15923.68 6.7129e-03 7.6694e-01 1.5388e-01 7.2465e-02
16355.64 7.0515e-03 7.5326e-01 1.6214e-01 7.7550e-02
16776.27 8.9163e-02 6.8171e-01 1.5626e-01 7.2859e-02
17183.14 1.0254e-02 7.5697e-01 1.5769e-01 7.5085e-02
17580.45 2.1147e-02 7.6027e-01 1.4878e-01 6.9803e-02
17990.34 1.7481e-02 7.3751e-01 1.6496e-01 8.0041e-02
18458.06 2.4706e-01 5.1465e-01 1.6272e-01 7.5562e-02
19084.69 6.8717e-03 7.0280e-01 1.9105e-01 9.9281e-02
19999.79 7.7049e-02 5.4588e-01 2.3907e-01 1.3800e-01
21193.46 6.8721e-02 3.7084e-01 3.0986e-01 2.5058e-01
22528.72 2.2190e-02 2.8901e-01 3.3607e-01 3.5273e-01
23943.32 5.7911e-05 2.1879e-01 3.4219e-01 4.3896e-01
25446.74 8.0959e-03 1.4526e-01 3.1728e-01 5.2936e-01
27044.57 1.4434e-03 6.9725e-02 2.5647e-01 6.7236e-01
28744.18 3.2712e-03 1.6658e-02 1.5169e-01 8.2838e-01
30520.16 4.5370e-04 6.2967e-03 9.5203e-02 8.9805e-01
32243.50 1.1837e-04 3.4893e-03 7.1488e-02 9.2490e-01
33773.01 6.6955e-05 2.2807e-03 5.8286e-02 9.3937e-01
35108.48 1.8906e-05 1.2555e-03 4.3529e-02 9.5520e-01
36326.30 8.2161e-06 6.2166e-04 3.0891e-02 9.6848e-01
37486.70 1.1832e-06 2.4752e-04 2.2332e-02 9.7742e-01
38628.25 1.8216e-07 1.1319e-04 1.7095e-02 9.8279e-01
39768.62 2.9998e-08 6.2173e-05 1.2806e-02 9.8713e-01
40915.31 1.5025e-08 4.2498e-05 9.6376e-03 9.9032e-01
42074.51 9.9861e-09 3.3194e-05 7.2598e-03 9.9271e-01
43252.44 5.5830e-08 1.8782e-05 5.4703e-03 9.9451e-01
44454.05 8.8255e-09 1.0617e-05 4.1152e-03 9.9587e-01
45683.04 9.8455e-10 5.9418e-06 3.0807e-03 9.9691e-01
46941.68 3.4870e-10 3.3027e-06 2.2995e-03 9.9770e-01
48230.81 2.7478e-10 1.8241e-06 1.7110e-03 9.9829e-01
49550.29 1.7305e-09 1.0023e-06 1.2711e-03 9.9873e-01
50899.37 1.2927e-13 5.4837e-07 9.4292e-04 9.9906e-01
52276.86 1.7109e-14 2.9963e-07 6.9943e-04 9.9930e-01
53681.16 9.9372e-15 1.6424e-07 5.1924e-04 9.9948e-01
55110.21 4.0397e-14 9.0405e-08 3.8636e-04 9.9961e-01
56561.17 1.8914e-11 4.9420e-08 2.8811e-04 9.9971e-01
58030.00 7.8461e-12 2.7390e-08 2.1576e-04 9.9978e-01
59510.42 3.1157e-12 1.4478e-08 1.6228e-04 9.9984e-01
60993.45 1.4129e-12 8.6602e-09 1.2284e-04 9.9988e-01
62466.44 6.2357e-13 5.0019e-09 9.3792e-05 9.9991e-01
63912.69 9.7650e-14 2.9708e-09 7.2446e-05 9.9993e-01
65311.62 9.0962e-15 1.8037e-09 5.6731e-05 9.9994e-01
66639.26 5.3170e-15 1.0083e-09 4.5278e-05 9.9995e-01
67870.77 2.8725e-14 6.9589e-10 3.6839e-05 9.9996e-01
68864.47 1.9140e-14 4.7695e-10 3.0541e-05 9.9997e-01
69459.55 1.4261e-14 3.7638e-10 2.8290e-05 9.9997e-01
69744.99 1.2952e-14 3.5309e-10 2.7200e-05 9.9997e-01
69888.26 1.3489e-14 3.7482e-10 2.6674e-05 9.9997e-01
69959.62 1.3122e-14 3.6755e-10 2.6423e-05 9.9997e-01
69991.15 1.3258e-14 3.6406e-10 2.6297e-05 9.9997e-01
69999.53 1.2938e-14 3.6423e-10 2.6307e-05 9.9997e-01
#TIME: 213.89
#NVEL: 115
#vel_mid[km/s] ni0 ni1 ni2 ni3
425.78 6.3495e-01 2.2840e-01 1.0286e-01 3.3796e-02
857.79 5.9235e-01 2.6573e-01 1.0584e-01 3.6080e-02
878.44 6.2455e-01 2.3497e-01 1.0535e-01 3.5132e-02
917.72 6.7886e-01 1.8555e-01 1.0275e-01 3.2845e-02
973.04 6.8292e-01 1.8756e-01 9.8578e-02 3.0943e-02
1034.98 6.6117e-01 2.0494e-01 1.0135e-01 3.2538e-02
1099.97 6.2020e-01 2.3334e-01 1.0937e-01 3.7098e-02
1169.04 6.3728e-01 2.2120e-01 1.0622e-01 3.5294e-02
1242.44 6.7426e-01 1.8632e-01 1.0534e-01 3.4089e-02
1320.45 6.2143e-01 2.3648e-01 1.0640e-01 3.5684e-02
1403.37 6.8139e-01 1.9577e-01 9.3853e-02 2.8985e-02
1491.49 6.7168e-01 2.0712e-01 9.2553e-02 2.8645e-02
1585.14 6.8707e-01 1.9322e-01 9.1714e-02 2.8001e-02
1684.67 7.0311e-01 1.8006e-01 8.9891e-02 2.6939e-02
1790.45 7.0512e-01 1.7671e-01 9.0870e-02 2.7303e-02
1902.87 6.9122e-01 1.8407e-01 9.5299e-02 2.9410e-02
2022.36 6.8978e-01 1.7868e-01 1.0008e-01 3.1458e-02
2149.34 6.8197e-01 1.8004e-01 1.0450e-01 3.3493e-02
2284.30 6.3030e-01 2.2466e-01 1.0851e-01 3.6526e-02
2427.74 5.8934e-01 2.5254e-01 1.1678e-01 4.1336e-02
2580.18 5.2217e-01 3.0251e-01 1.2726e-01 4.8059e-02
2742.19 4.4032e-01 3.6504e-01 1.3872e-01 5.5913e-02
2914.37 3.6526e-01 4.2473e-01 1.4758e-01 6.2426e-02
3097.37 2.6253e-01 5.1201e-01 1.5609e-01 6.9364e-02
3291.85 1.4855e-01 6.0795e-01 1.6595e-01 7.7544e-02
3498.55 9.6286e-02 6.7123e-01 1.5875e-01 7.3736e-02
3718.23 1.6208e-01 6.5803e-01 1.2622e-01 5.3664e-02
3951.70 1.4647e-01 6.9292e-01 1.1356e-01 4.7047e-02
4199.83 2.9055e-02 7.6243e-01 1.4316e-01 6.5358e-02
4463.54 1.6764e-02 7.4377e-01 1.6176e-01 7.7705e-02
4743.81 1.9976e-02 7.3623e-01 1.6436e-01 7.9428e-02
5041.68 2.5312e-02 7.3172e-01 1.6387e-01 7.9100e-02
5358.25 3.3169e-02 7.2603e-01 1.6258e-01 7.8219e-02
5694.70 2.1385e-02 7.4443e-01 1.5846e-01 7.5726e-02
6052.28 2.4407e-02 7.3757e-01 1.6082e-01 7.7203e-02
6432.31 2.7887e-02 7.3787e-01 1.5862e-01 7.5627e-02
6836.20 2.7962e-02 7.2963e-01 1.6351e-01 7.8890e-02
7265.45 2.7501e-02 7.4264e-01 1.5602e-01 7.3844e-02
7721.65 3.6434e-02 7.3355e-01 1.5615e-01 7.3865e-02
8206.56 2.6542e-02 7.4887e-01 1.5281e-01 7.1780e-02
8717.73 3.1818e-02 7.5515e-01 1.4573e-01 6.7302e-02
9214.74 4.8684e-02 7.5568e-01 1.3504e-01 6.0597e-02
9629.11 3.7878e-02 7.8496e-01 1.2333e-01 5.3833e-02
9954.11 2.7769e-02 8.0037e-01 1.1986e-01 5.1994e-02
10245.64 1.2526e-02 8.1179e-01 1.2220e-01 5.3486e-02
10541.49 1.9186e-02 8.2634e-01 1.0850e-01 4.5980e-02
10839.94 2.3139e-02 8.4507e-01 9.3556e-02 3.8230e-02
11119.11 3.7669e-02 8.4154e-01 8.6323e-02 3.4465e-02
11355.83 2.4676e-02 8.7667e-01 7.1178e-02 2.7475e-02
11539.81 5.7158e-02 8.6406e-01 5.7493e-02 2.1287e-02
11677.16 7.1325e-02 8.6145e-01 4.9414e-02 1.7811e-02
11784.05 8.2248e-02 8.5409e-01 4.6981e-02 1.6686e-02
11875.85 1.6089e-01 7.7688e-01 4.6184e-02 1.6055e-02
11963.37 1.0962e-01 8.2718e-01 4.6663e-02 1.6534e-02
12055.39 1.2262e-01 8.0418e-01 5.3809e-02 1.9390e-02
12170.41 6.7288e-02 8.4745e-01 6.2108e-02 2.3150e-02
12360.89 3.5618e-02 8.7305e-01 6.6057e-02 2.5271e-02
12670.46 1.0509e-02 8.8632e-01 7.3979e-02 2.9195e-02
13075.34 4.8878e-03 8.6962e-01 8.9121e-02 3.6374e-02
13530.52 8.5863e-03 8.4611e-01 1.0227e-01 4.3028e-02
14012.75 4.9158e-03 8.2822e-01 1.1624e-01 5.0619e-02
14508.81 1.1635e-02 7.9347e-01 1.3410e-01 6.0791e-02
15002.30 2.8965e-02 7.7052e-01 1.3794e-01 6.2570e-02
15475.29 7.5811e-03 7.8104e-01 1.4463e-01 6.6747e-02
15923.68 2.9251e-03 7.7504e-01 1.5090e-01 7.1141e-02
16355.64 2.1545e-03 7.6007e-01 1.6096e-01 7.6809e-02
16776.27 9.2232e-03 7.5105e-01 1.6244e-01 7.7286e-02
17183.14 1.2679e-01 6.5790e-01 1.4773e-01 6.7577e-02
17580.45 2.3082e-03 7.5989e-01 1.6125e-01 7.6553e-02
17990.34 5.9851e-02 7.0033e-01 1.6232e-01 7.7509e-02
18458.06 5.4849e-02 6.7826e-01 1.7813e-01 8.8762e-02
19084.69 1.2423e-01 5.9365e-01 1.8798e-01 9.4145e-02
19999.79 9.3134e-02 5.1745e-01 2.4374e-01 1.4568e-01
21193.46 1.6547e-02 4.3681e-01 3.0916e-01 2.3749e-01
22528.72 5.1491e-04 2.8167e-01 3.4055e-01 3.7727e-01
23943.32 9.8054e-03 1.9353e-01 3.3770e-01 4.5897e-01
25446.74 1.6518e-03 1.2154e-01 3.1592e-01 5.6089e-01
27044.57 1.2860e-03 5.4516e-02 2.3504e-01 7.0916e-01
28744.18 2.6436e-03 1.6559e-02 1.5009e-01 8.3070e-01
30520.16 3.9161e-04 6.5467e-03 9.6683e-02 8.9638e-01
32243.50 3.3051e-04 3.6152e-03 7.3750e-02 9.2230e-01
33773.01 1.4528e-04 2.3933e-03 6.0151e-02 9.3731e-01
35108.48 2.2128e-05 1.3362e-03 4.4906e-02 9.5374e-01
36326.30 4.6860e-06 6.6467e-04 3.1894e-02 9.6744e-01
37486.70 2.8763e-06 3.3006e-04 2.2643e-02 9.7702e-01
38628.25 1.8645e-06 1.7781e-04 1.6709e-02 9.8311e-01
39768.62 6.5891e-07 1.0035e-04 1.2585e-02 9.8731e-01
40915.31 7.4365e-08 4.7899e-05 9.9786e-03 9.8997e-01
42074.51 1.0767e-08 2.0834e-05 7.5260e-03 9.9245e-01
43252.44 1.3903e-09 1.1619e-05 5.6602e-03 9.9433e-01
44454.05 7.6954e-10 8.2572e-06 4.2461e-03 9.9575e-01
45683.04 5.2651e-10 6.3098e-06 3.1711e-03 9.9682e-01
46941.68 1.1293e-08 3.4877e-06 2.3619e-03 9.9763e-01
48230.81 2.4852e-10 1.9267e-06 1.7559e-03 9.9824e-01
49550.29 5.3324e-11 1.0571e-06 1.3030e-03 9.9870e-01
50899.37 2.2928e-11 5.7812e-07 9.6635e-04 9.9903e-01
52276.86 2.1584e-10 3.1568e-07 7.1649e-04 9.9928e-01
53681.16 1.2209e-10 1.7257e-07 5.3173e-04 9.9947e-01
55110.21 9.7490e-15 9.4110e-08 3.9524e-04 9.9960e-01
56561.17 4.4456e-14 5.1838e-08 2.9445e-04 9.9971e-01
58030.00 4.2329e-14 2.8679e-08 2.2035e-04 9.9978e-01
59510.42 3.5183e-12 1.5993e-08 1.6564e-04 9.9983e-01
60993.45 1.5130e-12 9.0781e-09 1.2547e-04 9.9987e-01
62466.44 6.6656e-13 5.2327e-09 9.5694e-05 9.9990e-01
63912.69 2.5807e-13 2.6152e-09 7.3927e-05 9.9993e-01
65311.62 1.1136e-13 1.4382e-09 5.7862e-05 9.9994e-01
66639.26 5.7283e-14 1.1282e-09 4.6137e-05 9.9995e-01
67870.77 2.8547e-15 7.8745e-10 3.7520e-05 9.9996e-01
68864.47 1.2860e-15 5.4066e-10 3.1108e-05 9.9997e-01
69459.55 8.3068e-16 4.6394e-10 2.8822e-05 9.9997e-01
69744.99 6.9037e-16 4.2896e-10 2.7724e-05 9.9997e-01
69888.26 5.7429e-16 3.6903e-10 2.7186e-05 9.9997e-01
69959.62 5.4037e-16 3.6167e-10 2.6915e-05 9.9997e-01
69991.15 7.6476e-16 3.5826e-10 2.6794e-05 9.9997e-01
69999.53 5.2534e-16 3.5843e-10 2.6805e-05 9.9997e-01
#TIME: 216.97
#NVEL: 115
#vel_mid[km/s] ni0 ni1 ni2 ni3
425.78 6.4643e-01 2.1980e-01 1.0100e-01 3.2770e-02
857.79 5.8188e-01 2.7665e-01 1.0549e-01 3.5981e-02
878.44 6.0592e-01 2.5253e-01 1.0585e-01 3.5694e-02
917.72 6.5717e-01 2.0594e-01 1.0332e-01 3.3567e-02
973.04 6.6004e-01 2.1507e-01 9.5013e-02 2.9884e-02
1034.98 6.4497e-01 2.2154e-01 1.0080e-01 3.2686e-02
1099.97 6.6364e-01 1.9987e-01 1.0314e-01 3.3348e-02
1169.04 6.4563e-01 2.1555e-01 1.0450e-01 3.4314e-02
1242.44 6.7988e-01 1.8493e-01 1.0250e-01 3.2690e-02
1320.45 6.5602e-01 2.1081e-01 1.0074e-01 3.2432e-02
1403.37 6.8705e-01 1.9160e-01 9.2886e-02 2.8464e-02
1491.49 6.7639e-01 2.0555e-01 9.0387e-02 2.7674e-02
1585.14 7.0438e-01 1.7866e-01 9.0011e-02 2.6954e-02
1684.67 7.1409e-01 1.7191e-01 8.8013e-02 2.5980e-02
1790.45 7.1321e-01 1.7060e-01 8.9573e-02 2.6619e-02
1902.87 6.9938e-01 1.7828e-01 9.3750e-02 2.8592e-02
2022.36 6.8817e-01 1.8218e-01 9.8732e-02 3.0916e-02
2149.34 6.7333e-01 1.8499e-01 1.0688e-01 3.4795e-02
2284.30 5.9577e-01 2.2175e-01 1.3379e-01 4.8691e-02
2427.74 5.9548e-01 2.4816e-01 1.1569e-01 4.0666e-02
2580.18 5.1408e-01 3.0887e-01 1.2828e-01 4.8771e-02
2742.19 4.4642e-01 3.5951e-01 1.3843e-01 5.5638e-02
2914.37 3.6008e-01 4.2939e-01 1.4784e-01 6.2691e-02
3097.37 2.6795e-01 5.0837e-01 1.5506e-01 6.8616e-02
3291.85 1.5630e-01 6.0133e-01 1.6537e-01 7.7000e-02
3498.55 9.5823e-02 6.7212e-01 1.5848e-01 7.3581e-02
3718.23 1.5028e-01 6.6893e-01 1.2669e-01 5.4101e-02
3951.70 1.4274e-01 6.9653e-01 1.1357e-01 4.7160e-02
4199.83 2.8645e-02 7.6442e-01 1.4219e-01 6.4742e-02
4463.54 1.7405e-02 7.4604e-01 1.6000e-01 7.6555e-02
4743.81 1.7780e-02 7.3763e-01 1.6491e-01 7.9681e-02
5041.68 2.5422e-02 7.3280e-01 1.6311e-01 7.8669e-02
5358.25 2.2444e-02 7.3456e-01 1.6372e-01 7.9272e-02
5694.70 3.0103e-02 7.3236e-01 1.6070e-01 7.6843e-02
6052.28 3.2306e-02 7.3046e-01 1.6054e-01 7.6698e-02
6432.31 2.5139e-02 7.4029e-01 1.5874e-01 7.5830e-02
6836.20 2.3273e-02 7.3762e-01 1.6149e-01 7.7619e-02
7265.45 3.5395e-02 7.2851e-01 1.5981e-01 7.6286e-02
7721.65 2.8886e-02 7.4739e-01 1.5225e-01 7.1475e-02
8206.56 2.3654e-02 7.5625e-01 1.4997e-01 7.0128e-02
8717.73 3.7935e-02 7.4469e-01 1.4846e-01 6.8913e-02
9214.74 5.9442e-02 7.4231e-01 1.3679e-01 6.1455e-02
9629.11 3.9372e-02 7.7547e-01 1.2856e-01 5.6593e-02
9954.11 2.0046e-02 8.0533e-01 1.2164e-01 5.2981e-02
10245.64 1.5689e-02 8.1825e-01 1.1602e-01 5.0042e-02
10541.49 1.5675e-02 8.2339e-01 1.1289e-01 4.8047e-02
10839.94 1.7958e-02 8.4445e-01 9.7400e-02 4.0193e-02
11119.11 2.5143e-02 8.6017e-01 8.2085e-02 3.2604e-02
11355.83 3.6466e-02 8.6662e-01 7.0087e-02 2.6824e-02
11539.81 6.3564e-02 8.5663e-01 5.8272e-02 2.1535e-02
11677.16 1.4097e-01 7.9496e-01 4.7385e-02 1.6687e-02
11784.05 7.4468e-02 8.6162e-01 4.7081e-02 1.6832e-02
11875.85 1.7510e-01 7.6707e-01 4.3082e-02 1.4749e-02
11963.37 2.5602e-01 6.8621e-01 4.3285e-02 1.4485e-02
12055.39 1.3869e-01 7.8781e-01 5.4146e-02 1.9349e-02
12170.41 3.1836e-02 8.8592e-01 5.9754e-02 2.2494e-02
