#NTIMES: 200
#NSTAGES: 10
#TIMES[d]: 1.3135 1.3409 1.3688 1.3973 1.4263 1.4560 1.4863 1.5173 1.5488 1.5811 1.6140 1.6476 1.6819 1.7169 1.7526 1.7891 1.8263 1.8643 1.9031 1.9427 1.9831 2.0244 2.0665 2.1096 2.1535 2.1983 2.2440 2.2907 2.3384 2.3871 2.4368 2.4875 2.5392 2.5921 2.6460 2.7011 2.7573 2.8147 2.8733 2.9331 2.9941 3.0564 3.1200 3.1850 3.2513 3.3189 3.3880 3.4585 3.5305 3.6040 3.6790 3.7555 3.8337 3.9135 3.9949 4.0781 4.1629 4.2496 4.3380 4.4283 4.5205 4.6145 4.7106 4.8086 4.9087 5.0109 5.1151 5.2216 5.3303 5.4412 5.5544 5.6700 5.7880 5.9085 6.0315 6.1570 6.2851 6.4159 6.5495 6.6858 6.8249 6.9670 7.1120 7.2600 7.4111 7.5653 7.7228 7.8835 8.0476 8.2150 8.3860 8.5605 8.7387 8.9206 9.1062 9.2957 9.4892 9.6867 9.8883 10.0941 10.3042 10.5186 10.7375 10.9610 11.1891 11.4220 11.6597 11.9023 12.1501 12.4029 12.6611 12.9246 13.1935 13.4681 13.7484 14.0346 14.3266 14.6248 14.9292 15.2399 15.5570 15.8808 16.2113 16.5487 16.8931 17.2447 17.6036 17.9700 18.3440 18.7257 19.1155 19.5133 19.9194 20.3340 20.7571 21.1891 21.6301 22.0803 22.5398 23.0089 23.4878 23.9766 24.4756 24.9850 25.5050 26.0358 26.5776 27.1308 27.6954 28.2718 28.8602 29.4608 30.0740 30.6999 31.3388 31.9910 32.6568 33.3365 34.0302 34.7385 35.4615 36.1995 36.9529 37.7219 38.5070 39.3084 40.1265 40.9616 41.8141 42.6843 43.5726 44.4795 45.4052 46.3501 47.3148 48.2995 49.3047 50.3308 51.3783 52.4476 53.5391 54.6534 55.7908 56.9519 58.1372 59.3472 60.5823 61.8431 63.1302 64.4440 65.7853 67.1544 68.5520 69.9787 71.4351 72.9218 74.4394 75.9886 77.5701 79.1845
#
#TIME: 1.3135
#NVEL: 115
#vel_mid[km/s] fe0 fe1 fe2 fe3 fe4 fe5 fe6 fe7 fe8 fe9
4.2577e+02 1.4013e-44 8.0262e-35 6.7803e-26 7.7638e-18 5.4896e-11 1.2591e-05 4.4538e-02 6.5343e-01 3.0201e-01 1.1127e-06
8.5779e+02 6.8912e-32 4.8445e-24 5.1254e-17 7.3500e-11 6.5086e-06 1.8696e-02 8.2824e-01 1.5218e-01 8.8089e-04 4.0644e-11
8.7843e+02 6.8792e-32 4.8370e-24 5.1186e-17 7.3421e-11 6.5034e-06 1.8688e-02 8.2818e-01 1.5224e-01 8.8168e-04 4.0708e-11
9.1772e+02 6.8445e-32 4.8133e-24 5.0949e-17 7.3115e-11 6.4812e-06 1.8648e-02 8.2791e-01 1.5255e-01 8.8596e-04 4.1089e-11
9.7304e+02 6.6382e-32 4.6781e-24 4.9654e-17 7.1508e-11 6.3689e-06 1.8452e-02 8.2661e-01 1.5402e-01 9.0646e-04 4.2887e-11
1.0350e+03 6.1313e-32 4.3401e-24 4.6355e-17 6.7334e-11 6.0705e-06 1.7919e-02 8.2289e-01 1.5822e-01 9.6664e-04 4.8434e-11
1.1000e+03 4.8540e-32 3.4837e-24 3.7919e-17 5.6511e-11 5.2797e-06 1.6452e-02 8.1159e-01 1.7079e-01 1.1617e-03 6.8577e-11
1.1690e+03 2.5897e-32 1.9282e-24 2.2077e-17 3.5235e-11 3.6185e-06 1.3022e-02 7.7713e-01 2.0797e-01 1.8822e-03 1.7187e-10
1.2425e+03 6.7501e-33 5.3778e-25 6.7980e-18 1.2476e-11 1.5554e-06 7.5878e-03 6.8097e-01 3.0630e-01 5.1471e-03 1.2184e-09
1.3205e+03 7.7655e-34 6.7042e-26 9.6932e-19 2.1838e-12 3.6139e-07 2.8149e-03 4.8018e-01 4.9462e-01 2.2380e-02 2.4763e-08
1.4033e+03 4.8021e-35 4.5355e-27 7.6724e-20 2.2128e-13 5.0410e-08 6.7280e-04 2.4272e-01 6.6136e-01 9.5247e-02 6.4066e-07
1.4915e+03 2.6577e-36 2.7521e-28 5.4422e-21 2.0069e-14 6.1300e-09 1.3354e-04 9.5780e-02 6.3915e-01 2.6493e-01 9.1921e-06
1.5852e+03 1.4458e-37 1.6526e-29 3.8220e-22 1.7939e-15 7.1723e-10 2.4122e-05 3.1876e-02 4.7191e-01 4.9612e-01 7.2000e-05
1.6847e+03 5.9701e-39 7.6267e-31 2.0895e-23 1.2699e-16 6.6897e-11 3.4504e-06 8.3560e-03 2.7321e-01 7.1801e-01 4.2091e-04
1.7904e+03 1.7793e-40 2.6007e-32 8.6484e-25 7.0110e-18 4.9768e-12 3.9672e-07 1.7816e-03 1.3073e-01 8.6546e-01 2.0321e-03
1.9028e+03 4.2585e-42 7.3141e-34 3.0302e-26 3.3718e-19 3.3062e-13 4.0885e-08 3.4156e-04 5.6453e-02 9.3473e-01 8.4744e-03
2.0223e+03 1.0089e-43 2.0174e-35 1.0389e-27 1.5906e-20 2.1597e-14 4.0724e-09 6.2452e-05 2.3112e-02 9.4479e-01 3.2036e-02
2.1493e+03 2.8026e-45 5.4981e-37 3.5155e-29 7.4194e-22 1.4014e-15 3.9583e-10 1.0938e-05 8.9443e-03 8.8428e-01 1.0676e-01
2.2843e+03 0.0000e+00 1.8536e-38 1.4349e-30 4.0517e-23 1.0378e-16 4.1792e-11 1.9521e-06 3.2854e-03 7.2427e-01 2.7244e-01
2.4277e+03 0.0000e+00 9.8801e-40 8.9863e-32 3.2361e-24 1.0736e-17 5.7586e-12 4.0946e-07 1.2353e-03 5.1991e-01 4.7885e-01
2.5802e+03 0.0000e+00 1.2218e-40 1.2544e-32 5.3748e-25 2.1474e-18 1.4052e-12 1.3233e-07 5.8782e-04 3.7914e-01 6.2027e-01
2.7422e+03 0.0000e+00 5.4801e-41 6.0273e-33 2.8001e-25 1.2167e-18 8.6807e-13 9.0781e-08 4.5887e-04 3.3988e-01 6.5966e-01
2.9144e+03 0.0000e+00 1.2389e-40 1.3674e-32 6.1442e-25 2.5590e-18 1.7358e-12 1.6305e-07 6.8714e-04 4.1258e-01 5.8673e-01
3.0973e+03 0.0000e+00 1.7145e-39 1.7676e-31 6.7383e-24 2.3354e-17 1.2794e-11 8.3143e-07 2.0001e-03 6.3686e-01 3.6113e-01
3.2918e+03 0.0000e+00 1.4108e-37 1.2894e-29 3.6688e-22 9.2899e-16 3.3851e-10 1.0890e-05 9.2472e-03 9.0351e-01 8.7235e-02
3.4986e+03 2.6625e-43 7.8267e-35 5.3621e-27 9.2958e-20 1.4150e-13 2.5365e-08 2.7488e-04 5.2413e-02 9.4021e-01 7.1040e-03
3.7182e+03 6.7708e-40 1.3756e-31 5.7947e-24 5.1406e-17 3.9176e-11 2.6821e-06 7.7754e-03 2.7314e-01 7.1876e-01 3.2040e-04
3.9517e+03 1.3688e-36 2.0558e-28 5.5834e-21 2.6197e-14 9.7905e-09 2.2096e-04 1.3887e-01 6.8029e-01 1.8062e-01 2.4497e-06
4.1999e+03 2.6583e-33 3.8681e-25 8.1320e-18 2.1960e-11 3.3553e-06 1.4320e-02 8.1820e-01 1.6655e-01 9.2779e-04 2.5932e-11
4.4636e+03 1.0468e-30 1.3037e-22 2.0025e-15 3.1251e-09 1.7295e-04 1.4222e-01 8.4830e-01 9.3038e-03 1.4729e-06 1.5074e-16
4.7438e+03 1.6960e-29 1.8766e-21 2.4082e-14 2.8011e-08 9.0650e-04 3.3126e-01 6.6600e-01 1.8260e-03 5.3586e-08 3.9798e-19
5.0416e+03 3.1462e-29 3.4424e-21 4.2981e-14 4.7041e-08 1.3355e-03 3.9690e-01 6.0063e-01 1.1400e-03 2.1284e-08 7.7281e-20
5.3582e+03 2.3198e-29 2.6794e-21 3.5315e-14 4.0805e-08 1.2232e-03 3.8391e-01 6.1364e-01 1.2305e-03 2.4274e-08 9.3187e-20
5.6947e+03 2.0341e-29 2.4684e-21 3.4037e-14 4.0777e-08 1.2439e-03 3.8939e-01 6.0820e-01 1.1656e-03 2.1487e-08 7.1880e-20
6.0522e+03 2.9877e-29 3.6613e-21 5.0342e-14 5.8490e-08 1.6339e-03 4.4063e-01 5.5693e-01 8.0711e-04 1.0505e-08 2.0041e-20
6.4323e+03 8.1167e-29 9.7394e-21 1.2779e-13 1.3344e-07 2.9669e-03 5.6087e-01 4.3582e-01 3.3690e-04 2.0245e-09 1.1393e-21
6.8362e+03 3.5677e-28 4.0793e-20 4.9178e-13 4.2963e-07 6.6511e-03 7.2567e-01 2.6760e-01 7.9431e-05 1.4761e-10 1.3153e-23
7.2654e+03 2.0184e-27 2.1287e-19 2.2740e-12 1.5666e-06 1.5385e-02 8.5649e-01 1.2811e-01 1.2032e-05 5.4809e-12 5.4518e-26
7.7216e+03 1.6056e-26 1.5153e-18 1.3828e-11 6.9808e-06 3.8372e-02 9.1721e-01 4.4408e-02 9.9419e-07 7.8725e-14 5.1602e-29
8.2065e+03 3.2221e-25 2.5490e-17 1.8276e-10 5.6731e-05 1.2880e-01 8.6342e-01 7.7214e-03 2.0317e-08 1.1832e-16 1.3573e-33
8.7177e+03 5.0949e-23 2.8689e-15 1.2977e-08 1.5271e-03 6.2730e-01 3.7104e-01 1.3350e-04 6.0384e-12 2.4942e-22 1.3579e-42
9.2147e+03 5.4659e-20 1.6274e-12 3.0103e-06 5.3832e-02 9.3940e-01 6.7601e-03 7.3833e-09 2.2545e-19 1.3112e-33 0.0000e+00
9.6291e+03 5.8838e-17 8.9658e-10 5.2296e-04 7.7755e-01 2.2193e-01 5.2136e-06 3.0406e-15 6.9729e-30 0.0000e+00 0.0000e+00
9.9539e+03 6.4147e-15 6.0585e-08 1.0269e-02 9.8694e-01 2.7932e-03 1.0297e-10 1.1645e-23 5.3670e-43 0.0000e+00 0.0000e+00
1.0246e+04 9.3339e-13 5.4926e-06 2.0417e-01 7.9581e-01 9.7560e-06 1.8394e-16 9.2024e-34 0.0000e+00 0.0000e+00 0.0000e+00
1.0542e+04 4.7998e-11 1.7008e-04 9.3208e-01 6.7751e-02 8.0015e-10 9.7956e-25 0.0000e+00 0.0000e+00 0.0000e+00 0.0000e+00
1.0840e+04 2.1058e-09 2.6255e-03 9.9690e-01 4.7134e-04 9.2473e-16 7.9445e-36 0.0000e+00 0.0000e+00 0.0000e+00 0.0000e+00
1.1119e+04 1.3262e-07 4.6083e-02 9.5391e-01 2.0557e-06 3.1594e-22 0.0000e+00 0.0000e+00 0.0000e+00 0.0000e+00 0.0000e+00
1.1356e+04 4.3914e-06 4.1627e-01 5.8372e-01 9.1858e-09 2.4530e-28 0.0000e+00 0.0000e+00 0.0000e+00 0.0000e+00 0.0000e+00
1.1540e+04 3.3843e-05 9.0121e-01 9.8755e-02 1.4583e-11 1.0161e-34 0.0000e+00 0.0000e+00 0.0000e+00 0.0000e+00 0.0000e+00
1.1677e+04 9.6864e-05 9.8801e-01 1.1898e-02 2.3247e-14 5.9795e-41 0.0000e+00 0.0000e+00 0.0000e+00 0.0000e+00 0.0000e+00
1.1784e+04 2.0705e-04 9.9796e-01 1.8321e-03 7.7881e-17 0.0000e+00 0.0000e+00 0.0000e+00 0.0000e+00 0.0000e+00 0.0000e+00
1.1876e+04 4.1884e-04 9.9922e-01 3.6073e-04 6.0708e-19 0.0000e+00 0.0000e+00 0.0000e+00 0.0000e+00 0.0000e+00 0.0000e+00
1.1964e+04 7.6172e-04 9.9915e-01 9.0709e-05 9.7960e-21 0.0000e+00 0.0000e+00 0.0000e+00 0.0000e+00 0.0000e+00 0.0000e+00
1.2056e+04 1.0797e-03 9.9889e-01 3.2531e-05 3.8538e-22 0.0000e+00 0.0000e+00 0.0000e+00 0.0000e+00 0.0000e+00 0.0000e+00
1.2170e+04 1.5034e-03 9.9848e-01 1.2746e-05 2.0442e-23 0.0000e+00 0.0000e+00 0.0000e+00 0.0000e+00 0.0000e+00 0.0000e+00
1.2360e+04 2.5183e-03 9.9748e-01 3.3637e-06 3.3964e-25 0.0000e+00 0.0000e+00 0.0000e+00 0.0000e+00 0.0000e+00 0.0000e+00
1.2670e+04 6.4756e-03 9.9352e-01 3.3176e-07 2.9838e-28 0.0000e+00 0.0000e+00 0.0000e+00 0.0000e+00 0.0000e+00 0.0000e+00
1.3075e+04 1.8919e-02 9.8108e-01 2.4842e-08 1.2026e-31 0.0000e+00 0.0000e+00 0.0000e+00 0.0000e+00 0.0000e+00 0.0000e+00
1.3530e+04 5.6360e-02 9.4364e-01 1.6268e-09 3.3969e-35 0.0000e+00 0.0000e+00 0.0000e+00 0.0000e+00 0.0000e+00 0.0000e+00
1.4013e+04 1.5509e-01 8.4491e-01 9.8088e-11 8.4347e-39 0.0000e+00 0.0000e+00 0.0000e+00 0.0000e+00 0.0000e+00 0.0000e+00
1.4509e+04 3.5552e-01 6.4448e-01 5.2722e-12 2.0319e-42 0.0000e+00 0.0000e+00 0.0000e+00 0.0000e+00 0.0000e+00 0.0000e+00
1.5002e+04 6.1021e-01 3.8979e-01 2.4567e-13 0.0000e+00 0.0000e+00 0.0000e+00 0.0000e+00 0.0000e+00 0.0000e+00 0.0000e+00
1.5476e+04 7.9198e-01 2.0802e-01 1.2858e-14 0.0000e+00 0.0000e+00 0.0000e+00 0.0000e+00 0.0000e+00 0.0000e+00 0.0000e+00
1.5924e+04 8.8316e-01 1.1684e-01 9.7993e-16 0.0000e+00 0.0000e+00 0.0000e+00 0.0000e+00 0.0000e+00 0.0000e+00 0.0000e+00
1.6356e+04 9.2866e-01 7.1343e-02 1.0934e-16 0.0000e+00 0.0000e+00 0.0000e+00 0.0000e+00 0.0000e+00 0.0000e+00 0.0000e+00
1.6776e+04 9.5633e-01 4.3670e-02 1.4075e-17 0.0000e+00 0.0000e+00 0.0000e+00 0.0000e+00 0.0000e+00 0.0000e+00 0.0000e+00
1.7184e+04 9.7275e-01 2.7254e-02 2.1610e-18 0.0000e+00 0.0000e+00 0.0000e+00 0.0000e+00 0.0000e+00 0.0000e+00 0.0000e+00
1.7580e+04 9.8143e-01 1.8571e-02 4.6665e-19 0.0000e+00 0.0000e+00 0.0000e+00 0.0000e+00 0.0000e+00 0.0000e+00 0.0000e+00
1.7990e+04 9.8624e-01 1.3758e-02 1.3205e-19 0.0000e+00 0.0000e+00 0.0000e+00 0.0000e+00 0.0000e+00 0.0000e+00 0.0000e+00
1.8458e+04 9.9080e-01 9.1986e-03 2.7418e-20 0.0000e+00 0.0000e+00 0.0000e+00 0.0000e+00 0.0000e+00 0.0000e+00 0.0000e+00
1.9085e+04 9.9502e-01 4.9799e-03 2.6933e-21 0.0000e+00 0.0000e+00 0.0000e+00 0.0000e+00 0.0000e+00 0.0000e+00 0.0000e+00
2.0000e+04 9.9731e-01 2.6923e-03 1.6582e-22 0.0000e+00 0.0000e+00 0.0000e+00 0.0000e+00 0.0000e+00 0.0000e+00 0.0000e+00
2.1194e+04 9.9191e-01 8.0883e-03 1.1914e-21 0.0000e+00 0.0000e+00 0.0000e+00 0.0000e+00 0.0000e+00 0.0000e+00 0.0000e+00
2.2528e+04 9.7152e-01 2.8481e-02 1.5215e-20 0.0000e+00 0.0000e+00 0.0000e+00 0.0000e+00 0.0000e+00 0.0000e+00 0.0000e+00
2.3943e+04 9.1672e-01 8.3280e-02 1.4784e-19 0.0000e+00 0.0000e+00 0.0000e+00 0.0000e+00 0.0000e+00 0.0000e+00 0.0000e+00
2.5446e+04 8.4610e-01 1.5390e-01 5.8140e-19 0.0000e+00 0.0000e+00 0.0000e+00 0.0000e+00 0.0000e+00 0.0000e+00 0.0000e+00
2.7044e+04 7.5488e-01 2.4512e-01 1.7744e-18 0.0000e+00 0.0000e+00 0.0000e+00 0.0000e+00 0.0000e+00 0.0000e+00 0.0000e+00
2.8744e+04 6.1558e-01 3.8442e-01 5.8011e-18 0.0000e+00 0.0000e+00 0.0000e+00 0.0000e+00 0.0000e+00 0.0000e+00 0.0000e+00
3.0520e+04 4.6645e-01 5.3355e-01 1.5641e-17 0.0000e+00 0.0000e+00 0.0000e+00 0.0000e+00 0.0000e+00 0.0000e+00 0.0000e+00
3.2244e+04 3.7124e-01 6.2876e-01 2.7646e-17 0.0000e+00 0.0000e+00 0.0000e+00 0.0000e+00 0.0000e+00 0.0000e+00 0.0000e+00
3.3773e+04 3.0394e-01 6.9606e-01 4.0737e-17 0.0000e+00 0.0000e+00 0.0000e+00 0.0000e+00 0.0000e+00 0.0000e+00 0.0000e+00
3.5108e+04 2.3185e-01 7.6815e-01 6.3291e-17 0.0000e+00 0.0000e+00 0.0000e+00 0.0000e+00 0.0000e+00 0.0000e+00 0.0000e+00
3.6326e+04 1.6676e-01 8.3324e-01 9.9747e-17 0.0000e+00 0.0000e+00 0.0000e+00 0.0000e+00 0.0000e+00 0.0000e+00 0.0000e+00
3.7486e+04 1.1777e-01 8.8223e-01 1.5143e-16 0.0000e+00 0.0000e+00 0.0000e+00 0.0000e+00 0.0000e+00 0.0000e+00 0.0000e+00
3.8628e+04 8.4710e-02 9.1529e-01 2.1575e-16 0.0000e+00 0.0000e+00 0.0000e+00 0.0000e+00 0.0000e+00 0.0000e+00 0.0000e+00
3.9769e+04 6.1758e-02 9.3824e-01 2.9519e-16 0.0000e+00 0.0000e+00 0.0000e+00 0.0000e+00 0.0000e+00 0.0000e+00 0.0000e+00
4.0916e+04 4.5142e-02 9.5486e-01 3.9584e-16 0.0000e+00 0.0000e+00 0.0000e+00 0.0000e+00 0.0000e+00 0.0000e+00 0.0000e+00
4.2074e+04 3.2937e-02 9.6706e-01 5.2654e-16 0.0000e+00 0.0000e+00 0.0000e+00 0.0000e+00 0.0000e+00 0.0000e+00 0.0000e+00
4.3252e+04 2.3987e-02 9.7601e-01 6.9570e-16 0.0000e+00 0.0000e+00 0.0000e+00 0.0000e+00 0.0000e+00 0.0000e+00 0.0000e+00
4.4454e+04 1.7447e-02 9.8255e-01 9.1421e-16 0.0000e+00 0.0000e+00 0.0000e+00 0.0000e+00 0.0000e+00 0.0000e+00 0.0000e+00
4.5683e+04 1.2602e-02 9.8740e-01 1.2070e-15 0.0000e+00 0.0000e+00 0.0000e+00 0.0000e+00 0.0000e+00 0.0000e+00 0.0000e+00
4.6942e+04 9.0785e-03 9.9092e-01 1.5933e-15 0.0000e+00 0.0000e+00 0.0000e+00 0.0000e+00 0.0000e+00 0.0000e+00 0.0000e+00
4.8231e+04 6.5208e-03 9.9348e-01 2.1049e-15 0.0000e+00 0.0000e+00 0.0000e+00 0.0000e+00 0.0000e+00 0.0000e+00 0.0000e+00
4.9550e+04 4.6702e-03 9.9533e-01 2.7842e-15 0.0000e+00 0.0000e+00 0.0000e+00 0.0000e+00 0.0000e+00 0.0000e+00 0.0000e+00
5.0900e+04 3.3475e-03 9.9665e-01 3.6753e-15 0.0000e+00 0.0000e+00 0.0000e+00 0.0000e+00 0.0000e+00 0.0000e+00 0.0000e+00
5.2277e+04 2.3941e-03 9.9761e-01 4.8650e-15 0.0000e+00 0.0000e+00 0.0000e+00 0.0000e+00 0.0000e+00 0.0000e+00 0.0000e+00
5.3682e+04 1.7207e-03 9.9828e-01 6.3940e-15 0.0000e+00 0.0000e+00 0.0000e+00 0.0000e+00 0.0000e+00 0.0000e+00 0.0000e+00
5.5110e+04 1.2404e-03 9.9876e-01 8.3741e-15 0.0000e+00 0.0000e+00 0.0000e+00 0.0000e+00 0.0000e+00 0.0000e+00 0.0000e+00
5.6562e+04 8.9709e-04 9.9910e-01 1.0942e-14 0.0000e+00 0.0000e+00 0.0000e+00 0.0000e+00 0.0000e+00 0.0000e+00 0.0000e+00
5.8030e+04 6.5345e-04 9.9935e-01 1.4192e-14 0.0000e+00 0.0000e+00 0.0000e+00 0.0000e+00 0.0000e+00 0.0000e+00 0.0000e+00
5.9510e+04 4.7915e-04 9.9952e-01 1.8278e-14 0.0000e+00 0.0000e+00 0.0000e+00 0.0000e+00 0.0000e+00 0.0000e+00 0.0000e+00
6.0994e+04 3.5556e-04 9.9964e-01 2.3291e-14 0.0000e+00 0.0000e+00 0.0000e+00 0.0000e+00 0.0000e+00 0.0000e+00 0.0000e+00
6.2466e+04 2.6656e-04 9.9973e-01 2.9414e-14 0.0000e+00 0.0000e+00 0.0000e+00 0.0000e+00 0.0000e+00 0.0000e+00 0.0000e+00
6.3912e+04 2.0321e-04 9.9980e-01 3.6581e-14 0.0000e+00 0.0000e+00 0.0000e+00 0.0000e+00 0.0000e+00 0.0000e+00 0.0000e+00
6.5312e+04 1.5782e-04 9.9984e-01 4.4784e-14 0.0000e+00 0.0000e+00 0.0000e+00 0.0000e+00 0.0000e+00 0.0000e+00 0.0000e+00
6.6639e+04 1.2529e-04 9.9987e-01 5.3792e-14 0.0000e+00 0.0000e+00 0.0000e+00 0.0000e+00 0.0000e+00 0.0000e+00 0.0000e+00
6.7870e+04 1.0189e-04 9.9990e-01 6.3357e-14 0.0000e+00 0.0000e+00 0.0000e+00 0.0000e+00 0.0000e+00 0.0000e+00 0.0000e+00
6.8864e+04 8.5066e-05 9.9991e-01 7.3019e-14 0.0000e+00 0.0000e+00 0.0000e+00 0.0000e+00 0.0000e+00 0.0000e+00 0.0000e+00
6.9460e+04 7.8720e-05 9.9992e-01 7.7457e-14 0.0000e+00 0.0000e+00 0.0000e+00 0.0000e+00 0.0000e+00 0.0000e+00 0.0000e+00
6.9745e+04 7.6005e-05 9.9992e-01 7.9483e-14 0.0000e+00 0.0000e+00 0.0000e+00 0.0000e+00 0.0000e+00 0.0000e+00 0.0000e+00
6.9888e+04 7.4028e-05 9.9993e-01 8.1229e-14 0.0000e+00 0.0000e+00 0.0000e+00 0.0000e+00 0.0000e+00 0.0000e+00 0.0000e+00
6.9960e+04 7.3690e-05 9.9993e-01 8.1348e-14 0.0000e+00 0.0000e+00 0.0000e+00 0.0000e+00 0.0000e+00 0.0000e+00 0.0000e+00
6.9991e+04 7.3144e-05 9.9993e-01 8.1830e-14 0.0000e+00 0.0000e+00 0.0000e+00 0.0000e+00 0.0000e+00 0.0000e+00 0.0000e+00
7.0000e+04 3.5189e-05 9.9996e-01 1.7011e-13 0.0000e+00 0.0000e+00 0.0000e+00 0.0000e+00 0.0000e+00 0.0000e+00 0.0000e+00
#
#TIME: 1.3409
#NVEL: 115
#vel_mid[km/s] fe0 fe1 fe2 fe3 fe4 fe5 fe6 fe7 fe8 fe9
4.2577e+02 9.8091e-45 5.4959e-35 4.9296e-26 5.9940e-18 4.5011e-11 1.0968e-05 4.1224e-02 6.4286e-01 3.1590e-01 1.2384e-06
8.5779e+02 3.3779e-32 2.5724e-24 2.9707e-17 4.6965e-11 4.6540e-06 1.5377e-02 8.0404e-01 1.7929e-01 1.2918e-03 8.0703e-11
8.7843e+02 3.4132e-32 2.5980e-24 2.9980e-17 4.7347e-11 4.6845e-06 1.5440e-02 8.0462e-01 1.7866e-01 1.2807e-03 7.9379e-11
9.1772e+02 3.3890e-32 2.5802e-24 2.9788e-17 4.7074e-11 4.6625e-06 1.5394e-02 8.0419e-01 1.7912e-01 1.2889e-03 8.0357e-11
9.7304e+02 3.2545e-32 2.4843e-24 2.8781e-17 4.5692e-11 4.5536e-06 1.5173e-02 8.0214e-01 1.8135e-01 1.3282e-03 8.5059e-11
1.0350e+03 3.0332e-32 2.3244e-24 2.7075e-17 4.3309e-11 4.3621e-06 1.4774e-02 7.9829e-01 1.8553e-01 1.4043e-03 9.4579e-11
1.1000e+03 2.4179e-32 1.8774e-24 2.2270e-17 3.6510e-11 3.8050e-06 1.3574e-02 7.8562e-01 1.9913e-01 1.6709e-03 1.3174e-10
1.1690e+03 1.2946e-32 1.0420e-24 1.2988e-17 2.2778e-11 2.6041e-06 1.0701e-02 7.4683e-01 2.3980e-01 2.6650e-03 3.2280e-10
1.2425e+03 3.4092e-33 2.9297e-25 4.0218e-18 8.0874e-12 1.1168e-06 6.1794e-03 6.4319e-01 3.4363e-01 7.0050e-03 2.1600e-09
1.3205e+03 3.8409e-34 3.5714e-26 5.5999e-19 1.3807e-12 2.5220e-07 2.2188e-03 4.3695e-01 5.3183e-01 2.9000e-02 4.1397e-08
1.4033e+03 2.2564e-35 2.2950e-27 4.2111e-20 1.3305e-13 3.3416e-08 5.0301e-04 2.0929e-01 6.7348e-01 1.1673e-01 1.0107e-06
1.4915e+03 1.1835e-36 1.3200e-28 2.8326e-21 1.1457e-14 3.8550e-09 9.4567e-05 7.8141e-02 6.1534e-01 3.0642e-01 1.3641e-05
1.5852e+03 6.2594e-38 7.7037e-30 1.9322e-22 9.9422e-16 4.3693e-10 1.6471e-05 2.4939e-02 4.3287e-01 5.4208e-01 9.9551e-05
1.6847e+03 2.4952e-39 3.4359e-31 1.0219e-23 6.8170e-17 3.9479e-11 2.2778e-06 6.3065e-03 2.4116e-01 7.5198e-01 5.5362e-04
1.7904e+03 7.2370e-41 1.1421e-32 4.1296e-25 3.6821e-18 2.8774e-12 2.5632e-07 1.3146e-03 1.1271e-01 8.8338e-01 2.5905e-03
1.9028e+03 1.7334e-42 3.2157e-34 1.4491e-26 1.7740e-19 1.9150e-13 2.6389e-08 2.5091e-04 4.8266e-02 9.4094e-01 1.0545e-02
2.0223e+03 4.0638e-44 8.8943e-36 4.9801e-28 8.3876e-21 1.2537e-14 2.6272e-09 4.5713e-05 1.9633e-02 9.4118e-01 3.9141e-02
2.1493e+03 1.4013e-45 2.4324e-37 1.6885e-29 3.9139e-22 8.1298e-16 2.5426e-10 7.9378e-06 7.5022e-03 8.6550e-01 1.2699e-01
2.2843e+03 0.0000e+00 8.0556e-39 6.7603e-31 2.0940e-23 5.8952e-17 2.6214e-11 1.3788e-06 2.6747e-03 6.8587e-01 3.1145e-01
2.4277e+03 0.0000e+00 4.1587e-40 4.1002e-32 1.6196e-24 5.9087e-18 3.4965e-12 2.7945e-07 9.7033e-04 4.7426e-01 5.2477e-01
2.5802e+03 0.0000e+00 4.9413e-41 5.5069e-33 2.5926e-25 1.1417e-18 8.2545e-13 8.7498e-08 4.4838e-04 3.3674e-01 6.6282e-01
2.7422e+03 0.0000e+00 2.1688e-41 2.5922e-33 1.3251e-25 6.3558e-19 5.0176e-13 5.9168e-08 3.4586e-04 2.9910e-01 7.0056e-01
2.9144e+03 0.0000e+00 4.8500e-41 5.8230e-33 2.8834e-25 1.3275e-18 9.9848e-13 1.0613e-07 5.1961e-04 3.6607e-01 6.3341e-01
3.0973e+03 0.0000e+00 6.8201e-40 7.6551e-32 3.2207e-24 1.2350e-17 7.5228e-12 5.5602e-07 1.5630e-03 5.8777e-01 4.1067e-01
3.2918e+03 0.0000e+00 5.9385e-38 5.9094e-30 1.8546e-22 5.1856e-16 2.1056e-10 7.7236e-06 7.6697e-03 8.8617e-01 1.0615e-01
3.4986e+03 1.0370e-43 3.2874e-35 2.4559e-27 4.7001e-20 7.9040e-14 1.5888e-08 1.9757e-04 4.4288e-02 9.4651e-01 9.0043e-03
3.7182e+03 2.5855e-40 5.6908e-32 2.6186e-24 2.5691e-17 2.1706e-11 1.6829e-06 5.6646e-03 2.3715e-01 7.5674e-01 4.3749e-04
3.9517e+03 5.7853e-37 9.3918e-29 2.7807e-21 1.4392e-14 5.9749e-09 1.5384e-04 1.1325e-01 6.6817e-01 2.1842e-01 3.9461e-06
4.1999e+03 1.3065e-33 2.0600e-25 4.7258e-18 1.4055e-11 2.4031e-06 1.1778e-02 7.9203e-01 1.9484e-01 1.3445e-03 5.0471e-11
4.4636e+03 5.3725e-31 7.2457e-23 1.2123e-15 2.0816e-09 1.2948e-04 1.2275e-01 8.6558e-01 1.1533e-02 2.2788e-06 3.1697e-16
4.7438e+03 9.0969e-30 1.0892e-21 1.5202e-14 1.9426e-08 7.0561e-04 2.9625e-01 7.0073e-01 2.3192e-03 8.4306e-08 8.4090e-19
5.0416e+03 1.7581e-29 2.0776e-21 2.8138e-14 3.3713e-08 1.0679e-03 3.6143e-01 6.3607e-01 1.4362e-03 3.2636e-08 1.5490e-19
5.3582e+03 1.3282e-29 1.6542e-21 2.3600e-14 2.9757e-08 9.9004e-04 3.5117e-01 6.4631e-01 1.5225e-03 3.6009e-08 1.7657e-19
5.6947e+03 1.1677e-29 1.5278e-21 2.2799e-14 2.9800e-08 1.0086e-03 3.5664e-01 6.4091e-01 1.4416e-03 3.1827e-08 1.3575e-19
6.0522e+03 1.7353e-29 2.2919e-21 3.4085e-14 4.3181e-08 1.3372e-03 4.0688e-01 5.9078e-01 1.0029e-03 1.5597e-08 3.7809e-20
6.4323e+03 4.8186e-29 6.2275e-21 8.8309e-14 1.0048e-07 2.4748e-03 5.2721e-01 4.6989e-01 4.2470e-04 3.0429e-09 2.1690e-21
6.8362e+03 2.1546e-28 2.6535e-20 3.4571e-13 3.2941e-07 5.6608e-03 6.9792e-01 2.9631e-01 1.0333e-04 2.3031e-10 2.6238e-23
7.2654e+03 1.2416e-27 1.4099e-19 1.6268e-12 1.2230e-06 1.3350e-02 8.4137e-01 1.4526e-01 1.6081e-05 8.8232e-12 1.1298e-25
7.7216e+03 1.0067e-26 1.0221e-18 1.0065e-11 5.5424e-06 3.3845e-02 9.1507e-01 5.1083e-02 1.3463e-06 1.2824e-13 1.0800e-28
8.2065e+03 2.0121e-25 1.7149e-17 1.3289e-10 4.5177e-05 1.1465e-01 8.7618e-01 9.1273e-03 2.8635e-08 2.0369e-16 3.0730e-33
8.7177e+03 3.3904e-23 2.0546e-15 1.0037e-08 1.2952e-03 5.9580e-01 4.0273e-01 1.6935e-04 9.1725e-12 4.6532e-22 3.3617e-42
9.2147e+03 3.6724e-20 1.1809e-12 2.3752e-06 4.7270e-02 9.4472e-01 8.0094e-03 1.0637e-08 4.0873e-19 3.1001e-33 0.0000e+00
9.6291e+03 4.3163e-17 7.0742e-10 4.4954e-04 7.5026e-01 2.4929e-01 7.0685e-06 5.1828e-15 1.5618e-29 0.0000e+00 0.0000e+00
9.9539e+03 4.7031e-15 4.7936e-08 8.9625e-03 9.8767e-01 3.3677e-03 1.5694e-10 2.3703e-23 1.5470e-42 0.0000e+00 0.0000e+00
1.0246e+04 6.9754e-13 4.4090e-06 1.8137e-01 8.1861e-01 1.2367e-05 3.0457e-16 2.1285e-33 0.0000e+00 0.0000e+00 0.0000e+00
1.0542e+04 3.8747e-11 1.4909e-04 9.2038e-01 7.9473e-02 1.2068e-09 2.0377e-24 0.0000e+00 0.0000e+00 0.0000e+00 0.0000e+00
1.0840e+04 1.6273e-09 2.2432e-03 9.9716e-01 6.0073e-04 1.7196e-15 2.4167e-35 0.0000e+00 0.0000e+00 0.0000e+00 0.0000e+00
1.1119e+04 9.6405e-08 3.7961e-02 9.6204e-01 2.8641e-06 7.4350e-22 0.0000e+00 0.0000e+00 0.0000e+00 0.0000e+00 0.0000e+00
1.1356e+04 3.2495e-06 3.5639e-01 6.4361e-01 1.5533e-08 8.5399e-28 0.0000e+00 0.0000e+00 0.0000e+00 0.0000e+00 0.0000e+00
1.1540e+04 2.7449e-05 8.6777e-01 1.3221e-01 3.5370e-11 6.9872e-34 0.0000e+00 0.0000e+00 0.0000e+00 0.0000e+00 0.0000e+00
1.1677e+04 8.0873e-05 9.8239e-01 1.7530e-02 7.3704e-14 7.6640e-40 0.0000e+00 0.0000e+00 0.0000e+00 0.0000e+00 0.0000e+00
1.1784e+04 1.6671e-04 9.9693e-01 2.9062e-03 3.0050e-16 2.8026e-45 0.0000e+00 0.0000e+00 0.0000e+00 0.0000e+00 0.0000e+00
1.1876e+04 3.0803e-04 9.9903e-01 6.6075e-04 3.4240e-18 0.0000e+00 0.0000e+00 0.0000e+00 0.0000e+00 0.0000e+00 0.0000e+00
1.1964e+04 5.4744e-04 9.9928e-01 1.6917e-04 5.6828e-20 0.0000e+00 0.0000e+00 0.0000e+00 0.0000e+00 0.0000e+00 0.0000e+00
1.2056e+04 7.7289e-04 9.9917e-01 6.0720e-05 2.2293e-21 0.0000e+00 0.0000e+00 0.0000e+00 0.0000e+00 0.0000e+00 0.0000e+00
1.2170e+04 1.1240e-03 9.9885e-01 2.1746e-05 9.1116e-23 0.0000e+00 0.0000e+00 0.0000e+00 0.0000e+00 0.0000e+00 0.0000e+00
1.2360e+04 1.9732e-03 9.9802e-01 5.2177e-06 1.1498e-24 0.0000e+00 0.0000e+00 0.0000e+00 0.0000e+00 0.0000e+00 0.0000e+00
1.2670e+04 5.0024e-03 9.9500e-01 5.3034e-07 1.0997e-27 0.0000e+00 0.0000e+00 0.0000e+00 0.0000e+00 0.0000e+00 0.0000e+00
1.3075e+04 1.5453e-02 9.8455e-01 3.5866e-08 3.3039e-31 0.0000e+00 0.0000e+00 0.0000e+00 0.0000e+00 0.0000e+00 0.0000e+00
1.3530e+04 4.4416e-02 9.5558e-01 2.6336e-09 1.2951e-34 0.0000e+00 0.0000e+00 0.0000e+00 0.0000e+00 0.0000e+00 0.0000e+00
1.4013e+04 1.4661e-01 8.5339e-01 1.0743e-10 1.0282e-38 0.0000e+00 0.0000e+00 0.0000e+00 0.0000e+00 0.0000e+00 0.0000e+00
1.4509e+04 3.1110e-01 6.8890e-01 8.1734e-12 6.1979e-42 0.0000e+00 0.0000e+00 0.0000e+00 0.0000e+00 0.0000e+00 0.0000e+00
1.5002e+04 5.4562e-01 4.5438e-01 4.9225e-13 2.8026e-45 0.0000e+00 0.0000e+00 0.0000e+00 0.0000e+00 0.0000e+00 0.0000e+00
1.5476e+04 7.3619e-01 2.6381e-01 3.2418e-14 0.0000e+00 0.0000e+00 0.0000e+00 0.0000e+00 0.0000e+00 0.0000e+00 0.0000e+00
1.5924e+04 8.3224e-01 1.6776e-01 3.7706e-15 0.0000e+00 0.0000e+00 0.0000e+00 0.0000e+00 0.0000e+00 0.0000e+00 0.0000e+00
1.6356e+04 8.8781e-01 1.1219e-01 5.6369e-16 0.0000e+00 0.0000e+00 0.0000e+00 0.0000e+00 0.0000e+00 0.0000e+00 0.0000e+00
1.6776e+04 9.1925e-01 8.0750e-02 1.2414e-16 0.0000e+00 0.0000e+00 0.0000e+00 0.0000e+00 0.0000e+00 0.0000e+00 0.0000e+00
1.7184e+04 9.4011e-01 5.9890e-02 3.2388e-17 0.0000e+00 0.0000e+00 0.0000e+00 0.0000e+00 0.0000e+00 0.0000e+00 0.0000e+00
1.7580e+04 9.5268e-01 4.7317e-02 1.0505e-17 0.0000e+00 0.0000e+00 0.0000e+00 0.0000e+00 0.0000e+00 0.0000e+00 0.0000e+00
1.7990e+04 9.6285e-01 3.7147e-02 3.2463e-18 0.0000e+00 0.0000e+00 0.0000e+00 0.0000e+00 0.0000e+00 0.0000e+00 0.0000e+00
1.8458e+04 9.6920e-01 3.0797e-02 1.2245e-18 0.0000e+00 0.0000e+00 0.0000e+00 0.0000e+00 0.0000e+00 0.0000e+00 0.0000e+00
1.9085e+04 9.7558e-01 2.4420e-02 3.6080e-19 0.0000e+00 0.0000e+00 0.0000e+00 0.0000e+00 0.0000e+00 0.0000e+00 0.0000e+00
2.0000e+04 9.7019e-01 2.9806e-02 2.6058e-19 0.0000e+00 0.0000e+00 0.0000e+00 0.0000e+00 0.0000e+00 0.0000e+00 0.0000e+00
2.1194e+04 9.4132e-01 5.8680e-02 5.7296e-19 0.0000e+00 0.0000e+00 0.0000e+00 0.0000e+00 0.0000e+00 0.0000e+00 0.0000e+00
2.2528e+04 9.1634e-01 8.3663e-02 4.9410e-19 0.0000e+00 0.0000e+00 0.0000e+00 0.0000e+00 0.0000e+00 0.0000e+00 0.0000e+00
2.3943e+04 7.3092e-01 2.6908e-01 1.1299e-17 0.0000e+00 0.0000e+00 0.0000e+00 0.0000e+00 0.0000e+00 0.0000e+00 0.0000e+00
2.5446e+04 6.9438e-01 3.0562e-01 8.7433e-18 0.0000e+00 0.0000e+00 0.0000e+00 0.0000e+00 0.0000e+00 0.0000e+00 0.0000e+00
2.7044e+04 3.2147e-01 6.7853e-01 3.2938e-16 0.0000e+00 0.0000e+00 0.0000e+00 0.0000e+00 0.0000e+00 0.0000e+00 0.0000e+00
2.8744e+04 3.4580e-01 6.5420e-01 1.1277e-16 0.0000e+00 0.0000e+00 0.0000e+00 0.0000e+00 0.0000e+00 0.0000e+00 0.0000e+00
3.0520e+04 9.4240e-02 9.0576e-01 2.5217e-15 0.0000e+00 0.0000e+00 0.0000e+00 0.0000e+00 0.0000e+00 0.0000e+00 0.0000e+00
3.2244e+04 1.2457e-01 8.7543e-01 7.8388e-16 0.0000e+00 0.0000e+00 0.0000e+00 0.0000e+00 0.0000e+00 0.0000e+00 0.0000e+00
3.3773e+04 6.6639e-02 9.3336e-01 2.4767e-15 0.0000e+00 0.0000e+00 0.0000e+00 0.0000e+00 0.0000e+00 0.0000e+00 0.0000e+00
3.5108e+04 1.9794e-02 9.8021e-01 2.3022e-14 0.0000e+00 0.0000e+00 0.0000e+00 0.0000e+00 0.0000e+00 0.0000e+00 0.0000e+00
3.6326e+04 6.7301e-01 3.2699e-01 2.0821e-19 0.0000e+00 0.0000e+00 0.0000e+00 0.0000e+00 0.0000e+00 0.0000e+00 0.0000e+00
3.7486e+04 1.1523e-02 9.8848e-01 2.6108e-14 0.0000e+00 0.0000e+00 0.0000e+00 0.0000e+00 0.0000e+00 0.0000e+00 0.0000e+00
3.8628e+04 1.1155e-01 8.8845e-01 1.0310e-16 0.0000e+00 0.0000e+00 0.0000e+00 0.0000e+00 0.0000e+00 0.0000e+00 0.0000e+00
3.9769e+04 2.0903e-01 7.9097e-01 1.2142e-17 0.0000e+00 0.0000e+00 0.0000e+00 0.0000e+00 0.0000e+00 0.0000e+00 0.0000e+00
4.0916e+04 1.0861e-04 9.9989e-01 5.7045e-10 7.6048e-42 0.0000e+00 0.0000e+00 0.0000e+00 0.0000e+00 0.0000e+00 0.0000e+00
4.2074e+04 8.7779e-03 9.9122e-01 8.1607e-15 0.0000e+00 0.0000e+00 0.0000e+00 0.0000e+00 0.0000e+00 0.0000e+00 0.0000e+00
4.3252e+04 2.7088e-02 9.7291e-01 5.0331e-16 0.0000e+00 0.0000e+00 0.0000e+00 0.0000e+00 0.0000e+00 0.0000e+00 0.0000e+00
4.4454e+04 1.3523e-05 9.9999e-01 2.1749e-07 1.0428e-33 0.0000e+00 0.0000e+00 0.0000e+00 0.0000e+00 0.0000e+00 0.0000e+00
4.5683e+04 9.4484e-05 9.9991e-01 8.6813e-11 4.2039e-45 0.0000e+00 0.0000e+00 0.0000e+00 0.0000e+00 0.0000e+00 0.0000e+00
4.6942e+04 2.3527e-01 7.6473e-01 7.1929e-19 0.0000e+00 0.0000e+00 0.0000e+00 0.0000e+00 0.0000e+00 0.0000e+00 0.0000e+00
4.8231e+04 7.3981e-05 9.9993e-01 6.4748e-11 1.4013e-45 0.0000e+00 0.0000e+00 0.0000e+00 0.0000e+00 0.0000e+00 0.0000e+00
4.9550e+04 2.3477e-05 9.9998e-01 2.7736e-09 1.9629e-40 0.0000e+00 0.0000e+00 0.0000e+00 0.0000e+00 0.0000e+00 0.0000e+00
5.0900e+04 3.1961e-04 9.9968e-01 4.4647e-13 0.0000e+00 0.0000e+00 0.0000e+00 0.0000e+00 0.0000e+00 0.0000e+00 0.0000e+00
5.2277e+04 5.7011e-04 9.9943e-01 8.5408e-14 0.0000e+00 0.0000e+00 0.0000e+00 0.0000e+00 0.0000e+00 0.0000e+00 0.0000e+00
5.3682e+04 2.5559e-01 7.4441e-01 7.4687e-20 0.0000e+00 0.0000e+00 0.0000e+00 0.0000e+00 0.0000e+00 0.0000e+00 0.0000e+00
5.5110e+04 6.6418e-05 9.9993e-01 6.2340e-12 0.0000e+00 0.0000e+00 0.0000e+00 0.0000e+00 0.0000e+00 0.0000e+00 0.0000e+00
5.6562e+04 7.7977e-03 9.9220e-01 1.2796e-16 0.0000e+00 0.0000e+00 0.0000e+00 0.0000e+00 0.0000e+00 0.0000e+00 0.0000e+00
5.8030e+04 4.1427e-04 9.9959e-01 3.3974e-14 0.0000e+00 0.0000e+00 0.0000e+00 0.0000e+00 0.0000e+00 0.0000e+00 0.0000e+00
5.9510e+04 2.4694e-04 9.9975e-01 6.8246e-14 0.0000e+00 0.0000e+00 0.0000e+00 0.0000e+00 0.0000e+00 0.0000e+00 0.0000e+00
6.0994e+04 3.7632e-03 9.9624e-01 1.8405e-16 0.0000e+00 0.0000e+00 0.0000e+00 0.0000e+00 0.0000e+00 0.0000e+00 0.0000e+00
6.2466e+04 2.7802e-05 9.9997e-01 8.2509e-12 0.0000e+00 0.0000e+00 0.0000e+00 0.0000e+00 0.0000e+00 0.0000e+00 0.0000e+00
6.3912e+04 1.0438e-06 1.0000e+00 3.6311e-07 7.6582e-35 0.0000e+00 0.0000e+00 0.0000e+00 0.0000e+00 0.0000e+00 0.0000e+00
6.5312e+04 1.0290e-05 9.9999e-01 1.2125e-10 0.0000e+00 0.0000e+00 0.0000e+00 0.0000e+00 0.0000e+00 0.0000e+00 0.0000e+00
6.6639e+04 2.0428e-05 9.9998e-01 6.0868e-12 0.0000e+00 0.0000e+00 0.0000e+00 0.0000e+00 0.0000e+00 0.0000e+00 0.0000e+00
6.7870e+04 2.1254e-04 9.9979e-01 1.2452e-14 0.0000e+00 0.0000e+00 0.0000e+00 0.0000e+00 0.0000e+00 0.0000e+00 0.0000e+00
6.8864e+04 4.6430e-04 9.9954e-01 1.9769e-15 0.0000e+00 0.0000e+00 0.0000e+00 0.0000e+00 0.0000e+00 0.0000e+00 0.0000e+00
6.9460e+04 4.0520e-02 9.5948e-01 1.7386e-19 0.0000e+00 0.0000e+00 0.0000e+00 0.0000e+00 0.0000e+00 0.0000e+00 0.0000e+00
6.9745e+04 3.3376e-01 6.6624e-01 5.8424e-22 0.0000e+00 0.0000e+00 0.0000e+00 0.0000e+00 0.0000e+00 0.0000e+00 0.0000e+00
6.9888e+04 2.4165e-01 7.5835e-01 1.7112e-21 0.0000e+00 0.0000e+00 0.0000e+00 0.0000e+00 0.0000e+00 0.0000e+00 0.0000e+00
6.9960e+04 7.3283e-02 9.2672e-01 4.0563e-20 0.0000e+00 0.0000e+00 0.0000e+00 0.0000e+00 0.0000e+00 0.0000e+00 0.0000e+00
6.9991e+04 7.5401e-02 9.2460e-01 3.7525e-20 0.0000e+00 0.0000e+00 0.0000e+00 0.0000e+00 0.0000e+00 0.0000e+00 0.0000e+00
7.0000e+04 3.8531e-02 9.6147e-01 7.0154e-20 0.0000e+00 0.0000e+00 0.0000e+00 0.0000e+00 0.0000e+00 0.0000e+00 0.0000e+00
#
#TIME: 1.3688
#NVEL: 115
#vel_mid[km/s] fe0 fe1 fe2 fe3 fe4 fe5 fe6 fe7 fe8 fe9
4.2577e+02 2.6625e-44 1.6101e-34 1.4181e-25 1.6411e-17 1.1163e-10 2.2588e-05 6.4961e-02 7.0972e-01 2.2529e-01 4.3657e-07
8.5779e+02 5.2515e-32 4.0547e-24 4.6626e-17 7.1688e-11 6.6635e-06 1.9346e-02 8.3577e-01 1.4412e-01 7.5584e-04 2.8125e-11
8.7843e+02 6.1658e-32 4.7169e-24 5.3552e-17 8.0911e-11 7.3357e-06 2.0505e-02 8.4247e-01 1.3635e-01 6.6304e-04 2.1976e-11
9.1772e+02 6.0096e-32 4.6036e-24 5.2366e-17 7.9334e-11 7.2215e-06 2.0311e-02 8.4139e-01 1.3761e-01 6.7759e-04 2.2896e-11
9.7304e+02 5.6830e-32 4.3691e-24 4.9937e-17 7.6131e-11 6.9905e-06 1.9917e-02 8.3918e-01 1.4019e-01 7.0790e-04 2.4852e-11
1.0350e+03 5.4182e-32 4.1765e-24 4.7913e-17 7.3423e-11 6.7918e-06 1.9572e-02 8.3714e-01 1.4254e-01 7.3636e-04 2.6770e-11
1.1000e+03 4.2904e-32 3.3535e-24 3.9208e-17 6.1644e-11 5.9117e-06 1.7990e-02 8.2694e-01 1.5418e-01 8.8723e-04 3.8034e-11
1.1690e+03 2.3044e-32 1.8685e-24 2.2972e-17 3.8655e-11 4.0757e-06 1.4320e-02 7.9576e-01 1.8847e-01 1.4416e-03 9.5422e-11
1.2425e+03 6.0625e-33 5.2617e-25 7.1414e-18 1.3810e-11 1.7707e-06 8.4438e-03 7.0625e-01 2.8130e-01 3.9997e-03 6.8740e-10
1.3205e+03 6.9473e-34 6.5446e-26 1.0175e-18 2.4181e-12 4.1404e-07 3.1764e-03 5.0936e-01 4.6927e-01 1.8198e-02 1.4908e-08
1.4033e+03 4.2319e-35 4.3700e-27 7.9673e-20 2.4287e-13 5.7700e-08 7.6721e-04 2.6374e-01 6.5319e-01 8.2306e-02 4.2324e-07
1.4915e+03 2.2775e-36 2.5838e-28 5.5216e-21 2.1580e-14 6.9265e-09 1.5221e-04 1.0561e-01 6.5222e-01 2.4202e-01 6.6546e-06
1.5852e+03 1.2679e-37 1.5872e-29 3.9646e-22 1.9685e-15 8.2784e-10 2.8175e-05 3.6103e-02 4.9560e-01 4.6821e-01 5.4230e-05
1.6847e+03 5.1677e-39 7.2329e-31 2.1418e-23 1.3776e-16 7.6546e-11 4.0253e-06 9.5334e-03 2.9184e-01 6.9829e-01 3.3391e-04
1.7904e+03 1.5265e-40 2.4434e-32 8.7806e-25 7.5274e-18 5.6402e-12 4.6087e-07 2.0358e-03 1.4070e-01 8.5559e-01 1.6653e-03
1.9028e+03 3.5915e-42 6.7561e-34 3.0251e-26 3.5587e-19 3.6843e-13 4.6952e-08 3.8804e-04 6.0761e-02 9.3174e-01 7.1120e-03
2.0223e+03 8.2677e-44 1.8156e-35 1.0116e-27 1.6390e-20 2.3513e-14 4.5971e-09 7.0231e-05 2.4797e-02 9.4760e-01 2.7530e-02
2.1493e+03 1.4013e-45 4.8017e-37 3.3285e-29 7.4502e-22 1.4890e-15 4.3901e-10 1.2187e-05 9.5904e-03 8.9588e-01 9.4517e-02
2.2843e+03 0.0000e+00 1.5728e-38 1.3233e-30 3.9753e-23 1.0798e-16 4.5688e-11 2.1637e-06 3.5398e-03 7.4597e-01 2.5049e-01
2.4277e+03 0.0000e+00 8.2826e-40 8.1979e-32 3.1466e-24 1.1078e-17 6.2677e-12 4.5469e-07 1.3425e-03 5.4429e-01 4.5437e-01
2.5802e+03 0.0000e+00 9.9571e-41 1.1141e-32 5.1003e-25 2.1669e-18 1.5011e-12 1.4516e-07 6.3620e-04 3.9881e-01 6.0055e-01
2.7422e+03 0.0000e+00 4.3757e-41 5.2500e-33 2.6102e-25 1.2080e-18 9.1423e-13 9.8495e-08 4.9342e-04 3.5698e-01 6.4253e-01
2.9144e+03 0.0000e+00 9.7010e-41 1.1691e-32 5.6299e-25 2.5025e-18 1.8030e-12 1.7471e-07 7.3164e-04 4.3040e-01 5.6887e-01
3.0973e+03 0.0000e+00 1.3398e-39 1.5079e-31 6.1591e-24 2.2803e-17 1.3244e-11 8.8479e-07 2.1086e-03 6.5562e-01 3.4227e-01
3.2918e+03 0.0000e+00 1.1644e-37 1.1576e-29 3.5122e-22 9.4680e-16 3.6190e-10 1.1789e-05 9.7512e-03 9.1201e-01 7.8223e-02
3.4986e+03 2.1860e-43 7.0348e-35 5.2191e-27 9.5987e-20 1.5478e-13 2.8646e-08 3.0834e-04 5.6069e-02 9.3761e-01 6.0125e-03
3.7182e+03 5.5068e-40 1.2279e-31 5.6083e-24 5.2960e-17 4.2792e-11 3.0075e-06 8.6241e-03 2.8823e-01 7.0288e-01 2.6246e-04
3.9517e+03 1.1045e-36 1.8213e-28 5.3649e-21 2.6848e-14 1.0587e-08 2.4256e-04 1.4899e-01 6.8531e-01 1.6545e-01 1.8203e-06
4.1999e+03 2.4133e-33 3.8183e-25 8.6108e-18 2.4493e-11 3.8183e-06 1.5804e-02 8.3447e-01 1.4903e-01 6.9371e-04 1.3820e-11
4.4636e+03 1.0302e-30 1.3887e-22 2.2785e-15 3.7124e-09 2.0426e-04 1.5773e-01 8.3444e-01 7.6323e-03 9.4775e-07 6.2733e-17
4.7438e+03 1.7786e-29 2.1191e-21 2.8887e-14 3.4715e-08 1.0949e-03 3.6610e-01 6.3142e-01 1.3851e-03 3.0313e-08 1.3482e-19
5.0416e+03 3.4647e-29 4.0661e-21 5.3686e-14 6.0251e-08 1.6458e-03 4.3967e-01 5.5786e-01 8.2335e-04 1.1074e-08 2.2847e-20
5.3582e+03 2.6827e-29 3.3126e-21 4.5983e-14 5.4162e-08 1.5472e-03 4.3060e-01 5.6698e-01 8.6475e-04 1.1968e-08 2.5070e-20
5.6947e+03 2.3662e-29 3.0686e-21 4.4544e-14 5.4351e-08 1.5774e-03 4.3694e-01 5.6066e-01 8.1447e-04 1.0491e-08 1.9029e-20
6.0522e+03 3.5156e-29 4.5989e-21 6.6488e-14 7.8457e-08 2.0742e-03 4.9156e-01 5.0581e-01 5.4939e-04 4.9274e-09 4.9898e-21
6.4323e+03 9.4904e-29 1.2150e-20 1.6759e-13 1.7728e-07 3.7104e-03 6.1221e-01 3.8386e-01 2.1992e-04 8.9809e-10 2.6257e-22
6.8362e+03 4.1009e-28 5.0031e-20 6.3432e-13 5.5976e-07 8.1075e-03 7.6617e-01 2.2567e-01 4.9012e-05 6.0909e-11 2.7497e-24
7.2654e+03 2.3109e-27 2.5997e-19 2.9203e-12 2.0228e-06 1.8424e-02 8.7823e-01 1.0334e-01 6.9650e-06 2.0715e-12 1.0057e-26
7.7216e+03 1.8761e-26 1.8857e-18 1.8067e-11 9.0975e-06 4.5758e-02 9.2000e-01 3.4229e-02 5.3401e-07 2.6628e-14 8.0575e-30
8.2065e+03 3.8223e-25 3.2160e-17 2.4170e-10 7.4154e-05 1.5198e-01 8.4228e-01 5.6604e-03 1.0094e-08 3.5779e-17 1.7987e-34
8.7177e+03 5.9535e-23 3.5557e-15 1.6757e-08 1.9041e-03 6.8098e-01 3.1704e-01 8.0342e-05 2.2693e-12 5.1634e-23 1.0510e-43
9.2147e+03 6.2432e-20 1.9741e-12 3.7716e-06 6.3517e-02 9.3145e-01 5.0331e-03 3.6396e-09 6.4209e-20 1.8719e-34 0.0000e+00
9.6291e+03 6.1225e-17 1.0001e-09 5.9633e-04 8.1306e-01 1.8634e-01 3.0819e-06 1.0907e-15 1.2922e-30 0.0000e+00 0.0000e+00
9.9539e+03 6.8062e-15 6.8829e-08 1.1638e-02 9.8626e-01 2.1005e-03 4.9953e-11 3.0579e-24 6.3058e-44 0.0000e+00 0.0000e+00
1.0246e+04 1.0154e-12 6.4198e-06 2.3299e-01 7.6700e-01 6.5045e-06 7.0405e-17 1.6309e-34 0.0000e+00 0.0000e+00 0.0000e+00
1.0542e+04 4.9937e-11 1.8563e-04 9.4607e-01 5.3741e-02 3.8229e-10 2.2393e-25 0.0000e+00 0.0000e+00 0.0000e+00 0.0000e+00
1.0840e+04 2.1654e-09 2.8165e-03 9.9681e-01 3.7173e-04 4.4006e-16 1.8202e-36 0.0000e+00 0.0000e+00 0.0000e+00 0.0000e+00
1.1119e+04 1.4374e-07 5.0904e-02 9.4909e-01 1.5180e-06 1.2541e-22 0.0000e+00 0.0000e+00 0.0000e+00 0.0000e+00 0.0000e+00
1.1356e+04 4.6995e-06 4.4800e-01 5.5200e-01 6.1218e-09 7.9396e-29 0.0000e+00 0.0000e+00 0.0000e+00 0.0000e+00 0.0000e+00
1.1540e+04 3.4745e-05 9.1539e-01 8.4572e-02 8.0471e-12 2.2926e-35 0.0000e+00 0.0000e+00 0.0000e+00 0.0000e+00 0.0000e+00
1.1677e+04 9.7767e-05 9.8995e-01 9.9540e-03 1.2075e-14 1.1691e-41 0.0000e+00 0.0000e+00 0.0000e+00 0.0000e+00 0.0000e+00
1.1784e+04 2.1466e-04 9.9833e-01 1.4584e-03 3.5335e-17 0.0000e+00 0.0000e+00 0.0000e+00 0.0000e+00 0.0000e+00 0.0000e+00
1.1876e+04 4.4607e-04 9.9928e-01 2.7746e-04 2.5362e-19 0.0000e+00 0.0000e+00 0.0000e+00 0.0000e+00 0.0000e+00 0.0000e+00
1.1964e+04 8.7480e-04 9.9906e-01 6.0281e-05 2.6965e-21 0.0000e+00 0.0000e+00 0.0000e+00 0.0000e+00 0.0000e+00 0.0000e+00
1.2056e+04 1.2197e-03 9.9876e-01 2.2419e-05 1.1801e-22 0.0000e+00 0.0000e+00 0.0000e+00 0.0000e+00 0.0000e+00 0.0000e+00
1.2170e+04 1.7649e-03 9.9823e-01 8.1241e-06 4.9904e-24 0.0000e+00 0.0000e+00 0.0000e+00 0.0000e+00 0.0000e+00 0.0000e+00
1.2360e+04 3.1808e-03 9.9682e-01 1.8455e-06 5.3701e-26 0.0000e+00 0.0000e+00 0.0000e+00 0.0000e+00 0.0000e+00 0.0000e+00
1.2670e+04 8.1207e-03 9.9188e-01 1.8455e-07 4.9206e-29 0.0000e+00 0.0000e+00 0.0000e+00 0.0000e+00 0.0000e+00 0.0000e+00
1.3075e+04 2.5764e-02 9.7424e-01 1.1364e-08 1.1231e-32 0.0000e+00 0.0000e+00 0.0000e+00 0.0000e+00 0.0000e+00 0.0000e+00
1.3530e+04 8.6658e-02 9.1334e-01 5.2147e-10 1.1544e-36 0.0000e+00 0.0000e+00 0.0000e+00 0.0000e+00 0.0000e+00 0.0000e+00
1.4013e+04 3.1848e-01 6.8152e-01 9.4748e-12 1.1851e-41 0.0000e+00 0.0000e+00 0.0000e+00 0.0000e+00 0.0000e+00 0.0000e+00
1.4509e+04 5.4401e-01 4.5599e-01 6.0478e-13 5.6052e-45 0.0000e+00 0.0000e+00 0.0000e+00 0.0000e+00 0.0000e+00 0.0000e+00
1.5002e+04 7.4255e-01 2.5745e-01 3.4540e-14 0.0000e+00 0.0000e+00 0.0000e+00 0.0000e+00 0.0000e+00 0.0000e+00 0.0000e+00
1.5476e+04 8.6464e-01 1.3536e-01 2.0781e-15 0.0000e+00 0.0000e+00 0.0000e+00 0.0000e+00 0.0000e+00 0.0000e+00 0.0000e+00
1.5924e+04 9.1724e-01 8.2762e-02 2.3568e-16 0.0000e+00 0.0000e+00 0.0000e+00 0.0000e+00 0.0000e+00 0.0000e+00 0.0000e+00
1.6356e+04 9.4279e-01 5.7211e-02 4.3114e-17 0.0000e+00 0.0000e+00 0.0000e+00 0.0000e+00 0.0000e+00 0.0000e+00 0.0000e+00
1.6776e+04 9.5656e-01 4.3442e-02 1.2267e-17 0.0000e+00 0.0000e+00 0.0000e+00 0.0000e+00 0.0000e+00 0.0000e+00 0.0000e+00
1.7184e+04 9.6776e-01 3.2242e-02 3.4246e-18 0.0000e+00 0.0000e+00 0.0000e+00 0.0000e+00 0.0000e+00 0.0000e+00 0.0000e+00
1.7580e+04 9.7429e-01 2.5707e-02 1.2233e-18 0.0000e+00 0.0000e+00 0.0000e+00 0.0000e+00 0.0000e+00 0.0000e+00 0.0000e+00
1.7990e+04 9.7812e-01 2.1877e-02 5.2583e-19 0.0000e+00 0.0000e+00 0.0000e+00 0.0000e+00 0.0000e+00 0.0000e+00 0.0000e+00
1.8458e+04 9.7863e-01 2.1374e-02 3.5129e-19 0.0000e+00 0.0000e+00 0.0000e+00 0.0000e+00 0.0000e+00 0.0000e+00 0.0000e+00
1.9085e+04 9.8301e-01 1.6990e-02 1.0720e-19 0.0000e+00 0.0000e+00 0.0000e+00 0.0000e+00 0.0000e+00 0.0000e+00 0.0000e+00
2.0000e+04 9.8310e-01 1.6903e-02 4.0858e-20 0.0000e+00 0.0000e+00 0.0000e+00 0.0000e+00 0.0000e+00 0.0000e+00 0.0000e+00
2.1194e+04 9.7578e-01 2.4220e-02 3.1371e-20 0.0000e+00 0.0000e+00 0.0000e+00 0.0000e+00 0.0000e+00 0.0000e+00 0.0000e+00
2.2528e+04 9.4632e-01 5.3677e-02 1.0495e-19 0.0000e+00 0.0000e+00 0.0000e+00 0.0000e+00 0.0000e+00 0.0000e+00 0.0000e+00
2.3943e+04 9.1192e-01 8.8077e-02 1.5945e-19 0.0000e+00 0.0000e+00 0.0000e+00 0.0000e+00 0.0000e+00 0.0000e+00 0.0000e+00
2.5446e+04 8.8205e-01 1.1795e-01 1.8928e-19 0.0000e+00 0.0000e+00 0.0000e+00 0.0000e+00 0.0000e+00 0.0000e+00 0.0000e+00
2.7044e+04 7.4877e-01 2.5123e-01 1.7414e-18 0.0000e+00 0.0000e+00 0.0000e+00 0.0000e+00 0.0000e+00 0.0000e+00 0.0000e+00
2.8744e+04 7.2163e-01 2.7837e-01 1.2069e-18 0.0000e+00 0.0000e+00 0.0000e+00 0.0000e+00 0.0000e+00 0.0000e+00 0.0000e+00
3.0520e+04 6.0580e-01 3.9420e-01 2.8361e-18 0.0000e+00 0.0000e+00 0.0000e+00 0.0000e+00 0.0000e+00 0.0000e+00 0.0000e+00
3.2244e+04 6.2505e-01 3.7495e-01 1.4006e-18 0.0000e+00 0.0000e+00 0.0000e+00 0.0000e+00 0.0000e+00 0.0000e+00 0.0000e+00
3.3773e+04 4.3457e-01 5.6543e-01 8.4180e-18 0.0000e+00 0.0000e+00 0.0000e+00 0.0000e+00 0.0000e+00 0.0000e+00 0.0000e+00
3.5108e+04 2.0866e-01 7.9135e-01 7.7219e-17 0.0000e+00 0.0000e+00 0.0000e+00 0.0000e+00 0.0000e+00 0.0000e+00 0.0000e+00
3.6326e+04 3.9994e-04 9.9960e-01 7.9541e-11 4.4842e-44 0.0000e+00 0.0000e+00 0.0000e+00 0.0000e+00 0.0000e+00 0.0000e+00
3.7486e+04 2.5833e-01 7.4167e-01 1.4411e-17 0.0000e+00 0.0000e+00 0.0000e+00 0.0000e+00 0.0000e+00 0.0000e+00 0.0000e+00
