#NTIMES: 145 
#NSTAGES: 7 
#TIMES[d]: 4.14 4.22 4.31 4.40 4.49 4.58 4.68 4.77 4.87 4.97 5.08 5.18 5.29 5.40 5.51 5.62 5.74 5.86 5.98 6.10 6.23 6.36 6.49 6.62 6.76 6.90 7.04 7.19 7.34 7.49 7.64 7.80 7.96 8.13 8.30 8.47 8.64 8.82 9.01 9.19 9.38 9.58 9.77 9.98 10.18 10.39 10.61 10.83 11.05 11.28 11.51 11.75 11.99 12.24 12.50 12.75 13.02 13.29 13.56 13.84 14.13 14.42 14.72 15.02 15.33 15.65 15.98 16.31 16.64 16.99 17.34 17.70 18.06 18.44 18.82 19.21 19.60 20.01 20.42 20.85 21.28 21.72 22.17 22.62 23.09 23.57 24.06 24.56 25.06 25.58 26.11 26.65 27.20 27.76 28.34 28.93 29.52 30.13 30.76 31.39 32.04 32.71 33.38 34.07 34.78 35.50 36.23 36.98 37.74 38.53 39.32 40.14 40.97 41.81 42.68 43.56 44.46 45.38 46.32 47.28 48.26 49.25 50.27 51.31 52.37 53.46 54.56 55.69 56.84 58.02 59.22 60.44 61.69 62.97 64.27 65.60 66.96 68.34 69.76 71.20 72.67 74.17 75.71 77.27 78.87 
#
#TIME: 4.14 
#NVEL: 67 
#vel_mid[km/s] v0 v1 v2 v3 v4 v5 v6 
440.10 1.69e-18 2.38e-12 1.82e-06 2.24e-02 9.31e-01 4.66e-02 4.40e-12 
999.11 2.87e-20 4.37e-14 6.13e-08 2.24e-03 5.94e-01 4.04e-01 7.81e-09 
1267.34 2.61e-22 5.54e-16 1.23e-09 1.16e-04 1.46e-01 8.53e-01 1.14e-06 
1514.05 7.96e-24 1.96e-17 5.85e-11 1.02e-05 3.62e-02 9.64e-01 1.76e-05 
1808.80 3.03e-25 8.98e-19 3.60e-12 1.11e-06 9.94e-03 9.90e-01 2.16e-04 
1919.29 2.60e-26 8.73e-20 4.28e-13 2.08e-07 3.68e-03 9.95e-01 1.11e-03 
2160.92 1.46e-27 7.46e-21 4.64e-14 3.77e-08 1.38e-03 9.92e-01 6.43e-03 
2292.92 2.31e-28 1.14e-21 8.33e-15 1.03e-08 6.51e-04 9.83e-01 1.62e-02 
2432.98 6.27e-29 3.88e-22 3.28e-15 5.00e-09 4.34e-04 9.67e-01 3.22e-02 
2581.60 2.67e-29 2.05e-22 1.90e-15 3.28e-09 3.42e-04 9.52e-01 4.79e-02 
2739.29 1.35e-29 1.13e-22 1.12e-15 2.18e-09 2.70e-04 9.33e-01 6.70e-02 
2906.62 7.78e-30 7.35e-23 7.85e-16 1.67e-09 2.32e-04 9.18e-01 8.18e-02 
3084.17 4.91e-30 5.45e-23 6.30e-16 1.45e-09 2.18e-04 9.13e-01 8.70e-02 
3272.56 3.12e-30 3.74e-23 4.78e-16 1.23e-09 2.04e-04 9.13e-01 8.64e-02 
3472.46 2.38e-30 3.20e-23 4.43e-16 1.23e-09 2.10e-04 9.23e-01 7.66e-02 
3684.57 1.94e-30 2.95e-23 4.44e-16 1.32e-09 2.28e-04 9.37e-01 6.25e-02 
3909.64 1.35e-30 2.38e-23 4.03e-16 1.33e-09 2.43e-04 9.48e-01 5.15e-02 
4148.46 1.44e-30 2.78e-23 4.93e-16 1.65e-09 2.85e-04 9.62e-01 3.74e-02 
4401.86 2.60e-30 4.64e-23 7.78e-16 2.38e-09 3.56e-04 9.74e-01 2.58e-02 
4670.75 4.48e-30 7.72e-23 1.25e-15 3.52e-09 4.49e-04 9.83e-01 1.64e-02 
4956.05 4.03e-30 8.18e-23 1.41e-15 4.06e-09 4.98e-04 9.87e-01 1.27e-02 
5258.79 3.18e-30 7.16e-23 1.35e-15 4.12e-09 5.13e-04 9.89e-01 1.08e-02 
5580.02 3.98e-30 8.85e-23 1.72e-15 5.20e-09 5.92e-04 9.92e-01 7.40e-03 
5920.87 4.67e-30 1.16e-22 2.30e-15 6.80e-09 7.01e-04 9.94e-01 5.16e-03 
6282.54 5.99e-30 1.49e-22 3.04e-15 8.83e-09 8.30e-04 9.96e-01 3.36e-03 
6666.30 9.85e-30 2.61e-22 5.23e-15 1.40e-08 1.10e-03 9.97e-01 1.93e-03 
7073.50 2.06e-29 5.07e-22 9.99e-15 2.44e-08 1.54e-03 9.98e-01 9.27e-04 
7505.58 3.57e-29 9.69e-22 1.88e-14 4.24e-08 2.23e-03 9.97e-01 4.69e-04 
7964.05 1.03e-28 2.83e-21 5.28e-14 1.01e-07 3.83e-03 9.96e-01 1.52e-04 
8450.53 6.30e-28 1.62e-20 2.70e-13 3.85e-07 8.51e-03 9.91e-01 3.21e-05 
8966.72 5.06e-27 1.27e-19 1.85e-12 1.87e-06 2.18e-02 9.78e-01 4.99e-06 
9514.44 1.06e-25 2.39e-18 2.81e-11 1.68e-05 8.01e-02 9.20e-01 3.32e-07 
10095.62 6.42e-24 1.33e-16 1.07e-09 2.87e-04 3.73e-01 6.27e-01 5.80e-09 
10712.30 5.39e-22 8.81e-15 4.46e-08 4.12e-03 8.77e-01 1.18e-01 7.31e-12 
11366.65 7.28e-20 9.50e-13 2.58e-06 5.54e-02 9.41e-01 3.86e-03 1.74e-16 
12061.10 1.65e-17 1.84e-10 2.24e-04 6.59e-01 3.41e-01 8.68e-06 2.04e-23 
12793.43 1.03e-15 9.34e-09 4.37e-03 9.88e-01 8.01e-03 3.79e-10 5.90e-33 
13528.61 1.11e-13 6.94e-07 8.97e-02 9.10e-01 5.29e-05 1.93e-15 2.83e-36 
14194.74 3.86e-12 1.87e-05 6.73e-01 3.27e-01 6.47e-08 1.41e-21 1.01e-36 
14757.77 2.44e-11 8.81e-05 9.66e-01 3.41e-02 7.45e-11 2.36e-27 1.10e-36 
15240.48 1.25e-10 2.89e-04 9.97e-01 3.11e-03 1.39e-13 1.60e-29 2.13e-36 
15646.99 8.15e-10 1.01e-03 9.99e-01 3.01e-04 3.63e-16 9.14e-30 3.86e-36 
15960.30 6.45e-09 3.68e-03 9.96e-01 1.87e-05 3.05e-19 9.51e-30 6.10e-36 
16187.41 2.50e-08 8.83e-03 9.91e-01 4.80e-06 5.64e-21 3.29e-29 1.31e-35 
16354.17 8.80e-08 2.10e-02 9.79e-01 5.18e-07 2.91e-23 1.21e-29 2.09e-35 
16484.18 1.40e-07 3.11e-02 9.69e-01 2.77e-07 4.73e-24 3.13e-29 3.59e-35 
16593.12 1.80e-07 3.91e-02 9.61e-01 9.51e-08 4.27e-25 8.42e-29 5.29e-35 
16691.99 3.09e-07 6.04e-02 9.40e-01 4.03e-08 3.53e-26 2.64e-29 6.81e-35 
16788.59 4.16e-07 7.55e-02 9.25e-01 3.32e-07 1.12e-25 1.40e-27 8.28e-35 
16888.37 6.79e-07 1.18e-01 8.82e-01 5.21e-09 1.95e-28 3.06e-29 9.94e-35 
16998.79 1.05e-06 1.57e-01 8.43e-01 2.23e-09 2.47e-29 1.31e-28 1.21e-34 
17146.37 1.89e-06 2.36e-01 7.64e-01 5.20e-10 7.85e-31 1.49e-28 1.50e-34 
17415.23 4.43e-06 4.37e-01 5.63e-01 3.39e-11 1.87e-31 1.02e-28 1.96e-34 
17888.12 1.18e-05 7.59e-01 2.41e-01 5.61e-13 8.77e-32 9.49e-29 2.80e-34 
18532.37 2.18e-05 9.25e-01 7.54e-02 4.46e-15 1.94e-31 8.93e-28 3.41e-34 
19260.76 3.23e-05 9.72e-01 2.76e-02 5.78e-17 5.23e-31 2.43e-27 4.02e-34 
20034.10 2.66e-05 9.89e-01 1.09e-02 8.65e-19 1.53e-30 6.34e-26 4.89e-34 
20838.00 3.48e-05 9.98e-01 2.26e-03 7.14e-21 1.11e-31 7.62e-27 5.67e-34 
21647.97 3.73e-05 1.00e+00 3.84e-04 9.86e-23 2.66e-33 1.31e-28 5.90e-34 
22447.94 5.74e-05 1.00e+00 2.78e-04 5.71e-24 4.23e-32 5.86e-28 6.59e-34 
23245.88 6.62e-05 1.00e+00 8.04e-05 1.41e-25 2.11e-32 9.42e-28 7.63e-34 
24052.47 9.67e-05 1.00e+00 1.15e-05 4.53e-27 1.99e-33 8.95e-34 8.95e-34 
24867.72 7.79e-05 1.00e+00 1.72e-05 1.37e-26 2.40e-33 1.08e-33 1.08e-33 
25698.86 8.68e-05 1.00e+00 9.92e-06 2.35e-26 3.14e-33 1.42e-33 1.42e-33 
26587.16 1.54e-04 1.00e+00 8.21e-07 1.93e-26 4.72e-33 2.14e-33 2.14e-33 
27637.54 1.33e-04 1.00e+00 3.81e-07 2.02e-27 8.73e-33 3.98e-33 3.98e-33 
28986.97 1.13e-04 1.00e+00 1.92e-07 1.61e-26 2.16e-32 9.89e-33 9.89e-33 
#TIME: 4.22 
#NVEL: 67 
#vel_mid[km/s] v0 v1 v2 v3 v4 v5 v6 
440.10 1.26e-18 1.59e-12 1.28e-06 1.74e-02 9.09e-01 7.41e-02 2.20e-11 
999.11 1.52e-20 2.67e-14 4.09e-08 1.62e-03 5.03e-01 4.95e-01 2.40e-08 
1267.34 1.89e-22 4.57e-16 1.06e-09 1.00e-04 1.29e-01 8.70e-01 1.62e-06 
1514.05 6.51e-24 1.82e-17 5.64e-11 9.69e-06 3.43e-02 9.66e-01 2.80e-05 
1808.80 2.99e-25 9.46e-19 3.94e-12 1.19e-06 1.03e-02 9.89e-01 2.48e-04 
1919.29 2.84e-26 1.07e-19 5.38e-13 2.47e-07 4.11e-03 9.95e-01 1.30e-03 
2160.92 1.82e-27 8.75e-21 5.62e-14 4.42e-08 1.51e-03 9.94e-01 4.90e-03 
2292.92 2.45e-28 1.32e-21 9.85e-15 1.19e-08 7.07e-04 9.82e-01 1.70e-02 
2432.98 7.08e-29 4.66e-22 4.01e-15 5.95e-09 4.79e-04 9.70e-01 2.92e-02 
2581.60 3.24e-29 2.39e-22 2.27e-15 3.87e-09 3.78e-04 9.61e-01 3.88e-02 
2739.29 1.71e-29 1.52e-22 1.55e-15 2.89e-09 3.20e-04 9.49e-01 5.08e-02 
2906.62 9.90e-30 9.62e-23 1.05e-15 2.17e-09 2.73e-04 9.39e-01 6.04e-02 
3084.17 6.31e-30 6.39e-23 7.64e-16 1.76e-09 2.46e-04 9.36e-01 6.35e-02 
3272.56 3.85e-30 4.67e-23 6.14e-16 1.55e-09 2.34e-04 9.35e-01 6.49e-02 
3472.46 2.93e-30 3.93e-23 5.59e-16 1.53e-09 2.40e-04 9.42e-01 5.73e-02 
3684.57 2.36e-30 3.61e-23 5.58e-16 1.63e-09 2.61e-04 9.53e-01 4.65e-02 
3909.64 1.63e-30 2.91e-23 5.07e-16 1.66e-09 2.78e-04 9.62e-01 3.81e-02 
4148.46 1.72e-30 3.12e-23 5.71e-16 1.92e-09 3.14e-04 9.71e-01 2.83e-02 
4401.86 3.05e-30 5.39e-23 9.29e-16 2.83e-09 3.96e-04 9.80e-01 1.97e-02 
4670.75 5.09e-30 9.12e-23 1.51e-15 4.23e-09 5.02e-04 9.87e-01 1.27e-02 
4956.05 4.94e-30 9.34e-23 1.66e-15 4.77e-09 5.49e-04 9.90e-01 9.46e-03 
5258.79 3.85e-30 8.27e-23 1.60e-15 4.89e-09 5.69e-04 9.91e-01 8.06e-03 
5580.02 4.64e-30 1.08e-22 2.13e-15 6.37e-09 6.70e-04 9.94e-01 5.61e-03 
5920.87 5.79e-30 1.33e-22 2.71e-15 7.99e-09 7.74e-04 9.95e-01 3.81e-03 
6282.54 7.29e-30 1.85e-22 3.85e-15 1.10e-08 9.47e-04 9.97e-01 2.54e-03 
6666.30 1.24e-29 3.13e-22 6.45e-15 1.71e-08 1.24e-03 9.97e-01 1.40e-03 
7073.50 2.52e-29 6.46e-22 1.29e-14 3.08e-08 1.78e-03 9.98e-01 7.07e-04 
7505.58 4.52e-29 1.23e-21 2.44e-14 5.39e-08 2.58e-03 9.97e-01 3.26e-04 
7964.05 1.34e-28 3.79e-21 7.19e-14 1.34e-07 4.54e-03 9.95e-01 1.06e-04 
8450.53 8.90e-28 2.46e-20 4.13e-13 5.58e-07 1.06e-02 9.89e-01 2.02e-05 
8966.72 7.60e-27 1.92e-19 2.81e-12 2.68e-06 2.71e-02 9.73e-01 2.99e-06 
9514.44 1.54e-25 3.67e-18 4.28e-11 2.39e-05 9.88e-02 9.01e-01 2.09e-07 
10095.62 1.00e-23 2.09e-16 1.66e-09 4.08e-04 4.40e-01 5.59e-01 2.81e-09 
10712.30 8.07e-22 1.34e-14 6.61e-08 5.41e-03 9.06e-01 8.89e-02 2.85e-12 
11366.65 1.05e-19 1.40e-12 3.68e-06 6.97e-02 9.28e-01 2.68e-03 5.66e-17 
12061.10 2.23e-17 2.54e-10 2.96e-04 7.27e-01 2.73e-01 4.44e-06 3.02e-24 
12793.43 1.28e-15 1.17e-08 5.19e-03 9.89e-01 5.88e-03 1.73e-10 4.92e-34 
13528.61 1.33e-13 8.49e-07 1.04e-01 8.96e-01 2.22e-05 4.69e-16 2.21e-36 
14194.74 4.32e-12 2.14e-05 7.18e-01 2.82e-01 3.64e-08 3.81e-22 5.55e-37 
14757.77 2.61e-11 9.64e-05 9.74e-01 2.59e-02 3.44e-11 6.32e-28 1.17e-36 
15240.48 1.34e-10 3.13e-04 9.97e-01 2.40e-03 6.56e-14 1.14e-29 2.26e-36 
15646.99 8.31e-10 1.05e-03 9.99e-01 2.30e-04 2.48e-16 1.73e-29 4.10e-36 
15960.30 6.43e-09 3.65e-03 9.96e-01 2.23e-05 3.06e-19 2.01e-29 6.49e-36 
16187.41 2.38e-08 8.94e-03 9.91e-01 3.43e-06 3.62e-21 1.67e-29 1.21e-35 
16354.17 8.94e-08 2.25e-02 9.78e-01 3.97e-07 1.85e-23 2.32e-29 2.22e-35 
16484.18 1.19e-07 2.83e-02 9.72e-01 1.75e-07 2.65e-24 3.43e-29 3.82e-35 
16593.12 1.79e-07 4.05e-02 9.59e-01 6.64e-08 1.57e-25 3.44e-29 5.62e-35 
16691.99 2.33e-07 4.99e-02 9.50e-01 3.61e-08 2.93e-26 1.01e-28 7.25e-35 
16788.59 5.29e-07 9.61e-02 9.04e-01 1.13e-08 1.37e-27 1.68e-30 8.81e-35 
16888.37 6.22e-07 1.08e-01 8.92e-01 8.35e-09 5.33e-28 4.55e-28 1.06e-34 
16998.79 9.14e-07 1.42e-01 8.58e-01 2.01e-09 1.73e-29 1.40e-28 1.29e-34 
17146.37 1.56e-06 2.11e-01 7.89e-01 1.10e-09 3.55e-30 1.10e-27 1.59e-34 
17415.23 3.29e-06 3.56e-01 6.44e-01 7.19e-11 8.99e-31 1.44e-27 2.09e-34 
17888.12 9.28e-06 6.78e-01 3.22e-01 1.53e-12 8.05e-31 3.61e-27 2.97e-34 
18532.37 2.04e-05 9.12e-01 8.82e-02 1.12e-14 3.92e-31 8.95e-28 3.63e-34 
19260.76 2.88e-05 9.78e-01 2.24e-02 3.82e-17 1.10e-31 1.37e-28 4.28e-34 
20034.10 3.06e-05 9.96e-01 4.17e-03 1.36e-19 6.80e-33 5.12e-30 5.20e-34 
20838.00 3.84e-05 9.99e-01 1.44e-03 2.69e-21 3.47e-32 5.39e-28 6.03e-34 
21647.97 4.55e-05 1.00e+00 4.46e-04 7.73e-23 1.60e-32 1.14e-26 6.27e-34 
22447.94 5.85e-05 1.00e+00 8.71e-05 5.64e-25 1.57e-33 1.75e-32 7.01e-34 
23245.88 6.47e-05 1.00e+00 4.25e-05 5.09e-26 1.81e-33 8.11e-34 8.11e-34 
24052.47 8.88e-05 1.00e+00 8.57e-05 1.11e-25 2.30e-30 4.67e-24 9.51e-34 
24867.72 9.01e-05 1.00e+00 3.99e-05 2.34e-26 1.34e-31 3.17e-25 1.15e-33 
25698.86 1.06e-04 1.00e+00 2.67e-06 4.32e-27 3.34e-33 1.51e-33 1.51e-33 
26587.16 1.06e-04 1.00e+00 1.49e-06 5.68e-26 5.02e-33 2.28e-33 2.28e-33 
27637.54 1.03e-04 1.00e+00 2.19e-06 4.76e-25 9.28e-33 4.23e-33 4.23e-33 
28986.97 1.03e-04 1.00e+00 4.36e-07 8.15e-25 2.29e-32 1.05e-32 1.05e-32 
#TIME: 4.31 
#NVEL: 67 
#vel_mid[km/s] v0 v1 v2 v3 v4 v5 v6 
440.10 1.42e-18 1.79e-12 1.51e-06 1.95e-02 9.02e-01 7.87e-02 4.40e-11 
999.11 1.18e-20 2.03e-14 3.40e-08 1.46e-03 4.86e-01 5.12e-01 2.60e-08 
1267.34 1.63e-22 3.55e-16 8.96e-10 9.13e-05 1.25e-01 8.75e-01 2.43e-06 
1514.05 6.16e-24 1.58e-17 5.23e-11 9.48e-06 3.44e-02 9.66e-01 2.23e-05 
1808.80 2.82e-25 8.91e-19 3.91e-12 1.22e-06 1.05e-02 9.89e-01 2.05e-04 
1919.29 3.03e-26 1.03e-19 5.35e-13 2.55e-07 4.26e-03 9.95e-01 9.55e-04 
2160.92 2.33e-27 1.13e-20 7.37e-14 5.54e-08 1.73e-03 9.94e-01 4.04e-03 
2292.92 2.49e-28 1.25e-21 9.50e-15 1.19e-08 7.20e-04 9.86e-01 1.38e-02 
2432.98 8.05e-29 4.85e-22 4.24e-15 6.42e-09 5.08e-04 9.76e-01 2.30e-02 
2581.60 3.64e-29 2.66e-22 2.58e-15 4.40e-09 4.10e-04 9.68e-01 3.21e-02 
2739.29 2.09e-29 1.66e-22 1.73e-15 3.26e-09 3.47e-04 9.61e-01 3.84e-02 
2906.62 1.23e-29 1.07e-22 1.20e-15 2.49e-09 2.98e-04 9.53e-01 4.63e-02 
3084.17 7.48e-30 7.75e-23 9.48e-16 2.14e-09 2.78e-04 9.49e-01 5.04e-02 
3272.56 4.75e-30 5.56e-23 7.48e-16 1.88e-09 2.65e-04 9.51e-01 4.83e-02 
3472.46 3.54e-30 4.67e-23 6.82e-16 1.85e-09 2.72e-04 9.56e-01 4.32e-02 
3684.57 2.87e-30 4.27e-23 6.76e-16 1.97e-09 2.93e-04 9.65e-01 3.50e-02 
3909.64 1.91e-30 3.29e-23 5.89e-16 1.93e-09 3.06e-04 9.70e-01 2.94e-02 
4148.46 1.91e-30 3.56e-23 6.69e-16 2.24e-09 3.47e-04 9.77e-01 2.29e-02 
4401.86 3.48e-30 6.44e-23 1.13e-15 3.42e-09 4.46e-04 9.84e-01 1.51e-02 
4670.75 5.97e-30 1.02e-22 1.74e-15 4.87e-09 5.49e-04 9.90e-01 9.82e-03 
4956.05 5.68e-30 1.08e-22 1.97e-15 5.64e-09 6.10e-04 9.92e-01 7.52e-03 
5258.79 4.44e-30 9.93e-23 1.96e-15 5.92e-09 6.41e-04 9.93e-01 6.20e-03 
5580.02 5.57e-30 1.22e-22 2.48e-15 7.40e-09 7.36e-04 9.95e-01 4.25e-03 
5920.87 6.77e-30 1.60e-22 3.34e-15 9.69e-09 8.74e-04 9.96e-01 3.01e-03 
6282.54 8.85e-30 2.27e-22 4.82e-15 1.35e-08 1.08e-03 9.97e-01 1.85e-03 
6666.30 1.52e-29 3.77e-22 7.92e-15 2.07e-08 1.40e-03 9.98e-01 1.07e-03 
7073.50 2.99e-29 7.25e-22 1.48e-14 3.56e-08 1.97e-03 9.98e-01 5.28e-04 
7505.58 5.71e-29 1.51e-21 3.06e-14 6.66e-08 2.95e-03 9.97e-01 2.37e-04 
7964.05 1.76e-28 4.93e-21 9.50e-14 1.73e-07 5.33e-03 9.95e-01 7.19e-05 
8450.53 1.30e-27 3.49e-20 5.95e-13 7.71e-07 1.29e-02 9.87e-01 1.24e-05 
8966.72 1.13e-26 2.81e-19 4.15e-12 3.75e-06 3.32e-02 9.67e-01 1.91e-06 
9514.44 2.32e-25 5.57e-18 6.46e-11 3.38e-05 1.22e-01 8.78e-01 1.21e-07 
10095.62 1.52e-23 3.21e-16 2.51e-09 5.64e-04 5.07e-01 4.92e-01 1.39e-09 
10712.30 1.18e-21 1.98e-14 9.54e-08 6.95e-03 9.29e-01 6.45e-02 1.06e-12 
11366.65 1.56e-19 2.11e-12 5.37e-06 8.89e-02 9.09e-01 1.77e-03 1.66e-17 
12061.10 2.81e-17 3.24e-10 3.64e-04 7.78e-01 2.21e-01 2.56e-06 1.00e-24 
12793.43 1.56e-15 1.45e-08 6.16e-03 9.90e-01 4.27e-03 8.04e-11 1.09e-34 
13528.61 1.67e-13 1.09e-06 1.24e-01 8.75e-01 2.16e-05 2.90e-16 5.15e-36 
14194.74 4.79e-12 2.41e-05 7.60e-01 2.40e-01 2.09e-08 1.37e-22 5.90e-37 
14757.77 2.68e-11 1.00e-04 9.77e-01 2.29e-02 2.23e-11 2.71e-28 1.25e-36 
15240.48 1.40e-10 3.29e-04 9.98e-01 1.89e-03 3.95e-14 1.58e-29 2.41e-36 
15646.99 8.38e-10 1.07e-03 9.99e-01 1.82e-04 8.41e-17 9.31e-30 4.37e-36 
15960.30 6.25e-09 3.76e-03 9.96e-01 1.90e-05 2.27e-19 1.64e-29 6.90e-36 
16187.41 2.89e-08 1.04e-02 9.90e-01 2.52e-06 1.14e-21 8.71e-30 1.29e-35 
16354.17 8.38e-08 2.21e-02 9.78e-01 4.03e-07 1.92e-23 4.18e-29 2.36e-35 
16484.18 1.48e-07 3.40e-02 9.66e-01 1.80e-07 1.99e-24 4.93e-29 4.06e-35 
16593.12 2.26e-07 4.93e-02 9.51e-01 4.71e-08 6.47e-26 4.11e-29 5.98e-35 
16691.99 2.51e-07 5.35e-02 9.47e-01 2.14e-08 1.35e-26 6.11e-29 7.71e-35 
16788.59 3.28e-07 6.37e-02 9.36e-01 2.95e-08 1.05e-26 1.19e-27 9.37e-35 
16888.37 6.09e-07 1.05e-01 8.95e-01 5.94e-09 2.63e-28 8.94e-29 1.12e-34 
16998.79 8.02e-07 1.41e-01 8.59e-01 3.96e-09 4.43e-29 5.95e-28 1.37e-34 
17146.37 1.59e-06 2.25e-01 7.75e-01 7.40e-10 1.51e-30 1.12e-28 1.70e-34 
17415.23 2.77e-06 3.15e-01 6.85e-01 9.79e-11 5.60e-31 2.04e-28 2.22e-34 
17888.12 9.53e-06 6.88e-01 3.12e-01 3.71e-12 6.89e-31 3.65e-28 3.16e-34 
18532.37 1.85e-05 9.05e-01 9.47e-02 7.46e-15 1.90e-31 2.43e-28 3.86e-34 
19260.76 3.06e-05 9.69e-01 3.06e-02 8.11e-17 3.71e-31 2.12e-27 4.55e-34 
20034.10 3.19e-05 9.92e-01 7.85e-03 1.14e-18 8.40e-31 1.36e-25 5.53e-34 
20838.00 3.43e-05 9.98e-01 1.53e-03 6.83e-21 1.38e-31 7.45e-27 6.42e-34 
21647.97 3.87e-05 9.99e-01 4.70e-04 1.17e-22 4.14e-32 6.20e-27 6.67e-34 
22447.94 4.80e-05 1.00e+00 2.41e-04 5.99e-24 4.14e-31 7.74e-25 7.46e-34 
23245.88 5.48e-05 1.00e+00 2.73e-04 1.16e-23 8.60e-30 1.69e-23 8.63e-34 
24052.47 4.62e-05 1.00e+00 1.37e-04 8.78e-25 1.63e-31 3.60e-28 1.01e-33 
24867.72 5.15e-05 1.00e+00 2.45e-05 8.34e-27 2.72e-33 1.23e-33 1.23e-33 
25698.86 9.25e-05 1.00e+00 7.93e-06 4.92e-26 1.10e-32 3.36e-26 1.61e-33 
26587.16 9.12e-05 1.00e+00 7.79e-06 1.68e-25 2.79e-31 1.06e-24 2.43e-33 
27637.54 5.90e-05 1.00e+00 4.11e-06 1.50e-25 9.88e-33 4.50e-33 4.50e-33 
28986.97 7.01e-05 1.00e+00 7.52e-07 7.29e-25 2.44e-32 1.12e-32 1.12e-32 
#TIME: 4.40 
#NVEL: 67 
#vel_mid[km/s] v0 v1 v2 v3 v4 v5 v6 
440.10 6.23e-19 7.84e-13 7.48e-07 1.23e-02 8.65e-01 1.22e-01 1.33e-10 
999.11 6.63e-21 1.28e-14 2.34e-08 1.11e-03 4.25e-01 5.74e-01 5.51e-08 
1267.34 1.01e-22 2.51e-16 6.78e-10 7.26e-05 1.07e-01 8.93e-01 2.58e-06 
1514.05 4.57e-24 1.27e-17 4.44e-11 8.31e-06 3.15e-02 9.68e-01 3.13e-05 
1808.80 2.49e-25 8.37e-19 3.84e-12 1.22e-06 1.06e-02 9.89e-01 2.18e-04 
1919.29 2.96e-26 1.12e-19 5.98e-13 2.79e-07 4.50e-03 9.94e-01 1.11e-03 
2160.92 2.89e-27 1.34e-20 8.92e-14 6.58e-08 1.94e-03 9.95e-01 3.17e-03 
2292.92 2.62e-28 1.39e-21 1.08e-14 1.34e-08 7.81e-04 9.85e-01 1.37e-02 
2432.98 8.85e-29 5.67e-22 5.06e-15 7.55e-09 5.64e-04 9.78e-01 2.11e-02 
2581.60 4.15e-29 2.90e-22 2.86e-15 4.90e-09 4.41e-04 9.72e-01 2.71e-02 
2739.29 2.48e-29 2.12e-22 2.24e-15 4.10e-09 4.00e-04 9.68e-01 3.18e-02 
2906.62 1.42e-29 1.29e-22 1.48e-15 3.01e-09 3.36e-04 9.61e-01 3.87e-02 
3084.17 8.94e-30 8.79e-23 1.10e-15 2.47e-09 3.05e-04 9.60e-01 3.97e-02 
3272.56 5.72e-30 6.49e-23 8.92e-16 2.22e-09 2.96e-04 9.61e-01 3.85e-02 
3472.46 4.23e-30 5.49e-23 8.17e-16 2.20e-09 3.03e-04 9.66e-01 3.40e-02 
3684.57 3.35e-30 4.99e-23 8.07e-16 2.33e-09 3.28e-04 9.72e-01 2.75e-02 
3909.64 2.16e-30 3.88e-23 7.09e-16 2.30e-09 3.43e-04 9.76e-01 2.32e-02 
4148.46 2.15e-30 4.15e-23 7.97e-16 2.66e-09 3.86e-04 9.82e-01 1.79e-02 
4401.86 4.09e-30 7.45e-23 1.34e-15 4.03e-09 4.94e-04 9.88e-01 1.15e-02 
4670.75 6.74e-30 1.19e-22 2.07e-15 5.74e-09 6.09e-04 9.91e-01 7.97e-03 
4956.05 6.37e-30 1.28e-22 2.38e-15 6.75e-09 6.83e-04 9.93e-01 5.84e-03 
5258.79 5.25e-30 1.13e-22 2.29e-15 6.90e-09 7.07e-04 9.95e-01 4.72e-03 
5580.02 6.38e-30 1.44e-22 2.99e-15 8.81e-09 8.23e-04 9.96e-01 3.42e-03 
5920.87 8.01e-30 1.96e-22 4.15e-15 1.19e-08 9.93e-04 9.97e-01 2.24e-03 
6282.54 1.08e-29 2.65e-22 5.76e-15 1.60e-08 1.20e-03 9.97e-01 1.41e-03 
6666.30 1.81e-29 4.71e-22 1.00e-14 2.57e-08 1.61e-03 9.98e-01 8.11e-04 
7073.50 3.56e-29 9.06e-22 1.87e-14 4.39e-08 2.26e-03 9.97e-01 4.18e-04 
7505.58 7.04e-29 1.94e-21 3.99e-14 8.44e-08 3.43e-03 9.96e-01 1.76e-04 
7964.05 2.47e-28 7.00e-21 1.37e-13 2.36e-07 6.41e-03 9.94e-01 4.90e-05 
8450.53 1.82e-27 4.93e-20 8.47e-13 1.05e-06 1.56e-02 9.84e-01 8.32e-06 
8966.72 1.58e-26 4.20e-19 6.18e-12 5.25e-06 4.09e-02 9.59e-01 1.25e-06 
9514.44 3.39e-25 8.29e-18 9.54e-11 4.67e-05 1.48e-01 8.52e-01 7.46e-08 
10095.62 2.22e-23 4.88e-16 3.76e-09 7.71e-04 5.77e-01 4.22e-01 6.44e-10 
10712.30 1.72e-21 2.92e-14 1.37e-07 8.92e-03 9.44e-01 4.75e-02 3.16e-13 
11366.65 2.21e-19 3.08e-12 7.53e-06 1.11e-01 8.88e-01 1.17e-03 4.93e-18 
12061.10 3.52e-17 4.21e-10 4.53e-04 8.25e-01 1.74e-01 3.73e-06 5.77e-25 
12793.43 1.90e-15 1.80e-08 7.27e-03 9.90e-01 3.00e-03 3.53e-11 6.47e-35 
13528.61 2.06e-13 1.36e-06 1.46e-01 8.54e-01 1.02e-05 7.32e-17 1.92e-36 
14194.74 5.12e-12 2.62e-05 7.84e-01 2.16e-01 1.46e-08 6.62e-23 6.28e-37 
14757.77 2.92e-11 1.09e-04 9.82e-01 1.76e-02 1.09e-11 7.53e-29 1.33e-36 
15240.48 1.46e-10 3.50e-04 9.98e-01 1.88e-03 3.13e-14 2.27e-29 2.56e-36 
15646.99 8.43e-10 1.11e-03 9.99e-01 1.64e-04 6.88e-17 2.49e-29 4.65e-36 
15960.30 6.94e-09 4.21e-03 9.96e-01 1.40e-05 1.14e-19 1.21e-29 7.34e-36 
16187.41 3.03e-08 1.11e-02 9.89e-01 2.43e-06 9.41e-22 2.50e-29 1.37e-35 
16354.17 9.24e-08 2.37e-02 9.76e-01 8.18e-07 2.21e-23 4.94e-29 2.51e-35 
16484.18 1.49e-07 3.39e-02 9.66e-01 1.21e-07 6.92e-25 2.44e-29 4.32e-35 
16593.12 2.22e-07 4.78e-02 9.52e-01 5.72e-07 1.04e-24 1.72e-27 6.36e-35 
16691.99 3.85e-07 7.53e-02 9.25e-01 1.62e-08 3.56e-27 3.58e-29 8.20e-35 
16788.59 4.50e-07 8.82e-02 9.12e-01 1.15e-08 1.02e-27 1.63e-29 9.96e-35 
16888.37 5.68e-07 1.08e-01 8.92e-01 1.02e-08 6.08e-28 4.89e-28 1.20e-34 
16998.79 1.03e-06 1.61e-01 8.39e-01 1.77e-09 1.15e-29 6.25e-29 1.46e-34 
17146.37 1.75e-06 2.37e-01 7.63e-01 3.83e-10 3.49e-31 6.30e-29 1.80e-34 
17415.23 3.73e-06 4.19e-01 5.81e-01 3.24e-11 1.52e-31 9.73e-29 2.36e-34 
17888.12 8.60e-06 6.79e-01 3.21e-01 1.65e-12 1.56e-31 1.09e-28 3.36e-34 
18532.37 1.83e-05 9.27e-01 7.33e-02 4.71e-15 1.36e-31 4.09e-28 4.10e-34 
19260.76 2.36e-05 9.68e-01 3.16e-02 9.43e-17 3.78e-31 8.20e-28 4.83e-34 
20034.10 3.30e-05 9.89e-01 1.13e-02 8.70e-19 2.67e-31 3.42e-28 5.88e-34 
20838.00 2.97e-05 9.98e-01 1.84e-03 6.24e-21 8.98e-32 1.36e-27 6.82e-34 
21647.97 3.54e-05 9.99e-01 6.06e-04 1.95e-22 7.14e-32 4.24e-27 7.09e-34 
22447.94 4.16e-05 1.00e+00 3.31e-04 1.20e-23 1.31e-31 1.02e-27 7.93e-34 
23245.88 4.58e-05 1.00e+00 1.21e-04 4.79e-25 2.05e-33 6.46e-31 9.17e-34 
24052.47 7.35e-05 1.00e+00 1.77e-05 4.37e-27 2.40e-33 1.08e-33 1.08e-33 
24867.72 8.29e-05 1.00e+00 1.59e-05 8.60e-27 2.39e-32 6.85e-26 1.30e-33 
25698.86 8.46e-05 1.00e+00 5.82e-06 1.53e-26 3.79e-33 1.71e-33 1.71e-33 
26587.16 7.45e-05 1.00e+00 4.17e-06 2.18e-26 5.69e-33 2.58e-33 2.58e-33 
27637.54 8.25e-05 1.00e+00 1.04e-06 2.74e-26 1.05e-32 4.79e-33 4.79e-33 
28986.97 6.58e-05 1.00e+00 6.86e-07 4.66e-25 2.60e-32 1.19e-32 1.19e-32 
#TIME: 4.49 
#NVEL: 67 
#vel_mid[km/s] v0 v1 v2 v3 v4 v5 v6 
440.10 4.17e-19 5.50e-13 5.80e-07 1.05e-02 8.30e-01 1.59e-01 3.93e-10 
999.11 4.46e-21 8.70e-15 1.74e-08 9.16e-04 3.96e-01 6.04e-01 5.99e-08 
1267.34 7.58e-23 1.86e-16 5.41e-10 6.31e-05 1.01e-01 8.99e-01 2.96e-06 
1514.05 3.74e-24 1.06e-17 3.90e-11 7.73e-06 3.06e-02 9.69e-01 2.99e-05 
1808.80 2.31e-25 8.01e-19 3.82e-12 1.25e-06 1.08e-02 9.89e-01 1.91e-04 
1919.29 2.92e-26 1.06e-19 5.87e-13 2.86e-07 4.65e-03 9.95e-01 8.27e-04 
2160.92 3.34e-27 1.57e-20 1.07e-13 7.71e-08 2.15e-03 9.95e-01 2.79e-03 
2292.92 2.61e-28 1.39e-21 1.11e-14 1.41e-08 8.20e-04 9.88e-01 1.12e-02 
2432.98 9.06e-29 5.59e-22 5.11e-15 7.83e-09 5.85e-04 9.82e-01 1.75e-02 
2581.60 4.42e-29 3.14e-22 3.17e-15 5.44e-09 4.75e-04 9.75e-01 2.42e-02 
2739.29 2.85e-29 2.19e-22 2.36e-15 4.42e-09 4.24e-04 9.75e-01 2.49e-02 
2906.62 1.62e-29 1.46e-22 1.71e-15 3.48e-09 3.70e-04 9.69e-01 3.05e-02 
3084.17 1.06e-29 1.08e-22 1.37e-15 3.04e-09 3.49e-04 9.68e-01 3.20e-02 
3272.56 6.55e-30 7.39e-23 1.04e-15 2.57e-09 3.26e-04 9.68e-01 3.15e-02 
3472.46 5.02e-30 6.46e-23 9.78e-16 2.61e-09 3.39e-04 9.73e-01 2.70e-02 
3684.57 3.87e-30 5.63e-23 9.32e-16 2.69e-09 3.59e-04 9.77e-01 2.22e-02 
3909.64 2.49e-30 4.42e-23 8.26e-16 2.67e-09 3.79e-04 9.81e-01 1.82e-02 
4148.46 2.48e-30 4.78e-23 9.37e-16 3.11e-09 4.28e-04 9.86e-01 1.40e-02 
4401.86 4.67e-30 8.48e-23 1.56e-15 4.67e-09 5.44e-04 9.90e-01 9.27e-03 
4670.75 7.57e-30 1.39e-22 2.47e-15 6.80e-09 6.80e-04 9.93e-01 6.18e-03 
4956.05 7.48e-30 1.45e-22 2.76e-15 7.81e-09 7.51e-04 9.95e-01 4.49e-03 
5258.79 6.03e-30 1.33e-22 2.74e-15 8.17e-09 7.87e-04 9.95e-01 3.79e-03 
5580.02 7.36e-30 1.74e-22 3.69e-15 1.07e-08 9.33e-04 9.96e-01 2.60e-03 
5920.87 9.63e-30 2.31e-22 5.01e-15 1.42e-08 1.11e-03 9.97e-01 1.68e-03 
6282.54 1.26e-29 3.17e-22 7.01e-15 1.93e-08 1.35e-03 9.98e-01 1.11e-03 
6666.30 2.11e-29 5.29e-22 1.15e-14 2.97e-08 1.78e-03 9.98e-01 6.15e-04 
7073.50 4.28e-29 1.10e-21 2.31e-14 5.34e-08 2.56e-03 9.97e-01 3.07e-04 
7505.58 8.61e-29 2.52e-21 5.23e-14 1.08e-07 4.00e-03 9.96e-01 1.24e-04 
7964.05 3.27e-28 9.77e-21 1.93e-13 3.19e-07 7.73e-03 9.92e-01 3.29e-05 
8450.53 2.45e-27 6.97e-20 1.21e-12 1.43e-06 1.89e-02 9.81e-01 5.54e-06 
8966.72 2.32e-26 6.30e-19 9.26e-12 7.41e-06 5.06e-02 9.49e-01 7.60e-07 
9514.44 4.92e-25 1.29e-17 1.47e-10 6.65e-05 1.81e-01 8.19e-01 4.37e-08 
10095.62 3.32e-23 7.18e-16 5.48e-09 1.03e-03 6.43e-01 3.56e-01 3.09e-10 
10712.30 2.48e-21 4.20e-14 1.94e-07 1.13e-02 9.54e-01 3.47e-02 1.16e-13 
11366.65 3.20e-19 4.62e-12 1.08e-05 1.39e-01 8.60e-01 7.77e-04 1.44e-18 
12061.10 4.39e-17 5.33e-10 5.53e-04 8.65e-01 1.34e-01 5.68e-07 2.51e-26 
12793.43 2.30e-15 2.23e-08 8.57e-03 9.89e-01 2.14e-03 1.56e-11 2.61e-35 
13528.61 2.54e-13 1.70e-06 1.75e-01 8.25e-01 6.78e-06 2.93e-17 2.75e-36 
14194.74 5.60e-12 2.92e-05 8.15e-01 1.85e-01 8.12e-09 1.90e-23 6.68e-37 
14757.77 3.01e-11 1.15e-04 9.85e-01 1.52e-02 7.26e-12 4.45e-29 1.41e-36 
15240.48 1.47e-10 3.57e-04 9.98e-01 1.38e-03 1.43e-14 1.43e-29 2.73e-36 
15646.99 8.68e-10 1.16e-03 9.99e-01 1.54e-04 5.22e-17 2.52e-29 4.94e-36 
15960.30 6.80e-09 4.15e-03 9.96e-01 1.13e-05 7.06e-20 1.63e-29 7.81e-36 
16187.41 2.89e-08 1.10e-02 9.89e-01 2.29e-06 8.75e-22 3.11e-29 1.46e-35 
16354.17 9.17e-08 2.44e-02 9.76e-01 3.00e-07 8.19e-24 1.75e-29 2.68e-35 
16484.18 1.71e-07 3.91e-02 9.61e-01 1.18e-07 6.21e-25 6.95e-29 4.60e-35 
16593.12 2.72e-07 6.00e-02 9.40e-01 3.73e-08 2.63e-26 2.95e-30 6.77e-35 
16691.99 3.05e-07 6.51e-02 9.35e-01 2.78e-08 1.22e-26 5.26e-28 8.72e-35 
16788.59 5.60e-07 9.98e-02 9.00e-01 7.65e-09 3.16e-28 5.49e-29 1.06e-34 
16888.37 6.47e-07 1.21e-01 8.79e-01 3.84e-09 7.18e-29 2.69e-29 1.27e-34 
16998.79 8.29e-07 1.49e-01 8.51e-01 3.45e-09 4.92e-29 1.18e-27 1.55e-34 
17146.37 1.89e-06 2.62e-01 7.38e-01 2.04e-10 2.56e-31 2.33e-28 1.92e-34 
17415.23 3.88e-06 4.24e-01 5.76e-01 3.80e-11 4.26e-31 1.09e-27 2.51e-34 
17888.12 8.22e-06 6.79e-01 3.21e-01 1.79e-12 3.98e-31 1.37e-27 3.58e-34 
18532.37 1.76e-05 8.96e-01 1.04e-01 1.02e-14 4.89e-31 2.21e-27 4.36e-34 
19260.76 2.39e-05 9.55e-01 4.51e-02 2.36e-16 8.79e-31 2.01e-27 5.14e-34 
20034.10 2.77e-05 9.93e-01 6.51e-03 4.44e-19 7.24e-32 3.87e-28 6.26e-34 
20838.00 2.67e-05 9.95e-01 5.24e-03 6.54e-20 4.71e-30 1.24e-25 7.25e-34 
21647.97 3.30e-05 9.99e-01 7.03e-04 4.49e-22 9.08e-32 3.58e-27 7.54e-34 
22447.94 3.77e-05 1.00e+00 2.11e-04 7.79e-24 1.89e-33 8.43e-34 8.43e-34 
23245.88 4.19e-05 1.00e+00 8.70e-05 3.20e-25 2.18e-33 9.75e-34 9.75e-34 
24052.47 6.20e-05 9.99e-01 5.39e-04 9.30e-24 3.03e-30 6.84e-24 1.14e-33 
24867.72 7.98e-05 1.00e+00 2.39e-05 2.17e-26 1.02e-31 3.65e-26 1.39e-33 
25698.86 8.43e-05 1.00e+00 3.28e-05 1.22e-25 1.23e-30 4.28e-24 1.82e-33 
26587.16 9.70e-05 1.00e+00 1.73e-06 1.71e-26 6.05e-33 2.74e-33 2.74e-33 
27637.54 9.69e-05 1.00e+00 1.03e-06 1.05e-25 1.12e-32 5.09e-33 5.09e-33 
28986.97 8.45e-05 1.00e+00 2.59e-07 1.90e-25 2.76e-32 1.26e-32 1.26e-32 
#TIME: 4.58 
#NVEL: 67 
#vel_mid[km/s] v0 v1 v2 v3 v4 v5 v6 
440.10 1.74e-19 2.57e-13 3.05e-07 6.89e-03 7.72e-01 2.21e-01 1.04e-09 
999.11 2.57e-21 5.60e-15 1.22e-08 7.03e-04 3.46e-01 6.53e-01 1.14e-07 
1267.34 5.15e-23 1.41e-16 4.36e-10 5.36e-05 9.18e-02 9.08e-01 3.42e-06 
1514.05 2.95e-24 8.89e-18 3.45e-11 7.13e-06 2.95e-02 9.70e-01 3.48e-05 
1808.80 2.12e-25 7.60e-19 3.77e-12 1.27e-06 1.10e-02 9.89e-01 1.79e-04 
1919.29 2.64e-26 1.05e-19 6.01e-13 2.96e-07 4.78e-03 9.94e-01 9.18e-04 
2160.92 3.61e-27 1.74e-20 1.20e-13 8.68e-08 2.34e-03 9.95e-01 2.34e-03 
2292.92 2.59e-28 1.48e-21 1.21e-14 1.55e-08 8.79e-04 9.89e-01 1.05e-02 
2432.98 9.62e-29 6.75e-22 6.27e-15 9.44e-09 6.61e-04 9.84e-01 1.58e-02 
2581.60 4.71e-29 3.46e-22 3.56e-15 6.13e-09 5.17e-04 9.79e-01 2.05e-02 
2739.29 3.04e-29 2.49e-22 2.75e-15 5.09e-09 4.64e-04 9.76e-01 2.32e-02 
2906.62 1.92e-29 1.72e-22 2.03e-15 4.10e-09 4.13e-04 9.75e-01 2.50e-02 
3084.17 1.21e-29 1.23e-22 1.58e-15 3.51e-09 3.85e-04 9.74e-01 2.53e-02 
3272.56 7.41e-30 8.67e-23 1.24e-15 3.04e-09 3.64e-04 9.74e-01 2.57e-02 
3472.46 5.77e-30 7.55e-23 1.16e-15 3.08e-09 3.79e-04 9.78e-01 2.17e-02 
3684.57 4.40e-30 6.57e-23 1.11e-15 3.17e-09 4.00e-04 9.82e-01 1.80e-02 
3909.64 2.89e-30 5.20e-23 9.90e-16 3.17e-09 4.23e-04 9.85e-01 1.45e-02 
4148.46 2.87e-30 5.73e-23 1.14e-15 3.73e-09 4.82e-04 9.88e-01 1.10e-02 
4401.86 5.17e-30 9.93e-23 1.87e-15 5.52e-09 6.07e-04 9.92e-01 7.40e-03 
4670.75 8.61e-30 1.59e-22 2.90e-15 7.93e-09 7.51e-04 9.94e-01 4.82e-03 
4956.05 8.46e-30 1.67e-22 3.25e-15 9.12e-09 8.31e-04 9.96e-01 3.67e-03 
5258.79 6.90e-30 1.58e-22 3.32e-15 9.78e-09 8.84e-04 9.96e-01 2.93e-03 
5580.02 8.60e-30 2.07e-22 4.46e-15 1.28e-08 1.05e-03 9.97e-01 1.95e-03 
5920.87 1.12e-29 2.77e-22 6.10e-15 1.70e-08 1.25e-03 9.97e-01 1.31e-03 
6282.54 1.46e-29 3.94e-22 8.84e-15 2.38e-08 1.55e-03 9.98e-01 8.34e-04 
6666.30 2.45e-29 6.56e-22 1.44e-14 3.64e-08 2.03e-03 9.97e-01 4.88e-04 
7073.50 5.08e-29 1.38e-21 2.94e-14 6.64e-08 2.95e-03 9.97e-01 2.32e-04 
7505.58 1.10e-28 3.20e-21 6.76e-14 1.36e-07 4.64e-03 9.95e-01 8.69e-05 
7964.05 4.49e-28 1.41e-20 2.81e-13 4.42e-07 9.41e-03 9.91e-01 2.14e-05 
8450.53 3.39e-27 9.63e-20 1.68e-12 1.91e-06 2.26e-02 9.77e-01 3.64e-06 
8966.72 3.35e-26 9.16e-19 1.35e-11 1.02e-05 6.17e-02 9.38e-01 4.81e-07 
9514.44 7.68e-25 2.02e-17 2.27e-10 9.57e-05 2.22e-01 7.78e-01 2.36e-08 
10095.62 4.59e-23 1.04e-15 7.79e-09 1.34e-03 7.00e-01 2.99e-01 1.47e-10 
10712.30 3.46e-21 6.00e-14 2.70e-07 1.40e-02 9.60e-01 2.58e-02 5.17e-14 
11366.65 4.60e-19 6.72e-12 1.52e-05 1.72e-01 8.27e-01 5.03e-04 4.20e-19 
12061.10 6.25e-17 7.71e-10 7.68e-04 9.05e-01 9.47e-02 3.41e-07 5.19e-27 
12793.43 2.81e-15 2.77e-08 1.02e-02 9.88e-01 1.69e-03 7.98e-12 2.59e-35 
13528.61 2.98e-13 2.05e-06 2.00e-01 8.00e-01 3.48e-05 1.86e-16 4.02e-35 
14194.74 6.29e-12 3.31e-05 8.52e-01 1.48e-01 4.43e-09 5.61e-24 7.11e-37 
14757.77 3.14e-11 1.20e-04 9.86e-01 1.38e-02 7.15e-12 4.22e-29 1.50e-36 
15240.48 1.46e-10 3.68e-04 9.99e-01 1.04e-03 7.47e-15 1.78e-29 2.90e-36 
15646.99 8.45e-10 1.17e-03 9.99e-01 1.54e-04 4.36e-17 3.07e-29 5.26e-36 
15960.30 7.18e-09 4.39e-03 9.96e-01 1.05e-05 4.48e-20 1.81e-29 8.31e-36 
16187.41 2.78e-08 1.08e-02 9.89e-01 1.82e-06 5.55e-22 2.34e-29 1.55e-35 
16354.17 1.00e-07 2.68e-02 9.73e-01 2.14e-07 3.44e-24 2.18e-29 2.85e-35 
16484.18 1.34e-07 3.32e-02 9.67e-01 1.03e-07 4.74e-25 6.68e-29 4.89e-35 
16593.12 1.75e-07 4.36e-02 9.56e-01 4.36e-08 5.01e-26 2.55e-28 7.20e-35 
16691.99 3.08e-07 6.63e-02 9.34e-01 3.29e-08 1.46e-26 2.04e-28 9.28e-35 
16788.59 4.19e-07 8.69e-02 9.13e-01 1.42e-08 1.51e-27 1.01e-27 1.13e-34 
16888.37 6.60e-07 1.26e-01 8.74e-01 2.10e-09 2.25e-29 7.84e-29 1.35e-34 
16998.79 1.05e-06 1.75e-01 8.25e-01 1.12e-09 3.47e-30 2.04e-29 1.65e-34 
17146.37 1.76e-06 2.52e-01 7.48e-01 2.31e-10 7.45e-31 9.99e-28 2.04e-34 
17415.23 3.28e-06 4.11e-01 5.89e-01 2.97e-11 4.11e-31 4.29e-28 2.67e-34 
17888.12 6.70e-06 6.31e-01 3.69e-01 1.47e-12 4.27e-31 6.79e-28 3.80e-34 
18532.37 1.55e-05 8.99e-01 1.01e-01 1.08e-14 4.79e-31 7.02e-28 4.64e-34 
19260.76 2.28e-05 9.64e-01 3.55e-02 2.36e-15 2.57e-30 2.77e-27 5.47e-34 
20034.10 2.40e-05 9.92e-01 7.69e-03 8.32e-19 3.90e-31 9.53e-27 6.65e-34 
20838.00 2.99e-05 9.93e-01 6.48e-03 1.71e-19 7.16e-32 3.23e-29 7.71e-34 
21647.97 3.15e-05 9.99e-01 1.11e-03 9.63e-22 2.30e-31 7.90e-27 8.02e-34 
22447.94 4.16e-05 1.00e+00 2.85e-04 1.84e-23 5.46e-32 1.13e-25 8.97e-34 
23245.88 4.48e-05 1.00e+00 1.01e-04 4.09e-25 1.79e-32 4.34e-26 1.04e-33 
24052.47 5.40e-05 1.00e+00 5.68e-05 3.29e-26 2.71e-33 2.36e-31 1.22e-33 
24867.72 5.41e-05 1.00e+00 1.96e-05 1.51e-26 3.27e-33 1.47e-33 1.47e-33 
25698.86 6.95e-05 1.00e+00 7.81e-06 6.03e-27 4.28e-33 1.93e-33 1.93e-33 
26587.16 7.01e-05 1.00e+00 3.06e-06 9.58e-26 6.43e-33 1.01e-26 2.92e-33 
27637.54 9.34e-05 1.00e+00 7.60e-07 9.34e-26 1.19e-32 5.41e-33 5.41e-33 
28986.97 8.46e-05 1.00e+00 3.05e-07 6.20e-25 2.94e-32 1.34e-32 1.34e-32 
#TIME: 4.68 
#NVEL: 67 
#vel_mid[km/s] v0 v1 v2 v3 v4 v5 v6 
440.10 9.88e-20 1.14e-13 1.67e-07 4.84e-03 7.25e-01 2.70e-01 1.93e-09 
999.11 1.69e-21 3.85e-15 9.07e-09 5.80e-04 3.21e-01 6.78e-01 1.98e-07 
1267.34 4.00e-23 1.10e-16 3.62e-10 4.80e-05 8.83e-02 9.12e-01 3.29e-06 
1514.05 2.32e-24 7.40e-18 3.02e-11 6.61e-06 2.86e-02 9.71e-01 3.50e-05 
1808.80 1.90e-25 7.21e-19 3.72e-12 1.28e-06 1.12e-02 9.89e-01 1.72e-04 
1919.29 2.34e-26 9.37e-20 5.59e-13 2.89e-07 4.79e-03 9.94e-01 7.76e-04 
2160.92 3.88e-27 1.92e-20 1.36e-13 9.80e-08 2.54e-03 9.95e-01 1.99e-03 
2292.92 2.56e-28 1.50e-21 1.26e-14 1.66e-08 9.32e-04 9.91e-01 8.55e-03 
2432.98 1.05e-28 6.94e-22 6.58e-15 1.02e-08 7.06e-04 9.88e-01 1.17e-02 
2581.60 5.19e-29 4.00e-22 4.18e-15 7.19e-09 5.76e-04 9.83e-01 1.67e-02 
2739.29 3.18e-29 2.55e-22 2.87e-15 5.41e-09 4.89e-04 9.80e-01 1.92e-02 
2906.62 2.14e-29 1.92e-22 2.32e-15 4.68e-09 4.53e-04 9.79e-01 2.08e-02 
3084.17 1.38e-29 1.42e-22 1.86e-15 4.10e-09 4.27e-04 9.79e-01 2.08e-02 
3272.56 8.45e-30 1.01e-22 1.47e-15 3.60e-09 4.08e-04 9.79e-01 2.02e-02 
3472.46 6.47e-30 8.69e-23 1.37e-15 3.60e-09 4.21e-04 9.82e-01 1.74e-02 
3684.57 5.04e-30 7.78e-23 1.33e-15 3.78e-09 4.50e-04 9.85e-01 1.41e-02 
3909.64 3.29e-30 6.18e-23 1.20e-15 3.79e-09 4.76e-04 9.88e-01 1.14e-02 
4148.46 3.34e-30 6.85e-23 1.39e-15 4.49e-09 5.44e-04 9.91e-01 8.41e-03 
4401.86 5.83e-30 1.18e-22 2.25e-15 6.59e-09 6.81e-04 9.94e-01 5.70e-03 
4670.75 9.78e-30 1.83e-22 3.40e-15 9.24e-09 8.31e-04 9.95e-01 3.86e-03 
4956.05 9.33e-30 1.93e-22 3.83e-15 1.07e-08 9.21e-04 9.96e-01 2.91e-03 
5258.79 7.91e-30 1.90e-22 4.07e-15 1.18e-08 9.99e-04 9.97e-01 2.23e-03 
5580.02 9.97e-30 2.42e-22 5.33e-15 1.52e-08 1.17e-03 9.97e-01 1.53e-03 
5920.87 1.30e-29 3.35e-22 7.52e-15 2.06e-08 1.42e-03 9.98e-01 1.00e-03 
6282.54 1.71e-29 4.46e-22 1.02e-14 2.76e-08 1.72e-03 9.98e-01 6.24e-04 
6666.30 2.92e-29 7.93e-22 1.77e-14 4.41e-08 2.31e-03 9.97e-01 3.60e-04 
7073.50 6.15e-29 1.75e-21 3.79e-14 8.34e-08 3.43e-03 9.96e-01 1.66e-04 
7505.58 1.50e-28 4.52e-21 9.63e-14 1.84e-07 5.57e-03 9.94e-01 6.04e-05 
7964.05 6.29e-28 1.93e-20 3.89e-13 5.91e-07 1.13e-02 9.89e-01 1.39e-05 
8450.53 4.68e-27 1.40e-19 2.43e-12 2.61e-06 2.75e-02 9.72e-01 2.47e-06 
8966.72 4.65e-26 1.34e-18 1.96e-11 1.40e-05 7.50e-02 9.25e-01 3.11e-07 
9514.44 1.12e-24 3.02e-17 3.38e-10 1.32e-04 2.65e-01 7.35e-01 1.35e-08 
10095.62 6.61e-23 1.53e-15 1.13e-08 1.76e-03 7.58e-01 2.40e-01 6.85e-11 
10712.30 5.03e-21 8.89e-14 3.90e-07 1.79e-02 9.64e-01 1.83e-02 2.80e-14 
11366.65 7.06e-19 1.05e-11 2.29e-05 2.18e-01 7.82e-01 2.98e-04 9.30e-20 
12061.10 8.00e-17 9.91e-10 9.56e-04 9.30e-01 6.90e-02 7.60e-08 6.85e-28 
12793.43 3.51e-15 3.52e-08 1.22e-02 9.87e-01 1.15e-03 3.33e-12 1.91e-35 
13528.61 3.59e-13 2.52e-06 2.31e-01 7.69e-01 3.40e-06 5.68e-18 3.70e-37 
14194.74 6.76e-12 3.58e-05 8.73e-01 1.27e-01 2.76e-09 2.04e-24 7.57e-37 
14757.77 3.27e-11 1.28e-04 9.88e-01 1.21e-02 4.92e-12 2.66e-29 1.60e-36 
15240.48 1.49e-10 3.82e-04 9.99e-01 9.87e-04 5.48e-15 2.74e-29 3.09e-36 
15646.99 8.49e-10 1.18e-03 9.99e-01 9.24e-05 1.46e-17 1.34e-29 5.60e-36 
15960.30 7.13e-09 4.53e-03 9.95e-01 1.01e-05 3.93e-20 2.77e-29 8.85e-36 
16187.41 3.05e-08 1.21e-02 9.88e-01 1.11e-06 2.03e-22 1.48e-29 1.65e-35 
16354.17 9.81e-08 2.66e-02 9.73e-01 1.87e-07 2.23e-24 3.68e-29 3.03e-35 
16484.18 1.53e-07 3.87e-02 9.61e-01 7.64e-08 2.41e-25 4.86e-29 5.20e-35 
16593.12 2.01e-07 4.91e-02 9.51e-01 3.00e-08 2.30e-26 6.76e-29 7.66e-35 
16691.99 2.49e-07 6.04e-02 9.40e-01 1.90e-08 4.20e-27 5.65e-29 9.87e-35 
16788.59 4.81e-07 1.03e-01 8.97e-01 8.52e-09 6.35e-28 9.84e-29 1.20e-34 
16888.37 4.78e-07 9.57e-02 9.04e-01 5.64e-09 1.89e-28 2.32e-27 1.44e-34 
16998.79 9.48e-07 1.67e-01 8.33e-01 1.46e-09 6.57e-30 6.22e-28 1.75e-34 
17146.37 1.32e-06 2.14e-01 7.86e-01 3.11e-10 7.89e-31 4.22e-28 2.17e-34 
17415.23 3.08e-06 3.94e-01 6.06e-01 4.99e-11 1.10e-30 1.34e-27 2.84e-34 
17888.12 7.52e-06 6.73e-01 3.27e-01 1.12e-12 3.50e-31 5.58e-28 4.04e-34 
18532.37 1.50e-05 9.18e-01 8.19e-02 5.95e-15 1.54e-31 2.59e-28 4.93e-34 
19260.76 2.21e-05 9.74e-01 2.55e-02 6.32e-17 3.87e-33 1.59e-30 5.81e-34 
20034.10 2.60e-05 9.88e-01 1.24e-02 2.16e-18 7.35e-31 3.25e-27 7.07e-34 
20838.00 2.65e-05 9.98e-01 1.86e-03 7.03e-21 4.30e-33 1.78e-28 8.20e-34 
21647.97 2.71e-05 9.99e-01 9.60e-04 5.44e-22 5.15e-32 8.23e-28 8.52e-34 
22447.94 4.11e-05 9.99e-01 9.09e-04 1.67e-22 6.59e-32 5.47e-27 9.53e-34 
23245.88 4.57e-05 1.00e+00 6.07e-05 1.72e-25 2.47e-33 1.57e-28 1.10e-33 
24052.47 4.57e-05 1.00e+00 2.65e-05 1.65e-26 2.88e-33 1.29e-33 1.29e-33 
24867.72 6.20e-05 1.00e+00 1.59e-05 1.57e-26 1.51e-32 5.46e-26 1.57e-33 
25698.86 7.63e-05 1.00e+00 8.86e-05 2.92e-25 1.65e-30 5.69e-24 2.06e-33 
26587.16 5.81e-05 1.00e+00 8.90e-06 1.72e-25 1.22e-31 6.84e-25 3.10e-33 
27637.54 6.84e-05 1.00e+00 1.31e-06 2.69e-25 1.27e-32 5.76e-33 5.76e-33 
28986.97 5.93e-05 1.00e+00 5.20e-07 1.15e-24 3.13e-32 1.43e-32 1.43e-32 
#TIME: 4.77 
#NVEL: 67 
#vel_mid[km/s] v0 v1 v2 v3 v4 v5 v6 
440.10 3.20e-20 6.27e-14 1.00e-07 3.12e-03 5.75e-01 4.22e-01 2.13e-07 
999.11 1.06e-21 2.63e-15 6.68e-09 4.67e-04 2.89e-01 7.10e-01 2.80e-07 
1267.34 2.82e-23 8.71e-17 3.01e-10 4.20e-05 8.22e-02 9.18e-01 5.09e-06 
1514.05 1.94e-24 6.72e-18 2.85e-11 6.46e-06 2.86e-02 9.71e-01 3.51e-05 
1808.80 1.76e-25 6.98e-19 3.73e-12 1.32e-06 1.16e-02 9.88e-01 1.51e-04 
1919.29 2.13e-26 9.32e-20 5.74e-13 3.01e-07 4.96e-03 9.94e-01 7.78e-04 
2160.92 3.96e-27 2.05e-20 1.48e-13 1.08e-07 2.73e-03 9.96e-01 1.71e-03 
2292.92 2.55e-28 1.61e-21 1.39e-14 1.84e-08 1.00e-03 9.91e-01 7.54e-03 
2432.98 1.08e-28 8.04e-22 7.83e-15 1.19e-08 7.84e-04 9.88e-01 1.09e-02 
2581.60 5.64e-29 4.50e-22 4.80e-15 8.27e-09 6.37e-04 9.86e-01 1.33e-02 
2739.29 3.48e-29 3.06e-22 3.51e-15 6.52e-09 5.53e-04 9.83e-01 1.66e-02 
2906.62 2.35e-29 2.20e-22 2.70e-15 5.43e-09 5.02e-04 9.82e-01 1.73e-02 
3084.17 1.60e-29 1.68e-22 2.23e-15 4.87e-09 4.80e-04 9.83e-01 1.67e-02 
3272.56 9.69e-30 1.16e-22 1.71e-15 4.18e-09 4.52e-04 9.83e-01 1.62e-02 
3472.46 7.33e-30 1.03e-22 1.64e-15 4.28e-09 4.72e-04 9.86e-01 1.38e-02 
3684.57 5.67e-30 9.20e-23 1.61e-15 4.51e-09 5.06e-04 9.88e-01 1.10e-02 
3909.64 3.74e-30 7.37e-23 1.45e-15 4.55e-09 5.36e-04 9.91e-01 8.78e-03 
4148.46 3.67e-30 7.99e-23 1.66e-15 5.31e-09 6.07e-04 9.93e-01 6.58e-03 
4401.86 6.84e-30 1.37e-22 2.68e-15 7.78e-09 7.59e-04 9.95e-01 4.34e-03 
4670.75 1.11e-29 2.17e-22 4.11e-15 1.10e-08 9.32e-04 9.96e-01 3.04e-03 
4956.05 1.05e-29 2.34e-22 4.72e-15 1.29e-08 1.04e-03 9.97e-01 2.23e-03 
5258.79 9.19e-30 2.23e-22 4.88e-15 1.40e-08 1.12e-03 9.97e-01 1.69e-03 
5580.02 1.15e-29 2.89e-22 6.49e-15 1.82e-08 1.32e-03 9.98e-01 1.18e-03 
5920.87 1.52e-29 4.17e-22 9.50e-15 2.56e-08 1.63e-03 9.98e-01 7.44e-04 
6282.54 1.97e-29 5.54e-22 1.28e-14 3.38e-08 1.97e-03 9.98e-01 4.97e-04 
6666.30 3.50e-29 9.99e-22 2.26e-14 5.49e-08 2.66e-03 9.97e-01 2.68e-04 
7073.50 7.43e-29 2.26e-21 4.93e-14 1.06e-07 3.99e-03 9.96e-01 1.18e-04 
7505.58 1.95e-28 6.26e-21 1.35e-13 2.46e-07 6.70e-03 9.93e-01 4.10e-05 
7964.05 8.26e-28 2.67e-20 5.42e-13 7.88e-07 1.35e-02 9.86e-01 9.52e-06 
8450.53 6.51e-27 2.02e-19 3.52e-12 3.58e-06 3.36e-02 9.66e-01 1.58e-06 
8966.72 6.58e-26 1.96e-18 2.85e-11 1.92e-05 9.13e-02 9.09e-01 1.93e-07 
9514.44 1.62e-24 4.76e-17 5.24e-10 1.88e-04 3.19e-01 6.81e-01 7.48e-09 
10095.62 9.41e-23 2.20e-15 1.60e-08 2.27e-03 8.05e-01 1.93e-01 2.97e-11 
10712.30 7.16e-21 1.29e-13 5.51e-07 2.25e-02 9.65e-01 1.29e-02 4.93e-15 
11366.65 1.08e-18 1.65e-11 3.44e-05 2.79e-01 7.21e-01 1.69e-04 2.24e-20 
12061.10 9.50e-17 1.22e-09 1.13e-03 9.45e-01 5.35e-02 8.09e-08 2.53e-28 
12793.43 4.35e-15 4.42e-08 1.45e-02 9.85e-01 7.26e-04 1.31e-12 1.65e-35 
13528.61 4.34e-13 3.11e-06 2.71e-01 7.29e-01 2.14e-06 1.98e-18 1.81e-36 
14194.74 7.23e-12 3.88e-05 8.96e-01 1.04e-01 1.96e-09 8.48e-25 8.06e-37 
14757.77 3.35e-11 1.33e-04 9.90e-01 9.83e-03 1.90e-12 1.33e-29 1.70e-36 
15240.48 1.52e-10 3.97e-04 9.99e-01 8.70e-04 4.33e-15 3.25e-29 3.29e-36 
15646.99 8.85e-10 1.25e-03 9.99e-01 9.36e-05 1.02e-17 3.06e-29 5.96e-36 
15960.30 6.79e-09 4.44e-03 9.96e-01 9.06e-06 2.98e-20 2.66e-29 9.42e-36 
16187.41 2.81e-08 1.16e-02 9.88e-01 1.55e-06 3.11e-22 6.87e-29 1.75e-35 
16354.17 8.14e-08 2.43e-02 9.76e-01 2.24e-07 3.62e-24 1.06e-28 3.22e-35 
16484.18 1.66e-07 4.15e-02 9.58e-01 1.04e-07 2.01e-25 8.74e-29 5.54e-35 
16593.12 1.96e-07 5.00e-02 9.50e-01 4.62e-08 3.53e-26 2.51e-28 8.15e-35 
16691.99 2.23e-07 5.70e-02 9.43e-01 1.93e-08 5.03e-27 2.65e-28 1.05e-34 
16788.59 4.74e-07 1.01e-01 8.99e-01 9.97e-09 6.83e-28 2.72e-28 1.28e-34 
16888.37 4.37e-07 9.18e-02 9.08e-01 2.97e-09 4.14e-29 6.82e-29 1.53e-34 
16998.79 8.60e-07 1.61e-01 8.39e-01 1.04e-09 3.38e-30 1.90e-28 1.87e-34 
17146.37 1.37e-06 2.19e-01 7.81e-01 3.22e-10 7.65e-31 4.25e-28 2.31e-34 
17415.23 2.42e-06 3.24e-01 6.76e-01 6.80e-11 9.50e-31 4.86e-28 3.02e-34 
17888.12 6.38e-06 6.01e-01 3.99e-01 2.70e-12 1.71e-30 3.72e-27 4.30e-34 
18532.37 1.39e-05 8.91e-01 1.09e-01 1.10e-14 8.09e-31 4.75e-27 5.24e-34 
19260.76 1.98e-05 9.79e-01 2.11e-02 3.44e-17 1.54e-31 5.08e-26 6.18e-34 
20034.10 2.51e-05 9.75e-01 2.46e-02 4.08e-18 8.62e-31 2.22e-27 7.52e-34 
20838.00 2.40e-05 9.97e-01 3.44e-03 3.58e-20 1.44e-30 1.09e-24 8.72e-34 
21647.97 3.21e-05 9.98e-01 1.84e-03 1.35e-21 8.98e-31 6.72e-26 9.06e-34 
22447.94 3.86e-05 1.00e+00 3.74e-04 1.71e-23 1.07e-32 7.85e-28 1.01e-33 
23245.88 3.81e-05 1.00e+00 2.64e-04 2.76e-24 2.30e-30 6.77e-24 1.17e-33 
24052.47 4.00e-05 1.00e+00 4.64e-05 6.23e-26 3.06e-33 1.38e-33 1.38e-33 
24867.72 5.72e-05 1.00e+00 5.10e-05 7.18e-26 5.03e-31 4.10e-25 1.67e-33 
25698.86 4.64e-05 1.00e+00 1.97e-05 7.51e-27 4.85e-33 2.19e-33 2.19e-33 
