#NTIMES 50
#NSTAGES 4
#TIMES[d] 199.16 202.02 204.93 207.87 210.86 213.89 216.97 220.09 223.25 226.46 229.71 233.01 236.36 239.76 243.21 246.70 250.25 253.85 257.49 261.20 264.95 268.76 272.62 276.54 280.51 284.55 288.64 292.79 296.99 301.26 305.59 309.99 314.44 318.96 323.54 328.20 332.91 337.70 342.55 347.48 352.47 357.54 362.67 367.89 373.18 378.54 383.98 389.50 395.10 400.78
#
#TIME: 199.16
#NVEL 78
#vel_mid[km/s] c0 c1 c2 c3
1060.83 9.5667e-04 9.3430e-01 6.4425e-02 3.1537e-04
1919.29 8.4850e-04 9.4222e-01 5.6688e-02 2.4120e-04
2581.60 7.2252e-04 9.1965e-01 7.9152e-02 4.7382e-04
3084.17 5.8693e-04 8.4089e-01 1.5708e-01 1.4454e-03
3472.46 3.8857e-04 6.8636e-01 3.0898e-01 4.2671e-03
3909.64 2.1627e-04 5.9474e-01 3.9706e-01 7.9754e-03
4148.46 2.1696e-04 6.2000e-01 3.7283e-01 6.9543e-03
4670.75 2.5603e-04 6.7069e-01 3.2337e-01 5.6789e-03
4956.05 1.6707e-04 5.8055e-01 4.1067e-01 8.6105e-03
5258.79 6.4354e-05 3.4970e-01 6.3044e-01 1.9795e-02
5580.02 1.8200e-05 1.6213e-01 8.0465e-01 3.3206e-02
5920.87 6.2295e-06 8.4085e-02 8.6913e-01 4.6780e-02
6282.54 3.1812e-06 5.3606e-02 8.8835e-01 5.8039e-02
6666.30 2.7923e-06 5.2331e-02 8.8716e-01 6.0511e-02
7073.50 2.7999e-06 5.6509e-02 8.7740e-01 6.6084e-02
7505.58 2.7249e-06 5.5715e-02 8.7858e-01 6.5700e-02
7964.05 3.7050e-06 7.2329e-02 8.6767e-01 6.0002e-02
8450.53 1.0684e-05 1.4657e-01 8.0571e-01 4.7711e-02
8966.72 2.7890e-05 2.7612e-01 6.9141e-01 3.2445e-02
9514.44 5.8810e-05 4.3737e-01 5.4266e-01 1.9909e-02
10095.62 1.1621e-04 5.8186e-01 4.0729e-01 1.0739e-02
10712.30 1.5915e-04 6.6164e-01 3.3065e-01 7.5543e-03
11366.65 2.1072e-04 7.3348e-01 2.6133e-01 4.9850e-03
12061.10 1.8232e-04 7.4543e-01 2.4991e-01 4.4730e-03
12793.43 1.9674e-04 7.7462e-01 2.2066e-01 4.5223e-03
13528.61 1.6925e-04 7.6927e-01 2.2664e-01 3.9131e-03
14194.74 1.3498e-04 7.1556e-01 2.7896e-01 5.3478e-03
14757.77 8.3814e-05 7.0274e-01 2.9171e-01 5.4668e-03
15240.48 5.8873e-05 5.0900e-01 4.8286e-01 8.0785e-03
15646.99 8.2314e-05 4.9119e-01 5.0330e-01 5.4211e-03
15960.30 1.1981e-04 4.9768e-01 4.9863e-01 3.5660e-03
16187.41 9.3985e-05 5.0491e-01 4.9205e-01 2.9460e-03
16354.17 7.6507e-05 4.8230e-01 5.1456e-01 3.0618e-03
16484.18 7.6332e-05 4.6120e-01 5.3529e-01 3.4355e-03
16593.12 4.3293e-05 2.6252e-01 7.3289e-01 4.5522e-03
16691.99 4.2232e-05 2.7121e-01 7.2342e-01 5.3286e-03
16788.59 1.5531e-05 1.8584e-01 8.0752e-01 6.6211e-03
16888.37 2.1501e-05 2.3643e-01 7.5696e-01 6.5804e-03
16998.79 3.9867e-05 3.3687e-01 6.5678e-01 6.3111e-03
17146.37 1.6466e-05 1.5073e-01 8.4177e-01 7.4910e-03
17415.23 1.3855e-05 1.3902e-01 8.5192e-01 9.0476e-03
17888.12 9.4688e-06 1.5417e-01 8.3355e-01 1.2267e-02
18532.37 3.4466e-06 7.1324e-02 9.1358e-01 1.5096e-02
19260.76 2.6222e-06 6.4066e-02 9.1800e-01 1.7931e-02
20034.10 1.1414e-06 3.8738e-02 9.3788e-01 2.3385e-02
20838.00 8.1181e-07 2.9454e-02 9.4315e-01 2.7395e-02
21647.97 1.2553e-06 3.7784e-02 9.1469e-01 4.7520e-02
22447.94 7.4761e-07 2.8996e-02 9.1901e-01 5.1992e-02
23245.88 7.8266e-07 3.2670e-02 9.1320e-01 5.4129e-02
24052.47 9.7434e-07 5.5514e-02 8.7330e-01 7.1189e-02
24867.72 4.7628e-07 2.5587e-02 8.9285e-01 8.1560e-02
25698.86 7.2723e-07 4.7767e-02 8.6167e-01 9.0564e-02
26587.16 3.5034e-07 2.7201e-02 8.6462e-01 1.0818e-01
27637.54 3.1424e-07 2.7174e-02 8.4126e-01 1.3157e-01
28986.97 4.3823e-07 3.4751e-02 8.2162e-01 1.4363e-01
#TIME: 202.02
#NVEL 78
#vel_mid[km/s] c0 c1 c2 c3
1060.83 9.8979e-04 9.3078e-01 6.7885e-02 3.4276e-04
1919.29 9.2757e-04 9.4183e-01 5.6996e-02 2.4819e-04
2581.60 7.4191e-04 9.1921e-01 7.9575e-02 4.6962e-04
3084.17 5.9344e-04 8.4104e-01 1.5695e-01 1.4157e-03
3472.46 3.9608e-04 6.9582e-01 2.9974e-01 4.0460e-03
3909.64 2.3622e-04 5.9312e-01 3.9856e-01 8.0816e-03
4148.46 2.2963e-04 6.2006e-01 3.7285e-01 6.8687e-03
4670.75 2.6337e-04 6.5627e-01 3.3739e-01 6.0725e-03
4956.05 1.6334e-04 5.7092e-01 4.1979e-01 9.1257e-03
5258.79 6.1489e-05 3.5219e-01 6.2671e-01 2.1030e-02
5580.02 1.7712e-05 1.5812e-01 8.0836e-01 3.3496e-02
5920.87 6.0953e-06 8.3255e-02 8.6944e-01 4.7297e-02
6282.54 3.3790e-06 5.8349e-02 8.8491e-01 5.6739e-02
6666.30 2.7109e-06 5.1523e-02 8.8710e-01 6.1375e-02
7073.50 2.7839e-06 5.5641e-02 8.8624e-01 5.8112e-02
7505.58 3.2087e-06 6.4751e-02 8.7442e-01 6.0823e-02
7964.05 3.6595e-06 7.0730e-02 8.6586e-01 6.3403e-02
8450.53 1.0746e-05 1.4249e-01 8.1202e-01 4.5475e-02
8966.72 2.8358e-05 2.6883e-01 6.9972e-01 3.1427e-02
9514.44 6.3442e-05 4.3960e-01 5.4103e-01 1.9304e-02
10095.62 1.1308e-04 5.7801e-01 4.0961e-01 1.2261e-02
10712.30 1.6244e-04 6.5802e-01 3.3398e-01 7.8358e-03
11366.65 2.2493e-04 7.3429e-01 2.6046e-01 5.0279e-03
12061.10 1.8907e-04 7.5567e-01 2.3981e-01 4.3327e-03
12793.43 1.6478e-04 7.6977e-01 2.2610e-01 3.9579e-03
13528.61 1.2741e-04 7.7531e-01 2.2055e-01 4.0085e-03
14194.74 8.0832e-05 7.0925e-01 2.8520e-01 5.4625e-03
14757.77 8.8476e-05 6.7941e-01 3.1486e-01 5.6397e-03
15240.48 6.8700e-05 6.6551e-01 3.2903e-01 5.3902e-03
15646.99 6.7736e-05 5.3107e-01 4.6366e-01 5.1984e-03
15960.30 9.2703e-05 5.0435e-01 4.9223e-01 3.3206e-03
16187.41 1.1629e-04 5.4724e-01 4.5002e-01 2.6152e-03
16354.17 1.0623e-04 4.9286e-01 5.0443e-01 2.6070e-03
16484.18 6.8194e-05 3.4949e-01 6.4658e-01 3.8580e-03
16593.12 7.5859e-05 3.1755e-01 6.7777e-01 4.6052e-03
16691.99 9.4608e-05 2.8895e-01 7.0525e-01 5.7017e-03
16788.59 2.1339e-05 1.8481e-01 8.0850e-01 6.6714e-03
16888.37 2.0798e-05 2.1243e-01 7.8094e-01 6.6058e-03
16998.79 2.7998e-05 2.6134e-01 7.3156e-01 7.0664e-03
17146.37 1.7352e-05 1.9097e-01 8.0028e-01 8.7267e-03
17415.23 8.7298e-06 1.0081e-01 8.8952e-01 9.6538e-03
17888.12 7.9148e-06 1.3199e-01 8.5476e-01 1.3246e-02
18532.37 4.3850e-06 8.3600e-02 9.0160e-01 1.4797e-02
19260.76 3.2294e-06 7.9997e-02 9.0208e-01 1.7923e-02
20034.10 1.3223e-06 4.1228e-02 9.3580e-01 2.2971e-02
20838.00 1.3067e-06 4.3227e-02 9.3103e-01 2.5738e-02
21647.97 9.6215e-07 3.6137e-02 9.2110e-01 4.2761e-02
22447.94 7.1527e-07 2.9179e-02 9.1395e-01 5.6876e-02
23245.88 6.9015e-07 3.7137e-02 9.0753e-01 5.5331e-02
24052.47 2.4248e-07 1.3048e-02 9.1938e-01 6.7568e-02
24867.72 7.1832e-07 4.3925e-02 8.2270e-01 1.3337e-01
25698.86 6.3286e-06 4.1830e-01 5.2240e-01 5.9293e-02
26587.16 1.2732e-06 7.3311e-02 8.3548e-01 9.1204e-02
27637.54 8.1188e-07 4.4338e-02 8.3906e-01 1.1660e-01
28986.97 2.4777e-07 2.0135e-02 8.2670e-01 1.5316e-01
#TIME: 204.93
#NVEL 78
#vel_mid[km/s] c0 c1 c2 c3
1060.83 1.0535e-03 9.3939e-01 5.9287e-02 2.7287e-04
1919.29 9.1840e-04 9.4274e-01 5.6098e-02 2.4143e-04
2581.60 7.7224e-04 9.1875e-01 8.0005e-02 4.7155e-04
3084.17 5.6075e-04 8.4156e-01 1.5643e-01 1.4488e-03
3472.46 3.4187e-04 6.9164e-01 3.0385e-01 4.1604e-03
3909.64 2.3541e-04 6.0070e-01 3.9130e-01 7.7721e-03
4148.46 2.3696e-04 6.2400e-01 3.6840e-01 7.3694e-03
4670.75 2.5358e-04 6.5982e-01 3.3402e-01 5.9120e-03
4956.05 1.4315e-04 5.5016e-01 4.3936e-01 1.0338e-02
5258.79 5.7537e-05 3.4665e-01 6.3244e-01 2.0851e-02
5580.02 1.8353e-05 1.6161e-01 8.0369e-01 3.4688e-02
5920.87 6.4054e-06 8.2294e-02 8.7022e-01 4.7477e-02
6282.54 3.2355e-06 5.5861e-02 8.8536e-01 5.8776e-02
6666.30 2.7541e-06 5.3876e-02 8.8532e-01 6.0802e-02
7073.50 3.0616e-06 5.7133e-02 8.8519e-01 5.7672e-02
7505.58 3.2430e-06 6.4244e-02 8.7779e-01 5.7961e-02
7964.05 3.7254e-06 7.1416e-02 8.6626e-01 6.2315e-02
8450.53 1.0835e-05 1.4941e-01 8.0444e-01 4.6133e-02
8966.72 2.9700e-05 2.6436e-01 7.0593e-01 2.9681e-02
9514.44 6.5307e-05 4.1748e-01 5.6268e-01 1.9778e-02
10095.62 1.1992e-04 5.7630e-01 4.1192e-01 1.1664e-02
10712.30 1.4906e-04 6.4904e-01 3.4253e-01 8.2783e-03
11366.65 1.9324e-04 7.2491e-01 2.6969e-01 5.2046e-03
12061.10 2.0375e-04 7.4670e-01 2.4819e-01 4.9020e-03
12793.43 1.6468e-04 7.8553e-01 2.1039e-01 3.9162e-03
13528.61 1.3868e-04 7.5895e-01 2.3677e-01 4.1472e-03
14194.74 9.5358e-05 7.5875e-01 2.3652e-01 4.6382e-03
14757.77 7.0753e-05 6.4418e-01 3.4926e-01 6.4799e-03
15240.48 5.8036e-05 5.2026e-01 4.7252e-01 7.1697e-03
15646.99 1.1357e-04 6.1098e-01 3.8476e-01 4.1505e-03
15960.30 8.4910e-05 5.4567e-01 4.5110e-01 3.1421e-03
16187.41 1.0839e-04 5.2681e-01 4.7034e-01 2.7431e-03
16354.17 1.4279e-04 5.6111e-01 4.3633e-01 2.4261e-03
16484.18 6.2297e-05 3.4097e-01 6.5492e-01 4.0488e-03
16593.12 6.1634e-05 3.9877e-01 5.9742e-01 3.7511e-03
16691.99 4.3892e-05 2.9399e-01 7.0009e-01 5.8730e-03
16788.59 3.7896e-05 2.3034e-01 7.6217e-01 7.4475e-03
16888.37 1.9129e-05 1.9790e-01 7.9540e-01 6.6859e-03
16998.79 2.6951e-05 2.7211e-01 7.2077e-01 7.0971e-03
17146.37 2.3528e-05 2.0367e-01 7.8827e-01 8.0380e-03
17415.23 1.5337e-05 1.4086e-01 8.4888e-01 1.0251e-02
17888.12 6.9529e-06 9.7667e-02 8.9027e-01 1.2060e-02
18532.37 3.7993e-06 6.9697e-02 9.1428e-01 1.6018e-02
19260.76 4.1559e-06 9.6543e-02 8.8615e-01 1.7300e-02
20034.10 1.5010e-06 4.0484e-02 9.3056e-01 2.8956e-02
20838.00 1.5528e-06 5.2511e-02 9.1962e-01 2.7866e-02
21647.97 1.2600e-06 3.8963e-02 9.3122e-01 2.9816e-02
22447.94 7.1772e-07 3.2768e-02 9.3093e-01 3.6302e-02
23245.88 9.3403e-06 4.1687e-01 5.4732e-01 3.5793e-02
24052.47 6.2909e-07 3.3985e-02 8.4356e-01 1.2246e-01
24867.72 5.1548e-07 2.6249e-02 8.9133e-01 8.2420e-02
25698.86 1.2866e-06 7.8140e-02 8.4099e-01 8.0866e-02
26587.16 2.1607e-06 1.2826e-01 7.1543e-01 1.5631e-01
27637.54 2.7333e-06 1.7527e-01 7.0166e-01 1.2307e-01
28986.97 4.3366e-06 2.8222e-01 5.9321e-01 1.2457e-01
#TIME: 207.87
#NVEL 78
#vel_mid[km/s] c0 c1 c2 c3
1060.83 9.0226e-04 9.3692e-01 6.1883e-02 2.9768e-04
1919.29 9.5186e-04 9.4338e-01 5.5431e-02 2.3465e-04
2581.60 8.8445e-04 9.2008e-01 7.8578e-02 4.5694e-04
3084.17 6.1467e-04 8.4214e-01 1.5581e-01 1.4340e-03
3472.46 3.8402e-04 6.9130e-01 3.0422e-01 4.0982e-03
3909.64 2.1681e-04 5.8507e-01 4.0705e-01 7.6658e-03
4148.46 2.3849e-04 6.0913e-01 3.8330e-01 7.3258e-03
4670.75 2.7476e-04 6.5785e-01 3.3585e-01 6.0248e-03
4956.05 1.8772e-04 5.8664e-01 4.0315e-01 1.0021e-02
5258.79 6.7136e-05 3.5307e-01 6.2749e-01 1.9380e-02
5580.02 1.8514e-05 1.6089e-01 8.0559e-01 3.3504e-02
5920.87 5.6930e-06 7.5531e-02 8.7574e-01 4.8723e-02
6282.54 3.3149e-06 5.8016e-02 8.8368e-01 5.8305e-02
6666.30 2.6868e-06 5.0799e-02 8.8818e-01 6.1013e-02
7073.50 2.8718e-06 5.4605e-02 8.8906e-01 5.6332e-02
7505.58 3.2061e-06 5.9969e-02 8.7192e-01 6.8107e-02
7964.05 3.6930e-06 7.1618e-02 8.6768e-01 6.0697e-02
8450.53 1.0963e-05 1.4546e-01 8.0966e-01 4.4869e-02
8966.72 2.8168e-05 2.6775e-01 7.0168e-01 3.0548e-02
9514.44 5.8446e-05 4.1401e-01 5.6532e-01 2.0611e-02
10095.62 1.0793e-04 5.5359e-01 4.3392e-01 1.2381e-02
10712.30 1.5456e-04 6.7220e-01 3.2032e-01 7.3273e-03
11366.65 1.9885e-04 7.2582e-01 2.6899e-01 4.9871e-03
12061.10 2.2377e-04 7.5728e-01 2.3812e-01 4.3753e-03
12793.43 2.0508e-04 7.6677e-01 2.2903e-01 3.9937e-03
13528.61 1.5881e-04 7.4606e-01 2.4923e-01 4.5460e-03
14194.74 9.3804e-05 7.2180e-01 2.7299e-01 5.1201e-03
14757.77 7.0588e-05 6.8130e-01 3.1206e-01 6.5672e-03
15240.48 5.4914e-05 5.0951e-01 4.8338e-01 7.0556e-03
15646.99 5.8834e-05 5.2382e-01 4.7103e-01 5.0903e-03
15960.30 8.7643e-05 5.7851e-01 4.1851e-01 2.8882e-03
16187.41 1.0924e-04 5.5448e-01 4.4282e-01 2.5903e-03
16354.17 8.5169e-05 5.8898e-01 4.0862e-01 2.3120e-03
16484.18 5.5741e-05 3.3579e-01 6.6023e-01 3.9236e-03
16593.12 3.9774e-05 3.7214e-01 6.2367e-01 4.1432e-03
16691.99 6.3777e-05 3.9515e-01 6.0023e-01 4.5644e-03
16788.59 2.0509e-05 3.9394e-01 6.0108e-01 4.9632e-03
16888.37 5.8734e-05 3.1456e-01 6.7947e-01 5.9200e-03
16998.79 2.5737e-05 2.3414e-01 7.5872e-01 7.1118e-03
17146.37 2.5934e-05 3.6757e-01 6.2559e-01 6.8158e-03
17415.23 1.5644e-05 1.8041e-01 8.0998e-01 9.5951e-03
17888.12 6.6192e-06 1.0363e-01 8.8335e-01 1.3012e-02
18532.37 4.3672e-06 7.8179e-02 9.0627e-01 1.5550e-02
19260.76 3.5085e-06 7.6248e-02 9.0659e-01 1.7161e-02
20034.10 1.7845e-06 5.6424e-02 9.2017e-01 2.3402e-02
20838.00 1.2900e-06 3.7587e-02 9.3826e-01 2.4154e-02
21647.97 1.1607e-06 3.9579e-02 9.2426e-01 3.6159e-02
22447.94 5.8317e-07 2.1821e-02 9.2412e-01 5.4058e-02
23245.88 8.1781e-07 3.6885e-02 9.1165e-01 5.1462e-02
24052.47 1.2326e-06 5.0042e-02 7.9312e-01 1.5683e-01
24867.72 3.2647e-06 1.2964e-01 8.0069e-01 6.9669e-02
25698.86 1.7306e-06 6.1631e-02 8.5901e-01 7.9356e-02
26587.16 1.3669e-06 7.3542e-02 8.2764e-01 9.8819e-02
27637.54 4.7463e-06 3.3635e-01 5.7101e-01 9.2636e-02
28986.97 4.5339e-06 2.6865e-01 5.8297e-01 1.4838e-01
#TIME: 210.86
#NVEL 78
#vel_mid[km/s] c0 c1 c2 c3
1060.83 8.9636e-04 9.3953e-01 5.9300e-02 2.7180e-04
1919.29 9.2312e-04 9.4448e-01 5.4370e-02 2.2647e-04
2581.60 7.1817e-04 9.1955e-01 7.9275e-02 4.6103e-04
3084.17 6.2665e-04 8.4609e-01 1.5188e-01 1.3983e-03
3472.46 3.8541e-04 7.0328e-01 2.9245e-01 3.8828e-03
3909.64 2.1676e-04 5.8430e-01 4.0762e-01 7.8649e-03
4148.46 2.3255e-04 6.2101e-01 3.7162e-01 7.1416e-03
4670.75 2.5408e-04 6.6395e-01 3.3009e-01 5.7051e-03
4956.05 1.3622e-04 5.4551e-01 4.4424e-01 1.0120e-02
5258.79 7.0971e-05 3.6595e-01 6.1348e-01 2.0501e-02
5580.02 1.8291e-05 1.6591e-01 7.9949e-01 3.4589e-02
5920.87 6.1006e-06 7.6150e-02 8.7733e-01 4.6509e-02
6282.54 3.3421e-06 5.7524e-02 8.8326e-01 5.9216e-02
6666.30 2.5852e-06 4.8897e-02 8.8755e-01 6.3547e-02
7073.50 2.8616e-06 5.4737e-02 8.8090e-01 6.4359e-02
7505.58 2.9741e-06 5.8709e-02 8.7166e-01 6.9625e-02
7964.05 3.7362e-06 7.2034e-02 8.6635e-01 6.1608e-02
8450.53 1.0930e-05 1.4820e-01 8.0601e-01 4.5777e-02
8966.72 2.6582e-05 2.5772e-01 7.0922e-01 3.3036e-02
9514.44 6.3192e-05 4.3163e-01 5.4911e-01 1.9196e-02
10095.62 1.1204e-04 5.5897e-01 4.2975e-01 1.1167e-02
10712.30 1.7259e-04 6.7075e-01 3.2153e-01 7.5490e-03
11366.65 2.1028e-04 7.1435e-01 2.7994e-01 5.5051e-03
12061.10 2.1697e-04 7.6678e-01 2.2882e-01 4.1862e-03
12793.43 1.8727e-04 7.9531e-01 2.0102e-01 3.4874e-03
13528.61 1.4613e-04 7.5782e-01 2.3763e-01 4.3989e-03
14194.74 1.0893e-04 7.6614e-01 2.2957e-01 4.1839e-03
14757.77 6.2735e-05 6.7488e-01 3.1877e-01 6.2886e-03
15240.48 6.8611e-05 5.8863e-01 4.0465e-01 6.6511e-03
15646.99 7.3640e-05 5.0779e-01 4.8756e-01 4.5775e-03
15960.30 8.1994e-05 5.1650e-01 4.8012e-01 3.2920e-03
16187.41 1.0875e-04 5.6587e-01 4.3154e-01 2.4804e-03
16354.17 9.2984e-05 5.5440e-01 4.4299e-01 2.5214e-03
16484.18 9.3107e-05 3.9590e-01 6.0050e-01 3.5075e-03
16593.12 3.1147e-05 2.8093e-01 7.1422e-01 4.8197e-03
16691.99 5.7472e-05 4.5141e-01 5.4453e-01 4.0093e-03
16788.59 4.0316e-05 3.5797e-01 6.3694e-01 5.0546e-03
16888.37 4.1250e-05 2.5412e-01 7.3939e-01 6.4464e-03
16998.79 1.9635e-05 2.1463e-01 7.7804e-01 7.3056e-03
17146.37 2.0586e-05 2.3362e-01 7.5798e-01 8.3819e-03
17415.23 1.1360e-05 1.6864e-01 8.2243e-01 8.9220e-03
17888.12 1.0569e-05 1.3870e-01 8.4995e-01 1.1342e-02
18532.37 4.2589e-06 7.1110e-02 9.1401e-01 1.4877e-02
19260.76 3.9218e-06 8.5356e-02 8.9886e-01 1.5779e-02
20034.10 2.0150e-06 5.0129e-02 9.2514e-01 2.4734e-02
20838.00 2.5502e-06 7.1863e-02 8.9871e-01 2.9428e-02
21647.97 1.2228e-06 4.2722e-02 9.2544e-01 3.1835e-02
22447.94 1.6803e-06 7.4671e-02 8.8798e-01 3.7343e-02
23245.88 1.1443e-06 5.3239e-02 8.9465e-01 5.2108e-02
24052.47 6.5110e-06 3.2913e-01 6.1178e-01 5.9076e-02
24867.72 9.7537e-06 4.5152e-01 5.0315e-01 4.5320e-02
25698.86 3.2847e-06 1.4493e-01 7.7980e-01 7.5265e-02
26587.16 2.3580e-06 1.1119e-01 7.5857e-01 1.3024e-01
27637.54 2.0750e-06 9.7451e-02 7.8264e-01 1.1990e-01
28986.97 5.1793e-06 2.2552e-01 6.1835e-01 1.5613e-01
#TIME: 213.89
#NVEL 78
#vel_mid[km/s] c0 c1 c2 c3
1060.83 1.0155e-03 9.3995e-01 5.8766e-02 2.6862e-04
1919.29 8.2829e-04 9.4443e-01 5.4520e-02 2.2642e-04
2581.60 7.5043e-04 9.2005e-01 7.8749e-02 4.5087e-04
3084.17 5.9717e-04 8.4344e-01 1.5455e-01 1.4042e-03
3472.46 3.8155e-04 7.0163e-01 2.9407e-01 3.9167e-03
3909.64 2.2879e-04 5.9151e-01 4.0054e-01 7.7213e-03
4148.46 2.5307e-04 6.2820e-01 3.6426e-01 7.2870e-03
4670.75 2.6861e-04 6.6637e-01 3.2761e-01 5.7427e-03
4956.05 1.5507e-04 5.6247e-01 4.2669e-01 1.0682e-02
5258.79 6.6216e-05 3.5266e-01 6.2708e-01 2.0194e-02
5580.02 2.0427e-05 1.6761e-01 7.9915e-01 3.3224e-02
5920.87 5.7089e-06 7.6354e-02 8.7554e-01 4.8102e-02
6282.54 3.5871e-06 5.8173e-02 8.8312e-01 5.8705e-02
6666.30 2.5573e-06 5.0103e-02 8.8649e-01 6.3409e-02
7073.50 2.6648e-06 5.2661e-02 8.8061e-01 6.6729e-02
7505.58 2.8834e-06 6.1460e-02 8.7111e-01 6.7431e-02
7964.05 3.9234e-06 7.4396e-02 8.6436e-01 6.1235e-02
8450.53 1.1604e-05 1.4990e-01 8.0122e-01 4.8872e-02
8966.72 2.5676e-05 2.7132e-01 6.9704e-01 3.1619e-02
9514.44 6.3253e-05 4.3123e-01 5.4859e-01 2.0109e-02
10095.62 1.0963e-04 5.8129e-01 4.0787e-01 1.0731e-02
10712.30 1.6614e-04 6.6343e-01 3.2891e-01 7.4945e-03
11366.65 2.4505e-04 7.3615e-01 2.5866e-01 4.9468e-03
12061.10 2.4648e-04 7.6003e-01 2.3496e-01 4.7635e-03
12793.43 1.4607e-04 7.7172e-01 2.2435e-01 3.7832e-03
13528.61 1.4251e-04 7.6828e-01 2.2754e-01 4.0321e-03
14194.74 1.2330e-04 7.3549e-01 2.5962e-01 4.7643e-03
14757.77 6.1701e-05 5.5873e-01 4.3352e-01 7.6860e-03
15240.48 6.3807e-05 5.8378e-01 4.0979e-01 6.3611e-03
15646.99 5.1144e-05 5.5839e-01 4.3699e-01 4.5727e-03
15960.30 1.4175e-04 5.3485e-01 4.6174e-01 3.2638e-03
16187.41 9.5578e-05 5.2643e-01 4.7084e-01 2.6283e-03
16354.17 9.0508e-05 3.9548e-01 6.0145e-01 2.9780e-03
16484.18 8.8727e-05 4.2677e-01 5.6990e-01 3.2351e-03
16593.12 4.3168e-05 2.7723e-01 7.1822e-01 4.5021e-03
16691.99 4.2284e-05 2.6477e-01 7.2980e-01 5.3900e-03
16788.59 4.7836e-05 2.8341e-01 7.1070e-01 5.8348e-03
16888.37 3.4846e-05 2.7155e-01 7.2304e-01 5.3748e-03
16998.79 2.0162e-05 1.9696e-01 7.9582e-01 7.2008e-03
17146.37 3.0060e-05 2.0797e-01 7.8478e-01 7.2193e-03
17415.23 8.9272e-06 9.4346e-02 8.9518e-01 1.0466e-02
17888.12 7.4152e-06 1.0660e-01 8.8140e-01 1.1997e-02
18532.37 6.0039e-06 9.3359e-02 8.9191e-01 1.4726e-02
19260.76 2.4615e-06 5.1675e-02 9.2992e-01 1.8404e-02
20034.10 2.3075e-06 6.1650e-02 9.1540e-01 2.2952e-02
20838.00 1.7542e-06 4.6764e-02 9.2420e-01 2.9038e-02
21647.97 1.4232e-06 4.7966e-02 9.2206e-01 2.9971e-02
22447.94 1.6104e-06 6.3233e-02 8.9886e-01 3.7910e-02
23245.88 8.5494e-07 4.3231e-02 9.0690e-01 4.9866e-02
24052.47 1.2655e-06 5.0230e-02 8.8756e-01 6.2210e-02
24867.72 3.6578e-06 1.8031e-01 7.5035e-01 6.9340e-02
25698.86 9.9645e-06 4.3782e-01 5.0885e-01 5.3321e-02
26587.16 7.6043e-06 3.9874e-01 5.3486e-01 6.6386e-02
27637.54 4.6842e-06 3.3145e-01 5.7373e-01 9.4810e-02
28986.97 7.6464e-06 2.8908e-01 5.9075e-01 1.2016e-01
#TIME: 216.97
#NVEL 78
#vel_mid[km/s] c0 c1 c2 c3
1060.83 9.4887e-04 9.3743e-01 6.1330e-02 2.8959e-04
1919.29 9.1471e-04 9.4440e-01 5.4465e-02 2.2258e-04
2581.60 6.9866e-04 9.2146e-01 7.7399e-02 4.4696e-04
3084.17 6.3543e-04 8.4091e-01 1.5707e-01 1.3794e-03
3472.46 3.9673e-04 6.9329e-01 3.0224e-01 4.0729e-03
3909.64 2.1366e-04 5.8717e-01 4.0482e-01 7.7966e-03
4148.46 2.4324e-04 6.4318e-01 3.5011e-01 6.4678e-03
4670.75 2.6927e-04 6.5709e-01 3.3650e-01 6.1466e-03
4956.05 1.6025e-04 5.5351e-01 4.3678e-01 9.5529e-03
5258.79 8.0177e-05 3.7128e-01 6.0911e-01 1.9536e-02
5580.02 1.9047e-05 1.6470e-01 8.0203e-01 3.3250e-02
5920.87 5.9069e-06 7.6114e-02 8.7658e-01 4.7300e-02
6282.54 3.4943e-06 5.6353e-02 8.8191e-01 6.1731e-02
6666.30 2.7279e-06 5.4452e-02 8.8144e-01 6.4102e-02
7073.50 2.9342e-06 5.5989e-02 8.7774e-01 6.6265e-02
7505.58 2.7199e-06 5.5623e-02 8.7750e-01 6.6877e-02
7964.05 3.8922e-06 7.5645e-02 8.6433e-01 6.0018e-02
8450.53 1.0561e-05 1.4576e-01 8.0830e-01 4.5935e-02
8966.72 2.6960e-05 2.6387e-01 7.0473e-01 3.1366e-02
9514.44 6.1441e-05 4.1170e-01 5.6668e-01 2.1550e-02
10095.62 1.2218e-04 5.7848e-01 4.1027e-01 1.1122e-02
10712.30 1.6694e-04 6.7334e-01 3.1924e-01 7.2547e-03
11366.65 1.9822e-04 7.0730e-01 2.8726e-01 5.2419e-03
12061.10 2.3712e-04 7.6448e-01 2.3118e-01 4.1076e-03
12793.43 1.7373e-04 7.7955e-01 2.1637e-01 3.9032e-03
13528.61 1.5081e-04 7.6262e-01 2.3314e-01 4.0871e-03
14194.74 1.1752e-04 6.9321e-01 3.0143e-01 5.2358e-03
14757.77 7.3920e-05 6.2785e-01 3.6566e-01 6.4223e-03
15240.48 6.9955e-05 5.8552e-01 4.0832e-01 6.0907e-03
15646.99 6.3835e-05 5.0819e-01 4.8702e-01 4.7282e-03
15960.30 1.0797e-04 5.4761e-01 4.4916e-01 3.1158e-03
16187.41 9.7264e-05 6.2545e-01 3.7254e-01 1.9137e-03
16354.17 1.4099e-04 4.7910e-01 5.1796e-01 2.8023e-03
16484.18 5.7830e-05 3.3900e-01 6.5767e-01 3.2637e-03
16593.12 6.9546e-05 4.6397e-01 5.3234e-01 3.6263e-03
16691.99 6.2547e-05 5.6055e-01 4.3587e-01 3.5174e-03
16788.59 3.3254e-05 2.7996e-01 7.1443e-01 5.5746e-03
16888.37 3.8453e-05 3.2460e-01 6.6970e-01 5.6665e-03
16998.79 2.8674e-05 3.2504e-01 6.6798e-01 6.9501e-03
17146.37 3.2999e-05 2.9137e-01 7.0179e-01 6.8051e-03
17415.23 1.0675e-05 1.4527e-01 8.4506e-01 9.6591e-03
17888.12 7.9677e-06 1.1114e-01 8.7838e-01 1.0470e-02
18532.37 5.7273e-06 1.0245e-01 8.8117e-01 1.6376e-02
19260.76 3.8732e-06 7.9431e-02 9.0599e-01 1.4577e-02
20034.10 2.8355e-06 5.7473e-02 9.2135e-01 2.1175e-02
20838.00 1.9654e-06 4.7625e-02 9.2685e-01 2.5522e-02
21647.97 2.5597e-06 6.7518e-02 8.8030e-01 5.2177e-02
22447.94 2.4319e-06 9.1031e-02 8.7638e-01 3.2585e-02
23245.88 7.4304e-07 4.4923e-02 9.0504e-01 5.0041e-02
24052.47 7.7497e-06 4.3795e-01 5.2795e-01 3.4083e-02
24867.72 7.4330e-06 4.0363e-01 5.4531e-01 5.1050e-02
25698.86 2.2228e-06 9.3342e-02 8.2940e-01 7.7254e-02
26587.16 7.7211e-06 4.0465e-01 5.2813e-01 6.7207e-02
27637.54 5.8911e-06 3.3650e-01 5.7100e-01 9.2497e-02
28986.97 7.9224e-07 4.5083e-02 8.0975e-01 1.4517e-01
#TIME: 220.09
#NVEL 78
#vel_mid[km/s] c0 c1 c2 c3
1060.83 1.0962e-03 9.4167e-01 5.6985e-02 2.4499e-04
1919.29 8.6280e-04 9.4573e-01 5.3192e-02 2.1804e-04
2581.60 8.0091e-04 9.2300e-01 7.5769e-02 4.3086e-04
3084.17 6.1846e-04 8.4224e-01 1.5574e-01 1.4042e-03
3472.46 4.5044e-04 7.0935e-01 2.8648e-01 3.7260e-03
3909.64 2.4689e-04 5.8859e-01 4.0313e-01 8.0350e-03
4148.46 2.7941e-04 6.3318e-01 3.5996e-01 6.5815e-03
4670.75 2.5479e-04 6.5903e-01 3.3460e-01 6.1189e-03
4956.05 1.5582e-04 5.9465e-01 3.9608e-01 9.1104e-03
5258.79 7.0452e-05 3.6425e-01 6.1711e-01 1.8571e-02
5580.02 1.8214e-05 1.5381e-01 8.1077e-01 3.5403e-02
5920.87 5.8980e-06 7.3089e-02 8.7850e-01 4.8402e-02
6282.54 3.3409e-06 5.5752e-02 8.8317e-01 6.1074e-02
6666.30 2.9921e-06 5.5011e-02 8.8503e-01 5.9958e-02
7073.50 3.2918e-06 5.9400e-02 8.7812e-01 6.2474e-02
7505.58 3.0247e-06 5.8868e-02 8.7655e-01 6.4576e-02
7964.05 3.8725e-06 7.4780e-02 8.6258e-01 6.2633e-02
8450.53 1.1007e-05 1.4540e-01 8.0687e-01 4.7723e-02
8966.72 2.5547e-05 2.5758e-01 7.0879e-01 3.3599e-02
9514.44 6.0767e-05 4.1880e-01 5.6059e-01 2.0554e-02
10095.62 1.1934e-04 5.6394e-01 4.2369e-01 1.2252e-02
10712.30 1.9672e-04 6.8080e-01 3.1212e-01 6.8738e-03
11366.65 1.8587e-04 7.0293e-01 2.9160e-01 5.2838e-03
12061.10 2.1187e-04 7.6102e-01 2.3444e-01 4.3285e-03
12793.43 2.0285e-04 7.6543e-01 2.3049e-01 3.8781e-03
13528.61 1.5623e-04 7.6252e-01 2.3330e-01 4.0285e-03
14194.74 1.2220e-04 7.5109e-01 2.4456e-01 4.2284e-03
14757.77 7.4166e-05 7.0520e-01 2.8950e-01 5.2289e-03
15240.48 8.0113e-05 5.9123e-01 4.0270e-01 5.9907e-03
15646.99 6.5033e-05 5.3080e-01 4.6452e-01 4.6120e-03
15960.30 1.1203e-04 5.6913e-01 4.2781e-01 2.9446e-03
16187.41 1.0290e-04 4.8433e-01 5.1277e-01 2.7954e-03
16354.17 8.3063e-05 4.5969e-01 5.3747e-01 2.7648e-03
16484.18 6.0694e-05 3.7286e-01 6.2368e-01 3.3988e-03
16593.12 4.9071e-05 3.5570e-01 6.4034e-01 3.9088e-03
16691.99 3.8230e-05 3.7941e-01 6.1628e-01 4.2730e-03
16788.59 6.1553e-05 4.1908e-01 5.7595e-01 4.9124e-03
16888.37 4.4626e-05 3.4373e-01 6.5125e-01 4.9782e-03
16998.79 1.8664e-05 1.9994e-01 7.9346e-01 6.5816e-03
17146.37 1.5810e-05 1.8031e-01 8.1281e-01 6.8601e-03
17415.23 1.4289e-05 1.3933e-01 8.5165e-01 9.0033e-03
17888.12 4.6435e-06 7.8334e-02 9.0942e-01 1.2243e-02
18532.37 4.9570e-06 8.8953e-02 8.9668e-01 1.4366e-02
19260.76 3.2776e-06 7.0747e-02 9.1190e-01 1.7354e-02
20034.10 2.1386e-06 5.3332e-02 9.2593e-01 2.0736e-02
20838.00 1.8314e-06 4.4607e-02 9.3059e-01 2.4799e-02
21647.97 1.5589e-06 3.8410e-02 9.3281e-01 2.8774e-02
22447.94 2.1019e-06 6.3089e-02 9.0305e-01 3.3862e-02
23245.88 1.6540e-06 5.0636e-02 9.0662e-01 4.2746e-02
24052.47 8.2164e-06 3.6731e-01 5.8819e-01 4.4495e-02
24867.72 3.5263e-06 2.2688e-01 7.0871e-01 6.4411e-02
25698.86 8.2467e-07 4.2768e-02 8.7776e-01 7.9476e-02
26587.16 2.7328e-06 1.4681e-01 7.6783e-01 8.5361e-02
27637.54 3.4885e-06 1.8792e-01 5.5677e-01 2.5530e-01
28986.97 3.4226e-06 2.2086e-01 6.5256e-01 1.2658e-01
#TIME: 223.25
#NVEL 78
#vel_mid[km/s] c0 c1 c2 c3
1060.83 9.1878e-04 9.4163e-01 5.7190e-02 2.6013e-04
1919.29 9.5309e-04 9.4609e-01 5.2743e-02 2.1047e-04
2581.60 7.3981e-04 9.2377e-01 7.5071e-02 4.2370e-04
3084.17 5.6194e-04 8.4622e-01 1.5186e-01 1.3622e-03
3472.46 4.2483e-04 7.0371e-01 2.9201e-01 3.8510e-03
3909.64 2.0129e-04 5.9354e-01 3.9850e-01 7.7586e-03
4148.46 2.6227e-04 6.3118e-01 3.6165e-01 6.9018e-03
4670.75 2.5067e-04 6.6946e-01 3.2485e-01 5.4421e-03
4956.05 1.7383e-04 5.6171e-01 4.2761e-01 1.0500e-02
5258.79 6.8050e-05 3.6219e-01 6.1819e-01 1.9558e-02
5580.02 1.9491e-05 1.5576e-01 8.0913e-01 3.5086e-02
5920.87 6.5991e-06 8.1135e-02 8.7126e-01 4.7598e-02
6282.54 3.1824e-06 5.2371e-02 8.8348e-01 6.4143e-02
6666.30 3.0541e-06 5.6179e-02 8.8241e-01 6.1405e-02
7073.50 2.9185e-06 5.4638e-02 8.7629e-01 6.9068e-02
7505.58 2.8422e-06 5.8212e-02 8.7206e-01 6.9730e-02
7964.05 3.8253e-06 7.3173e-02 8.6734e-01 5.9482e-02
8450.53 1.0158e-05 1.3524e-01 8.1379e-01 5.0958e-02
8966.72 2.3197e-05 2.4241e-01 7.2319e-01 3.4384e-02
9514.44 6.2569e-05 4.1913e-01 5.6027e-01 2.0542e-02
10095.62 1.1470e-04 5.5129e-01 4.3603e-01 1.2565e-02
10712.30 1.9050e-04 6.7059e-01 3.2181e-01 7.4063e-03
11366.65 2.0947e-04 7.1698e-01 2.7765e-01 5.1608e-03
12061.10 2.0901e-04 7.6220e-01 2.3354e-01 4.0590e-03
12793.43 2.1693e-04 7.6747e-01 2.2852e-01 3.7936e-03
13528.61 1.7785e-04 7.6300e-01 2.3272e-01 4.0956e-03
14194.74 1.2519e-04 7.2100e-01 2.7365e-01 5.2270e-03
14757.77 7.8684e-05 6.6241e-01 3.3129e-01 6.2168e-03
15240.48 7.0165e-05 6.4142e-01 3.5321e-01 5.3061e-03
15646.99 6.6421e-05 5.3788e-01 4.5734e-01 4.7218e-03
15960.30 8.7059e-05 5.6815e-01 4.2900e-01 2.7643e-03
16187.41 1.1484e-04 5.3178e-01 4.6561e-01 2.4981e-03
16354.17 9.9938e-05 4.5215e-01 5.4480e-01 2.9523e-03
16484.18 6.9706e-05 4.8274e-01 5.1427e-01 2.9186e-03
16593.12 7.6834e-05 4.3265e-01 5.6349e-01 3.7906e-03
16691.99 9.4041e-05 4.8466e-01 5.1144e-01 3.8019e-03
16788.59 3.9368e-05 3.0548e-01 6.8930e-01 5.1777e-03
16888.37 3.9613e-05 3.0790e-01 6.8616e-01 5.8992e-03
16998.79 2.9809e-05 3.3123e-01 6.6264e-01 6.1015e-03
17146.37 2.2131e-05 2.0524e-01 7.8767e-01 7.0645e-03
17415.23 1.3603e-05 1.3649e-01 8.5431e-01 9.1869e-03
17888.12 9.1090e-06 1.3593e-01 8.5301e-01 1.1044e-02
18532.37 2.8984e-06 6.4896e-02 9.2149e-01 1.3614e-02
19260.76 3.5394e-06 6.5787e-02 9.1874e-01 1.5470e-02
20034.10 1.5311e-06 4.2632e-02 9.3622e-01 2.1146e-02
20838.00 2.2794e-06 6.6480e-02 9.0844e-01 2.5077e-02
21647.97 1.6050e-06 4.5600e-02 9.2807e-01 2.6327e-02
22447.94 1.2441e-06 3.4962e-02 9.3024e-01 3.4794e-02
23245.88 1.6049e-06 5.1985e-02 9.0324e-01 4.4772e-02
24052.47 4.4114e-06 1.7409e-01 7.2916e-01 9.6747e-02
24867.72 1.3400e-06 5.3478e-02 8.6927e-01 7.7247e-02
25698.86 7.6542e-07 3.3704e-02 8.8426e-01 8.2031e-02
26587.16 1.4380e-06 6.0113e-02 8.4052e-01 9.9364e-02
27637.54 5.4136e-06 3.3046e-01 5.8151e-01 8.8023e-02
28986.97 3.4364e-06 2.2195e-01 6.6440e-01 1.1365e-01
#TIME: 226.46
#NVEL 78
#vel_mid[km/s] c0 c1 c2 c3
1060.83 9.3812e-04 9.3848e-01 6.0313e-02 2.6420e-04
1919.29 9.3860e-04 9.4591e-01 5.2947e-02 2.0872e-04
2581.60 7.5379e-04 9.2277e-01 7.6052e-02 4.2826e-04
3084.17 6.1774e-04 8.4714e-01 1.5093e-01 1.3139e-03
3472.46 4.0161e-04 7.0375e-01 2.9182e-01 4.0299e-03
3909.64 2.5527e-04 6.0232e-01 3.9018e-01 7.2469e-03
4148.46 2.3856e-04 6.3283e-01 3.5989e-01 7.0464e-03
4670.75 2.5210e-04 6.6450e-01 3.2933e-01 5.9194e-03
4956.05 1.7366e-04 5.6948e-01 4.1992e-01 1.0428e-02
5258.79 8.3707e-05 3.8324e-01 5.9917e-01 1.7507e-02
5580.02 1.9314e-05 1.6365e-01 8.0246e-01 3.3876e-02
5920.87 5.5714e-06 7.3253e-02 8.7728e-01 4.9461e-02
6282.54 3.4129e-06 5.5370e-02 8.8495e-01 5.9676e-02
6666.30 3.0685e-06 5.4072e-02 8.8397e-01 6.1952e-02
7073.50 3.0170e-06 5.5926e-02 8.8173e-01 6.2339e-02
7505.58 2.7676e-06 5.4756e-02 8.7331e-01 7.1929e-02
7964.05 4.0892e-06 7.5963e-02 8.6240e-01 6.1628e-02
8450.53 1.0644e-05 1.4035e-01 8.1060e-01 4.9032e-02
8966.72 2.5983e-05 2.5501e-01 7.1012e-01 3.4850e-02
9514.44 5.7969e-05 4.0703e-01 5.7134e-01 2.1571e-02
10095.62 1.0275e-04 5.5742e-01 4.3029e-01 1.2185e-02
10712.30 1.7700e-04 6.6938e-01 3.2304e-01 7.4048e-03
11366.65 2.0016e-04 7.3754e-01 2.5710e-01 5.1683e-03
12061.10 1.9857e-04 7.5533e-01 2.4027e-01 4.2015e-03
12793.43 1.9904e-04 7.8059e-01 2.1557e-01 3.6364e-03
13528.61 1.6007e-04 7.4844e-01 2.4696e-01 4.4395e-03
14194.74 1.5544e-04 7.1995e-01 2.7530e-01 4.5954e-03
14757.77 9.0638e-05 7.2137e-01 2.7308e-01 5.4616e-03
15240.48 8.2988e-05 6.9674e-01 2.9880e-01 4.3707e-03
15646.99 7.1938e-05 5.2684e-01 4.6849e-01 4.6024e-03
15960.30 9.0622e-05 4.9664e-01 5.0000e-01 3.2615e-03
16187.41 1.1911e-04 5.4925e-01 4.4826e-01 2.3674e-03
16354.17 1.1937e-04 5.2514e-01 4.7226e-01 2.4859e-03
16484.18 6.6104e-05 4.1707e-01 5.7969e-01 3.1776e-03
16593.12 4.2019e-05 3.4637e-01 6.4930e-01 4.2846e-03
16691.99 4.7406e-05 3.5864e-01 6.3658e-01 4.7294e-03
16788.59 5.1481e-05 2.8337e-01 7.1075e-01 5.8240e-03
16888.37 3.2640e-05 3.2327e-01 6.7193e-01 4.7667e-03
16998.79 2.2291e-05 1.9859e-01 7.9445e-01 6.9401e-03
17146.37 1.1973e-05 1.4688e-01 8.4453e-01 8.5805e-03
17415.23 1.0275e-05 1.3343e-01 8.5752e-01 9.0403e-03
17888.12 8.3995e-06 1.1470e-01 8.7414e-01 1.1153e-02
18532.37 6.1115e-06 1.1194e-01 8.7529e-01 1.2765e-02
19260.76 2.6490e-06 5.9768e-02 9.2345e-01 1.6776e-02
20034.10 1.8946e-06 4.8325e-02 9.3166e-01 2.0015e-02
20838.00 1.3711e-06 3.6749e-02 9.3474e-01 2.8511e-02
21647.97 1.2009e-06 3.4846e-02 9.3845e-01 2.6705e-02
22447.94 2.0358e-06 6.9438e-02 8.9270e-01 3.7858e-02
23245.88 2.5920e-06 9.1815e-02 8.6436e-01 4.3819e-02
24052.47 3.0132e-06 1.6985e-01 7.7751e-01 5.2634e-02
24867.72 9.9147e-06 4.9197e-01 4.6884e-01 3.9178e-02
25698.86 1.3677e-06 5.9451e-02 8.6207e-01 7.8480e-02
26587.16 7.2853e-07 2.9822e-02 8.7821e-01 9.1965e-02
27637.54 1.5014e-06 9.3024e-02 8.0019e-01 1.0679e-01
28986.97 4.7044e-06 2.9905e-01 5.8722e-01 1.1373e-01
#TIME: 229.71
#NVEL 78
#vel_mid[km/s] c0 c1 c2 c3
1060.83 1.0104e-03 9.4023e-01 5.8496e-02 2.6004e-04
1919.29 6.5495e-04 9.3398e-01 6.5000e-02 3.6125e-04
2581.60 7.8076e-04 9.2497e-01 7.3836e-02 4.1050e-04
3084.17 6.1091e-04 8.4870e-01 1.4936e-01 1.3261e-03
3472.46 3.7703e-04 6.9639e-01 2.9922e-01 4.0182e-03
3909.64 2.7949e-04 6.2231e-01 3.7030e-01 7.1077e-03
4148.46 2.6137e-04 6.3121e-01 3.6151e-01 7.0210e-03
4670.75 2.7284e-04 6.6728e-01 3.2684e-01 5.6111e-03
4956.05 2.0554e-04 6.0069e-01 3.9066e-01 8.4466e-03
5258.79 7.4856e-05 3.6396e-01 6.1656e-01 1.9409e-02
5580.02 1.9475e-05 1.7112e-01 7.9476e-01 3.4092e-02
5920.87 6.1713e-06 8.1561e-02 8.6890e-01 4.9534e-02
6282.54 3.4611e-06 5.6036e-02 8.8400e-01 5.9962e-02
6666.30 3.0406e-06 5.4140e-02 8.8336e-01 6.2498e-02
7073.50 2.9972e-06 5.5771e-02 8.8019e-01 6.4036e-02
7505.58 2.8245e-06 5.5302e-02 8.7377e-01 7.0924e-02
7964.05 4.1126e-06 7.9393e-02 8.5954e-01 6.1060e-02
8450.53 9.6258e-06 1.3164e-01 8.1734e-01 5.1012e-02
8966.72 2.4668e-05 2.6331e-01 7.0448e-01 3.2193e-02
9514.44 5.7731e-05 4.1361e-01 5.6455e-01 2.1779e-02
10095.62 1.2262e-04 5.7564e-01 4.1238e-01 1.1854e-02
10712.30 1.5359e-04 6.6479e-01 3.2796e-01 7.0997e-03
11366.65 2.1030e-04 7.1559e-01 2.7876e-01 5.4313e-03
12061.10 2.0996e-04 7.7245e-01 2.2332e-01 4.0266e-03
12793.43 2.0811e-04 7.8441e-01 2.1185e-01 3.5325e-03
13528.61 1.6649e-04 7.7739e-01 2.1874e-01 3.7032e-03
14194.74 1.0149e-04 7.7290e-01 2.2323e-01 3.7688e-03
14757.77 9.9446e-05 6.7549e-01 3.1892e-01 5.4869e-03
15240.48 7.4834e-05 6.1626e-01 3.7794e-01 5.7290e-03
15646.99 9.1310e-05 6.4646e-01 3.4990e-01 3.5506e-03
15960.30 1.0837e-04 5.6902e-01 4.2822e-01 2.6476e-03
16187.41 1.4669e-04 6.1109e-01 3.8670e-01 2.0699e-03
16354.17 1.0758e-04 4.6517e-01 5.3206e-01 2.6599e-03
16484.18 7.0923e-05 3.7137e-01 6.2521e-01 3.3470e-03
16593.12 6.9898e-05 4.4176e-01 5.5472e-01 3.4555e-03
16691.99 6.1919e-05 4.7846e-01 5.1770e-01 3.7759e-03
16788.59 6.9815e-05 3.3251e-01 6.6287e-01 4.5467e-03
16888.37 3.9040e-05 2.2518e-01 7.6880e-01 5.9805e-03
16998.79 2.5785e-05 2.3128e-01 7.6220e-01 6.4958e-03
17146.37 1.7100e-05 2.1922e-01 7.7289e-01 7.8731e-03
17415.23 1.2832e-05 1.6410e-01 8.2749e-01 8.4036e-03
17888.12 7.2007e-06 1.0342e-01 8.8512e-01 1.1451e-02
18532.37 3.8755e-06 6.9545e-02 9.1661e-01 1.3841e-02
19260.76 3.5816e-06 7.3978e-02 9.0856e-01 1.7461e-02
20034.10 2.5764e-06 5.7876e-02 9.1726e-01 2.4866e-02
20838.00 2.6975e-06 6.8531e-02 9.0616e-01 2.5302e-02
21647.97 1.1756e-06 3.3270e-02 9.3648e-01 3.0252e-02
22447.94 4.5423e-06 1.4145e-01 8.1604e-01 4.2513e-02
23245.88 2.5843e-06 8.4578e-02 8.7754e-01 3.7880e-02
24052.47 2.3204e-06 9.5403e-02 8.5004e-01 5.4552e-02
24867.72 1.2167e-05 4.1141e-01 5.4624e-01 4.2334e-02
25698.86 1.2177e-06 6.2147e-02 5.8472e-01 3.5313e-01
26587.16 9.4332e-07 5.7517e-02 7.1996e-01 2.2252e-01
27637.54 7.1209e-07 3.7267e-02 8.1198e-01 1.5075e-01
28986.97 4.6438e-06 2.5207e-01 6.2749e-01 1.2044e-01
#TIME: 233.01
#NVEL 78
#vel_mid[km/s] c0 c1 c2 c3
1060.83 9.4077e-04 9.4510e-01 5.3730e-02 2.2480e-04
1919.29 7.3287e-03 9.3521e-01 5.7200e-02 2.6527e-04
2581.60 7.5485e-04 9.2482e-01 7.4020e-02 4.0308e-04
3084.17 6.3001e-04 8.4768e-01 1.5037e-01 1.3149e-03
3472.46 4.0042e-04 7.0177e-01 2.9380e-01 4.0294e-03
3909.64 2.4700e-04 6.1266e-01 3.7994e-01 7.1455e-03
4148.46 2.4673e-04 6.2584e-01 3.6708e-01 6.8290e-03
4670.75 2.5091e-04 6.6860e-01 3.2550e-01 5.6476e-03
4956.05 1.8983e-04 5.7246e-01 4.1749e-01 9.8647e-03
5258.79 7.6705e-05 3.5620e-01 6.2475e-01 1.8969e-02
5580.02 2.0753e-05 1.6280e-01 8.0430e-01 3.2881e-02
5920.87 6.1994e-06 8.1004e-02 8.7360e-01 4.5388e-02
6282.54 3.6716e-06 5.9046e-02 8.8350e-01 5.7451e-02
6666.30 3.2038e-06 5.4075e-02 8.8306e-01 6.2867e-02
7073.50 2.5260e-06 4.8065e-02 8.8237e-01 6.9565e-02
7505.58 2.9439e-06 5.8937e-02 8.7391e-01 6.7148e-02
7964.05 3.8540e-06 7.1693e-02 8.6133e-01 6.6974e-02
8450.53 1.0056e-05 1.3861e-01 8.1383e-01 4.7551e-02
8966.72 2.5469e-05 2.5526e-01 7.1201e-01 3.2707e-02
9514.44 5.7538e-05 4.0578e-01 5.7180e-01 2.2356e-02
10095.62 1.1986e-04 5.6964e-01 4.1786e-01 1.2382e-02
10712.30 1.7137e-04 6.6935e-01 3.2307e-01 7.4082e-03
11366.65 2.0303e-04 7.2434e-01 2.7033e-01 5.1300e-03
12061.10 1.9802e-04 7.5731e-01 2.3797e-01 4.5244e-03
12793.43 2.2649e-04 7.9830e-01 1.9827e-01 3.2058e-03
13528.61 1.6545e-04 7.8741e-01 2.0885e-01 3.5795e-03
14194.74 1.0731e-04 7.5757e-01 2.3817e-01 4.1470e-03
14757.77 7.2432e-05 7.0854e-01 2.8642e-01 4.9669e-03
15240.48 8.9260e-05 6.6047e-01 3.3467e-01 4.7696e-03
15646.99 8.9797e-05 5.9913e-01 3.9690e-01 3.8792e-03
15960.30 1.2060e-04 6.1306e-01 3.8442e-01 2.3949e-03
16187.41 1.4461e-04 6.3327e-01 3.6457e-01 2.0169e-03
16354.17 1.4737e-04 5.9262e-01 4.0521e-01 2.0201e-03
16484.18 1.2174e-04 5.2756e-01 4.6967e-01 2.6547e-03
16593.12 8.8870e-05 4.8494e-01 5.1180e-01 3.1688e-03
16691.99 2.1329e-04 6.6759e-01 3.2986e-01 2.3316e-03
16788.59 7.0489e-05 2.3835e-01 7.5579e-01 5.7859e-03
16888.37 5.0977e-05 2.6631e-01 7.2705e-01 6.5912e-03
16998.79 4.3105e-05 3.0452e-01 6.8975e-01 5.6924e-03
17146.37 2.9825e-05 2.8465e-01 7.0847e-01 6.8501e-03
17415.23 1.4959e-05 1.9529e-01 7.9619e-01 8.4973e-03
17888.12 1.0817e-05 1.7705e-01 8.1244e-01 1.0505e-02
18532.37 4.3185e-06 7.1929e-02 9.1374e-01 1.4323e-02
19260.76 4.5646e-06 8.6111e-02 8.9803e-01 1.5854e-02
20034.10 2.6297e-06 5.0861e-02 9.2571e-01 2.3423e-02
20838.00 2.4082e-06 5.6693e-02 9.1908e-01 2.4225e-02
21647.97 2.1622e-06 5.5775e-02 9.1140e-01 3.2824e-02
22447.94 1.3706e-06 3.3773e-02 9.2722e-01 3.9007e-02
23245.88 7.0024e-07 2.0894e-02 9.3463e-01 4.4478e-02
24052.47 2.7960e-06 1.0440e-01 8.2505e-01 7.0547e-02
24867.72 4.8719e-06 1.9752e-01 7.4900e-01 5.3478e-02
25698.86 2.5823e-06 7.7240e-02 6.8480e-01 2.3796e-01
26587.16 4.5045e-07 2.6230e-02 8.8064e-01 9.3130e-02
27637.54 8.7600e-07 5.2300e-02 8.3861e-01 1.0909e-01
28986.97 5.1688e-06 2.9845e-01 5.8772e-01 1.1382e-01
#TIME: 236.36
#NVEL 78
#vel_mid[km/s] c0 c1 c2 c3
1060.83 1.4387e-03 9.4310e-01 5.5230e-02 2.2856e-04
1919.29 2.7573e-03 9.4289e-01 5.4118e-02 2.2934e-04
2581.60 8.2127e-04 9.2574e-01 7.3035e-02 4.0725e-04
3084.17 6.7320e-04 8.4829e-01 1.4972e-01 1.3252e-03
3472.46 4.4107e-04 7.1033e-01 2.8550e-01 3.7313e-03
3909.64 2.7569e-04 6.1832e-01 3.7458e-01 6.8274e-03
4148.46 2.4703e-04 6.4431e-01 3.4891e-01 6.5315e-03
4670.75 2.6561e-04 6.7873e-01 3.1537e-01 5.6307e-03
4956.05 1.7762e-04 5.8865e-01 4.0146e-01 9.7096e-03
5258.79 7.8044e-05 3.6915e-01 6.1180e-01 1.8964e-02
5580.02 1.9934e-05 1.5878e-01 8.0659e-01 3.4608e-02
5920.87 6.3391e-06 7.6409e-02 8.7707e-01 4.6517e-02
6282.54 3.6881e-06 5.8879e-02 8.7829e-01 6.2828e-02
6666.30 2.9650e-06 5.1169e-02 8.8848e-01 6.0344e-02
7073.50 2.6242e-06 4.8869e-02 8.8584e-01 6.5287e-02
7505.58 2.5752e-06 5.1956e-02 8.7245e-01 7.5592e-02
7964.05 3.8596e-06 7.3289e-02 8.6266e-01 6.4047e-02
8450.53 9.2847e-06 1.2992e-01 8.2143e-01 4.8642e-02
8966.72 2.5428e-05 2.4900e-01 7.1848e-01 3.2499e-02
9514.44 6.4353e-05 4.1907e-01 5.6012e-01 2.0740e-02
10095.62 1.1717e-04 5.6201e-01 4.2546e-01 1.2409e-02
10712.30 1.8011e-04 6.7516e-01 3.1770e-01 6.9617e-03
11366.65 2.1624e-04 7.2329e-01 2.7130e-01 5.2007e-03
12061.10 2.0602e-04 7.4707e-01 2.4837e-01 4.3575e-03
12793.43 1.7522e-04 7.8463e-01 2.1169e-01 3.5016e-03
13528.61 1.3542e-04 7.8475e-01 2.1171e-01 3.4067e-03
14194.74 1.0562e-04 7.3829e-01 2.5720e-01 4.4076e-03
14757.77 7.3007e-05 6.5409e-01 3.3969e-01 6.1530e-03
15240.48 8.9322e-05 6.7786e-01 3.1757e-01 4.4837e-03
15646.99 1.0918e-04 6.4502e-01 3.5137e-01 3.5021e-03
15960.30 1.1556e-04 5.7381e-01 4.2360e-01 2.4789e-03
16187.41 1.4357e-04 5.7288e-01 4.2490e-01 2.0706e-03
16354.17 1.3490e-04 5.9501e-01 4.0284e-01 2.0107e-03
16484.18 1.1100e-04 3.8138e-01 6.1566e-01 2.8534e-03
16593.12 6.2437e-05 3.1970e-01 6.7614e-01 4.1035e-03
16691.99 7.2325e-05 6.2112e-01 3.7584e-01 2.9698e-03
16788.59 1.5279e-04 4.7006e-01 5.2595e-01 3.8377e-03
16888.37 7.0058e-05 2.9776e-01 6.9756e-01 4.6111e-03
16998.79 2.6034e-05 2.8389e-01 7.1003e-01 6.0452e-03
17146.37 6.2925e-05 3.5740e-01 6.3650e-01 6.0304e-03
17415.23 2.0736e-05 1.5436e-01 8.3717e-01 8.4523e-03
17888.12 1.1468e-05 1.4737e-01 8.4202e-01 1.0593e-02
18532.37 5.6750e-06 8.4582e-02 9.0263e-01 1.2783e-02
19260.76 5.5427e-06 8.9007e-02 8.9521e-01 1.5776e-02
20034.10 5.1913e-06 8.3115e-02 8.9824e-01 1.8644e-02
20838.00 4.3737e-06 8.2532e-02 8.9445e-01 2.3017e-02
21647.97 2.5851e-06 6.4503e-02 9.0856e-01 2.6934e-02
22447.94 3.3669e-06 7.0907e-02 8.8430e-01 4.4793e-02
23245.88 5.1672e-06 1.2131e-01 8.3631e-01 4.2370e-02
24052.47 3.0816e-06 9.0541e-02 8.3928e-01 7.0176e-02
24867.72 6.9277e-07 2.8492e-02 8.0602e-01 1.6548e-01
25698.86 8.9371e-07 3.8086e-02 8.7278e-01 8.9131e-02
26587.16 5.5187e-07 2.5137e-02 8.7925e-01 9.5616e-02
27637.54 7.3652e-06 3.6744e-01 5.5373e-01 7.8828e-02
28986.97 6.3973e-06 3.0210e-01 5.8617e-01 1.1173e-01
#TIME: 239.76
#NVEL 78
#vel_mid[km/s] c0 c1 c2 c3
1060.83 1.2209e-03 9.4470e-01 5.3860e-02 2.2046e-04
1919.29 2.4502e-03 9.4433e-01 5.3001e-02 2.1967e-04
2581.60 7.8796e-04 9.2645e-01 7.2378e-02 3.8814e-04
3084.17 6.1997e-04 8.5139e-01 1.4673e-01 1.2550e-03
3472.46 4.4207e-04 7.0625e-01 2.8941e-01 3.8944e-03
3909.64 2.7606e-04 6.1524e-01 3.7694e-01 7.5418e-03
4148.46 2.7582e-04 6.3079e-01 3.6250e-01 6.4366e-03
4670.75 2.8654e-04 6.5896e-01 3.3502e-01 5.7284e-03
4956.05 1.9213e-04 5.4866e-01 4.4113e-01 1.0019e-02
5258.79 8.0869e-05 3.5937e-01 6.2150e-01 1.9053e-02
5580.02 2.1143e-05 1.6363e-01 8.0024e-01 3.6110e-02
5920.87 7.0263e-06 8.0260e-02 8.7185e-01 4.7888e-02
6282.54 3.5572e-06 5.8843e-02 8.8078e-01 6.0377e-02
6666.30 2.8488e-06 5.1115e-02 8.8296e-01 6.5919e-02
7073.50 2.6921e-06 5.2479e-02 8.8102e-01 6.6500e-02
7505.58 2.8381e-06 5.5818e-02 8.7545e-01 6.8732e-02
7964.05 3.9992e-06 7.4412e-02 8.6002e-01 6.5561e-02
8450.53 9.4585e-06 1.2803e-01 8.2195e-01 5.0006e-02
8966.72 2.5024e-05 2.6291e-01 7.0275e-01 3.4313e-02
9514.44 5.8434e-05 4.0950e-01 5.6948e-01 2.0967e-02
10095.62 1.0740e-04 5.5790e-01 4.2958e-01 1.2413e-02
10712.30 1.7038e-04 6.6276e-01 3.2970e-01 7.3767e-03
11366.65 2.1981e-04 7.2944e-01 2.6544e-01 4.8995e-03
12061.10 2.1041e-04 7.5699e-01 2.3840e-01 4.3993e-03
