#NTIMES:    67
#NSTAGES:     4
#TIMES[d]:     0.550    0.605    0.733    0.806    0.887    0.976    1.074    1.181    1.300    1.430    1.573    1.730    1.900    2.090    2.300    2.530    2.783    3.061    3.367    3.704    4.074    4.481    4.929    5.422    5.964    6.560    7.216    7.938    8.732    9.600   10.560   11.620   12.780   14.060   15.470   17.020   18.720   20.590   22.650   24.910   27.400   30.140   33.150   36.460   40.110   44.120   48.530   53.380   58.720   64.590   71.050   78.160   86.000   94.600  104.100  114.500  126.000  138.600  152.500  167.800  184.600  203.100  223.400  245.800  270.400  297.400  320.000
#
#TIME:     0.550
#NVEL: 115
#vel_mid[km/s]           sc0           sc1           sc2           sc3
    8.484663E+02   1.0000E-099   8.6286E-013   5.1197E-006   9.9999E-001
    8.542546E+02   1.0000E-099   8.6286E-013   5.1197E-006   9.9999E-001
    8.718573E+02   1.0000E-099   8.6286E-013   5.1197E-006   9.9999E-001
    9.081584E+02   1.0000E-099   8.6287E-013   5.1197E-006   9.9999E-001
    9.674554E+02   1.0000E-099   8.6288E-013   5.1198E-006   9.9999E-001
    1.028597E+03   1.0000E-099   8.6301E-013   5.1201E-006   9.9999E-001
    1.093605E+03   1.0000E-099   8.6245E-013   5.1175E-006   9.9999E-001
    1.162722E+03   1.0000E-099   8.6029E-013   5.1096E-006   9.9999E-001
    1.236207E+03   1.0000E-099   8.5740E-013   5.1058E-006   9.9999E-001
    1.314336E+03   1.0000E-099   8.4425E-013   5.1212E-006   9.9999E-001
    1.397402E+03   1.0000E-099   5.5100E-013   4.3789E-006   1.0000E+000
    1.485719E+03   1.0000E-099   3.8390E-013   3.8495E-006   1.0000E+000
    1.579618E+03   1.0000E-099   3.7625E-013   3.8253E-006   1.0000E+000
    1.679450E+03   1.0000E-099   3.0178E-013   3.5245E-006   1.0000E+000
    1.785593E+03   1.0000E-099   2.2242E-013   3.1388E-006   1.0000E+000
    1.898443E+03   1.0000E-099   1.6693E-013   2.7740E-006   1.0000E+000
    2.018426E+03   1.0000E-099   1.2606E-013   2.4891E-006   1.0000E+000
    2.145992E+03   1.0000E-099   9.2554E-014   2.1854E-006   1.0000E+000
    2.281620E+03   1.0000E-099   6.8366E-014   1.9350E-006   1.0000E+000
    2.425820E+03   1.0000E-099   5.0401E-014   1.7008E-006   1.0000E+000
    2.579133E+03   1.0000E-099   3.9901E-014   1.5370E-006   1.0000E+000
    2.742135E+03   1.0000E-099   3.3435E-014   1.4143E-006   1.0000E+000
    2.915440E+03   1.0000E-099   3.0030E-014   1.3301E-006   1.0000E+000
    3.099698E+03   1.0000E-099   2.9103E-014   1.2786E-006   1.0000E+000
    3.295601E+03   1.0000E-099   3.3756E-014   1.3200E-006   1.0000E+000
    3.503885E+03   1.0000E-099   4.3702E-014   1.3786E-006   1.0000E+000
    3.725332E+03   1.0000E-099   8.8247E-014   1.8644E-006   1.0000E+000
    3.960775E+03   1.0000E-099   1.6743E-013   2.5726E-006   1.0000E+000
    4.211099E+03   1.0000E-099   1.8921E-013   2.2385E-006   1.0000E+000
    4.477243E+03   1.0000E-099   2.0411E-013   2.2408E-006   1.0000E+000
    4.760207E+03   1.0000E-099   1.8479E-013   2.1165E-006   1.0000E+000
    5.061055E+03   1.0000E-099   1.4830E-013   1.9121E-006   1.0000E+000
    5.380917E+03   1.0000E-099   1.2173E-013   1.7447E-006   1.0000E+000
    5.720994E+03   1.0000E-099   1.0671E-013   1.6295E-006   1.0000E+000
    6.082565E+03   1.0000E-099   1.0219E-013   1.5889E-006   1.0000E+000
    6.466986E+03   1.0000E-099   1.0766E-013   1.6061E-006   1.0000E+000
    6.875704E+03   1.0000E-099   1.1759E-013   1.6444E-006   1.0000E+000
    7.310253E+03   1.0000E-099   1.3751E-013   1.7480E-006   1.0000E+000
    7.772265E+03   1.0000E-099   1.6601E-013   1.8825E-006   1.0000E+000
    8.263477E+03   1.0000E-099   2.2999E-013   2.1745E-006   1.0000E+000
    8.785734E+03   1.0000E-099   4.7777E-013   3.0738E-006   1.0000E+000
    9.340997E+03   1.0000E-099   4.5790E-012   1.0429E-005   9.9999E-001
    9.929841E+03   1.0000E-099   3.5333E-010   1.5849E-004   9.9984E-001
    1.041447E+04   1.0000E-099   3.2354E-008   3.5715E-003   9.9643E-001
    1.083674E+04   1.0000E-099   6.0664E-006   1.2381E-001   8.7618E-001
    1.136786E+04   1.0000E-099   4.1143E-003   9.9469E-001   1.1914E-003
    1.167027E+04   1.0000E-099   1.8429E-002   9.8147E-001   9.9947E-005
    1.185735E+04   1.0000E-099   3.7506E-002   9.6246E-001   2.9400E-005
    1.198132E+04   1.0000E-099   1.0946E-001   8.9054E-001   2.0461E-006
    1.207995E+04   1.0000E-099   2.4770E-001   7.5230E-001   1.5799E-007
    1.216774E+04   1.0000E-099   3.6377E-001   6.3623E-001   3.2367E-008
    1.225420E+04   1.0000E-099   5.0452E-001   4.9548E-001   5.9201E-009
    1.234075E+04   1.0000E-099   6.4924E-001   3.5076E-001   9.7100E-010
    1.244043E+04   1.0000E-099   7.5604E-001   2.4396E-001   1.9475E-010
    1.256653E+04   1.0000E-099   8.0226E-001   1.9774E-001   7.7430E-011
    1.291944E+04   1.0000E-099   7.5854E-001   2.4146E-001   1.1932E-010
    1.356464E+04   1.0000E-099   5.2158E-001   4.7842E-001   1.5378E-009
    1.414194E+04   1.0000E-099   4.0658E-001   5.9342E-001   3.7579E-009
    1.463678E+04   1.0000E-099   4.4952E-001   5.5048E-001   1.7384E-009
    1.515385E+04   1.0000E-099   5.0639E-001   4.9361E-001   8.0667E-010
    1.570238E+04   1.0000E-099   6.3555E-001   3.6445E-001   1.6540E-010
    1.628316E+04   1.0000E-099   8.5100E-001   1.4900E-001   4.3635E-012
    1.695591E+04   1.0000E-099   9.4821E-001   5.1788E-002   1.4708E-013
    1.773545E+04   1.0000E-099   9.8013E-001   1.9874E-002   6.3005E-015
    1.852426E+04   1.0000E-099   9.8923E-001   1.0771E-002   6.0431E-016
    1.933673E+04   1.0000E-099   9.9266E-001   7.3352E-003   1.4513E-016
    2.006825E+04   1.0000E-099   9.9189E-001   8.1100E-003   1.2098E-016
    2.082304E+04   1.0000E-099   9.9031E-001   9.6886E-003   1.6161E-016
    2.162788E+04   1.0000E-099   9.9083E-001   9.1664E-003   1.4944E-016
    2.248295E+04   1.0000E-099   9.8756E-001   1.2439E-002   3.7509E-016
    2.340334E+04   1.0000E-099   9.8814E-001   1.1857E-002   3.8478E-016
    2.427003E+04   1.0000E-099   9.8404E-001   1.5958E-002   8.3172E-016
    2.528269E+04   1.0000E-099   9.8147E-001   1.8534E-002   1.1469E-015
    2.627013E+04   1.0000E-099   9.8242E-001   1.7583E-002   1.0304E-015
    2.723040E+04   1.0000E-099   9.7364E-001   2.6355E-002   2.4021E-015
    2.827004E+04   1.0000E-099   9.6805E-001   3.1954E-002   3.4311E-015
    2.934273E+04   1.0000E-099   9.5619E-001   4.3809E-002   6.4715E-015
    3.052012E+04   1.0000E-099   9.4154E-001   5.8462E-002   1.1427E-014
    3.176086E+04   1.0000E-099   9.2863E-001   7.1368E-002   1.7222E-014
    3.295538E+04   1.0000E-099   9.2451E-001   7.5494E-002   1.9631E-014
    3.403161E+04   1.0000E-099   9.1919E-001   8.0810E-002   2.3753E-014
    3.500379E+04   1.0000E-099   9.0726E-001   9.2743E-002   3.3775E-014
    3.593430E+04   1.0000E-099   8.9111E-001   1.0889E-001   5.0164E-014
    3.686142E+04   1.0000E-099   8.7357E-001   1.2643E-001   7.1980E-014
    3.781660E+04   1.0000E-099   8.5793E-001   1.4207E-001   9.6067E-014
    3.881204E+04   1.0000E-099   8.4852E-001   1.5148E-001   1.1566E-013
    3.984228E+04   1.0000E-099   8.4464E-001   1.5536E-001   1.3081E-013
    4.090108E+04   1.0000E-099   8.4463E-001   1.5537E-001   1.4328E-013
    4.198933E+04   1.0000E-099   8.4756E-001   1.5244E-001   1.5331E-013
    4.310952E+04   1.0000E-099   8.5225E-001   1.4775E-001   1.6095E-013
    4.426353E+04   1.0000E-099   8.5759E-001   1.4241E-001   1.6655E-013
    4.545322E+04   1.0000E-099   8.6172E-001   1.3828E-001   1.7244E-013
    4.667980E+04   1.0000E-099   8.6291E-001   1.3709E-001   1.8188E-013
    4.794258E+04   1.0000E-099   8.6004E-001   1.3996E-001   1.9750E-013
    4.924062E+04   1.0000E-099   8.5258E-001   1.4742E-001   2.2109E-013
    5.057272E+04   1.0000E-099   8.4064E-001   1.5936E-001   2.5378E-013
    5.193717E+04   1.0000E-099   8.2634E-001   1.7366E-001   2.9278E-013
    5.333235E+04   1.0000E-099   8.1159E-001   1.8841E-001   3.3368E-013
    5.475676E+04   1.0000E-099   7.9770E-001   2.0230E-001   3.7215E-013
    5.620758E+04   1.0000E-099   7.8752E-001   2.1248E-001   4.0078E-013
    5.768166E+04   1.0000E-099   7.8360E-001   2.1640E-001   4.1303E-013
    5.917412E+04   1.0000E-099   7.8482E-001   2.1518E-001   4.1086E-013
    6.067730E+04   1.0000E-099   7.8874E-001   2.1126E-001   3.9947E-013
    6.217708E+04   1.0000E-099   7.9560E-001   2.0440E-001   3.7895E-013
    6.366086E+04   1.0000E-099   8.0611E-001   1.9389E-001   3.4919E-013
    6.510379E+04   1.0000E-099   8.1854E-001   1.8146E-001   3.1459E-013
    6.648389E+04   1.0000E-099   8.2966E-001   1.7034E-001   2.8264E-013
    6.776932E+04   1.0000E-099   8.4051E-001   1.5949E-001   2.5137E-013
    6.895129E+04   1.0000E-099   8.5083E-001   1.4917E-001   2.1798E-013
    6.949055E+04   1.0000E-099   8.6090E-001   1.3910E-001   1.8339E-013
    6.976176E+04   1.0000E-099   8.6706E-001   1.3294E-001   1.5651E-013
    6.989776E+04   1.0000E-099   8.7204E-001   1.2796E-001   1.3079E-013
    6.996586E+04   1.0000E-099   8.7572E-001   1.2428E-001   1.1005E-013
    6.999823E+04   1.0000E-099   8.7809E-001   1.2191E-001   9.5240E-014
    6.999993E+04   1.0000E-099   8.7839E-001   1.2161E-001   9.3518E-014
#TIME:     0.605
#NVEL: 115
#vel_mid[km/s]           sc0           sc1           sc2           sc3
    8.484664E+02   1.0000E-099   6.7479E-013   4.3941E-006   1.0000E+000
    8.543246E+02   1.0000E-099   6.7479E-013   4.3941E-006   1.0000E+000
    8.721432E+02   1.0000E-099   6.7479E-013   4.3941E-006   1.0000E+000
    9.089031E+02   1.0000E-099   6.7480E-013   4.3941E-006   1.0000E+000
    9.682894E+02   1.0000E-099   6.7483E-013   4.3942E-006   1.0000E+000
    1.029084E+03   1.0000E-099   6.7502E-013   4.3947E-006   1.0000E+000
    1.093701E+03   1.0000E-099   6.7447E-013   4.3923E-006   1.0000E+000
    1.162375E+03   1.0000E-099   6.7160E-013   4.3824E-006   1.0000E+000
    1.235362E+03   1.0000E-099   6.6330E-013   4.3627E-006   1.0000E+000
    1.312931E+03   1.0000E-099   6.3082E-013   4.3119E-006   1.0000E+000
    1.395371E+03   1.0000E-099   4.1777E-013   3.7026E-006   1.0000E+000
    1.482988E+03   1.0000E-099   2.9742E-013   3.2809E-006   1.0000E+000
    1.576106E+03   1.0000E-099   2.8178E-013   3.2169E-006   1.0000E+000
    1.675071E+03   1.0000E-099   2.2688E-013   2.9675E-006   1.0000E+000
    1.780251E+03   1.0000E-099   1.6750E-013   2.6445E-006   1.0000E+000
    1.892034E+03   1.0000E-099   1.2467E-013   2.3300E-006   1.0000E+000
    2.010837E+03   1.0000E-099   9.4123E-014   2.0906E-006   1.0000E+000
    2.137099E+03   1.0000E-099   6.8755E-014   1.8329E-006   1.0000E+000
    2.271289E+03   1.0000E-099   5.0582E-014   1.6208E-006   1.0000E+000
    2.413905E+03   1.0000E-099   3.7194E-014   1.4243E-006   1.0000E+000
    2.565477E+03   1.0000E-099   2.9272E-014   1.2848E-006   1.0000E+000
    2.726565E+03   1.0000E-099   2.4407E-014   1.1807E-006   1.0000E+000
    2.897769E+03   1.0000E-099   2.1917E-014   1.1111E-006   1.0000E+000
    3.079722E+03   1.0000E-099   2.1091E-014   1.0656E-006   1.0000E+000
    3.273101E+03   1.0000E-099   2.4351E-014   1.0992E-006   1.0000E+000
    3.478622E+03   1.0000E-099   2.9458E-014   1.1121E-006   1.0000E+000
    3.697048E+03   1.0000E-099   6.1881E-014   1.5215E-006   1.0000E+000
    3.929188E+03   1.0000E-099   1.2551E-013   2.1581E-006   1.0000E+000
    4.175906E+03   1.0000E-099   1.3229E-013   1.8636E-006   1.0000E+000
    4.438115E+03   1.0000E-099   1.6638E-013   1.9773E-006   1.0000E+000
    4.716788E+03   1.0000E-099   1.5623E-013   1.8965E-006   1.0000E+000
    5.012959E+03   1.0000E-099   1.2823E-013   1.7275E-006   1.0000E+000
    5.327727E+03   1.0000E-099   1.0475E-013   1.5722E-006   1.0000E+000
    5.662260E+03   1.0000E-099   9.0890E-014   1.4626E-006   1.0000E+000
    6.017798E+03   1.0000E-099   8.5842E-014   1.4176E-006   1.0000E+000
    6.395661E+03   1.0000E-099   8.9789E-014   1.4322E-006   1.0000E+000
    6.797251E+03   1.0000E-099   9.7876E-014   1.4689E-006   1.0000E+000
    7.224056E+03   1.0000E-099   1.1438E-013   1.5642E-006   1.0000E+000
    7.677661E+03   1.0000E-099   1.3799E-013   1.6908E-006   1.0000E+000
    8.159748E+03   1.0000E-099   1.8899E-013   1.9519E-006   1.0000E+000
    8.672106E+03   1.0000E-099   3.5339E-013   2.6451E-006   1.0000E+000
    9.216636E+03   1.0000E-099   2.3840E-012   7.4576E-006   9.9999E-001
    9.793140E+03   1.0000E-099   1.0924E-010   7.9414E-005   9.9992E-001
    1.026683E+04   1.0000E-099   7.7328E-009   1.4638E-003   9.9854E-001
    1.070804E+04   1.0000E-099   1.7101E-006   5.8077E-002   9.4192E-001
    1.120152E+04   1.0000E-099   1.2085E-003   9.8925E-001   9.5452E-003
    1.159423E+04   1.0000E-099   1.7316E-002   9.8261E-001   7.5671E-005
    1.180243E+04   1.0000E-099   3.9354E-002   9.6063E-001   1.9656E-005
    1.192916E+04   1.0000E-099   8.1805E-002   9.1819E-001   3.6249E-006
    1.202084E+04   1.0000E-099   1.7689E-001   8.2311E-001   3.9813E-007
    1.209768E+04   1.0000E-099   2.9695E-001   7.0305E-001   6.2225E-008
    1.216841E+04   1.0000E-099   4.0234E-001   5.9766E-001   1.6003E-008
    1.223949E+04   1.0000E-099   5.2968E-001   4.7032E-001   3.4844E-009
    1.231406E+04   1.0000E-099   6.5512E-001   3.4488E-001   7.1243E-010
    1.239842E+04   1.0000E-099   7.4896E-001   2.5104E-001   1.7459E-010
    1.256481E+04   1.0000E-099   8.2238E-001   1.7762E-001   4.0467E-011
    1.321135E+04   1.0000E-099   7.2023E-001   2.7977E-001   1.2990E-010
    1.378971E+04   1.0000E-099   5.6131E-001   4.3869E-001   6.4439E-010
    1.426236E+04   1.0000E-099   5.3968E-001   4.6032E-001   6.0907E-010
    1.471893E+04   1.0000E-099   6.1990E-001   3.8010E-001   1.8779E-010
    1.520339E+04   1.0000E-099   7.4554E-001   2.5446E-001   3.1431E-011
    1.569984E+04   1.0000E-099   8.8015E-001   1.1985E-001   1.9970E-012
    1.625603E+04   1.0000E-099   9.5508E-001   4.4916E-002   6.4930E-014
    1.692188E+04   1.0000E-099   9.8568E-001   1.4321E-002   1.6855E-015
    1.755155E+04   1.0000E-099   9.9398E-001   6.0203E-003   8.9798E-017
    1.815678E+04   1.0000E-099   9.9641E-001   3.5939E-003   1.1964E-017
    1.877630E+04   1.0000E-099   9.9761E-001   2.3858E-003   2.2825E-018
    1.943029E+04   1.0000E-099   9.9834E-001   1.6648E-003   5.7792E-019
    2.010428E+04   1.0000E-099   9.9814E-001   1.8626E-003   5.0592E-019
    2.090850E+04   1.0000E-099   9.9780E-001   2.2013E-003   6.3257E-019
    2.182676E+04   1.0000E-099   9.9783E-001   2.1675E-003   6.5747E-019
    2.283367E+04   1.0000E-099   9.9708E-001   2.9181E-003   1.7426E-018
    2.394324E+04   1.0000E-099   9.9634E-001   3.6634E-003   3.5699E-018
    2.516734E+04   1.0000E-099   9.9466E-001   5.3385E-003   8.7781E-018
    2.638649E+04   1.0000E-099   9.9438E-001   5.6233E-003   9.7388E-018
    2.758311E+04   1.0000E-099   9.9014E-001   9.8647E-003   3.6595E-017
    2.884269E+04   1.0000E-099   9.8579E-001   1.4210E-002   8.4722E-017
    3.014497E+04   1.0000E-099   9.7867E-001   2.1330E-002   2.4754E-016
    3.148085E+04   1.0000E-099   9.7142E-001   2.8577E-002   5.5109E-016
    3.276289E+04   1.0000E-099   9.6816E-001   3.1839E-002   8.1401E-016
    3.391810E+04   1.0000E-099   9.6497E-001   3.5028E-002   1.1997E-015
    3.495083E+04   1.0000E-099   9.5850E-001   4.1503E-002   2.2566E-015
    3.592850E+04   1.0000E-099   9.4870E-001   5.1298E-002   4.6580E-015
    3.688885E+04   1.0000E-099   9.3630E-001   6.3702E-002   9.3734E-015
    3.786912E+04   1.0000E-099   9.2202E-001   7.7983E-002   1.7313E-014
    3.888044E+04   1.0000E-099   9.0852E-001   9.1479E-002   2.7897E-014
    3.991994E+04   1.0000E-099   8.9642E-001   1.0358E-001   4.1199E-014
    4.098383E+04   1.0000E-099   8.8650E-001   1.1350E-001   5.7377E-014
    4.207443E+04   1.0000E-099   8.7972E-001   1.2028E-001   7.5577E-014
    4.319619E+04   1.0000E-099   8.7614E-001   1.2386E-001   9.4405E-014
    4.435339E+04   1.0000E-099   8.7488E-001   1.2512E-001   1.1250E-013
    4.555005E+04   1.0000E-099   8.7393E-001   1.2607E-001   1.3027E-013
    4.678738E+04   1.0000E-099   8.7123E-001   1.2877E-001   1.4981E-013
    4.806468E+04   1.0000E-099   8.6540E-001   1.3460E-001   1.7362E-013
    4.937985E+04   1.0000E-099   8.5566E-001   1.4434E-001   2.0391E-013
    5.073002E+04   1.0000E-099   8.4204E-001   1.5796E-001   2.4205E-013
    5.211198E+04   1.0000E-099   8.2656E-001   1.7344E-001   2.8535E-013
    5.352349E+04   1.0000E-099   8.1110E-001   1.8890E-001   3.2946E-013
    5.496004E+04   1.0000E-099   7.9706E-001   2.0294E-001   3.6964E-013
    5.642085E+04   1.0000E-099   7.8732E-001   2.1268E-001   3.9836E-013
    5.789881E+04   1.0000E-099   7.8401E-001   2.1599E-001   4.0992E-013
    5.939226E+04   1.0000E-099   7.8560E-001   2.1440E-001   4.0730E-013
    6.088737E+04   1.0000E-099   7.8978E-001   2.1022E-001   3.9548E-013
    6.237825E+04   1.0000E-099   7.9701E-001   2.0299E-001   3.7431E-013
    6.383998E+04   1.0000E-099   8.0769E-001   1.9231E-001   3.4441E-013
    6.526223E+04   1.0000E-099   8.1993E-001   1.8007E-001   3.1043E-013
    6.660986E+04   1.0000E-099   8.3076E-001   1.6924E-001   2.7935E-013
    6.786444E+04   1.0000E-099   8.4132E-001   1.5868E-001   2.4883E-013
    6.899777E+04   1.0000E-099   8.5162E-001   1.4838E-001   2.1528E-013
    6.951321E+04   1.0000E-099   8.6140E-001   1.3860E-001   1.8133E-013
    6.977237E+04   1.0000E-099   8.6742E-001   1.3258E-001   1.5469E-013
    6.990232E+04   1.0000E-099   8.7228E-001   1.2772E-001   1.2948E-013
    6.996738E+04   1.0000E-099   8.7584E-001   1.2416E-001   1.0938E-013
    6.999830E+04   1.0000E-099   8.7813E-001   1.2187E-001   9.5126E-014
    6.999993E+04   1.0000E-099   8.7841E-001   1.2159E-001   9.3472E-014
#TIME:     0.733
#NVEL: 115
#vel_mid[km/s]           sc0           sc1           sc2           sc3
    8.484664E+02   1.0000E-099   4.2327E-013   3.2833E-006   1.0000E+000
    8.528610E+02   1.0000E-099   4.2327E-013   3.2833E-006   1.0000E+000
    8.661820E+02   1.0000E-099   4.2327E-013   3.2833E-006   1.0000E+000
    8.934513E+02   1.0000E-099   4.2328E-013   3.2834E-006   1.0000E+000
    9.472405E+02   1.0000E-099   4.2331E-013   3.2835E-006   1.0000E+000
    1.007109E+03   1.0000E-099   4.2341E-013   3.2838E-006   1.0000E+000
    1.070759E+03   1.0000E-099   4.2326E-013   3.2830E-006   1.0000E+000
    1.138432E+03   1.0000E-099   4.2061E-013   3.2728E-006   1.0000E+000
    1.210381E+03   1.0000E-099   4.1219E-013   3.2456E-006   1.0000E+000
    1.286878E+03   1.0000E-099   3.8138E-013   3.1579E-006   1.0000E+000
    1.368209E+03   1.0000E-099   2.7429E-013   2.7890E-006   1.0000E+000
    1.454681E+03   1.0000E-099   1.9413E-013   2.4598E-006   1.0000E+000
    1.546618E+03   1.0000E-099   1.6720E-013   2.3272E-006   1.0000E+000
    1.644365E+03   1.0000E-099   1.3802E-013   2.1640E-006   1.0000E+000
    1.748290E+03   1.0000E-099   1.0280E-013   1.9344E-006   1.0000E+000
    1.858783E+03   1.0000E-099   7.5234E-014   1.6975E-006   1.0000E+000
    1.976259E+03   1.0000E-099   5.5951E-014   1.5102E-006   1.0000E+000
    2.101160E+03   1.0000E-099   4.0636E-014   1.3245E-006   1.0000E+000
    2.233954E+03   1.0000E-099   2.9292E-014   1.1608E-006   1.0000E+000
    2.375142E+03   1.0000E-099   2.1307E-014   1.0180E-006   1.0000E+000
    2.525252E+03   1.0000E-099   1.6358E-014   9.1000E-007   1.0000E+000
    2.684850E+03   1.0000E-099   1.3405E-014   8.3186E-007   1.0000E+000
    2.854534E+03   1.0000E-099   1.1912E-014   7.8078E-007   1.0000E+000
    3.034942E+03   1.0000E-099   1.1273E-014   7.4459E-007   1.0000E+000
    3.226752E+03   1.0000E-099   1.2865E-014   7.6568E-007   1.0000E+000
    3.430685E+03   1.0000E-099   1.4047E-014   7.4009E-007   1.0000E+000
    3.647506E+03   1.0000E-099   3.0733E-014   1.0201E-006   1.0000E+000
    3.878031E+03   1.0000E-099   6.9730E-014   1.5095E-006   1.0000E+000
    4.123125E+03   1.0000E-099   7.2669E-014   1.3545E-006   1.0000E+000
    4.383709E+03   1.0000E-099   1.0969E-013   1.5429E-006   1.0000E+000
    4.660762E+03   1.0000E-099   1.1326E-013   1.5463E-006   1.0000E+000
    4.955325E+03   1.0000E-099   9.8249E-014   1.4411E-006   1.0000E+000
    5.268505E+03   1.0000E-099   8.0395E-014   1.3097E-006   1.0000E+000
    5.601477E+03   1.0000E-099   6.9002E-014   1.2131E-006   1.0000E+000
    5.955494E+03   1.0000E-099   6.4513E-014   1.1710E-006   1.0000E+000
    6.331885E+03   1.0000E-099   6.7271E-014   1.1866E-006   1.0000E+000
    6.732064E+03   1.0000E-099   7.3899E-014   1.2297E-006   1.0000E+000
    7.157534E+03   1.0000E-099   8.7761E-014   1.3285E-006   1.0000E+000
    7.609895E+03   1.0000E-099   1.0838E-013   1.4666E-006   1.0000E+000
    8.090845E+03   1.0000E-099   1.5238E-013   1.7364E-006   1.0000E+000
    8.602191E+03   1.0000E-099   2.8916E-013   2.4379E-006   1.0000E+000
    9.145855E+03   1.0000E-099   1.8049E-012   6.9467E-006   9.9999E-001
    9.716757E+03   1.0000E-099   7.0356E-011   6.9983E-005   9.9993E-001
    1.017136E+04   1.0000E-099   4.2816E-009   1.1709E-003   9.9883E-001
    1.058976E+04   1.0000E-099   7.5857E-007   4.0357E-002   9.5964E-001
    1.103681E+04   1.0000E-099   4.1837E-004   9.5950E-001   4.0080E-002
    1.143091E+04   1.0000E-099   1.0251E-002   9.8965E-001   1.0223E-004
    1.169743E+04   1.0000E-099   4.3674E-002   9.5632E-001   8.4585E-006
    1.185375E+04   1.0000E-099   8.2900E-002   9.1710E-001   2.1472E-006
    1.195751E+04   1.0000E-099   1.5159E-001   8.4841E-001   4.2948E-007
    1.203767E+04   1.0000E-099   2.6816E-001   7.3184E-001   6.1397E-008
    1.210835E+04   1.0000E-099   4.1080E-001   5.8920E-001   9.5566E-009
    1.217533E+04   1.0000E-099   5.4994E-001   4.5006E-001   1.7810E-009
    1.224092E+04   1.0000E-099   6.6222E-001   3.3778E-001   4.1860E-010
    1.231061E+04   1.0000E-099   7.4650E-001   2.5350E-001   1.1775E-010
    1.238832E+04   1.0000E-099   8.0699E-001   1.9301E-001   3.8740E-011
    1.249177E+04   1.0000E-099   8.5451E-001   1.4549E-001   1.2838E-011
    1.273320E+04   1.0000E-099   9.0139E-001   9.8608E-002   2.7835E-012
    1.314431E+04   1.0000E-099   9.2886E-001   7.1144E-002   7.1268E-013
    1.356973E+04   1.0000E-099   9.4970E-001   5.0303E-002   1.8204E-013
    1.397745E+04   1.0000E-099   9.7137E-001   2.8626E-002   2.6807E-014
    1.437971E+04   1.0000E-099   9.8666E-001   1.3343E-002   2.6309E-015
    1.481384E+04   1.0000E-099   9.9476E-001   5.2445E-003   1.8045E-016
    1.527443E+04   1.0000E-099   9.9823E-001   1.7687E-003   7.4764E-018
    1.573281E+04   1.0000E-099   9.9932E-001   6.7791E-004   4.1609E-019
    1.619433E+04   1.0000E-099   9.9966E-001   3.3628E-004   4.0801E-020
    1.667669E+04   1.0000E-099   9.9983E-001   1.7049E-004   4.5737E-021
    1.717287E+04   1.0000E-099   9.9991E-001   9.3004E-005   5.9639E-022
    1.768426E+04   1.0000E-099   9.9993E-001   7.3826E-005   1.4351E-022
    1.825695E+04   1.0000E-099   9.9992E-001   7.9960E-005   6.1674E-023
    1.899553E+04   1.0000E-099   9.9992E-001   8.1550E-005   2.0219E-023
    1.999671E+04   1.0000E-099   9.9988E-001   1.2044E-004   1.9384E-023
    2.125276E+04   1.0000E-099   9.9978E-001   2.2379E-004   5.5519E-023
    2.259595E+04   1.0000E-099   9.9967E-001   3.3376E-004   1.5383E-022
    2.402403E+04   1.0000E-099   9.9937E-001   6.2756E-004   8.0568E-022
    2.554236E+04   1.0000E-099   9.9884E-001   1.1599E-003   3.4541E-021
    2.715756E+04   1.0000E-099   9.9812E-001   1.8750E-003   9.8248E-021
    2.877497E+04   1.0000E-099   9.9548E-001   4.5206E-003   1.0411E-019
    3.035869E+04   1.0000E-099   9.9207E-001   7.9274E-003   6.0079E-019
    3.187471E+04   1.0000E-099   9.8938E-001   1.0624E-002   2.0795E-018
    3.324789E+04   1.0000E-099   9.8817E-001   1.1834E-002   4.3222E-018
    3.445101E+04   1.0000E-099   9.8639E-001   1.3614E-002   1.1422E-017
    3.554577E+04   1.0000E-099   9.8295E-001   1.7050E-002   4.1902E-017
    3.658462E+04   1.0000E-099   9.7764E-001   2.2359E-002   1.6644E-016
    3.762248E+04   1.0000E-099   9.7001E-001   2.9991E-002   6.1439E-016
    3.867668E+04   1.0000E-099   9.6043E-001   3.9575E-002   1.8459E-015
    3.975213E+04   1.0000E-099   9.4898E-001   5.1025E-002   4.6918E-015
    4.084453E+04   1.0000E-099   9.3626E-001   6.3739E-002   1.0493E-014
    4.195824E+04   1.0000E-099   9.2387E-001   7.6135E-002   2.0730E-014
    4.309818E+04   1.0000E-099   9.1322E-001   8.6781E-002   3.5797E-014
    4.426979E+04   1.0000E-099   9.0461E-001   9.5394E-002   5.5518E-014
    4.547749E+04   1.0000E-099   8.9693E-001   1.0307E-001   7.8469E-014
    4.672340E+04   1.0000E-099   8.8861E-001   1.1139E-001   1.0471E-013
    4.800748E+04   1.0000E-099   8.7838E-001   1.2162E-001   1.3525E-013
    4.932825E+04   1.0000E-099   8.6536E-001   1.3464E-001   1.7163E-013
    5.068335E+04   1.0000E-099   8.4931E-001   1.5069E-001   2.1512E-013
    5.207013E+04   1.0000E-099   8.3198E-001   1.6802E-001   2.6339E-013
    5.348629E+04   1.0000E-099   8.1513E-001   1.8487E-001   3.1213E-013
    5.492827E+04   1.0000E-099   8.0002E-001   1.9998E-001   3.5653E-013
    5.639439E+04   1.0000E-099   7.8941E-001   2.1059E-001   3.8896E-013
    5.787868E+04   1.0000E-099   7.8542E-001   2.1458E-001   4.0354E-013
    5.937786E+04   1.0000E-099   7.8655E-001   2.1345E-001   4.0308E-013
    6.087934E+04   1.0000E-099   7.9043E-001   2.0957E-001   3.9270E-013
    6.237552E+04   1.0000E-099   7.9747E-001   2.0253E-001   3.7248E-013
    6.384322E+04   1.0000E-099   8.0804E-001   1.9196E-001   3.4312E-013
    6.526864E+04   1.0000E-099   8.2020E-001   1.7980E-001   3.0949E-013
    6.661842E+04   1.0000E-099   8.3098E-001   1.6902E-001   2.7863E-013
    6.787517E+04   1.0000E-099   8.4152E-001   1.5848E-001   2.4819E-013
    6.900452E+04   1.0000E-099   8.5181E-001   1.4819E-001   2.1466E-013
    6.951650E+04   1.0000E-099   8.6154E-001   1.3846E-001   1.8085E-013
    6.977391E+04   1.0000E-099   8.6753E-001   1.3247E-001   1.5429E-013
    6.990298E+04   1.0000E-099   8.7237E-001   1.2763E-001   1.2918E-013
    6.996760E+04   1.0000E-099   8.7590E-001   1.2410E-001   1.0919E-013
    6.999832E+04   1.0000E-099   8.7818E-001   1.2182E-001   9.5035E-014
    6.999993E+04   1.0000E-099   8.7846E-001   1.2154E-001   9.3392E-014
#TIME:     0.806
#NVEL: 115
#vel_mid[km/s]           sc0           sc1           sc2           sc3
    8.484664E+02   1.0000E-099   3.4064E-013   2.8670E-006   1.0000E+000
    8.540175E+02   1.0000E-099   3.4064E-013   2.8670E-006   1.0000E+000
    8.708899E+02   1.0000E-099   3.4064E-013   2.8670E-006   1.0000E+000
    9.056412E+02   1.0000E-099   3.4065E-013   2.8671E-006   1.0000E+000
    9.639886E+02   1.0000E-099   3.4068E-013   2.8672E-006   1.0000E+000
    1.024912E+03   1.0000E-099   3.4074E-013   2.8674E-006   1.0000E+000
    1.089687E+03   1.0000E-099   3.3981E-013   2.8635E-006   1.0000E+000
    1.158556E+03   1.0000E-099   3.3543E-013   2.8468E-006   1.0000E+000
    1.231778E+03   1.0000E-099   3.1812E-013   2.7855E-006   1.0000E+000
    1.309627E+03   1.0000E-099   2.6924E-013   2.6144E-006   1.0000E+000
    1.392396E+03   1.0000E-099   1.9098E-013   2.2953E-006   1.0000E+000
    1.480396E+03   1.0000E-099   1.4540E-013   2.0775E-006   1.0000E+000
    1.573958E+03   1.0000E-099   1.2210E-013   1.9433E-006   1.0000E+000
    1.673433E+03   1.0000E-099   9.6630E-014   1.7766E-006   1.0000E+000
    1.779195E+03   1.0000E-099   7.1981E-014   1.5832E-006   1.0000E+000
    1.891642E+03   1.0000E-099   5.2028E-014   1.3836E-006   1.0000E+000
    2.011195E+03   1.0000E-099   3.8396E-014   1.2259E-006   1.0000E+000
    2.138303E+03   1.0000E-099   2.7415E-014   1.0679E-006   1.0000E+000
    2.273445E+03   1.0000E-099   1.9728E-014   9.3499E-007   1.0000E+000
    2.417128E+03   1.0000E-099   1.4511E-014   8.2322E-007   1.0000E+000
    2.569892E+03   1.0000E-099   1.1342E-014   7.4064E-007   1.0000E+000
    2.732311E+03   1.0000E-099   9.5390E-015   6.8322E-007   1.0000E+000
    2.904995E+03   1.0000E-099   8.6410E-015   6.4450E-007   1.0000E+000
    3.088592E+03   1.0000E-099   8.6510E-015   6.2906E-007   1.0000E+000
    3.283793E+03   1.0000E-099   9.4816E-015   6.2693E-007   1.0000E+000
    3.491331E+03   1.0000E-099   1.3388E-014   6.8653E-007   1.0000E+000
    3.711985E+03   1.0000E-099   2.8332E-014   9.4605E-007   1.0000E+000
    3.946585E+03   1.0000E-099   5.4904E-014   1.2705E-006   1.0000E+000
    4.196011E+03   1.0000E-099   6.6643E-014   1.2294E-006   1.0000E+000
    4.461202E+03   1.0000E-099   9.2697E-014   1.3868E-006   1.0000E+000
    4.743153E+03   1.0000E-099   9.7266E-014   1.4084E-006   1.0000E+000
    5.042923E+03   1.0000E-099   8.2542E-014   1.2996E-006   1.0000E+000
    5.361639E+03   1.0000E-099   6.8464E-014   1.1865E-006   1.0000E+000
    5.700497E+03   1.0000E-099   6.0019E-014   1.1103E-006   1.0000E+000
    6.060772E+03   1.0000E-099   5.8454E-014   1.0928E-006   1.0000E+000
    6.443817E+03   1.0000E-099   6.2093E-014   1.1194E-006   1.0000E+000
    6.851070E+03   1.0000E-099   7.0616E-014   1.1859E-006   1.0000E+000
    7.284062E+03   1.0000E-099   8.6074E-014   1.3050E-006   1.0000E+000
    7.744419E+03   1.0000E-099   1.1193E-013   1.4899E-006   1.0000E+000
    8.233871E+03   1.0000E-099   1.6907E-013   1.8514E-006   1.0000E+000
    8.754256E+03   1.0000E-099   4.2870E-013   3.1268E-006   1.0000E+000
    9.307531E+03   1.0000E-099   4.2944E-012   1.2536E-005   9.9999E-001
    9.857056E+03   1.0000E-099   2.4314E-010   1.7567E-004   9.9982E-001
    1.026219E+04   1.0000E-099   1.5454E-008   3.0938E-003   9.9691E-001
    1.066046E+04   1.0000E-099   2.5325E-006   1.0009E-001   8.9991E-001
    1.108456E+04   1.0000E-099   7.2178E-004   9.8764E-001   1.1634E-002
    1.145920E+04   1.0000E-099   1.5113E-002   9.8485E-001   3.7088E-005
    1.170019E+04   1.0000E-099   5.6984E-002   9.4301E-001   3.6576E-006
    1.184807E+04   1.0000E-099   1.0191E-001   8.9809E-001   1.0111E-006
    1.194895E+04   1.0000E-099   1.7933E-001   8.2067E-001   2.1092E-007
    1.202846E+04   1.0000E-099   3.2071E-001   6.7929E-001   2.5423E-008
    1.209713E+04   1.0000E-099   4.9271E-001   5.0729E-001   3.0407E-009
    1.216131E+04   1.0000E-099   6.3664E-001   3.6336E-001   5.0287E-010
    1.222467E+04   1.0000E-099   7.4148E-001   2.5852E-001   1.0967E-010
    1.229131E+04   1.0000E-099   8.1747E-001   1.8253E-001   2.7440E-011
    1.236339E+04   1.0000E-099   8.7182E-001   1.2818E-001   7.4413E-012
    1.245100E+04   1.0000E-099   9.1364E-001   8.6362E-002   1.8595E-012
    1.259630E+04   1.0000E-099   9.5163E-001   4.8366E-002   2.6161E-013
    1.288977E+04   1.0000E-099   9.8174E-001   1.8260E-002   1.0719E-014
    1.326716E+04   1.0000E-099   9.9373E-001   6.2741E-003   3.6275E-016
    1.368028E+04   1.0000E-099   9.9786E-001   2.1444E-003   1.7599E-017
    1.412000E+04   1.0000E-099   9.9927E-001   7.2715E-004   1.3120E-018
    1.458947E+04   1.0000E-099   9.9976E-001   2.4048E-004   9.0794E-020
    1.507487E+04   1.0000E-099   9.9993E-001   6.9148E-005   4.2588E-021
    1.554368E+04   1.0000E-099   9.9998E-001   2.1025E-005   2.3712E-022
    1.599734E+04   1.0000E-099   9.9999E-001   9.3836E-006   2.6996E-023
    1.645628E+04   1.0000E-099   9.9999E-001   5.2866E-006   4.5002E-024
    1.692588E+04   1.0000E-099   1.0000E+000   3.2142E-006   8.0516E-025
    1.740008E+04   1.0000E-099   1.0000E+000   2.8334E-006   2.2976E-025
    1.790650E+04   1.0000E-099   1.0000E+000   4.3572E-006   1.4277E-025
    1.855795E+04   1.0000E-099   9.9999E-001   8.7907E-006   1.1837E-025
    1.953644E+04   1.0000E-099   9.9998E-001   2.0317E-005   1.2354E-025
    2.077905E+04   1.0000E-099   9.9994E-001   5.8635E-005   6.3889E-025
    2.209229E+04   1.0000E-099   9.9989E-001   1.1191E-004   2.3575E-024
    2.348854E+04   1.0000E-099   9.9978E-001   2.2063E-004   1.3511E-023
    2.497303E+04   1.0000E-099   9.9951E-001   4.8678E-004   8.8699E-023
    2.655134E+04   1.0000E-099   9.9912E-001   8.8184E-004   3.2961E-022
    2.823401E+04   1.0000E-099   9.9782E-001   2.1825E-003   3.4023E-021
    2.993365E+04   1.0000E-099   9.9524E-001   4.7577E-003   3.4788E-020
    3.153760E+04   1.0000E-099   9.9298E-001   7.0215E-003   1.6265E-019
    3.299099E+04   1.0000E-099   9.9196E-001   8.0388E-003   3.9286E-019
    3.426462E+04   1.0000E-099   9.9083E-001   9.1713E-003   1.1260E-018
    3.540831E+04   1.0000E-099   9.8851E-001   1.1491E-002   5.0305E-018
    3.648732E+04   1.0000E-099   9.8465E-001   1.5354E-002   2.7047E-017
    3.755144E+04   1.0000E-099   9.7884E-001   2.1165E-002   1.3779E-016
    3.862706E+04   1.0000E-099   9.7121E-001   2.8794E-002   5.5553E-016
    3.971922E+04   1.0000E-099   9.6169E-001   3.8315E-002   1.8206E-015
    4.082638E+04   1.0000E-099   9.5042E-001   4.9576E-002   5.0715E-015
    4.195195E+04   1.0000E-099   9.3845E-001   6.1552E-002   1.2023E-014
    4.310219E+04   1.0000E-099   9.2693E-001   7.3068E-002   2.4014E-014
    4.428215E+04   1.0000E-099   9.1645E-001   8.3553E-002   4.1669E-014
    4.549618E+04   1.0000E-099   9.0650E-001   9.3498E-002   6.4051E-014
    4.674647E+04   1.0000E-099   8.9588E-001   1.0412E-001   9.1014E-014
    4.803285E+04   1.0000E-099   8.8367E-001   1.1633E-001   1.2302E-013
    4.935417E+04   1.0000E-099   8.6915E-001   1.3085E-001   1.6110E-013
    5.070872E+04   1.0000E-099   8.5207E-001   1.4793E-001   2.0626E-013
    5.209387E+04   1.0000E-099   8.3406E-001   1.6594E-001   2.5612E-013
    5.350827E+04   1.0000E-099   8.1672E-001   1.8328E-001   3.0635E-013
    5.494800E+04   1.0000E-099   8.0125E-001   1.9875E-001   3.5201E-013
    5.641221E+04   1.0000E-099   7.9035E-001   2.0965E-001   3.8551E-013
    5.789415E+04   1.0000E-099   7.8614E-001   2.1386E-001   4.0098E-013
    5.939153E+04   1.0000E-099   7.8708E-001   2.1292E-001   4.0123E-013
    6.089052E+04   1.0000E-099   7.9083E-001   2.0917E-001   3.9138E-013
    6.238510E+04   1.0000E-099   7.9777E-001   2.0223E-001   3.7152E-013
    6.385045E+04   1.0000E-099   8.0826E-001   1.9174E-001   3.4244E-013
    6.527461E+04   1.0000E-099   8.2036E-001   1.7964E-001   3.0902E-013
    6.662249E+04   1.0000E-099   8.3109E-001   1.6891E-001   2.7831E-013
    6.787764E+04   1.0000E-099   8.4159E-001   1.5841E-001   2.4798E-013
    6.900561E+04   1.0000E-099   8.5186E-001   1.4814E-001   2.1450E-013
    6.951703E+04   1.0000E-099   8.6158E-001   1.3842E-001   1.8072E-013
    6.977416E+04   1.0000E-099   8.6757E-001   1.3243E-001   1.5418E-013
    6.990309E+04   1.0000E-099   8.7240E-001   1.2760E-001   1.2910E-013
    6.996763E+04   1.0000E-099   8.7593E-001   1.2407E-001   1.0913E-013
    6.999832E+04   1.0000E-099   8.7820E-001   1.2180E-001   9.4998E-014
    6.999993E+04   1.0000E-099   8.7849E-001   1.2151E-001   9.3357E-014
#TIME:     0.887
#NVEL: 115
#vel_mid[km/s]           sc0           sc1           sc2           sc3
    8.484664E+02   1.0000E-099   2.7559E-013   2.5143E-006   1.0000E+000
    8.550285E+02   1.0000E-099   2.7559E-013   2.5143E-006   1.0000E+000
    8.750210E+02   1.0000E-099   2.7559E-013   2.5143E-006   1.0000E+000
    9.164194E+02   1.0000E-099   2.7559E-013   2.5143E-006   1.0000E+000
    9.788524E+02   1.0000E-099   2.7559E-013   2.5143E-006   1.0000E+000
    1.040712E+03   1.0000E-099   2.7537E-013   2.5133E-006   1.0000E+000
    1.106486E+03   1.0000E-099   2.7323E-013   2.5043E-006   1.0000E+000
    1.176417E+03   1.0000E-099   2.6502E-013   2.4711E-006   1.0000E+000
    1.250767E+03   1.0000E-099   2.3938E-013   2.3689E-006   1.0000E+000
    1.329816E+03   1.0000E-099   1.9165E-013   2.1725E-006   1.0000E+000
    1.413861E+03   1.0000E-099   1.3958E-013   1.9252E-006   1.0000E+000
    1.503218E+03   1.0000E-099   1.0924E-013   1.7567E-006   1.0000E+000
    1.598223E+03   1.0000E-099   8.8950E-014   1.6214E-006   1.0000E+000
    1.699231E+03   1.0000E-099   6.8648E-014   1.4655E-006   1.0000E+000
    1.806624E+03   1.0000E-099   5.0935E-014   1.3017E-006   1.0000E+000
    1.920803E+03   1.0000E-099   3.6371E-014   1.1319E-006   1.0000E+000
    2.042199E+03   1.0000E-099   2.6518E-014   9.9717E-007   1.0000E+000
    2.171268E+03   1.0000E-099   1.8759E-014   8.6554E-007   1.0000E+000
    2.308493E+03   1.0000E-099   1.3538E-014   7.5832E-007   1.0000E+000
    2.454391E+03   1.0000E-099   1.0081E-014   6.7059E-007   1.0000E+000
    2.609510E+03   1.0000E-099   8.0251E-015   6.0732E-007   1.0000E+000
    2.774433E+03   1.0000E-099   6.9153E-015   5.6482E-007   1.0000E+000
    2.949779E+03   1.0000E-099   6.4087E-015   5.3698E-007   1.0000E+000
    3.136206E+03   1.0000E-099   6.5902E-015   5.2798E-007   1.0000E+000
    3.334417E+03   1.0000E-099   7.4691E-015   5.3040E-007   1.0000E+000
    3.545154E+03   1.0000E-099   1.2207E-014   6.2724E-007   1.0000E+000
    3.769210E+03   1.0000E-099   2.6108E-014   8.7303E-007   1.0000E+000
    4.007426E+03   1.0000E-099   4.6940E-014   1.1134E-006   1.0000E+000
    4.260698E+03   1.0000E-099   5.9659E-014   1.1224E-006   1.0000E+000
    4.529976E+03   1.0000E-099   8.1135E-014   1.2774E-006   1.0000E+000
    4.816274E+03   1.0000E-099   8.5575E-014   1.3063E-006   1.0000E+000
    5.120665E+03   1.0000E-099   7.1794E-014   1.1979E-006   1.0000E+000
    5.444294E+03   1.0000E-099   6.0400E-014   1.0998E-006   1.0000E+000
    5.788377E+03   1.0000E-099   5.4356E-014   1.0426E-006   1.0000E+000
    6.154206E+03   1.0000E-099   5.4625E-014   1.0431E-006   1.0000E+000
    6.543156E+03   1.0000E-099   5.9422E-014   1.0849E-006   1.0000E+000
    6.956687E+03   1.0000E-099   6.9786E-014   1.1751E-006   1.0000E+000
    7.396354E+03   1.0000E-099   8.7828E-014   1.3234E-006   1.0000E+000
    7.863808E+03   1.0000E-099   1.2018E-013   1.5657E-006   1.0000E+000
    8.360805E+03   1.0000E-099   2.0285E-013   2.0979E-006   1.0000E+000
    8.889213E+03   1.0000E-099   6.9979E-013   4.3653E-006   1.0000E+000
    9.452613E+03   1.0000E-099   1.1266E-011   2.4967E-005   9.9998E-001
    9.911633E+03   1.0000E-099   4.5695E-010   2.9703E-004   9.9970E-001
    1.025666E+04   1.0000E-099   2.2868E-008   4.4020E-003   9.9560E-001
    1.063251E+04   1.0000E-099   2.6981E-006   1.1433E-001   8.8567E-001
    1.104178E+04   1.0000E-099   5.9332E-004   9.8642E-001   1.2987E-002
    1.140357E+04   1.0000E-099   1.2216E-002   9.8774E-001   4.1341E-005
    1.166212E+04   1.0000E-099   6.1132E-002   9.3887E-001   2.3022E-006
    1.181968E+04   1.0000E-099   1.1575E-001   8.8425E-001   5.6476E-007
    1.192439E+04   1.0000E-099   2.0773E-001   7.9227E-001   1.0950E-007
    1.200433E+04   1.0000E-099   3.9610E-001   6.0390E-001   8.8316E-009
    1.207252E+04   1.0000E-099   6.0573E-001   3.9427E-001   6.8445E-010
    1.213615E+04   1.0000E-099   7.4518E-001   2.5482E-001   9.2555E-011
    1.219834E+04   1.0000E-099   8.3415E-001   1.6585E-001   1.7165E-011
    1.226330E+04   1.0000E-099   8.9324E-001   1.0676E-001   3.5513E-012
    1.233279E+04   1.0000E-099   9.3226E-001   6.7742E-002   7.6236E-013
    1.241499E+04   1.0000E-099   9.5941E-001   4.0589E-002   1.4314E-013
    1.254315E+04   1.0000E-099   9.8067E-001   1.9326E-002   1.3426E-014
    1.282934E+04   1.0000E-099   9.9551E-001   4.4926E-003   1.3910E-016
    1.322638E+04   1.0000E-099   9.9922E-001   7.7960E-004   6.2383E-019
    1.367464E+04   1.0000E-099   9.9986E-001   1.3797E-004   3.9208E-021
    1.415777E+04   1.0000E-099   9.9997E-001   2.6052E-005   1.1226E-022
    1.466368E+04   1.0000E-099   9.9999E-001   5.2281E-006   7.4874E-024
    1.516469E+04   1.0000E-099   1.0000E+000   1.0210E-006   3.9164E-025
    1.563737E+04   1.0000E-099   1.0000E+000   2.5964E-007   3.0699E-026
    1.608825E+04   1.0000E-099   1.0000E+000   1.2473E-007   5.6940E-027
    1.653823E+04   1.0000E-099   1.0000E+000   8.9070E-008   1.4457E-027
    1.698531E+04   1.0000E-099   1.0000E+000   7.4103E-008   4.0531E-028
    1.742613E+04   1.0000E-099   1.0000E+000   1.0167E-007   1.9958E-028
    1.788818E+04   1.0000E-099   1.0000E+000   2.5698E-007   2.3365E-028
    1.844225E+04   1.0000E-099   1.0000E+000   8.2230E-007   3.8402E-028
    1.926325E+04   1.0000E-099   1.0000E+000   3.2997E-006   8.3509E-028
