#NTIMES: 50
#NSTAGES: 4
#TIMES[d]: 199.16 202.03 204.93 207.87 210.86 213.89 216.97 220.09 223.25 226.46 229.71 233.01 236.36 239.76 243.21 246.70 250.25 253.85 257.50 261.20 264.95 268.76 272.62 276.54 280.51 284.55 288.64 292.79 296.99 301.26 305.59 309.99 314.44 318.96 323.55 328.19 332.91 337.70 342.55 347.48 352.47 357.54 362.68 367.89 373.18 378.54 383.98 389.50 395.10 400.78
#
#TIME: 199.16
#NVEL: 115
#vel_mid[km/s] o0 o1 o2 o3
425.78 1.5492e-02 8.5747e-01 1.2458e-01 2.4561e-03
857.79 1.0314e-01 7.8940e-01 1.0554e-01 1.9189e-03
878.44 8.8089e-02 8.0741e-01 1.0276e-01 1.7466e-03
917.72 4.2687e-02 8.5648e-01 9.9037e-02 1.7937e-03
973.04 1.8385e-02 7.6896e-01 1.1005e-01 1.0261e-01
1034.98 1.3568e-01 7.5825e-01 1.0413e-01 1.9453e-03
1099.97 3.0189e-02 8.6572e-01 1.0226e-01 1.8230e-03
1169.04 3.2736e-02 8.6610e-01 9.9415e-02 1.7458e-03
1242.44 4.3643e-02 8.5240e-01 1.0219e-01 1.7727e-03
1320.45 2.5333e-02 8.7412e-01 9.8872e-02 1.6702e-03
1403.37 6.5484e-02 8.3659e-01 9.6237e-02 1.6901e-03
1491.49 6.4422e-02 8.3862e-01 9.5333e-02 1.6207e-03
1585.14 8.6456e-02 8.1728e-01 9.4657e-02 1.6097e-03
1684.67 7.4671e-02 8.3100e-01 9.2785e-02 1.5485e-03
1790.45 6.0690e-02 8.4103e-01 9.6644e-02 1.6389e-03
1902.87 1.0856e-01 7.9347e-01 9.6294e-02 1.6839e-03
2022.36 1.4155e-02 8.5394e-01 1.2940e-01 2.5016e-03
2149.34 3.2824e-02 8.6128e-01 1.0406e-01 1.8341e-03
2284.30 2.7386e-02 8.5846e-01 1.1207e-01 2.0817e-03
2427.74 2.4339e-02 8.5198e-01 1.2130e-01 2.3799e-03
2580.18 2.5796e-02 8.4201e-01 1.2948e-01 2.7117e-03
2742.19 2.5869e-02 8.3248e-01 1.3864e-01 3.0083e-03
2914.37 3.3022e-02 8.2043e-01 1.4337e-01 3.1795e-03
3097.37 4.2412e-02 8.1180e-01 1.4261e-01 3.1865e-03
3291.85 4.5990e-02 8.0923e-01 1.4161e-01 3.1697e-03
3498.55 6.6918e-02 8.0779e-01 1.2279e-01 2.4993e-03
3718.23 1.4011e-01 7.7065e-01 8.7852e-02 1.3916e-03
3951.70 2.0706e-01 7.2309e-01 6.8914e-02 9.4238e-04
4199.83 1.5615e-01 7.5110e-01 9.1200e-02 1.5542e-03
4463.54 1.4516e-01 7.4997e-01 1.0281e-01 2.0603e-03
4743.81 1.5914e-01 7.3493e-01 1.0379e-01 2.1302e-03
5041.68 1.6622e-01 7.3068e-01 1.0104e-01 2.0659e-03
5358.25 1.7837e-01 7.2023e-01 9.9389e-02 2.0115e-03
5694.70 1.7565e-01 7.2336e-01 9.9007e-02 1.9850e-03
6052.28 1.8234e-01 7.1844e-01 9.7283e-02 1.9361e-03
6432.31 1.8858e-01 7.1604e-01 9.3544e-02 1.8361e-03
6836.20 1.8766e-01 7.1607e-01 9.4394e-02 1.8752e-03
7265.45 1.9558e-01 7.1063e-01 9.1978e-02 1.8063e-03
7721.65 2.0480e-01 7.0582e-01 8.7712e-02 1.6722e-03
8206.56 2.0716e-01 7.0553e-01 8.5688e-02 1.6272e-03
8717.73 2.1923e-01 7.0089e-01 7.8500e-02 1.3742e-03
9214.74 2.3398e-01 6.9310e-01 7.1764e-02 1.1600e-03
9629.11 2.4473e-01 6.8696e-01 6.7279e-02 1.0272e-03
9954.11 2.6725e-01 6.7081e-01 6.1100e-02 8.3181e-04
10245.64 2.4396e-01 6.9531e-01 5.9911e-02 8.1341e-04
10541.49 2.1929e-01 7.1738e-01 6.2502e-02 8.2185e-04
10839.94 2.5683e-01 6.9519e-01 4.7479e-02 5.0283e-04
11119.11 2.7754e-01 6.8058e-01 4.1491e-02 3.9244e-04
11355.83 3.5057e-01 6.1813e-01 3.1067e-02 2.3277e-04
11539.81 4.0282e-01 5.7333e-01 2.3707e-02 1.4700e-04
11677.16 4.6709e-01 5.1512e-01 1.7688e-02 9.6669e-05
11784.05 4.8943e-01 4.9473e-01 1.5766e-02 7.6100e-05
11875.85 4.9461e-01 4.8968e-01 1.5638e-02 7.5126e-05
11963.37 4.6305e-01 5.2085e-01 1.6019e-02 7.9204e-05
12055.39 4.2544e-01 5.5495e-01 1.9508e-02 1.0927e-04
12170.41 3.4210e-01 6.2958e-01 2.8133e-02 1.9054e-04
12360.89 2.4910e-01 7.1794e-01 3.2735e-02 2.2512e-04
12670.46 1.4665e-01 8.1039e-01 4.2626e-02 3.3437e-04
13075.34 9.4348e-02 8.4914e-01 5.5977e-02 5.3934e-04
13530.52 7.6766e-02 8.4909e-01 7.3286e-02 8.5466e-04
14012.75 4.0438e-02 8.7801e-01 8.0501e-02 1.0485e-03
14508.81 3.2704e-02 8.6970e-01 9.6069e-02 1.5283e-03
15002.30 3.3162e-02 8.5818e-01 1.0685e-01 1.8020e-03
15475.29 4.5774e-02 8.4926e-01 1.0316e-01 1.8116e-03
15923.68 4.4996e-02 8.3613e-01 1.1667e-01 2.2095e-03
16355.64 2.4669e-02 8.3491e-01 1.3755e-01 2.8649e-03
16776.27 1.6220e-02 8.6942e-01 1.1203e-01 2.3270e-03
17183.14 3.1714e-02 8.4063e-01 1.2514e-01 2.5169e-03
17580.45 2.7131e-02 8.4539e-01 1.2522e-01 2.2607e-03
17990.34 1.8158e-02 8.5220e-01 1.2693e-01 2.7200e-03
18458.06 2.5802e-02 8.1994e-01 1.5081e-01 3.4451e-03
19084.69 1.5803e-02 8.2980e-01 1.5044e-01 3.9522e-03
19999.79 4.8457e-03 7.4867e-01 2.3758e-01 8.9082e-03
21193.46 2.4994e-03 5.8899e-01 3.8094e-01 2.7570e-02
22528.72 1.6510e-03 4.9924e-01 4.4804e-01 5.1071e-02
23943.32 5.4534e-04 2.8944e-01 6.1888e-01 9.1137e-02
25446.74 1.8112e-04 1.8870e-01 6.8433e-01 1.2679e-01
27044.57 6.2151e-05 7.8972e-02 7.2110e-01 1.9986e-01
28744.18 4.7579e-05 1.1328e-01 5.3637e-01 3.5031e-01
30520.16 1.8594e-05 5.7975e-02 4.5799e-01 4.8402e-01
32243.50 6.8370e-06 3.7767e-02 4.0031e-01 5.6192e-01
33773.01 2.7589e-06 2.7035e-02 3.5569e-01 6.1727e-01
35108.48 7.5740e-06 1.6170e-02 2.9187e-01 6.9195e-01
36326.30 8.4393e-07 8.5980e-03 2.2451e-01 7.6689e-01
37486.70 7.0568e-07 4.4479e-03 1.6771e-01 8.2784e-01
38628.25 3.0766e-07 2.6395e-03 1.3183e-01 8.6553e-01
39768.62 8.6977e-08 1.4411e-03 9.8989e-02 8.9957e-01
40915.31 5.0255e-08 7.9188e-04 7.4067e-02 9.2514e-01
42074.51 1.4330e-08 4.3471e-04 5.5189e-02 9.4438e-01
43252.44 6.7199e-09 2.3770e-04 4.0881e-02 9.5888e-01
44454.05 1.3666e-09 1.2982e-04 3.0206e-02 9.6966e-01
45683.04 1.3138e-09 7.0575e-05 2.2208e-02 9.7772e-01
46941.68 1.0872e-09 3.8279e-05 1.6294e-02 9.8367e-01
48230.81 8.2779e-10 2.0695e-05 1.1913e-02 9.8807e-01
49550.29 5.0319e-10 1.1203e-05 8.7197e-03 9.9127e-01
50899.37 8.8181e-11 6.0777e-06 6.3855e-03 9.9361e-01
52276.86 5.4416e-11 3.3103e-06 4.6832e-03 9.9531e-01
53681.16 2.2955e-12 1.8110e-06 3.4420e-03 9.9656e-01
55110.21 8.9723e-13 9.9746e-07 2.5389e-03 9.9746e-01
56561.17 1.0261e-12 5.5231e-07 1.8780e-03 9.9812e-01
58030.00 1.8598e-13 3.0934e-07 1.3981e-03 9.9860e-01
59510.42 8.1667e-14 1.7496e-07 1.0456e-03 9.9895e-01
60993.45 2.5631e-13 1.0062e-07 7.8894e-04 9.9921e-01
62466.44 2.2686e-13 5.8783e-08 6.0028e-04 9.9940e-01
63912.69 1.0556e-13 3.5222e-08 4.6294e-04 9.9954e-01
65311.62 5.2401e-14 2.1689e-08 3.6201e-04 9.9964e-01
66639.26 2.6829e-14 1.3893e-08 2.8870e-04 9.9971e-01
67870.77 1.5065e-14 9.2493e-09 2.3502e-04 9.9976e-01
68864.47 8.7259e-15 6.3749e-09 1.9467e-04 9.9981e-01
69459.55 6.9183e-15 5.4851e-09 1.8042e-04 9.9982e-01
69744.99 6.2389e-15 5.0814e-09 1.7357e-04 9.9983e-01
69888.26 5.6362e-15 4.8930e-09 1.7026e-04 9.9983e-01
69959.62 5.5890e-15 4.8003e-09 1.6864e-04 9.9983e-01
69991.15 5.3087e-15 4.7559e-09 1.6782e-04 9.9983e-01
69999.53 5.3973e-15 4.7581e-09 1.6785e-04 9.9983e-01
#TIME: 202.03
#NVEL: 115
#vel_mid[km/s] o0 o1 o2 o3
425.78 1.0657e-01 7.9163e-01 9.9983e-02 1.8143e-03
857.79 9.2558e-02 8.1214e-01 9.3699e-02 1.6015e-03
878.44 2.1967e-02 7.9245e-01 1.1819e-01 6.7395e-02
917.72 1.6538e-02 8.6285e-01 1.1829e-01 2.3195e-03
973.04 7.1991e-02 8.1433e-01 1.1166e-01 2.0146e-03
1034.98 5.5984e-02 8.3659e-01 1.0547e-01 1.9553e-03
1099.97 3.1048e-02 8.6801e-01 9.9210e-02 1.7370e-03
1169.04 1.4216e-02 8.5803e-01 1.2527e-01 2.4811e-03
1242.44 1.2950e-02 8.6164e-01 1.2300e-01 2.4119e-03
1320.45 1.5445e-02 8.6352e-01 1.1881e-01 2.2224e-03
1403.37 4.3630e-02 8.5703e-01 9.7644e-02 1.6996e-03
1491.49 6.1072e-02 8.4339e-01 9.3962e-02 1.5800e-03
1585.14 6.3136e-02 8.4247e-01 9.2843e-02 1.5490e-03
1684.67 6.8464e-02 8.3850e-01 9.1518e-02 1.5164e-03
1790.45 7.2220e-02 8.3362e-01 9.2606e-02 1.5535e-03
1902.87 6.3026e-02 8.3632e-01 9.8911e-02 1.7430e-03
2022.36 1.1244e-01 7.8651e-01 9.9227e-02 1.8159e-03
2149.34 3.1014e-02 8.6481e-01 1.0236e-01 1.8084e-03
2284.30 2.7437e-02 8.6017e-01 1.1033e-01 2.0552e-03
2427.74 2.4887e-02 8.5293e-01 1.1983e-01 2.3564e-03
2580.18 2.5692e-02 8.4116e-01 1.3044e-01 2.7125e-03
2742.19 2.5860e-02 8.3320e-01 1.3794e-01 3.0032e-03
2914.37 3.0481e-02 8.2268e-01 1.4363e-01 3.2149e-03
3097.37 4.0047e-02 8.1580e-01 1.4102e-01 3.1394e-03
3291.85 4.8946e-02 8.0908e-01 1.3888e-01 3.1016e-03
3498.55 6.5915e-02 8.0772e-01 1.2385e-01 2.5146e-03
3718.23 1.4121e-01 7.7113e-01 8.6301e-02 1.3648e-03
3951.70 2.1045e-01 7.2061e-01 6.8006e-02 9.3176e-04
4199.83 1.5610e-01 7.5163e-01 9.0706e-02 1.5619e-03
4463.54 1.4398e-01 7.4896e-01 1.0498e-01 2.0757e-03
4743.81 1.5423e-01 7.3878e-01 1.0480e-01 2.1805e-03
5041.68 1.6822e-01 7.2936e-01 1.0035e-01 2.0697e-03
5358.25 1.8137e-01 7.1885e-01 9.7787e-02 1.9930e-03
5694.70 1.7846e-01 7.2366e-01 9.5948e-02 1.9324e-03
6052.28 1.8789e-01 7.1756e-01 9.2709e-02 1.8486e-03
6432.31 1.8982e-01 7.1557e-01 9.2777e-02 1.8327e-03
6836.20 1.9316e-01 7.1294e-01 9.2089e-02 1.8153e-03
7265.45 2.0268e-01 7.0866e-01 8.6996e-02 1.6575e-03
7721.65 2.0992e-01 7.0334e-01 8.5168e-02 1.5695e-03
8206.56 2.1725e-01 7.0109e-01 8.0201e-02 1.4582e-03
8717.73 2.2302e-01 6.9862e-01 7.7012e-02 1.3416e-03
9214.74 2.3759e-01 6.8901e-01 7.2218e-02 1.1812e-03
9629.11 2.5355e-01 6.8260e-01 6.2952e-02 8.9891e-04
9954.11 2.6286e-01 6.7445e-01 6.1815e-02 8.8055e-04
10245.64 2.4800e-01 6.8777e-01 6.3367e-02 8.6513e-04
10541.49 2.2476e-01 7.1831e-01 5.6248e-02 6.8836e-04
10839.94 2.5184e-01 6.9839e-01 4.9245e-02 5.2345e-04
11119.11 2.7936e-01 6.8101e-01 3.9269e-02 3.5263e-04
11355.83 3.4949e-01 6.2004e-01 3.0252e-02 2.2793e-04
11539.81 4.1578e-01 5.6246e-01 2.1644e-02 1.2440e-04
11677.16 4.7022e-01 5.1176e-01 1.7935e-02 9.0942e-05
11784.05 4.8940e-01 4.9561e-01 1.4914e-02 7.0594e-05
11875.85 4.9582e-01 4.8877e-01 1.5334e-02 7.5659e-05
11963.37 4.6800e-01 5.1432e-01 1.7586e-02 8.9268e-05
12055.39 4.2867e-01 5.5100e-01 2.0220e-02 1.1356e-04
12170.41 3.4242e-01 6.3150e-01 2.5920e-02 1.6467e-04
12360.89 2.4432e-01 7.2276e-01 3.2695e-02 2.1984e-04
12670.46 1.5723e-01 8.0016e-01 4.2276e-02 3.3793e-04
13075.34 9.6405e-02 8.4881e-01 5.4269e-02 5.1629e-04
13530.52 6.6138e-02 8.6343e-01 6.9663e-02 7.6386e-04
14012.75 3.8490e-02 8.7873e-01 8.1709e-02 1.0758e-03
14508.81 3.5015e-02 8.6663e-01 9.6955e-02 1.4037e-03
15002.30 3.2413e-02 8.6871e-01 9.7240e-02 1.6371e-03
15475.29 3.5656e-02 8.5663e-01 1.0583e-01 1.8879e-03
15923.68 4.3378e-02 8.3736e-01 1.1692e-01 2.3364e-03
16355.64 2.6251e-02 8.4423e-01 1.2691e-01 2.6049e-03
16776.27 2.2057e-02 8.5598e-01 1.1963e-01 2.3395e-03
17183.14 2.8452e-02 8.5860e-01 1.1088e-01 2.0722e-03
17580.45 3.3363e-02 8.2978e-01 1.3416e-01 2.6946e-03
17990.34 1.2379e-02 8.5607e-01 1.2854e-01 3.0092e-03
18458.06 1.4100e-02 8.4685e-01 1.3593e-01 3.1220e-03
19084.69 1.2053e-02 8.2225e-01 1.6143e-01 4.2684e-03
19999.79 6.9207e-03 7.2311e-01 2.5898e-01 1.0990e-02
21193.46 2.3006e-03 6.2749e-01 3.4065e-01 2.9556e-02
22528.72 9.6879e-04 5.2489e-01 4.2627e-01 4.7868e-02
23943.32 9.2602e-04 4.3088e-01 4.8633e-01 8.1867e-02
25446.74 5.4858e-04 3.2450e-01 5.5742e-01 1.1754e-01
27044.57 1.7733e-04 2.6954e-01 5.6110e-01 1.6919e-01
28744.18 3.3050e-06 7.5051e-03 6.5612e-01 3.3637e-01
30520.16 7.5541e-06 2.0746e-02 5.1353e-01 4.6571e-01
32243.50 9.9990e-06 3.8973e-02 4.0409e-01 5.5693e-01
33773.01 4.7836e-06 2.7516e-02 3.5757e-01 6.1491e-01
35108.48 1.7123e-06 1.6524e-02 2.9401e-01 6.8946e-01
36326.30 6.6487e-07 8.8206e-03 2.2653e-01 7.6465e-01
37486.70 2.0377e-07 4.5626e-03 1.6929e-01 8.2615e-01
38628.25 3.3351e-07 2.4536e-03 1.2713e-01 8.7041e-01
39768.62 1.0545e-07 1.3526e-03 9.5788e-02 9.0286e-01
40915.31 6.4632e-08 8.1587e-04 7.4922e-02 9.2426e-01
42074.51 1.7450e-08 4.4962e-04 5.5913e-02 9.4364e-01
43252.44 5.0449e-09 2.4610e-04 4.1443e-02 9.5831e-01
44454.05 1.7991e-09 1.3442e-04 3.0616e-02 9.6925e-01
45683.04 1.2224e-09 7.3058e-05 2.2502e-02 9.7742e-01
46941.68 5.0149e-10 3.9608e-05 1.6504e-02 9.8346e-01
48230.81 5.0585e-10 2.1458e-05 1.2088e-02 9.8789e-01
49550.29 2.0004e-10 1.1622e-05 8.8472e-03 9.9114e-01
50899.37 1.6536e-10 6.3086e-06 6.4789e-03 9.9351e-01
52276.86 8.9038e-11 3.4350e-06 4.7523e-03 9.9524e-01
53681.16 3.1400e-11 1.8777e-06 3.4927e-03 9.9651e-01
55110.21 1.1645e-11 1.0338e-06 2.5765e-03 9.9742e-01
56561.17 5.1318e-13 5.7378e-07 1.9085e-03 9.9809e-01
58030.00 1.8496e-13 3.2132e-07 1.4204e-03 9.9858e-01
59510.42 2.1091e-13 1.8185e-07 1.0630e-03 9.9894e-01
60993.45 4.3976e-14 1.0443e-07 8.0170e-04 9.9920e-01
62466.44 1.9497e-14 6.1037e-08 6.1037e-04 9.9939e-01
63912.69 2.3652e-14 3.6598e-08 4.7090e-04 9.9953e-01
65311.62 5.5758e-14 2.2516e-08 3.6798e-04 9.9963e-01
66639.26 2.8590e-14 1.4378e-08 2.9333e-04 9.9971e-01
67870.77 1.5870e-14 9.5632e-09 2.3857e-04 9.9976e-01
68864.47 9.3612e-15 6.5975e-09 1.9776e-04 9.9980e-01
69459.55 7.3148e-15 5.6793e-09 1.8330e-04 9.9982e-01
69744.99 6.5892e-15 5.2643e-09 1.7637e-04 9.9982e-01
69888.26 5.9546e-15 5.0659e-09 1.7296e-04 9.9983e-01
69959.62 5.8362e-15 4.9693e-09 1.7132e-04 9.9983e-01
69991.15 5.6869e-15 4.9230e-09 1.7049e-04 9.9983e-01
69999.53 5.6675e-15 4.9241e-09 1.7051e-04 9.9983e-01
#TIME: 204.93
#NVEL: 115
#vel_mid[km/s] o0 o1 o2 o3
425.78 4.6245e-02 8.4848e-01 1.0337e-01 1.9040e-03
857.79 5.3079e-02 8.4694e-01 9.8253e-02 1.7260e-03
878.44 7.1497e-02 8.2377e-01 1.0285e-01 1.8807e-03
917.72 1.6132e-01 7.4755e-01 8.9508e-02 1.6178e-03
973.04 3.5883e-02 8.5359e-01 1.0854e-01 1.9794e-03
1034.98 4.5757e-02 8.4632e-01 1.0600e-01 1.9216e-03
1099.97 2.9172e-02 8.4433e-01 1.2405e-01 2.4475e-03
1169.04 1.5382e-01 7.5018e-01 9.4234e-02 1.7610e-03
1242.44 1.3953e-01 7.6363e-01 9.5074e-02 1.7673e-03
1320.45 9.7439e-02 7.9974e-01 1.0101e-01 1.8117e-03
1403.37 5.5354e-02 8.4696e-01 9.6057e-02 1.6322e-03
1491.49 5.3533e-02 8.5245e-01 9.2518e-02 1.4997e-03
1585.14 7.0743e-02 8.3626e-01 9.1487e-02 1.5056e-03
1684.67 6.2555e-02 8.4659e-01 8.9409e-02 1.4417e-03
1790.45 7.5071e-02 8.3152e-01 9.1907e-02 1.5059e-03
1902.87 5.2508e-02 8.4774e-01 9.8063e-02 1.6934e-03
2022.36 6.5283e-02 8.3174e-01 1.0112e-01 1.8536e-03
2149.34 2.7180e-02 8.6873e-01 1.0230e-01 1.7879e-03
2284.30 2.7894e-02 8.6057e-01 1.0950e-01 2.0354e-03
2427.74 2.6126e-02 8.5178e-01 1.1974e-01 2.3547e-03
2580.18 2.5186e-02 8.4306e-01 1.2907e-01 2.6795e-03
2742.19 2.6255e-02 8.3314e-01 1.3761e-01 2.9958e-03
2914.37 3.2876e-02 8.1988e-01 1.4404e-01 3.2117e-03
3097.37 3.9123e-02 8.1364e-01 1.4402e-01 3.2090e-03
3291.85 4.7957e-02 8.0975e-01 1.3919e-01 3.1049e-03
3498.55 6.8933e-02 8.0450e-01 1.2403e-01 2.5322e-03
3718.23 1.4234e-01 7.6999e-01 8.6306e-02 1.3656e-03
3951.70 2.1322e-01 7.1771e-01 6.8122e-02 9.4106e-04
4199.83 1.5955e-01 7.4996e-01 8.8957e-02 1.5336e-03
4463.54 1.4685e-01 7.4596e-01 1.0508e-01 2.1134e-03
4743.81 1.5789e-01 7.3468e-01 1.0523e-01 2.2077e-03
5041.68 1.6671e-01 7.3071e-01 1.0053e-01 2.0561e-03
5358.25 1.7803e-01 7.2285e-01 9.7134e-02 1.9887e-03
5694.70 1.7947e-01 7.2040e-01 9.8100e-02 2.0307e-03
6052.28 1.8068e-01 7.1870e-01 9.8662e-02 1.9574e-03
6432.31 1.9207e-01 7.1334e-01 9.2756e-02 1.8392e-03
6836.20 1.9570e-01 7.1271e-01 8.9819e-02 1.7703e-03
7265.45 1.9798e-01 7.0908e-01 9.1151e-02 1.7896e-03
7721.65 2.1150e-01 7.0238e-01 8.4550e-02 1.5713e-03
8206.56 2.0865e-01 7.0500e-01 8.4776e-02 1.5715e-03
8717.73 2.1702e-01 7.0319e-01 7.8383e-02 1.4084e-03
9214.74 2.4107e-01 6.8819e-01 6.9627e-02 1.1093e-03
9629.11 2.5819e-01 6.7669e-01 6.4176e-02 9.3762e-04
9954.11 2.5257e-01 6.8374e-01 6.2794e-02 8.9580e-04
10245.64 2.5485e-01 6.8405e-01 6.0278e-02 8.2086e-04
10541.49 2.2207e-01 7.1794e-01 5.9243e-02 7.3895e-04
10839.94 2.7303e-01 6.8007e-01 4.6404e-02 4.8992e-04
11119.11 2.9658e-01 6.6470e-01 3.8380e-02 3.3840e-04
11355.83 3.6189e-01 6.0761e-01 3.0278e-02 2.2307e-04
11539.81 4.2488e-01 5.5481e-01 2.0187e-02 1.1757e-04
11677.16 4.7473e-01 5.0879e-01 1.6399e-02 8.3117e-05
11784.05 4.9111e-01 4.9283e-01 1.5972e-02 8.0165e-05
11875.85 4.9552e-01 4.8876e-01 1.5646e-02 7.7663e-05
11963.37 4.8487e-01 4.9938e-01 1.5675e-02 7.6855e-05
12055.39 4.3960e-01 5.4092e-01 1.9366e-02 1.0973e-04
12170.41 3.7232e-01 6.0230e-01 2.5217e-02 1.5926e-04
12360.89 2.3696e-01 7.3186e-01 3.0980e-02 2.0276e-04
12670.46 1.5937e-01 7.9830e-01 4.1993e-02 3.3399e-04
13075.34 9.6799e-02 8.4454e-01 5.8122e-02 5.4095e-04
13530.52 6.1594e-02 8.6659e-01 7.1018e-02 8.0366e-04
14012.75 4.5791e-02 8.7464e-01 7.8530e-02 1.0360e-03
14508.81 3.1043e-02 8.7698e-01 9.0577e-02 1.3965e-03
15002.30 3.3742e-02 8.5681e-01 1.0772e-01 1.7300e-03
15475.29 3.2574e-02 8.6571e-01 1.0001e-01 1.7068e-03
15923.68 3.7675e-02 8.3779e-01 1.2237e-01 2.1638e-03
16355.64 2.1581e-02 8.5959e-01 1.1663e-01 2.2068e-03
16776.27 3.1624e-02 8.1925e-01 1.4639e-01 2.7272e-03
17183.14 3.2690e-02 8.2008e-01 1.4446e-01 2.7700e-03
17580.45 1.9095e-02 8.6076e-01 1.1799e-01 2.1622e-03
17990.34 1.6052e-02 8.2438e-01 1.5663e-01 2.9378e-03
18458.06 9.8179e-03 8.5175e-01 1.3517e-01 3.2663e-03
19084.69 9.5801e-03 8.3725e-01 1.4923e-01 3.9418e-03
19999.79 5.6103e-03 7.5924e-01 2.2657e-01 8.5767e-03
21193.46 5.4121e-03 5.7147e-01 3.7943e-01 4.3686e-02
22528.72 1.1851e-03 5.2484e-01 4.2674e-01 4.7240e-02
23943.32 5.5242e-04 4.6018e-01 4.6771e-01 7.1556e-02
25446.74 5.9788e-04 3.9821e-01 5.0547e-01 9.5720e-02
27044.57 1.8120e-04 2.6709e-01 5.6170e-01 1.7103e-01
28744.18 2.9518e-05 9.1626e-02 5.7122e-01 3.3713e-01
30520.16 1.5618e-06 4.6824e-03 5.3407e-01 4.6124e-01
32243.50 7.6400e-07 1.8377e-03 4.5303e-01 5.4513e-01
33773.01 1.1071e-06 4.2248e-03 3.9654e-01 5.9924e-01
35108.48 1.8446e-06 1.6853e-02 2.9587e-01 6.8728e-01
36326.30 1.5434e-06 9.0109e-03 2.2816e-01 7.6282e-01
37486.70 3.0021e-07 4.6793e-03 1.7087e-01 8.2445e-01
38628.25 7.3744e-08 2.5220e-03 1.2842e-01 8.6906e-01
39768.62 7.3098e-08 1.3936e-03 9.6865e-02 9.0174e-01
40915.31 3.6210e-08 8.4084e-04 7.5767e-02 9.2339e-01
42074.51 3.7286e-08 4.6450e-04 5.6591e-02 9.4294e-01
43252.44 1.2125e-08 2.5494e-04 4.2010e-02 9.5774e-01
44454.05 5.9556e-09 1.3935e-04 3.1023e-02 9.6884e-01
45683.04 7.6852e-10 7.5775e-05 2.2820e-02 9.7710e-01
46941.68 2.7524e-10 4.1103e-05 1.6745e-02 9.8321e-01
48230.81 1.5487e-10 2.2257e-05 1.2263e-02 9.8771e-01
49550.29 9.4971e-11 1.2057e-05 8.9762e-03 9.9101e-01
50899.37 7.4542e-11 6.5433e-06 6.5757e-03 9.9342e-01
52276.86 5.5411e-11 3.5665e-06 4.8236e-03 9.9517e-01
53681.16 3.1007e-11 1.9530e-06 3.5491e-03 9.9645e-01
55110.21 1.6379e-11 1.0746e-06 2.6180e-03 9.9738e-01
56561.17 6.0415e-12 5.9579e-07 1.9381e-03 9.9806e-01
58030.00 1.9624e-12 3.3367e-07 1.4434e-03 9.9856e-01
59510.42 1.1315e-13 1.8898e-07 1.0808e-03 9.9892e-01
60993.45 3.9741e-14 1.0865e-07 8.1590e-04 9.9918e-01
62466.44 3.6483e-14 6.3533e-08 6.2133e-04 9.9938e-01
63912.69 1.2716e-14 3.8006e-08 4.7878e-04 9.9952e-01
65311.62 4.6241e-15 2.3407e-08 3.7469e-04 9.9963e-01
66639.26 3.7982e-15 1.4950e-08 2.9853e-04 9.9970e-01
67870.77 1.6932e-14 9.9426e-09 2.4292e-04 9.9976e-01
68864.47 9.9454e-15 6.8524e-09 2.0132e-04 9.9980e-01
69459.55 7.7280e-15 5.8928e-09 1.8642e-04 9.9981e-01
69744.99 7.0192e-15 5.4527e-09 1.7927e-04 9.9982e-01
69888.26 6.3602e-15 5.2482e-09 1.7584e-04 9.9982e-01
69959.62 6.2675e-15 5.1475e-09 1.7412e-04 9.9983e-01
69991.15 6.1131e-15 5.0991e-09 1.7328e-04 9.9983e-01
69999.53 6.1305e-15 5.1015e-09 1.7334e-04 9.9983e-01
#TIME: 207.87
#NVEL: 115
#vel_mid[km/s] o0 o1 o2 o3
425.78 5.7758e-02 8.4065e-01 9.9808e-02 1.7818e-03
857.79 2.1535e-01 7.0483e-01 7.8387e-02 1.4314e-03
878.44 5.0883e-02 8.3298e-01 1.1406e-01 2.0788e-03
917.72 5.0890e-02 8.4622e-01 1.0106e-01 1.8371e-03
973.04 7.7472e-02 8.2167e-01 9.9015e-02 1.8381e-03
1034.98 3.9925e-02 8.5826e-01 1.0002e-01 1.7970e-03
1099.97 9.0062e-02 8.0382e-01 1.0420e-01 1.9167e-03
1169.04 5.3398e-02 8.3788e-01 1.0673e-01 1.9917e-03
1242.44 9.3714e-02 8.0913e-01 9.5524e-02 1.6344e-03
1320.45 4.6895e-02 8.4891e-01 1.0232e-01 1.8790e-03
1403.37 6.2622e-02 8.4317e-01 9.2680e-02 1.5298e-03
1491.49 5.9643e-02 8.4798e-01 9.0919e-02 1.4564e-03
1585.14 7.4614e-02 8.3325e-01 9.0676e-02 1.4555e-03
1684.67 6.9639e-02 8.4147e-01 8.7489e-02 1.3970e-03
1790.45 5.7228e-02 8.4964e-01 9.1651e-02 1.4791e-03
1902.87 6.6173e-02 8.3766e-01 9.4565e-02 1.6045e-03
2022.36 5.7116e-02 8.4003e-01 1.0104e-01 1.8129e-03
2149.34 1.3599e-02 8.4860e-01 1.3507e-01 2.7318e-03
2284.30 2.8337e-02 8.6073e-01 1.0892e-01 2.0094e-03
2427.74 2.5117e-02 8.5341e-01 1.1912e-01 2.3499e-03
2580.18 2.7989e-02 8.4126e-01 1.2809e-01 2.6606e-03
2742.19 2.5898e-02 8.3209e-01 1.3900e-01 3.0139e-03
2914.37 3.1735e-02 8.2074e-01 1.4431e-01 3.2126e-03
3097.37 3.9133e-02 8.1600e-01 1.4169e-01 3.1735e-03
3291.85 4.8979e-02 8.0767e-01 1.4023e-01 3.1221e-03
3498.55 6.7106e-02 8.0575e-01 1.2461e-01 2.5368e-03
3718.23 1.4328e-01 7.6790e-01 8.7438e-02 1.3803e-03
3951.70 2.1221e-01 7.1855e-01 6.8300e-02 9.3539e-04
4199.83 1.6267e-01 7.4841e-01 8.7434e-02 1.4904e-03
4463.54 1.4529e-01 7.5073e-01 1.0194e-01 2.0325e-03
4743.81 1.5902e-01 7.3692e-01 1.0197e-01 2.0914e-03
5041.68 1.6824e-01 7.3009e-01 9.9615e-02 2.0489e-03
5358.25 1.7685e-01 7.2451e-01 9.6692e-02 1.9448e-03
5694.70 1.8181e-01 7.2309e-01 9.3250e-02 1.8544e-03
6052.28 1.8566e-01 7.1676e-01 9.5695e-02 1.8895e-03
6432.31 1.8862e-01 7.1965e-01 8.9973e-02 1.7606e-03
6836.20 1.9775e-01 7.0745e-01 9.3022e-02 1.7786e-03
7265.45 1.9906e-01 7.0975e-01 8.9456e-02 1.7329e-03
7721.65 2.0295e-01 7.0862e-01 8.6768e-02 1.6563e-03
8206.56 2.1938e-01 6.9543e-01 8.3685e-02 1.4997e-03
8717.73 2.2228e-01 6.9757e-01 7.8796e-02 1.3565e-03
9214.74 2.4033e-01 6.8767e-01 7.0856e-02 1.1360e-03
9629.11 2.5381e-01 6.8396e-01 6.1334e-02 8.9320e-04
9954.11 2.7089e-01 6.7021e-01 5.8114e-02 7.8894e-04
10245.64 2.5874e-01 6.8338e-01 5.7114e-02 7.6790e-04
10541.49 2.4682e-01 6.9871e-01 5.3818e-02 6.4979e-04
10839.94 2.6361e-01 6.8838e-01 4.7493e-02 5.1357e-04
11119.11 3.0201e-01 6.5856e-01 3.9072e-02 3.5368e-04
11355.83 3.7534e-01 5.9590e-01 2.8548e-02 2.1185e-04
11539.81 4.2610e-01 5.5271e-01 2.1072e-02 1.2298e-04
11677.16 4.7404e-01 5.0701e-01 1.8849e-02 1.0056e-04
11784.05 4.8473e-01 4.9910e-01 1.6080e-02 8.2240e-05
11875.85 5.1074e-01 4.7412e-01 1.5074e-02 7.3431e-05
11963.37 4.7967e-01 5.0438e-01 1.5873e-02 7.7999e-05
12055.39 4.4040e-01 5.3847e-01 2.1013e-02 1.2380e-04
12170.41 3.4903e-01 6.2279e-01 2.7995e-02 1.8322e-04
12360.89 2.6305e-01 7.0560e-01 3.1142e-02 2.0431e-04
12670.46 1.6940e-01 7.9004e-01 4.0238e-02 3.1998e-04
13075.34 9.6675e-02 8.4950e-01 5.3315e-02 5.0484e-04
13530.52 6.8443e-02 8.6424e-01 6.6567e-02 7.4885e-04
14012.75 5.3544e-02 8.6683e-01 7.8561e-02 1.0689e-03
14508.81 3.1518e-02 8.7878e-01 8.8373e-02 1.3315e-03
15002.30 3.2780e-02 8.6460e-01 1.0099e-01 1.6297e-03
15475.29 3.5886e-02 8.5319e-01 1.0901e-01 1.9146e-03
15923.68 4.6130e-02 8.3967e-01 1.1199e-01 2.2098e-03
16355.64 3.0756e-02 8.4241e-01 1.2443e-01 2.4014e-03
16776.27 2.2512e-02 8.5026e-01 1.2485e-01 2.3785e-03
17183.14 2.0679e-02 8.6151e-01 1.1562e-01 2.1917e-03
17580.45 1.3469e-02 8.7901e-01 1.0561e-01 1.9011e-03
17990.34 1.0948e-02 8.6022e-01 1.2630e-01 2.5357e-03
18458.06 1.0987e-02 8.6307e-01 1.2320e-01 2.7402e-03
19084.69 8.5194e-03 8.3972e-01 1.4792e-01 3.8395e-03
19999.79 3.7868e-03 7.5989e-01 2.2647e-01 9.8454e-03
21193.46 4.6986e-03 5.9780e-01 3.7544e-01 2.2065e-02
22528.72 1.8025e-03 5.0110e-01 4.5004e-01 4.7062e-02
23943.32 7.6229e-04 2.7833e-01 6.3453e-01 8.6378e-02
25446.74 4.1921e-04 3.8987e-01 5.1709e-01 9.2621e-02
27044.57 1.7052e-04 2.4985e-01 5.6497e-01 1.8501e-01
28744.18 4.9319e-05 1.4121e-01 5.5419e-01 3.0455e-01
30520.16 1.5984e-05 6.2645e-02 4.6715e-01 4.7019e-01
32243.50 3.9174e-06 1.3796e-02 4.3541e-01 5.5079e-01
33773.01 5.2051e-07 1.5496e-03 4.0835e-01 5.9010e-01
35108.48 7.1496e-07 1.2972e-03 3.2771e-01 6.7099e-01
36326.30 1.1311e-07 8.8508e-04 2.5235e-01 7.4676e-01
37486.70 4.5896e-08 7.4626e-04 1.8175e-01 8.1751e-01
38628.25 9.0802e-08 2.5951e-03 1.2979e-01 8.6762e-01
39768.62 5.2276e-08 1.4354e-03 9.7933e-02 9.0063e-01
40915.31 7.2908e-08 8.6816e-04 7.6714e-02 9.2242e-01
42074.51 1.2069e-08 4.7961e-04 5.7272e-02 9.4225e-01
43252.44 4.5530e-09 2.6387e-04 4.2560e-02 9.5718e-01
44454.05 2.2896e-09 1.4451e-04 3.1468e-02 9.6839e-01
45683.04 4.0219e-09 7.8740e-05 2.3160e-02 9.7676e-01
46941.68 1.7294e-09 4.2747e-05 1.7000e-02 9.8296e-01
48230.81 1.5062e-10 2.3143e-05 1.2450e-02 9.8753e-01
49550.29 4.5289e-11 1.2532e-05 9.1156e-03 9.9087e-01
50899.37 1.9898e-11 6.8069e-06 6.6804e-03 9.9331e-01
52276.86 2.1913e-11 3.7072e-06 4.9031e-03 9.9509e-01
53681.16 2.5446e-11 2.0298e-06 3.6057e-03 9.9639e-01
55110.21 1.3150e-11 1.1183e-06 2.6619e-03 9.9734e-01
56561.17 6.2497e-12 6.2056e-07 1.9720e-03 9.9803e-01
58030.00 3.1404e-12 3.4752e-07 1.4687e-03 9.9853e-01
59510.42 1.2108e-12 1.9650e-07 1.0993e-03 9.9890e-01
60993.45 2.7660e-13 1.1292e-07 8.2988e-04 9.9917e-01
62466.44 2.8337e-14 6.6016e-08 6.3185e-04 9.9937e-01
63912.69 8.4173e-15 3.9562e-08 4.8752e-04 9.9951e-01
65311.62 7.6521e-15 2.4370e-08 3.8153e-04 9.9962e-01
66639.26 5.5466e-15 1.5556e-08 3.0398e-04 9.9970e-01
67870.77 1.7114e-15 1.0334e-08 2.4715e-04 9.9975e-01
68864.47 1.1029e-15 7.1196e-09 2.0484e-04 9.9980e-01
69459.55 9.4012e-16 6.1214e-09 1.8975e-04 9.9981e-01
69744.99 1.2609e-15 5.6704e-09 1.8256e-04 9.9982e-01
69888.26 1.4591e-15 5.4574e-09 1.7902e-04 9.9982e-01
69959.62 1.4804e-15 5.3525e-09 1.7729e-04 9.9982e-01
69991.15 1.4574e-15 5.3021e-09 1.7646e-04 9.9982e-01
69999.53 1.4561e-15 5.3047e-09 1.7650e-04 9.9982e-01
#TIME: 210.86
#NVEL: 115
#vel_mid[km/s] o0 o1 o2 o3
425.78 5.0882e-02 8.4935e-01 9.8052e-02 1.7164e-03
857.79 1.2042e-01 7.8694e-01 9.1053e-02 1.5919e-03
878.44 4.5397e-02 8.5678e-01 9.6235e-02 1.5857e-03
917.72 5.0867e-02 8.4622e-01 1.0109e-01 1.8275e-03
973.04 6.2017e-02 8.2954e-01 1.0656e-01 1.8879e-03
1034.98 4.3249e-02 8.5381e-01 1.0120e-01 1.7339e-03
1099.97 6.5687e-02 8.3119e-01 1.0127e-01 1.8511e-03
1169.04 6.2263e-02 8.3232e-01 1.0359e-01 1.8249e-03
1242.44 4.7011e-02 8.4944e-01 1.0172e-01 1.8369e-03
1320.45 5.9026e-02 8.3643e-01 1.0272e-01 1.8192e-03
1403.37 4.8322e-02 8.5828e-01 9.1879e-02 1.5199e-03
1491.49 6.4659e-02 8.4411e-01 8.9816e-02 1.4156e-03
1585.14 6.9854e-02 8.4028e-01 8.8456e-02 1.4063e-03
1684.67 6.0193e-02 8.5167e-01 8.6785e-02 1.3479e-03
1790.45 5.4428e-02 8.5499e-01 8.9165e-02 1.4172e-03
1902.87 5.5471e-02 8.4970e-01 9.3276e-02 1.5538e-03
2022.36 5.2735e-02 8.4471e-01 1.0078e-01 1.7786e-03
2149.34 1.0384e-01 7.9036e-01 1.0384e-01 1.9636e-03
2284.30 2.9702e-02 8.5971e-01 1.0859e-01 1.9937e-03
2427.74 2.5363e-02 8.5425e-01 1.1810e-01 2.2895e-03
2580.18 2.5995e-02 8.4237e-01 1.2895e-01 2.6862e-03
2742.19 2.8814e-02 8.3087e-01 1.3734e-01 2.9766e-03
2914.37 2.9498e-02 8.2530e-01 1.4203e-01 3.1726e-03
3097.37 3.8156e-02 8.1696e-01 1.4174e-01 3.1495e-03
3291.85 4.8173e-02 8.0657e-01 1.4208e-01 3.1807e-03
3498.55 6.7260e-02 8.0686e-01 1.2336e-01 2.5158e-03
3718.23 1.4515e-01 7.6772e-01 8.5786e-02 1.3459e-03
3951.70 2.1512e-01 7.1566e-01 6.8279e-02 9.3937e-04
4199.83 1.6000e-01 7.5048e-01 8.8018e-02 1.4947e-03
4463.54 1.4294e-01 7.5164e-01 1.0339e-01 2.0352e-03
4743.81 1.5796e-01 7.3760e-01 1.0231e-01 2.1326e-03
5041.68 1.6688e-01 7.3401e-01 9.7131e-02 1.9745e-03
5358.25 1.7842e-01 7.2202e-01 9.7567e-02 1.9924e-03
5694.70 1.8334e-01 7.1947e-01 9.5280e-02 1.9019e-03
6052.28 1.8251e-01 7.1642e-01 9.9105e-02 1.9588e-03
6432.31 1.8938e-01 7.1689e-01 9.1933e-02 1.8033e-03
6836.20 2.0096e-01 7.0741e-01 8.9891e-02 1.7442e-03
7265.45 1.9928e-01 7.1115e-01 8.7923e-02 1.6489e-03
7721.65 2.0881e-01 7.0739e-01 8.2289e-02 1.5138e-03
8206.56 2.1706e-01 7.0088e-01 8.0620e-02 1.4452e-03
8717.73 2.2286e-01 6.9887e-01 7.6924e-02 1.3481e-03
9214.74 2.4820e-01 6.7961e-01 7.1063e-02 1.1290e-03
9629.11 2.4762e-01 6.8538e-01 6.5997e-02 1.0009e-03
9954.11 2.6363e-01 6.7552e-01 6.0000e-02 8.4950e-04
10245.64 2.6862e-01 6.7391e-01 5.6705e-02 7.6368e-04
10541.49 2.4217e-01 6.9890e-01 5.8189e-02 7.3667e-04
10839.94 2.5618e-01 6.9557e-01 4.7742e-02 5.0484e-04
11119.11 3.0602e-01 6.5581e-01 3.7826e-02 3.4079e-04
11355.83 3.6100e-01 6.1094e-01 2.7866e-02 1.9349e-04
11539.81 4.2337e-01 5.5504e-01 2.1459e-02 1.2823e-04
11677.16 4.7341e-01 5.1015e-01 1.6354e-02 8.1734e-05
11784.05 4.9377e-01 4.9113e-01 1.5029e-02 7.0284e-05
11875.85 5.0222e-01 4.8176e-01 1.5939e-02 8.1127e-05
11963.37 4.7316e-01 5.1051e-01 1.6251e-02 8.0462e-05
12055.39 4.2933e-01 5.5062e-01 1.9942e-02 1.1545e-04
12170.41 3.6539e-01 6.1030e-01 2.4158e-02 1.4820e-04
12360.89 2.6924e-01 6.9849e-01 3.2049e-02 2.2183e-04
12670.46 1.5646e-01 8.0396e-01 3.9289e-02 2.8989e-04
13075.34 1.1290e-01 8.3172e-01 5.4855e-02 5.2783e-04
13530.52 5.8236e-02 8.7383e-01 6.7231e-02 6.9791e-04
14012.75 5.7629e-02 8.6180e-01 7.9535e-02 1.0371e-03
14508.81 5.1795e-02 8.5905e-01 8.7812e-02 1.3458e-03
15002.30 4.1840e-02 8.6363e-01 9.3011e-02 1.5195e-03
15475.29 5.5254e-02 8.4007e-01 1.0294e-01 1.7374e-03
15923.68 5.3041e-02 8.3404e-01 1.1089e-01 2.0251e-03
16355.64 2.8386e-02 8.4122e-01 1.2790e-01 2.4901e-03
16776.27 4.6992e-02 8.2534e-01 1.2522e-01 2.4426e-03
17183.14 2.5973e-02 8.5714e-01 1.1472e-01 2.1621e-03
17580.45 2.1755e-02 8.7797e-01 9.8534e-02 1.7382e-03
17990.34 1.4056e-02 8.6406e-01 1.1943e-01 2.4625e-03
18458.06 9.3169e-03 8.6238e-01 1.2543e-01 2.8675e-03
19084.69 9.4978e-03 8.5408e-01 1.3318e-01 3.2433e-03
19999.79 6.3884e-03 7.2975e-01 2.5477e-01 9.0891e-03
21193.46 5.2032e-03 6.6125e-01 3.1253e-01 2.1021e-02
22528.72 2.5273e-03 5.7751e-01 3.8245e-01 3.7506e-02
23943.32 6.1700e-04 3.4017e-01 5.8290e-01 7.6315e-02
25446.74 3.3637e-04 2.1300e-01 5.1424e-01 2.7243e-01
27044.57 4.0510e-04 2.7466e-01 5.5936e-01 1.6558e-01
28744.18 1.1812e-04 1.2192e-01 5.4180e-01 3.3617e-01
30520.16 2.4904e-05 6.2208e-02 4.6571e-01 4.7206e-01
32243.50 8.1320e-06 3.9861e-02 4.0575e-01 5.5438e-01
33773.01 5.5024e-06 2.8413e-02 3.6015e-01 6.1144e-01
35108.48 3.9945e-06 1.7345e-02 2.9822e-01 6.8443e-01
36326.30 1.4650e-06 9.4083e-03 2.3143e-01 7.5917e-01
37486.70 1.4655e-07 7.4961e-04 1.7704e-01 8.2221e-01
38628.25 5.2748e-08 2.1798e-04 1.3811e-01 8.6167e-01
39768.62 5.6951e-09 1.1592e-04 1.0400e-01 8.9588e-01
40915.31 1.9189e-09 1.0702e-04 7.7930e-02 9.2196e-01
42074.51 7.8707e-09 4.9692e-04 5.8056e-02 9.4145e-01
43252.44 2.2642e-08 2.7351e-04 4.3122e-02 9.5660e-01
44454.05 5.2697e-09 1.4992e-04 3.1918e-02 9.6793e-01
45683.04 6.9483e-10 8.1780e-05 2.3509e-02 9.7641e-01
46941.68 2.9742e-10 4.4434e-05 1.7258e-02 9.8270e-01
48230.81 2.4433e-10 2.4090e-05 1.2648e-02 9.8733e-01
49550.29 4.8933e-10 1.3071e-05 9.2705e-03 9.9072e-01
50899.37 4.1233e-11 7.0958e-06 6.7944e-03 9.9320e-01
52276.86 1.1028e-11 3.8631e-06 4.9865e-03 9.9501e-01
53681.16 4.6482e-12 2.1139e-06 3.6676e-03 9.9633e-01
55110.21 4.6782e-12 1.1648e-06 2.7083e-03 9.9729e-01
56561.17 5.7539e-12 6.4622e-07 2.0069e-03 9.9799e-01
58030.00 2.7186e-12 3.6190e-07 1.4947e-03 9.9850e-01
59510.42 1.2895e-12 2.0481e-07 1.1193e-03 9.9888e-01
60993.45 6.4281e-13 1.1775e-07 8.4544e-04 9.9915e-01
62466.44 2.8198e-13 6.8768e-08 6.4336e-04 9.9936e-01
63912.69 5.2623e-14 4.1163e-08 4.9632e-04 9.9950e-01
65311.62 6.5147e-15 2.5330e-08 3.8820e-04 9.9961e-01
66639.26 2.0511e-15 1.6184e-08 3.0968e-04 9.9969e-01
67870.77 2.1821e-15 1.0758e-08 2.5181e-04 9.9975e-01
68864.47 1.2223e-15 7.4162e-09 2.0875e-04 9.9979e-01
69459.55 1.6319e-15 6.3732e-09 1.9337e-04 9.9981e-01
69744.99 2.2919e-15 5.8998e-09 1.8595e-04 9.9981e-01
69888.26 1.5429e-15 5.6780e-09 1.8237e-04 9.9982e-01
69959.62 1.5197e-15 5.5687e-09 1.8062e-04 9.9982e-01
69991.15 1.4766e-15 5.5187e-09 1.7976e-04 9.9982e-01
69999.53 1.4817e-15 5.5175e-09 1.7978e-04 9.9982e-01
#TIME: 213.89
#NVEL: 115
#vel_mid[km/s] o0 o1 o2 o3
425.78 5.3357e-02 8.4867e-01 9.6335e-02 1.6394e-03
857.79 9.4780e-02 8.1804e-01 8.5716e-02 1.4619e-03
878.44 1.1541e-01 7.9047e-01 9.2510e-02 1.6076e-03
917.72 5.7992e-02 8.4356e-01 9.6729e-02 1.7198e-03
973.04 4.6975e-02 8.5562e-01 9.5754e-02 1.6484e-03
1034.98 3.1934e-02 8.5929e-01 1.0688e-01 1.8898e-03
1099.97 7.1195e-02 8.2835e-01 9.8657e-02 1.7950e-03
1169.04 4.7321e-02 8.5140e-01 9.9505e-02 1.7694e-03
1242.44 5.5405e-02 8.4357e-01 9.9221e-02 1.8030e-03
1320.45 6.5570e-02 8.3566e-01 9.7063e-02 1.7035e-03
1403.37 5.6441e-02 8.5178e-01 9.0349e-02 1.4283e-03
1491.49 7.1205e-02 8.4123e-01 8.6230e-02 1.3343e-03
1585.14 8.3916e-02 8.3015e-01 8.4614e-02 1.3188e-03
1684.67 7.8604e-02 8.3477e-01 8.5321e-02 1.3063e-03
1790.45 5.7683e-02 8.5296e-01 8.7977e-02 1.3792e-03
1902.87 6.1508e-02 8.4619e-01 9.0822e-02 1.4840e-03
2022.36 5.1040e-02 8.5014e-01 9.7132e-02 1.6843e-03
2149.34 7.2496e-02 8.2350e-01 1.0216e-01 1.8456e-03
2284.30 2.9006e-02 8.6050e-01 1.0851e-01 1.9849e-03
2427.74 2.7539e-02 8.5244e-01 1.1772e-01 2.2971e-03
2580.18 2.8705e-02 8.4198e-01 1.2671e-01 2.6121e-03
2742.19 2.8625e-02 8.3161e-01 1.3680e-01 2.9650e-03
2914.37 3.1711e-02 8.2309e-01 1.4204e-01 3.1607e-03
3097.37 4.0116e-02 8.1520e-01 1.4153e-01 3.1574e-03
3291.85 4.9893e-02 8.0838e-01 1.3862e-01 3.1101e-03
3498.55 6.6517e-02 8.0728e-01 1.2369e-01 2.5094e-03
3718.23 1.4836e-01 7.6503e-01 8.5271e-02 1.3408e-03
3951.70 2.1574e-01 7.1544e-01 6.7892e-02 9.3234e-04
4199.83 1.6430e-01 7.4472e-01 8.9450e-02 1.5341e-03
4463.54 1.5043e-01 7.4528e-01 1.0221e-01 2.0809e-03
4743.81 1.5715e-01 7.3634e-01 1.0439e-01 2.1193e-03
5041.68 1.7066e-01 7.2589e-01 1.0138e-01 2.0687e-03
5358.25 1.7677e-01 7.2294e-01 9.8296e-02 1.9876e-03
5694.70 1.8893e-01 7.1865e-01 9.0669e-02 1.7579e-03
6052.28 1.8402e-01 7.2007e-01 9.4043e-02 1.8596e-03
6432.31 1.8647e-01 7.1757e-01 9.4084e-02 1.8813e-03
6836.20 1.9463e-01 7.0891e-01 9.4521e-02 1.9350e-03
7265.45 2.0798e-01 7.0066e-01 8.9667e-02 1.6979e-03
7721.65 2.0479e-01 7.0523e-01 8.8292e-02 1.6881e-03
8206.56 2.0895e-01 7.0372e-01 8.5727e-02 1.5972e-03
8717.73 2.2756e-01 6.9328e-01 7.7809e-02 1.3507e-03
9214.74 2.4892e-01 6.8224e-01 6.7743e-02 1.0974e-03
9629.11 2.6432e-01 6.7281e-01 6.1990e-02 8.8011e-04
9954.11 2.6453e-01 6.7698e-01 5.7712e-02 7.8111e-04
10245.64 2.5796e-01 6.8327e-01 5.7972e-02 7.9780e-04
10541.49 2.5546e-01 6.9086e-01 5.3036e-02 6.4587e-04
10839.94 2.8002e-01 6.7523e-01 4.4307e-02 4.4388e-04
11119.11 2.9326e-01 6.6698e-01 3.9387e-02 3.6884e-04
11355.83 3.5599e-01 6.1502e-01 2.8784e-02 2.0968e-04
11539.81 4.3600e-01 5.4300e-01 2.0876e-02 1.2203e-04
11677.16 4.7917e-01 5.0400e-01 1.6749e-02 8.3440e-05
11784.05 5.0696e-01 4.7727e-01 1.5698e-02 7.4922e-05
11875.85 5.0145e-01 4.8326e-01 1.5212e-02 7.4116e-05
11963.37 4.8875e-01 4.9574e-01 1.5437e-02 7.5154e-05
12055.39 4.4512e-01 5.3538e-01 1.9392e-02 1.1166e-04
12170.41 3.4543e-01 6.2670e-01 2.7691e-02 1.7785e-04
12360.89 2.7499e-01 6.9212e-01 3.2662e-02 2.2322e-04
12670.46 1.6063e-01 7.9759e-01 4.1462e-02 3.2130e-04
13075.34 1.2014e-01 8.2541e-01 5.3953e-02 5.0398e-04
13530.52 7.4372e-02 8.6005e-01 6.4851e-02 7.2242e-04
14012.75 5.3059e-02 8.7235e-01 7.3633e-02 9.5568e-04
14508.81 5.8982e-02 8.5520e-01 8.4457e-02 1.3623e-03
15002.30 5.4146e-02 8.4869e-01 9.5626e-02 1.5410e-03
15475.29 6.4846e-02 8.3302e-01 1.0043e-01 1.6961e-03
15923.68 4.5133e-02 8.5214e-01 1.0092e-01 1.8062e-03
16355.64 3.1317e-02 8.3925e-01 1.2700e-01 2.4413e-03
16776.27 4.2223e-02 8.2321e-01 1.3196e-01 2.6056e-03
17183.14 1.9617e-02 8.6865e-01 1.0968e-01 2.0493e-03
17580.45 4.1735e-02 8.2504e-01 1.3049e-01 2.7354e-03
17990.34 1.1339e-02 8.6229e-01 1.2388e-01 2.4851e-03
18458.06 1.3193e-02 8.5326e-01 1.3058e-01 2.9675e-03
19084.69 1.1645e-02 8.1057e-01 1.7338e-01 4.4016e-03
19999.79 6.4670e-03 7.5218e-01 2.3246e-01 8.8990e-03
21193.46 3.0608e-03 6.1139e-01 3.6361e-01 2.1939e-02
22528.72 3.3321e-03 5.3152e-01 4.2090e-01 4.4254e-02
23943.32 1.0131e-03 3.2715e-01 5.8835e-01 8.3487e-02
25446.74 7.0090e-05 1.1057e-01 5.4032e-01 3.4904e-01
27044.57 2.2411e-04 2.3669e-01 5.6622e-01 1.9687e-01
28744.18 7.9839e-05 1.1974e-01 5.3984e-01 3.4035e-01
30520.16 1.5976e-05 6.3065e-02 4.6702e-01 4.6989e-01
32243.50 1.5685e-05 4.1431e-02 4.1040e-01 5.4815e-01
33773.01 2.0303e-05 2.9464e-02 3.6440e-01 6.0612e-01
35108.48 2.7992e-06 1.7914e-02 3.0152e-01 6.8057e-01
36326.30 9.5235e-07 9.7021e-03 2.3393e-01 7.5637e-01
37486.70 5.4128e-07 5.0627e-03 1.7565e-01 8.1929e-01
38628.25 2.2863e-07 2.7573e-03 1.3267e-01 8.6457e-01
39768.62 8.7016e-08 1.5364e-03 1.0048e-01 8.9799e-01
40915.31 9.3039e-09 1.3152e-04 7.9035e-02 9.2083e-01
42074.51 2.6852e-09 3.4763e-05 5.9027e-02 9.4094e-01
43252.44 2.2975e-10 1.8568e-05 4.3832e-02 9.5615e-01
44454.05 1.9315e-10 1.8951e-05 3.2413e-02 9.6757e-01
45683.04 1.0527e-09 8.5086e-05 2.3875e-02 9.7604e-01
46941.68 2.7237e-09 4.6217e-05 1.7528e-02 9.8243e-01
48230.81 2.3654e-10 2.5087e-05 1.2856e-02 9.8712e-01
49550.29 6.1459e-11 1.3607e-05 9.4223e-03 9.9056e-01
50899.37 2.8594e-11 7.4022e-06 6.9130e-03 9.9308e-01
52276.86 1.0436e-10 4.0352e-06 5.0774e-03 9.9492e-01
53681.16 3.2093e-11 2.2089e-06 3.7365e-03 9.9626e-01
55110.21 3.0349e-12 1.2168e-06 2.7593e-03 9.9724e-01
56561.17 8.7707e-13 6.7399e-07 2.0442e-03 9.9796e-01
58030.00 9.2766e-13 3.7757e-07 1.5228e-03 9.9848e-01
59510.42 1.2655e-12 2.1360e-07 1.1407e-03 9.9886e-01
60993.45 6.0914e-13 1.2273e-07 8.6127e-04 9.9914e-01
62466.44 3.0433e-13 7.1730e-08 6.5611e-04 9.9934e-01
63912.69 1.4775e-13 4.2984e-08 5.0634e-04 9.9949e-01
65311.62 7.1839e-14 2.6400e-08 3.9556e-04 9.9960e-01
66639.26 3.2599e-14 1.6852e-08 3.1545e-04 9.9968e-01
67870.77 1.6294e-15 1.1194e-08 2.5658e-04 9.9974e-01
68864.47 8.6592e-16 7.7173e-09 2.1270e-04 9.9979e-01
69459.55 5.0682e-16 6.6357e-09 1.9699e-04 9.9980e-01
69744.99 3.6043e-16 6.1430e-09 1.8949e-04 9.9981e-01
69888.26 3.1860e-16 5.9103e-09 1.8582e-04 9.9981e-01
69959.62 3.0833e-16 5.7992e-09 1.8407e-04 9.9982e-01
69991.15 3.0405e-16 5.7469e-09 1.8320e-04 9.9982e-01
69999.53 3.0523e-16 5.7485e-09 1.8319e-04 9.9982e-01
#TIME: 216.97
#NVEL: 115
#vel_mid[km/s] o0 o1 o2 o3
425.78 4.5769e-02 8.5807e-01 9.4561e-02 1.5968e-03
857.79 9.2748e-02 8.0816e-01 9.7458e-02 1.6336e-03
878.44 1.8800e-01 7.2388e-01 8.6637e-02 1.4905e-03
917.72 4.8438e-02 8.5179e-01 9.8054e-02 1.7134e-03
973.04 3.5848e-02 8.6685e-01 9.5754e-02 1.5500e-03
1034.98 5.5636e-02 8.4612e-01 9.6627e-02 1.6169e-03
1099.97 6.2308e-02 8.4008e-01 9.5920e-02 1.6896e-03
1169.04 5.6627e-02 8.4081e-01 1.0076e-01 1.8089e-03
1242.44 8.1322e-02 8.2094e-01 9.6028e-02 1.7092e-03
1320.45 7.6526e-02 8.2948e-01 9.2431e-02 1.5608e-03
1403.37 5.4065e-02 8.5301e-01 9.1457e-02 1.4651e-03
1491.49 5.3807e-02 8.5916e-01 8.5734e-02 1.2982e-03
1585.14 8.0892e-02 8.3364e-01 8.4168e-02 1.3002e-03
1684.67 6.4438e-02 8.4997e-01 8.4310e-02 1.2810e-03
1790.45 7.1001e-02 8.4301e-01 8.4686e-02 1.3087e-03
1902.87 5.4359e-02 8.5328e-01 9.0889e-02 1.4758e-03
2022.36 5.3519e-02 8.4872e-01 9.6122e-02 1.6395e-03
2149.34 6.1950e-02 8.3194e-01 1.0418e-01 1.9340e-03
2284.30 1.4109e-02 8.4015e-01 1.4274e-01 3.0030e-03
2427.74 2.7283e-02 8.5359e-01 1.1686e-01 2.2680e-03
2580.18 2.8479e-02 8.4224e-01 1.2666e-01 2.6231e-03
2742.19 2.9003e-02 8.3093e-01 1.3708e-01 2.9859e-03
2914.37 3.1175e-02 8.2292e-01 1.4272e-01 3.1812e-03
3097.37 4.0057e-02 8.1558e-01 1.4122e-01 3.1376e-03
3291.85 5.1250e-02 8.0488e-01 1.4072e-01 3.1528e-03
3498.55 6.9303e-02 8.0568e-01 1.2253e-01 2.4878e-03
3718.23 1.4871e-01 7.6559e-01 8.4371e-02 1.3264e-03
3951.70 2.1553e-01 7.1669e-01 6.6875e-02 9.1015e-04
4199.83 1.6319e-01 7.4567e-01 8.9632e-02 1.5088e-03
4463.54 1.4870e-01 7.4872e-01 1.0061e-01 1.9737e-03
4743.81 1.5796e-01 7.3438e-01 1.0545e-01 2.2060e-03
5041.68 1.7109e-01 7.2806e-01 9.8821e-02 2.0367e-03
5358.25 1.7648e-01 7.2646e-01 9.5118e-02 1.9394e-03
5694.70 1.9039e-01 7.1174e-01 9.5971e-02 1.8942e-03
6052.28 1.8631e-01 7.1480e-01 9.6946e-02 1.9496e-03
6432.31 1.9336e-01 7.1466e-01 9.0201e-02 1.7836e-03
6836.20 1.9022e-01 7.1464e-01 9.3285e-02 1.8557e-03
7265.45 1.9921e-01 7.0797e-01 9.1029e-02 1.7975e-03
7721.65 2.1143e-01 7.0321e-01 8.3828e-02 1.5403e-03
8206.56 2.1313e-01 7.0401e-01 8.1379e-02 1.4756e-03
8717.73 2.1915e-01 6.9939e-01 8.0040e-02 1.4285e-03
9214.74 2.4180e-01 6.8567e-01 7.1353e-02 1.1748e-03
9629.11 2.5628e-01 6.7617e-01 6.6552e-02 9.9691e-04
9954.11 2.6184e-01 6.7646e-01 6.0862e-02 8.3370e-04
10245.64 2.6799e-01 6.7617e-01 5.5118e-02 7.2264e-04
10541.49 2.3496e-01 7.0460e-01 5.9683e-02 7.5096e-04
10839.94 2.6703e-01 6.8762e-01 4.4875e-02 4.7093e-04
11119.11 3.0696e-01 6.5623e-01 3.6501e-02 3.1326e-04
11355.83 3.6960e-01 6.0011e-01 3.0067e-02 2.2100e-04
11539.81 4.3252e-01 5.4675e-01 2.0610e-02 1.2270e-04
11677.16 4.8243e-01 5.0158e-01 1.5913e-02 7.9936e-05
11784.05 5.0915e-01 4.7612e-01 1.4665e-02 6.9832e-05
11875.85 5.0087e-01 4.8400e-01 1.5064e-02 6.8395e-05
11963.37 4.9690e-01 4.8802e-01 1.5000e-02 7.3343e-05
12055.39 4.3922e-01 5.4007e-01 2.0589e-02 1.1770e-04
12170.41 3.6624e-01 6.0941e-01 2.4204e-02 1.4604e-04
12360.89 2.7988e-01 6.8933e-01 3.0585e-02 2.0712e-04
