#NTIMES: 200
#NSTAGES: 10
#TIMES[d]: 1.3135 1.3409 1.3688 1.3973 1.4263 1.4560 1.4863 1.5173 1.5488 1.5811 1.6140 1.6476 1.6819 1.7169 1.7526 1.7891 1.8263 1.8643 1.9031 1.9427 1.9831 2.0244 2.0665 2.1096 2.1535 2.1983 2.2440 2.2907 2.3384 2.3871 2.4368 2.4875 2.5392 2.5921 2.6460 2.7011 2.7573 2.8147 2.8733 2.9331 2.9941 3.0564 3.1200 3.1850 3.2513 3.3189 3.3880 3.4585 3.5305 3.6040 3.6790 3.7555 3.8337 3.9135 3.9949 4.0781 4.1629 4.2496 4.3380 4.4283 4.5205 4.6145 4.7106 4.8086 4.9087 5.0109 5.1151 5.2216 5.3303 5.4412 5.5544 5.6700 5.7880 5.9085 6.0315 6.1570 6.2851 6.4159 6.5495 6.6858 6.8249 6.9670 7.1120 7.2600 7.4111 7.5653 7.7228 7.8835 8.0476 8.2150 8.3860 8.5605 8.7387 8.9206 9.1062 9.2957 9.4892 9.6867 9.8883 10.0941 10.3042 10.5186 10.7375 10.9610 11.1891 11.4220 11.6597 11.9023 12.1501 12.4029 12.6611 12.9246 13.1935 13.4681 13.7484 14.0346 14.3266 14.6248 14.9292 15.2399 15.5570 15.8808 16.2113 16.5487 16.8931 17.2447 17.6036 17.9700 18.3440 18.7257 19.1155 19.5133 19.9194 20.3340 20.7571 21.1891 21.6301 22.0803 22.5398 23.0089 23.4878 23.9766 24.4756 24.9850 25.5050 26.0358 26.5776 27.1308 27.6954 28.2718 28.8602 29.4608 30.0740 30.6999 31.3388 31.9910 32.6568 33.3365 34.0302 34.7385 35.4615 36.1995 36.9529 37.7219 38.5070 39.3084 40.1265 40.9616 41.8141 42.6843 43.5726 44.4795 45.4052 46.3501 47.3148 48.2995 49.3047 50.3308 51.3783 52.4476 53.5391 54.6534 55.7908 56.9519 58.1372 59.3472 60.5823 61.8431 63.1302 64.4440 65.7853 67.1544 68.5520 69.9787 71.4351 72.9218 74.4394 75.9886 77.5701 79.1845
#
#TIME: 1.3135
#NVEL: 115
#vel_mid[km/s] mn0 mn1 mn2 mn3 mn4 mn5 mn6 mn7 mn8 mn9
4.2577e+02 2.8026e-45 3.1789e-35 5.8224e-26 5.1628e-18 3.7583e-11 8.5511e-06 1.3796e-02 9.7843e-01 7.7697e-03 4.3945e-08
8.5779e+02 2.2159e-32 3.8594e-24 8.8529e-17 9.8312e-11 8.9628e-06 2.5540e-02 5.1606e-01 4.5835e-01 4.5584e-05 3.2289e-12
8.7843e+02 2.2118e-32 3.8530e-24 8.8404e-17 9.8196e-11 8.9547e-06 2.5525e-02 5.1596e-01 4.5846e-01 4.5623e-05 3.2338e-12
9.1772e+02 2.1995e-32 3.8320e-24 8.7955e-17 9.7735e-11 8.9190e-06 2.5455e-02 5.1546e-01 4.5903e-01 4.5849e-05 3.2636e-12
9.7304e+02 2.1276e-32 3.7144e-24 8.5525e-17 9.5340e-11 8.7397e-06 2.5112e-02 5.1307e-01 4.6177e-01 4.6908e-05 3.4027e-12
1.0350e+03 1.9509e-32 3.4203e-24 7.9342e-17 8.9127e-11 8.2647e-06 2.4183e-02 5.0635e-01 4.6941e-01 5.0041e-05 3.8324e-12
1.1000e+03 1.5115e-32 2.6851e-24 6.3699e-17 7.3215e-11 7.0225e-06 2.1660e-02 4.8683e-01 4.9144e-01 6.0147e-05 5.3798e-12
1.1690e+03 7.5882e-33 1.3962e-24 3.5162e-17 4.2974e-11 4.5077e-06 1.5995e-02 4.3417e-01 5.4974e-01 9.7158e-05 1.3133e-11
1.2425e+03 1.7209e-33 3.3755e-25 9.5816e-18 1.3254e-11 1.6682e-06 7.9577e-03 3.2385e-01 6.6793e-01 2.6283e-04 8.7453e-11
1.3205e+03 1.6325e-34 3.4483e-26 1.1591e-18 1.9173e-12 3.1393e-07 2.3598e-03 1.8212e-01 8.1435e-01 1.1657e-03 1.6635e-09
1.4033e+03 9.3674e-36 2.1486e-27 8.8081e-20 1.8091e-13 3.9745e-08 5.0470e-04 8.2591e-02 9.1099e-01 5.9151e-03 4.6350e-08
1.4915e+03 6.0665e-37 1.5152e-28 7.5428e-21 1.9277e-14 5.5363e-09 1.1347e-04 3.7232e-02 9.3849e-01 2.4167e-02 8.9060e-07
1.5852e+03 4.6664e-38 1.2790e-29 7.6965e-22 2.4467e-15 8.9816e-10 2.8192e-05 1.7267e-02 9.0483e-01 7.7864e-02 1.1084e-05
1.6847e+03 3.0761e-39 9.3689e-31 6.8973e-23 2.7777e-16 1.3104e-10 6.2708e-06 7.1705e-03 7.7527e-01 2.1744e-01 1.1582e-04
1.7904e+03 1.3839e-40 4.7950e-32 4.4223e-24 2.3259e-17 1.4401e-11 1.0612e-06 2.3065e-03 5.2087e-01 4.7588e-01 9.4306e-04
1.9028e+03 4.0021e-42 1.6209e-33 1.9195e-25 1.3583e-18 1.1306e-12 1.2909e-07 5.3805e-04 2.5434e-01 7.3984e-01 5.2855e-03
2.0223e+03 9.3887e-44 4.4194e-35 6.7015e-27 6.3993e-20 7.1670e-14 1.2494e-08 9.9180e-05 9.7273e-02 8.8058e-01 2.2052e-02
2.1493e+03 1.4013e-45 1.1043e-36 2.1397e-28 2.7636e-21 4.1800e-15 1.0955e-09 1.6351e-05 3.2818e-02 8.9218e-01 7.4983e-02
2.2843e+03 0.0000e+00 3.4810e-38 8.3817e-30 1.4237e-22 2.8384e-16 1.0660e-10 2.8118e-06 1.0821e-02 7.9188e-01 1.9729e-01
2.4277e+03 0.0000e+00 1.8277e-39 5.2778e-31 1.1278e-23 2.8450e-17 1.4305e-11 5.9711e-07 3.8972e-03 6.2705e-01 3.6905e-01
2.5802e+03 0.0000e+00 2.2747e-40 7.5103e-32 1.8932e-24 5.6660e-18 3.4878e-12 1.9783e-07 1.8379e-03 4.9315e-01 5.0501e-01
2.7422e+03 0.0000e+00 1.0269e-40 3.6429e-32 9.9374e-25 3.2236e-18 2.1652e-12 1.3720e-07 1.4396e-03 4.5196e-01 5.4661e-01
2.9144e+03 0.0000e+00 2.3329e-40 8.2311e-32 2.1847e-24 6.8642e-18 4.3726e-12 2.4439e-07 2.1883e-03 5.2553e-01 4.7228e-01
3.0973e+03 0.0000e+00 3.2812e-39 1.0558e-30 2.4157e-23 6.4913e-17 3.3192e-11 1.2258e-06 6.6797e-03 7.2333e-01 2.6998e-01
3.2918e+03 0.0000e+00 3.0645e-37 8.3543e-29 1.4700e-21 3.0307e-15 1.0223e-09 1.7336e-05 3.7710e-02 8.9981e-01 6.2458e-02
3.4986e+03 2.7185e-43 1.8920e-34 3.6379e-26 4.0596e-19 5.3339e-13 8.8318e-08 4.6842e-04 2.6722e-01 7.2780e-01 4.5165e-03
3.7182e+03 3.4492e-40 1.6762e-31 1.8626e-23 1.1088e-16 7.6780e-11 4.8924e-06 6.6207e-03 8.0028e-01 1.9301e-01 8.1683e-05
3.9517e+03 2.7175e-37 9.9013e-29 6.5547e-21 2.1810e-14 7.8311e-09 1.6785e-04 4.7894e-02 9.4012e-01 1.1821e-02 1.8414e-07
4.1999e+03 7.8632e-34 2.8491e-25 1.2629e-17 2.6994e-11 4.3108e-06 1.8473e-02 4.8477e-01 4.9671e-01 3.6988e-05 1.7042e-12
4.4636e+03 3.7019e-31 1.1728e-22 3.3847e-15 4.5859e-09 2.8199e-04 2.4641e-01 7.0745e-01 4.5856e-02 3.2162e-08 7.4015e-18
4.7438e+03 4.9191e-30 1.3970e-21 3.2121e-14 3.3704e-08 1.2443e-03 4.9642e-01 4.9379e-01 8.5497e-03 6.7261e-10 1.2920e-20
5.0416e+03 8.5534e-30 2.4078e-21 5.3188e-14 5.3052e-08 1.7310e-03 5.6589e-01 4.2717e-01 5.2135e-03 2.2666e-10 2.2135e-21
5.3582e+03 6.3644e-30 1.8912e-21 4.4101e-14 4.6439e-08 1.5999e-03 5.5234e-01 4.4038e-01 5.6779e-03 2.6093e-10 2.6938e-21
5.6947e+03 5.5325e-30 1.7283e-21 4.2026e-14 4.6006e-08 1.6160e-03 5.5760e-01 4.3539e-01 5.3905e-03 2.2301e-10 2.0272e-21
6.0522e+03 7.7321e-30 2.4440e-21 5.8669e-14 6.2788e-08 2.0316e-03 6.0770e-01 3.8660e-01 3.6722e-03 9.5698e-11 5.1204e-22
6.4323e+03 1.8863e-29 5.8606e-21 1.3155e-13 1.2861e-07 3.3535e-03 7.1244e-01 2.8273e-01 1.4759e-03 1.3982e-11 2.3579e-23
6.8362e+03 7.2117e-29 2.1467e-20 4.3014e-13 3.5999e-07 6.6581e-03 8.3261e-01 1.6039e-01 3.3588e-04 6.8881e-13 2.0298e-25
7.2654e+03 3.6250e-28 1.0012e-19 1.7225e-12 1.1654e-06 1.3975e-02 9.1267e-01 7.3300e-02 5.1069e-05 1.6895e-14 6.2372e-28
7.7216e+03 2.6320e-27 6.5466e-19 9.2873e-12 4.7330e-06 3.2639e-02 9.4199e-01 2.5361e-02 4.4753e-06 1.5375e-16 4.3095e-31
8.2065e+03 4.8922e-26 1.0277e-17 1.0941e-10 3.5520e-05 1.0535e-01 8.8995e-01 4.6692e-03 1.0573e-07 1.2481e-19 7.5423e-36
8.7177e+03 7.7735e-24 1.1702e-15 7.3419e-09 9.5271e-04 5.5247e-01 4.4648e-01 1.0465e-04 4.7882e-11 9.5921e-26 4.2039e-45
9.2147e+03 8.5540e-21 6.7106e-13 1.5953e-06 3.3672e-02 9.5549e-01 1.0841e-02 9.3407e-09 3.8266e-18 8.6388e-38 0.0000e+00
9.6291e+03 1.2642e-17 4.7387e-10 3.4211e-04 6.3972e-01 3.5992e-01 1.6074e-05 9.5343e-15 4.2504e-28 0.0000e+00 0.0000e+00
9.9539e+03 1.7886e-15 3.6650e-08 7.8096e-03 9.8523e-01 6.9601e-03 6.0609e-10 9.3663e-23 1.2975e-40 0.0000e+00 0.0000e+00
1.0246e+04 3.0325e-13 3.2937e-06 1.6388e-01 8.3608e-01 3.4548e-05 1.9909e-15 1.9252e-32 0.0000e+00 0.0000e+00 0.0000e+00
1.0542e+04 2.0309e-11 1.1214e-04 9.2075e-01 7.9133e-02 4.8235e-09 2.5258e-23 1.4013e-45 0.0000e+00 0.0000e+00 0.0000e+00
1.0840e+04 8.5885e-10 1.4996e-03 9.9807e-01 4.3051e-04 7.6181e-15 4.2142e-34 0.0000e+00 0.0000e+00 0.0000e+00 0.0000e+00
1.1119e+04 4.6823e-08 2.2521e-02 9.7748e-01 1.2803e-06 3.3528e-21 1.4013e-45 0.0000e+00 0.0000e+00 0.0000e+00 0.0000e+00
1.1356e+04 1.6428e-06 2.2495e-01 7.7504e-01 4.7872e-09 3.9173e-27 0.0000e+00 0.0000e+00 0.0000e+00 0.0000e+00 0.0000e+00
1.1540e+04 1.8711e-05 7.6348e-01 2.3650e-01 8.7548e-12 3.2667e-33 0.0000e+00 0.0000e+00 0.0000e+00 0.0000e+00 0.0000e+00
1.1677e+04 5.7862e-05 9.6273e-01 3.7209e-02 1.1491e-14 2.7501e-39 0.0000e+00 0.0000e+00 0.0000e+00 0.0000e+00 0.0000e+00
1.1784e+04 1.1940e-04 9.9338e-01 6.5040e-03 2.8483e-17 9.8091e-45 0.0000e+00 0.0000e+00 0.0000e+00 0.0000e+00 0.0000e+00
1.1876e+04 2.3172e-04 9.9838e-01 1.3922e-03 1.6964e-19 0.0000e+00 0.0000e+00 0.0000e+00 0.0000e+00 0.0000e+00 0.0000e+00
1.1964e+04 4.0612e-04 9.9922e-01 3.7344e-04 2.1631e-21 0.0000e+00 0.0000e+00 0.0000e+00 0.0000e+00 0.0000e+00 0.0000e+00
1.2056e+04 5.5736e-04 9.9930e-01 1.4120e-04 6.9199e-23 0.0000e+00 0.0000e+00 0.0000e+00 0.0000e+00 0.0000e+00 0.0000e+00
1.2170e+04 7.5403e-04 9.9919e-01 5.7903e-05 3.0446e-24 0.0000e+00 0.0000e+00 0.0000e+00 0.0000e+00 0.0000e+00 0.0000e+00
1.2360e+04 1.2149e-03 9.9877e-01 1.6213e-05 3.9248e-26 0.0000e+00 0.0000e+00 0.0000e+00 0.0000e+00 0.0000e+00 0.0000e+00
1.2670e+04 2.9276e-03 9.9707e-01 1.7599e-06 2.2468e-29 0.0000e+00 0.0000e+00 0.0000e+00 0.0000e+00 0.0000e+00 0.0000e+00
1.3075e+04 7.9888e-03 9.9201e-01 1.4635e-07 5.6658e-33 0.0000e+00 0.0000e+00 0.0000e+00 0.0000e+00 0.0000e+00 0.0000e+00
1.3530e+04 2.2470e-02 9.7753e-01 1.0823e-08 9.9481e-37 0.0000e+00 0.0000e+00 0.0000e+00 0.0000e+00 0.0000e+00 0.0000e+00
1.4013e+04 6.0901e-02 9.3910e-01 7.7064e-10 1.5948e-40 0.0000e+00 0.0000e+00 0.0000e+00 0.0000e+00 0.0000e+00 0.0000e+00
1.4509e+04 1.5157e-01 8.4843e-01 5.3827e-11 2.8026e-44 0.0000e+00 0.0000e+00 0.0000e+00 0.0000e+00 0.0000e+00 0.0000e+00
1.5002e+04 3.1721e-01 6.8279e-01 3.6511e-12 0.0000e+00 0.0000e+00 0.0000e+00 0.0000e+00 0.0000e+00 0.0000e+00 0.0000e+00
1.5476e+04 5.0948e-01 4.9052e-01 2.7985e-13 0.0000e+00 0.0000e+00 0.0000e+00 0.0000e+00 0.0000e+00 0.0000e+00 0.0000e+00
1.5924e+04 6.5600e-01 3.4400e-01 2.8756e-14 0.0000e+00 0.0000e+00 0.0000e+00 0.0000e+00 0.0000e+00 0.0000e+00 0.0000e+00
1.6356e+04 7.5388e-01 2.4612e-01 4.0231e-15 0.0000e+00 0.0000e+00 0.0000e+00 0.0000e+00 0.0000e+00 0.0000e+00 0.0000e+00
1.6776e+04 8.2870e-01 1.7130e-01 6.2586e-16 0.0000e+00 0.0000e+00 0.0000e+00 0.0000e+00 0.0000e+00 0.0000e+00 0.0000e+00
1.7184e+04 8.8175e-01 1.1825e-01 1.1216e-16 0.0000e+00 0.0000e+00 0.0000e+00 0.0000e+00 0.0000e+00 0.0000e+00 0.0000e+00
1.7580e+04 9.1334e-01 8.6662e-02 2.7234e-17 0.0000e+00 0.0000e+00 0.0000e+00 0.0000e+00 0.0000e+00 0.0000e+00 0.0000e+00
1.7990e+04 9.3211e-01 6.7894e-02 8.4722e-18 0.0000e+00 0.0000e+00 0.0000e+00 0.0000e+00 0.0000e+00 0.0000e+00 0.0000e+00
1.8458e+04 9.5164e-01 4.8358e-02 1.9601e-18 0.0000e+00 0.0000e+00 0.0000e+00 0.0000e+00 0.0000e+00 0.0000e+00 0.0000e+00
1.9085e+04 9.7153e-01 2.8472e-02 2.2333e-19 0.0000e+00 0.0000e+00 0.0000e+00 0.0000e+00 0.0000e+00 0.0000e+00 0.0000e+00
2.0000e+04 9.8289e-01 1.7114e-02 1.6766e-20 0.0000e+00 0.0000e+00 0.0000e+00 0.0000e+00 0.0000e+00 0.0000e+00 0.0000e+00
2.1194e+04 9.4934e-01 5.0661e-02 1.2036e-19 0.0000e+00 0.0000e+00 0.0000e+00 0.0000e+00 0.0000e+00 0.0000e+00 0.0000e+00
2.2528e+04 8.3910e-01 1.6090e-01 1.3857e-18 0.0000e+00 0.0000e+00 0.0000e+00 0.0000e+00 0.0000e+00 0.0000e+00 0.0000e+00
2.3943e+04 6.2829e-01 3.7171e-01 1.0594e-17 0.0000e+00 0.0000e+00 0.0000e+00 0.0000e+00 0.0000e+00 0.0000e+00 0.0000e+00
2.5446e+04 4.5870e-01 5.4130e-01 3.2710e-17 0.0000e+00 0.0000e+00 0.0000e+00 0.0000e+00 0.0000e+00 0.0000e+00 0.0000e+00
2.7044e+04 3.2285e-01 6.7715e-01 7.8080e-17 0.0000e+00 0.0000e+00 0.0000e+00 0.0000e+00 0.0000e+00 0.0000e+00 0.0000e+00
2.8744e+04 1.9946e-01 8.0054e-01 1.9151e-16 0.0000e+00 0.0000e+00 0.0000e+00 0.0000e+00 0.0000e+00 0.0000e+00 0.0000e+00
3.0520e+04 1.2013e-01 8.7987e-01 4.0746e-16 0.0000e+00 0.0000e+00 0.0000e+00 0.0000e+00 0.0000e+00 0.0000e+00 0.0000e+00
3.2244e+04 8.4483e-02 9.1552e-01 6.3542e-16 0.0000e+00 0.0000e+00 0.0000e+00 0.0000e+00 0.0000e+00 0.0000e+00 0.0000e+00
3.3773e+04 6.3827e-02 9.3617e-01 8.6565e-16 0.0000e+00 0.0000e+00 0.0000e+00 0.0000e+00 0.0000e+00 0.0000e+00 0.0000e+00
3.5108e+04 4.4933e-02 9.5507e-01 1.2453e-15 0.0000e+00 0.0000e+00 0.0000e+00 0.0000e+00 0.0000e+00 0.0000e+00 0.0000e+00
3.6326e+04 3.0184e-02 9.6982e-01 1.8413e-15 0.0000e+00 0.0000e+00 0.0000e+00 0.0000e+00 0.0000e+00 0.0000e+00 0.0000e+00
3.7486e+04 2.0281e-02 9.7972e-01 2.6743e-15 0.0000e+00 0.0000e+00 0.0000e+00 0.0000e+00 0.0000e+00 0.0000e+00 0.0000e+00
3.8628e+04 1.4107e-02 9.8589e-01 3.7065e-15 0.0000e+00 0.0000e+00 0.0000e+00 0.0000e+00 0.0000e+00 0.0000e+00 0.0000e+00
3.9769e+04 1.0042e-02 9.8996e-01 4.9829e-15 0.0000e+00 0.0000e+00 0.0000e+00 0.0000e+00 0.0000e+00 0.0000e+00 0.0000e+00
4.0916e+04 7.2084e-03 9.9279e-01 6.6060e-15 0.0000e+00 0.0000e+00 0.0000e+00 0.0000e+00 0.0000e+00 0.0000e+00 0.0000e+00
4.2074e+04 5.1858e-03 9.9481e-01 8.7228e-15 0.0000e+00 0.0000e+00 0.0000e+00 0.0000e+00 0.0000e+00 0.0000e+00 0.0000e+00
4.3252e+04 3.7342e-03 9.9627e-01 1.1475e-14 0.0000e+00 0.0000e+00 0.0000e+00 0.0000e+00 0.0000e+00 0.0000e+00 0.0000e+00
4.4454e+04 2.6910e-03 9.9731e-01 1.5047e-14 0.0000e+00 0.0000e+00 0.0000e+00 0.0000e+00 0.0000e+00 0.0000e+00 0.0000e+00
4.5683e+04 1.9288e-03 9.9807e-01 1.9851e-14 0.0000e+00 0.0000e+00 0.0000e+00 0.0000e+00 0.0000e+00 0.0000e+00 0.0000e+00
4.6942e+04 1.3803e-03 9.9862e-01 2.6215e-14 0.0000e+00 0.0000e+00 0.0000e+00 0.0000e+00 0.0000e+00 0.0000e+00 0.0000e+00
4.8231e+04 9.8575e-04 9.9901e-01 3.4675e-14 0.0000e+00 0.0000e+00 0.0000e+00 0.0000e+00 0.0000e+00 0.0000e+00 0.0000e+00
4.9550e+04 7.0235e-04 9.9930e-01 4.5952e-14 0.0000e+00 0.0000e+00 0.0000e+00 0.0000e+00 0.0000e+00 0.0000e+00 0.0000e+00
5.0900e+04 5.0105e-04 9.9950e-01 6.0800e-14 0.0000e+00 0.0000e+00 0.0000e+00 0.0000e+00 0.0000e+00 0.0000e+00 0.0000e+00
5.2277e+04 3.5680e-04 9.9964e-01 8.0688e-14 0.0000e+00 0.0000e+00 0.0000e+00 0.0000e+00 0.0000e+00 0.0000e+00 0.0000e+00
5.3682e+04 2.5536e-04 9.9974e-01 1.0636e-13 0.0000e+00 0.0000e+00 0.0000e+00 0.0000e+00 0.0000e+00 0.0000e+00 0.0000e+00
5.5110e+04 1.8333e-04 9.9982e-01 1.3972e-13 0.0000e+00 0.0000e+00 0.0000e+00 0.0000e+00 0.0000e+00 0.0000e+00 0.0000e+00
5.6562e+04 1.3208e-04 9.9987e-01 1.8314e-13 0.0000e+00 0.0000e+00 0.0000e+00 0.0000e+00 0.0000e+00 0.0000e+00 0.0000e+00
5.8030e+04 9.5846e-05 9.9990e-01 2.3829e-13 0.0000e+00 0.0000e+00 0.0000e+00 0.0000e+00 0.0000e+00 0.0000e+00 0.0000e+00
5.9510e+04 7.0019e-05 9.9993e-01 3.0791e-13 0.0000e+00 0.0000e+00 0.0000e+00 0.0000e+00 0.0000e+00 0.0000e+00 0.0000e+00
6.0994e+04 5.1771e-05 9.9995e-01 3.9364e-13 0.0000e+00 0.0000e+00 0.0000e+00 0.0000e+00 0.0000e+00 0.0000e+00 0.0000e+00
6.2466e+04 3.8678e-05 9.9996e-01 4.9872e-13 0.0000e+00 0.0000e+00 0.0000e+00 0.0000e+00 0.0000e+00 0.0000e+00 0.0000e+00
6.3912e+04 2.9385e-05 9.9997e-01 6.2218e-13 0.0000e+00 0.0000e+00 0.0000e+00 0.0000e+00 0.0000e+00 0.0000e+00 0.0000e+00
6.5312e+04 2.2748e-05 9.9998e-01 7.6398e-13 0.0000e+00 0.0000e+00 0.0000e+00 0.0000e+00 0.0000e+00 0.0000e+00 0.0000e+00
6.6639e+04 1.8005e-05 9.9998e-01 9.2024e-13 0.0000e+00 0.0000e+00 0.0000e+00 0.0000e+00 0.0000e+00 0.0000e+00 0.0000e+00
6.7870e+04 1.4603e-05 9.9999e-01 1.0866e-12 0.0000e+00 0.0000e+00 0.0000e+00 0.0000e+00 0.0000e+00 0.0000e+00 0.0000e+00
6.8864e+04 1.2163e-05 9.9999e-01 1.2552e-12 0.0000e+00 0.0000e+00 0.0000e+00 0.0000e+00 0.0000e+00 0.0000e+00 0.0000e+00
6.9460e+04 1.1242e-05 9.9999e-01 1.3330e-12 0.0000e+00 0.0000e+00 0.0000e+00 0.0000e+00 0.0000e+00 0.0000e+00 0.0000e+00
6.9745e+04 1.0848e-05 9.9999e-01 1.3686e-12 0.0000e+00 0.0000e+00 0.0000e+00 0.0000e+00 0.0000e+00 0.0000e+00 0.0000e+00
6.9888e+04 1.0563e-05 9.9999e-01 1.3990e-12 0.0000e+00 0.0000e+00 0.0000e+00 0.0000e+00 0.0000e+00 0.0000e+00 0.0000e+00
6.9960e+04 1.0513e-05 9.9999e-01 1.4014e-12 0.0000e+00 0.0000e+00 0.0000e+00 0.0000e+00 0.0000e+00 0.0000e+00 0.0000e+00
6.9991e+04 1.0434e-05 9.9999e-01 1.4098e-12 0.0000e+00 0.0000e+00 0.0000e+00 0.0000e+00 0.0000e+00 0.0000e+00 0.0000e+00
7.0000e+04 5.0194e-06 9.9999e-01 2.9305e-12 0.0000e+00 0.0000e+00 0.0000e+00 0.0000e+00 0.0000e+00 0.0000e+00 0.0000e+00
#
#TIME: 1.3409
#NVEL: 115
#vel_mid[km/s] mn0 mn1 mn2 mn3 mn4 mn5 mn6 mn7 mn8 mn9
4.2577e+02 1.4013e-45 2.2135e-35 4.3049e-26 4.0533e-18 3.1336e-11 7.5740e-06 1.2985e-02 9.7874e-01 8.2670e-03 4.9748e-08
8.5779e+02 1.0326e-32 1.9465e-24 4.8987e-17 5.9734e-11 6.0771e-06 1.9875e-02 4.7351e-01 5.0654e-01 6.5637e-05 6.2139e-12
8.7843e+02 1.0445e-32 1.9680e-24 4.9483e-17 6.0282e-11 6.1239e-06 1.9980e-02 4.7444e-01 5.0551e-01 6.5071e-05 6.1144e-12
9.1772e+02 1.0363e-32 1.9529e-24 4.9133e-17 5.9891e-11 6.0901e-06 1.9904e-02 4.7376e-01 5.0626e-01 6.5489e-05 6.1881e-12
9.7304e+02 9.9142e-33 1.8731e-24 4.7317e-17 5.7916e-11 5.9239e-06 1.9533e-02 4.7048e-01 5.0991e-01 6.7470e-05 6.5392e-12
1.0350e+03 9.1766e-33 1.7401e-24 4.4244e-17 5.4519e-11 5.6326e-06 1.8871e-02 4.6444e-01 5.1661e-01 7.1320e-05 7.2501e-12
1.1000e+03 7.1544e-33 1.3738e-24 3.5690e-17 4.4958e-11 4.7972e-06 1.6905e-02 4.4537e-01 5.3763e-01 8.4753e-05 1.0002e-11
1.1690e+03 3.5976e-33 7.1488e-25 1.9694e-17 2.6352e-11 3.0690e-06 1.2410e-02 3.9365e-01 5.9380e-01 1.3439e-04 2.3810e-11
1.2425e+03 8.2604e-34 1.7462e-25 5.4071e-18 8.1672e-12 1.1358e-06 6.1345e-03 2.8940e-01 7.0412e-01 3.4940e-04 1.4977e-10
1.3205e+03 7.8046e-35 1.7741e-26 6.4954e-19 1.1720e-12 2.1128e-07 1.7910e-03 1.5957e-01 8.3714e-01 1.4990e-03 2.7304e-09
1.4033e+03 4.4167e-36 1.0901e-27 4.8686e-20 1.0920e-13 2.6374e-08 3.7721e-04 7.1241e-02 9.2092e-01 7.4670e-03 7.4522e-08
1.4915e+03 2.8342e-37 7.6189e-29 4.1335e-21 1.1552e-14 3.6436e-09 8.3997e-05 3.1796e-02 9.3803e-01 3.0090e-02 1.4079e-06
1.5852e+03 2.1894e-38 6.4567e-30 4.2309e-22 1.4704e-15 5.9152e-10 2.0794e-05 1.4621e-02 8.9092e-01 9.4424e-02 1.6846e-05
1.6847e+03 1.4024e-39 4.6009e-31 3.6911e-23 1.6275e-16 8.4145e-11 4.5017e-06 5.9006e-03 7.3985e-01 2.5408e-01 1.6843e-04
1.7904e+03 5.9586e-41 2.2278e-32 2.2423e-24 1.2940e-17 8.7915e-12 7.2373e-07 1.8026e-03 4.7153e-01 5.2538e-01 1.2893e-03
1.9028e+03 1.6577e-42 7.2486e-34 9.3693e-26 7.2777e-19 6.6477e-13 8.4580e-08 4.0279e-04 2.1970e-01 7.7312e-01 6.7755e-03
2.0223e+03 3.7835e-44 1.9415e-35 3.2116e-27 3.3661e-20 4.1368e-14 8.0163e-09 7.2528e-05 8.1846e-02 8.9091e-01 2.7175e-02
2.1493e+03 1.4013e-45 4.8540e-37 1.0243e-28 1.4500e-21 2.4040e-15 6.9798e-10 1.1829e-05 2.7211e-02 8.8313e-01 8.9651e-02
2.2843e+03 0.0000e+00 1.5138e-38 3.9633e-30 7.3700e-23 1.6095e-16 6.6798e-11 1.9948e-06 8.7771e-03 7.6298e-01 2.2824e-01
2.4277e+03 0.0000e+00 7.7471e-40 2.4322e-31 5.6898e-24 1.5731e-17 8.7328e-12 4.1206e-07 3.0716e-03 5.8515e-01 4.1177e-01
2.5802e+03 0.0000e+00 9.2735e-41 3.3334e-32 9.2147e-25 3.0292e-18 2.0620e-12 1.3244e-07 1.4088e-03 4.4850e-01 5.5010e-01
2.7422e+03 0.0000e+00 4.0960e-41 1.5836e-32 4.7437e-25 1.6927e-18 1.2591e-12 9.0521e-08 1.0900e-03 4.0723e-01 5.9168e-01
2.9144e+03 0.0000e+00 9.2067e-41 3.5446e-32 1.0346e-24 3.5802e-18 2.5310e-12 1.6110e-07 1.6619e-03 4.7815e-01 5.2019e-01
3.0973e+03 0.0000e+00 1.3095e-39 4.6036e-31 1.1598e-23 3.4346e-17 1.9545e-11 8.2617e-07 5.2119e-03 6.8273e-01 3.1206e-01
3.2918e+03 0.0000e+00 1.2785e-37 3.8082e-29 7.3737e-22 1.6725e-15 6.2897e-10 1.2226e-05 3.0804e-02 8.9286e-01 7.6326e-02
3.4986e+03 1.0790e-43 8.1103e-35 1.7070e-26 2.0975e-19 3.0343e-13 5.6329e-08 3.4412e-04 2.2865e-01 7.6508e-01 5.9257e-03
3.7182e+03 1.4617e-40 7.6895e-32 9.3753e-24 6.1532e-17 4.7075e-11 3.3942e-06 5.3469e-03 7.6295e-01 2.3158e-01 1.2574e-04
3.9517e+03 1.1895e-37 4.6803e-29 3.3950e-21 1.2415e-14 4.9355e-09 1.2050e-04 4.0308e-02 9.4431e-01 1.5264e-02 3.1283e-07
4.1999e+03 3.6619e-34 1.4365e-25 6.9818e-18 1.6374e-11 2.9184e-06 1.4331e-02 4.4203e-01 5.4358e-01 5.2386e-05 3.2017e-12
4.4636e+03 1.9296e-31 6.6141e-23 2.0886e-15 3.1022e-09 2.1389e-04 2.1495e-01 7.2787e-01 5.6963e-02 5.2197e-08 1.6118e-17
4.7438e+03 2.7215e-30 8.3572e-22 2.0981e-14 2.4111e-08 9.9684e-04 4.5582e-01 5.3212e-01 1.1060e-02 1.1254e-09 2.8686e-20
5.0416e+03 4.9241e-30 1.4961e-21 3.5972e-14 3.9171e-08 1.4231e-03 5.2875e-01 4.6313e-01 6.6915e-03 3.6787e-10 4.6465e-21
5.3582e+03 3.7453e-30 1.1993e-21 3.0366e-14 3.4808e-08 1.3285e-03 5.1744e-01 4.7408e-01 7.1499e-03 4.0748e-10 5.3230e-21
5.6947e+03 3.2639e-30 1.0987e-21 2.8999e-14 3.4552e-08 1.3442e-03 5.2297e-01 4.6890e-01 6.7848e-03 3.4759e-10 3.9915e-21
6.0522e+03 4.6145e-30 1.5710e-21 4.0910e-14 4.7630e-08 1.7056e-03 5.7457e-01 4.1908e-01 4.6437e-03 1.4943e-10 1.0067e-21
6.4323e+03 1.1483e-29 3.8406e-21 9.3419e-14 9.9306e-08 2.8637e-03 6.8435e-01 3.1089e-01 1.8900e-03 2.2048e-11 4.6677e-23
6.8362e+03 4.4417e-29 1.4234e-20 3.0905e-13 2.8150e-07 5.7692e-03 8.1372e-01 1.8007e-01 4.4119e-04 1.1227e-12 4.1905e-25
7.2654e+03 2.2570e-28 6.7084e-20 1.2499e-12 9.2091e-07 1.2252e-02 9.0407e-01 8.3611e-02 6.8376e-05 2.8226e-14 1.3285e-27
7.7216e+03 1.6601e-27 4.4404e-19 6.8132e-12 3.7806e-06 2.8911e-02 9.4191e-01 2.9168e-02 6.0348e-06 2.5828e-16 9.2128e-31
8.2065e+03 3.0597e-26 6.9222e-18 7.9829e-11 2.8334e-05 9.3733e-02 9.0075e-01 5.4896e-03 1.4754e-07 2.2124e-19 1.7396e-35
8.7177e+03 5.1360e-24 8.3204e-16 5.6472e-09 8.0253e-04 5.1996e-01 4.7911e-01 1.3084e-04 7.1362e-11 1.8288e-25 9.8091e-45
9.2147e+03 5.7432e-21 4.8693e-13 1.2603e-06 2.9565e-02 9.5767e-01 1.2760e-02 1.3310e-08 6.8175e-18 2.1259e-37 0.0000e+00
9.6291e+03 9.0812e-18 3.6687e-10 2.8863e-04 6.0511e-01 3.9458e-01 2.1179e-05 1.5704e-14 9.1218e-28 0.0000e+00 0.0000e+00
9.9539e+03 1.3073e-15 2.9012e-08 6.8128e-03 9.8486e-01 8.3284e-03 9.1161e-10 1.8668e-22 3.6234e-40 0.0000e+00 0.0000e+00
1.0246e+04 2.2469e-13 2.6325e-06 1.4464e-01 8.5531e-01 4.3180e-05 3.2272e-15 4.3181e-32 0.0000e+00 0.0000e+00 0.0000e+00
1.0542e+04 1.6348e-11 9.8372e-05 9.0693e-01 9.2973e-02 7.2016e-09 5.1550e-23 2.8026e-45 0.0000e+00 0.0000e+00 0.0000e+00
1.0840e+04 6.6617e-10 1.2887e-03 9.9816e-01 5.5506e-04 1.4033e-14 1.2510e-33 0.0000e+00 0.0000e+00 0.0000e+00 0.0000e+00
1.1119e+04 3.4226e-08 1.8631e-02 9.8137e-01 1.8156e-06 7.7807e-21 4.2039e-45 0.0000e+00 0.0000e+00 0.0000e+00 0.0000e+00
1.1356e+04 1.1775e-06 1.8574e-01 8.1426e-01 7.9949e-09 1.2862e-26 0.0000e+00 0.0000e+00 0.0000e+00 0.0000e+00 0.0000e+00
1.1540e+04 1.4614e-05 7.0248e-01 2.9750e-01 2.1123e-11 2.0846e-32 0.0000e+00 0.0000e+00 0.0000e+00 0.0000e+00 0.0000e+00
1.1677e+04 4.8314e-05 9.4688e-01 5.3077e-02 3.8280e-14 3.3615e-38 0.0000e+00 0.0000e+00 0.0000e+00 0.0000e+00 0.0000e+00
1.1784e+04 9.7074e-05 9.8984e-01 1.0065e-02 1.1776e-16 1.6956e-43 0.0000e+00 0.0000e+00 0.0000e+00 0.0000e+00 0.0000e+00
1.1876e+04 1.7277e-04 9.9734e-01 2.4844e-03 1.0449e-18 0.0000e+00 0.0000e+00 0.0000e+00 0.0000e+00 0.0000e+00 0.0000e+00
1.1964e+04 2.9593e-04 9.9902e-01 6.8009e-04 1.3711e-20 0.0000e+00 0.0000e+00 0.0000e+00 0.0000e+00 0.0000e+00 0.0000e+00
1.2056e+04 4.0450e-04 9.9934e-01 2.5770e-04 4.3742e-22 0.0000e+00 0.0000e+00 0.0000e+00 0.0000e+00 0.0000e+00 0.0000e+00
1.2170e+04 5.7025e-04 9.9933e-01 9.7004e-05 1.4628e-23 0.0000e+00 0.0000e+00 0.0000e+00 0.0000e+00 0.0000e+00 0.0000e+00
1.2360e+04 9.6063e-04 9.9901e-01 2.4799e-05 1.4115e-25 0.0000e+00 0.0000e+00 0.0000e+00 0.0000e+00 0.0000e+00 0.0000e+00
1.2670e+04 2.2832e-03 9.9771e-01 2.7721e-06 8.8383e-29 0.0000e+00 0.0000e+00 0.0000e+00 0.0000e+00 0.0000e+00 0.0000e+00
1.3075e+04 6.5648e-03 9.9344e-01 2.0874e-07 1.6338e-32 0.0000e+00 0.0000e+00 0.0000e+00 0.0000e+00 0.0000e+00 0.0000e+00
1.3530e+04 1.7776e-02 9.8222e-01 1.7153e-08 4.0375e-36 0.0000e+00 0.0000e+00 0.0000e+00 0.0000e+00 0.0000e+00 0.0000e+00
1.4013e+04 5.7267e-02 9.4273e-01 8.3811e-10 1.9415e-40 0.0000e+00 0.0000e+00 0.0000e+00 0.0000e+00 0.0000e+00 0.0000e+00
1.4509e+04 1.2868e-01 8.7132e-01 7.9360e-11 8.5479e-44 0.0000e+00 0.0000e+00 0.0000e+00 0.0000e+00 0.0000e+00 0.0000e+00
1.5002e+04 2.6584e-01 7.3416e-01 6.6389e-12 0.0000e+00 0.0000e+00 0.0000e+00 0.0000e+00 0.0000e+00 0.0000e+00 0.0000e+00
1.5476e+04 4.3771e-01 5.6229e-01 6.2380e-13 0.0000e+00 0.0000e+00 0.0000e+00 0.0000e+00 0.0000e+00 0.0000e+00 0.0000e+00
1.5924e+04 5.6420e-01 4.3580e-01 9.4453e-14 0.0000e+00 0.0000e+00 0.0000e+00 0.0000e+00 0.0000e+00 0.0000e+00 0.0000e+00
1.6356e+04 6.6001e-01 3.3999e-01 1.7498e-14 0.0000e+00 0.0000e+00 0.0000e+00 0.0000e+00 0.0000e+00 0.0000e+00 0.0000e+00
1.6776e+04 7.2660e-01 2.7340e-01 4.5176e-15 0.0000e+00 0.0000e+00 0.0000e+00 0.0000e+00 0.0000e+00 0.0000e+00 0.0000e+00
1.7184e+04 7.7812e-01 2.2188e-01 1.3456e-15 0.0000e+00 0.0000e+00 0.0000e+00 0.0000e+00 0.0000e+00 0.0000e+00 0.0000e+00
1.7580e+04 8.1223e-01 1.8777e-01 4.8542e-16 0.0000e+00 0.0000e+00 0.0000e+00 0.0000e+00 0.0000e+00 0.0000e+00 0.0000e+00
1.7990e+04 8.4231e-01 1.5769e-01 1.6701e-16 0.0000e+00 0.0000e+00 0.0000e+00 0.0000e+00 0.0000e+00 0.0000e+00 0.0000e+00
1.8458e+04 8.6213e-01 1.3787e-01 6.8799e-17 0.0000e+00 0.0000e+00 0.0000e+00 0.0000e+00 0.0000e+00 0.0000e+00 0.0000e+00
1.9085e+04 8.8343e-01 1.1657e-01 2.2593e-17 0.0000e+00 0.0000e+00 0.0000e+00 0.0000e+00 0.0000e+00 0.0000e+00 0.0000e+00
2.0000e+04 8.5513e-01 1.4487e-01 1.7347e-17 0.0000e+00 0.0000e+00 0.0000e+00 0.0000e+00 0.0000e+00 0.0000e+00 0.0000e+00
2.1194e+04 7.3707e-01 2.6293e-01 3.6425e-17 0.0000e+00 0.0000e+00 0.0000e+00 0.0000e+00 0.0000e+00 0.0000e+00 0.0000e+00
2.2528e+04 6.4436e-01 3.5564e-01 3.1404e-17 0.0000e+00 0.0000e+00 0.0000e+00 0.0000e+00 0.0000e+00 0.0000e+00 0.0000e+00
2.3943e+04 3.1762e-01 6.8238e-01 4.1425e-16 0.0000e+00 0.0000e+00 0.0000e+00 0.0000e+00 0.0000e+00 0.0000e+00 0.0000e+00
2.5446e+04 2.7323e-01 7.2677e-01 3.1078e-16 0.0000e+00 0.0000e+00 0.0000e+00 0.0000e+00 0.0000e+00 0.0000e+00 0.0000e+00
2.7044e+04 7.8161e-02 9.2184e-01 6.2064e-15 0.0000e+00 0.0000e+00 0.0000e+00 0.0000e+00 0.0000e+00 0.0000e+00 0.0000e+00
2.8744e+04 8.1997e-02 9.1800e-01 2.3184e-15 0.0000e+00 0.0000e+00 0.0000e+00 0.0000e+00 0.0000e+00 0.0000e+00 0.0000e+00
3.0520e+04 1.8538e-02 9.8146e-01 3.7385e-14 0.0000e+00 0.0000e+00 0.0000e+00 0.0000e+00 0.0000e+00 0.0000e+00 0.0000e+00
3.2244e+04 2.3963e-02 9.7604e-01 1.2553e-14 0.0000e+00 0.0000e+00 0.0000e+00 0.0000e+00 0.0000e+00 0.0000e+00 0.0000e+00
3.3773e+04 1.2468e-02 9.8753e-01 3.6763e-14 0.0000e+00 0.0000e+00 0.0000e+00 0.0000e+00 0.0000e+00 0.0000e+00 0.0000e+00
3.5108e+04 3.7652e-03 9.9623e-01 3.1094e-13 0.0000e+00 0.0000e+00 0.0000e+00 0.0000e+00 0.0000e+00 0.0000e+00 0.0000e+00
3.6326e+04 2.1075e-01 7.8925e-01 9.4812e-18 0.0000e+00 0.0000e+00 0.0000e+00 0.0000e+00 0.0000e+00 0.0000e+00 0.0000e+00
3.7486e+04 2.1198e-03 9.9788e-01 3.5930e-13 0.0000e+00 0.0000e+00 0.0000e+00 0.0000e+00 0.0000e+00 0.0000e+00 0.0000e+00
3.8628e+04 1.8578e-02 9.8142e-01 1.8607e-15 0.0000e+00 0.0000e+00 0.0000e+00 0.0000e+00 0.0000e+00 0.0000e+00 0.0000e+00
3.9769e+04 3.5485e-02 9.6451e-01 2.6106e-16 0.0000e+00 0.0000e+00 0.0000e+00 0.0000e+00 0.0000e+00 0.0000e+00 0.0000e+00
4.0916e+04 2.7367e-05 9.9997e-01 5.6939e-09 1.9618e-44 0.0000e+00 0.0000e+00 0.0000e+00 0.0000e+00 0.0000e+00 0.0000e+00
4.2074e+04 1.4737e-03 9.9853e-01 1.2205e-13 0.0000e+00 0.0000e+00 0.0000e+00 0.0000e+00 0.0000e+00 0.0000e+00 0.0000e+00
4.3252e+04 4.1772e-03 9.9582e-01 8.4220e-15 0.0000e+00 0.0000e+00 0.0000e+00 0.0000e+00 0.0000e+00 0.0000e+00 0.0000e+00
4.4454e+04 4.2739e-06 9.9999e-01 1.7301e-06 9.3487e-36 0.0000e+00 0.0000e+00 0.0000e+00 0.0000e+00 0.0000e+00 0.0000e+00
4.5683e+04 2.1067e-05 9.9998e-01 9.7557e-10 0.0000e+00 0.0000e+00 0.0000e+00 0.0000e+00 0.0000e+00 0.0000e+00 0.0000e+00
4.6942e+04 3.5050e-02 9.6495e-01 1.8751e-17 0.0000e+00 0.0000e+00 0.0000e+00 0.0000e+00 0.0000e+00 0.0000e+00 0.0000e+00
4.8231e+04 1.5963e-05 9.9998e-01 7.5095e-10 0.0000e+00 0.0000e+00 0.0000e+00 0.0000e+00 0.0000e+00 0.0000e+00 0.0000e+00
4.9550e+04 5.9330e-06 9.9999e-01 2.7603e-08 5.1147e-43 0.0000e+00 0.0000e+00 0.0000e+00 0.0000e+00 0.0000e+00 0.0000e+00
5.0900e+04 5.5549e-05 9.9994e-01 6.3712e-12 0.0000e+00 0.0000e+00 0.0000e+00 0.0000e+00 0.0000e+00 0.0000e+00 0.0000e+00
5.2277e+04 9.2710e-05 9.9991e-01 1.2992e-12 0.0000e+00 0.0000e+00 0.0000e+00 0.0000e+00 0.0000e+00 0.0000e+00 0.0000e+00
5.3682e+04 3.4277e-02 9.6572e-01 2.2762e-18 0.0000e+00 0.0000e+00 0.0000e+00 0.0000e+00 0.0000e+00 0.0000e+00 0.0000e+00
5.5110e+04 1.2328e-05 9.9999e-01 8.3514e-11 0.0000e+00 0.0000e+00 0.0000e+00 0.0000e+00 0.0000e+00 0.0000e+00 0.0000e+00
5.6562e+04 1.0024e-03 9.9900e-01 2.4684e-15 0.0000e+00 0.0000e+00 0.0000e+00 0.0000e+00 0.0000e+00 0.0000e+00 0.0000e+00
5.8030e+04 6.2350e-05 9.9994e-01 5.5635e-13 0.0000e+00 0.0000e+00 0.0000e+00 0.0000e+00 0.0000e+00 0.0000e+00 0.0000e+00
5.9510e+04 3.7580e-05 9.9996e-01 1.1055e-12 0.0000e+00 0.0000e+00 0.0000e+00 0.0000e+00 0.0000e+00 0.0000e+00 0.0000e+00
6.0994e+04 4.7096e-04 9.9953e-01 3.6181e-15 0.0000e+00 0.0000e+00 0.0000e+00 0.0000e+00 0.0000e+00 0.0000e+00 0.0000e+00
6.2466e+04 4.9749e-06 1.0000e+00 1.1446e-10 0.0000e+00 0.0000e+00 0.0000e+00 0.0000e+00 0.0000e+00 0.0000e+00 0.0000e+00
6.3912e+04 2.9289e-07 1.0000e+00 3.2589e-06 3.5351e-37 0.0000e+00 0.0000e+00 0.0000e+00 0.0000e+00 0.0000e+00 0.0000e+00
6.5312e+04 2.0442e-06 1.0000e+00 1.5219e-09 0.0000e+00 0.0000e+00 0.0000e+00 0.0000e+00 0.0000e+00 0.0000e+00 0.0000e+00
6.6639e+04 3.5192e-06 1.0000e+00 8.7551e-11 0.0000e+00 0.0000e+00 0.0000e+00 0.0000e+00 0.0000e+00 0.0000e+00 0.0000e+00
6.7870e+04 2.8817e-05 9.9997e-01 2.2528e-13 0.0000e+00 0.0000e+00 0.0000e+00 0.0000e+00 0.0000e+00 0.0000e+00 0.0000e+00
6.8864e+04 5.8941e-05 9.9994e-01 3.8116e-14 0.0000e+00 0.0000e+00 0.0000e+00 0.0000e+00 0.0000e+00 0.0000e+00 0.0000e+00
6.9460e+04 3.9592e-03 9.9604e-01 4.6454e-18 0.0000e+00 0.0000e+00 0.0000e+00 0.0000e+00 0.0000e+00 0.0000e+00 0.0000e+00
6.9745e+04 3.7974e-02 9.6203e-01 2.5848e-20 0.0000e+00 0.0000e+00 0.0000e+00 0.0000e+00 0.0000e+00 0.0000e+00 0.0000e+00
6.9888e+04 2.5235e-02 9.7476e-01 6.5391e-20 0.0000e+00 0.0000e+00 0.0000e+00 0.0000e+00 0.0000e+00 0.0000e+00 0.0000e+00
6.9960e+04 7.0345e-03 9.9297e-01 1.1740e-18 0.0000e+00 0.0000e+00 0.0000e+00 0.0000e+00 0.0000e+00 0.0000e+00 0.0000e+00
6.9991e+04 7.2327e-03 9.9277e-01 1.0913e-18 0.0000e+00 0.0000e+00 0.0000e+00 0.0000e+00 0.0000e+00 0.0000e+00 0.0000e+00
7.0000e+04 3.5400e-03 9.9646e-01 1.9842e-18 0.0000e+00 0.0000e+00 0.0000e+00 0.0000e+00 0.0000e+00 0.0000e+00 0.0000e+00
#
#TIME: 1.3688
#NVEL: 115
#vel_mid[km/s] mn0 mn1 mn2 mn3 mn4 mn5 mn6 mn7 mn8 mn9
4.2577e+02 4.2039e-45 5.6370e-35 1.0592e-25 9.6132e-18 6.7911e-11 1.3727e-05 1.8074e-02 9.7730e-01 4.6120e-03 1.4296e-08
8.5779e+02 1.6990e-32 3.2543e-24 8.0565e-17 9.6454e-11 9.2660e-06 2.6766e-02 5.2826e-01 4.4493e-01 3.7636e-05 2.1889e-12
8.7843e+02 2.0229e-32 3.8408e-24 9.3648e-17 1.1038e-10 1.0357e-05 2.8834e-02 5.4153e-01 4.2960e-01 3.2969e-05 1.7185e-12
9.1772e+02 1.9672e-32 3.7397e-24 9.1397e-17 1.0799e-10 1.0171e-05 2.8485e-02 5.3935e-01 4.3212e-01 3.3704e-05 1.7892e-12
9.7304e+02 1.8516e-32 3.5322e-24 8.6806e-17 1.0315e-10 9.7953e-06 2.7782e-02 5.3492e-01 4.3725e-01 3.5222e-05 1.9387e-12
1.0350e+03 1.7579e-32 3.3618e-24 8.2988e-17 9.9064e-11 9.4733e-06 2.7167e-02 5.3092e-01 4.4187e-01 3.6654e-05 2.0854e-12
1.1000e+03 1.3635e-32 2.6424e-24 6.6708e-17 8.1478e-11 8.0627e-06 2.4382e-02 5.1165e-01 4.6392e-01 4.4213e-05 2.9403e-12
1.1690e+03 6.9069e-33 1.3863e-24 3.7138e-17 4.8205e-11 5.2184e-06 1.8149e-02 4.5955e-01 5.2223e-01 7.1762e-05 7.2007e-12
1.2425e+03 1.5821e-33 3.3863e-25 1.0223e-17 1.5009e-11 1.9534e-06 9.1432e-03 3.4722e-01 6.4344e-01 1.9710e-04 4.8761e-11
1.3205e+03 1.4763e-34 3.4082e-26 1.2206e-18 2.1445e-12 3.6531e-07 2.7138e-03 1.9694e-01 7.9944e-01 9.0546e-04 9.7883e-10
1.4033e+03 8.1322e-36 2.0426e-27 8.9462e-20 1.9544e-13 4.5027e-08 5.7124e-04 8.8980e-02 9.0567e-01 4.7782e-03 2.9240e-08
1.4915e+03 5.0039e-37 1.3713e-28 7.3180e-21 1.9934e-14 6.0490e-09 1.2534e-04 3.9690e-02 9.3992e-01 2.0262e-02 6.0331e-07
1.5852e+03 3.8674e-38 1.1626e-29 7.4965e-22 2.5347e-15 9.8443e-10 3.1325e-05 1.8536e-02 9.1514e-01 6.6282e-02 7.6737e-06
1.6847e+03 2.5279e-39 8.4465e-31 6.6714e-23 2.8576e-16 1.4304e-10 6.9870e-06 7.7758e-03 7.9992e-01 1.9221e-01 8.4989e-05
1.7904e+03 1.1588e-40 4.4027e-32 4.3571e-24 2.4347e-17 1.6009e-11 1.2099e-06 2.5710e-03 5.5597e-01 4.4073e-01 7.3587e-04
1.9028e+03 3.4024e-42 1.5108e-33 1.9207e-25 1.4433e-18 1.2763e-12 1.5018e-07 6.1471e-04 2.7991e-01 7.1511e-01 4.3664e-03
2.0223e+03 7.8473e-44 4.0779e-35 6.6481e-27 6.7457e-20 8.0329e-14 1.4512e-08 1.1380e-04 1.0826e-01 8.7265e-01 1.8979e-02
2.1493e+03 1.4013e-45 9.8985e-37 2.0671e-28 2.8426e-21 4.5779e-15 1.2512e-09 1.8587e-05 3.6479e-02 8.9685e-01 6.6652e-02
2.2843e+03 0.0000e+00 3.0123e-38 7.8403e-30 1.4220e-22 3.0244e-16 1.1921e-10 3.1572e-06 1.1987e-02 8.0677e-01 1.8124e-01
2.4277e+03 0.0000e+00 1.5539e-39 4.8581e-31 1.1103e-23 2.9899e-17 1.5836e-11 6.6769e-07 4.3240e-03 6.4734e-01 3.4833e-01
2.5802e+03 0.0000e+00 1.8767e-40 6.7205e-32 1.8159e-24 5.8117e-18 3.7824e-12 2.1816e-07 2.0250e-03 5.1185e-01 4.8613e-01
2.7422e+03 0.0000e+00 8.3007e-41 3.1973e-32 9.3629e-25 3.2524e-18 2.3144e-12 1.4966e-07 1.5751e-03 4.6881e-01 5.2961e-01
2.9144e+03 0.0000e+00 1.8501e-40 7.0953e-32 2.0244e-24 6.8243e-18 4.6118e-12 2.6350e-07 2.3730e-03 5.4175e-01 4.5587e-01
3.0973e+03 0.0000e+00 2.6065e-39 9.1130e-31 2.2411e-23 6.4671e-17 3.5022e-11 1.3182e-06 7.2083e-03 7.3726e-01 2.5553e-01
3.2918e+03 0.0000e+00 2.5949e-37 7.6522e-29 1.4410e-21 3.1807e-15 1.1248e-09 1.9161e-05 4.1197e-02 9.0249e-01 5.6291e-02
3.4986e+03 2.2421e-43 1.7142e-34 3.5461e-26 4.2161e-19 5.9022e-13 1.0094e-07 5.2844e-04 2.9200e-01 7.0371e-01 3.7617e-03
3.7182e+03 2.6797e-40 1.4309e-31 1.7124e-23 1.0901e-16 8.0451e-11 5.2694e-06 7.0277e-03 8.1965e-01 1.7325e-01 6.2415e-05
3.9517e+03 2.1356e-37 8.5548e-29 6.0972e-21 2.1754e-14 8.2813e-09 1.8061e-04 5.0314e-02 9.3942e-01 1.0088e-02 1.2980e-07
4.1999e+03 7.3088e-34 2.8845e-25 1.3586e-17 3.0819e-11 5.0469e-06 2.1063e-02 5.1221e-01 4.6670e-01 2.6645e-05 8.9662e-13
4.4636e+03 3.5621e-31 1.2238e-22 3.7348e-15 5.3261e-09 3.2740e-04 2.7013e-01 6.9163e-01 3.7911e-02 1.8807e-08 2.8812e-18
4.7438e+03 4.9558e-30 1.5185e-21 3.6699e-14 4.0125e-08 1.4527e-03 5.3364e-01 4.5846e-01 6.4475e-03 3.3640e-10 3.9979e-21
5.0416e+03 9.0003e-30 2.7233e-21 6.2907e-14 6.4922e-08 2.0515e-03 6.0708e-01 3.8713e-01 3.7336e-03 1.0301e-10 5.9205e-22
5.3582e+03 7.0052e-30 2.2305e-21 5.4135e-14 5.8665e-08 1.9394e-03 5.9812e-01 3.9599e-01 3.9500e-03 1.1135e-10 6.5107e-22
5.6947e+03 6.1224e-30 2.0485e-21 5.1821e-14 5.8330e-08 1.9630e-03 6.0383e-01 3.9048e-01 3.7279e-03 9.4109e-11 4.8160e-22
6.0522e+03 8.6440e-30 2.9231e-21 7.2904e-14 8.0006e-08 2.4677e-03 6.5365e-01 3.4141e-01 2.4733e-03 3.8640e-11 1.1407e-22
6.4323e+03 2.1008e-29 6.9797e-21 1.6276e-13 1.6272e-07 4.0238e-03 7.5204e-01 2.4298e-01 9.5685e-04 5.3386e-12 4.8662e-24
6.8362e+03 7.9703e-29 2.5369e-20 5.2854e-13 4.5085e-07 7.8619e-03 8.5856e-01 1.3337e-01 2.0804e-04 2.4613e-13 3.8275e-26
7.2654e+03 4.0338e-28 1.1908e-19 2.1309e-12 1.4620e-06 1.6391e-02 9.2456e-01 5.9022e-02 3.0057e-05 5.5622e-15 1.0458e-28
7.7216e+03 3.0127e-27 7.9955e-19 1.1784e-11 6.0391e-06 3.8440e-02 9.4184e-01 1.9710e-02 2.4706e-06 4.5334e-17 6.1371e-32
8.2065e+03 5.7283e-26 1.2815e-17 1.4167e-10 4.5788e-05 1.2374e-01 8.7273e-01 3.4842e-03 5.4537e-08 3.2930e-20 9.1461e-37
8.7177e+03 9.1159e-24 1.4558e-15 9.4397e-09 1.1904e-03 6.0771e-01 3.9103e-01 6.5535e-05 1.9155e-11 1.7266e-26 0.0000e+00
9.2147e+03 9.7184e-21 8.0720e-13 1.9729e-06 3.9419e-02 9.5236e-01 8.2201e-03 4.7722e-09 1.1588e-18 1.0432e-38 0.0000e+00
9.6291e+03 1.3527e-17 5.3941e-10 3.9783e-04 6.8504e-01 3.1455e-01 1.0043e-05 3.6915e-15 8.7663e-29 0.0000e+00 0.0000e+00
9.9539e+03 1.9126e-15 4.1477e-08 8.8461e-03 9.8580e-01 5.3498e-03 3.0610e-10 2.6249e-23 1.6884e-41 0.0000e+00 0.0000e+00
1.0246e+04 3.3540e-13 3.8615e-06 1.8888e-01 8.1110e-01 2.3838e-05 8.0683e-16 3.7245e-33 0.0000e+00 0.0000e+00 0.0000e+00
1.0542e+04 2.1215e-11 1.2150e-04 9.3777e-01 6.2110e-02 2.3704e-09 6.1151e-24 0.0000e+00 0.0000e+00 0.0000e+00 0.0000e+00
1.0840e+04 8.7613e-10 1.5900e-03 9.9808e-01 3.3166e-04 3.6917e-15 1.0128e-34 0.0000e+00 0.0000e+00 0.0000e+00 0.0000e+00
1.1119e+04 5.0075e-08 2.4602e-02 9.7540e-01 9.1481e-07 1.3547e-21 0.0000e+00 0.0000e+00 0.0000e+00 0.0000e+00 0.0000e+00
1.1356e+04 1.7725e-06 2.4548e-01 7.5452e-01 3.1380e-09 1.3219e-27 0.0000e+00 0.0000e+00 0.0000e+00 0.0000e+00 0.0000e+00
1.1540e+04 1.9418e-05 7.9011e-01 2.0987e-01 4.7233e-12 7.7329e-34 0.0000e+00 0.0000e+00 0.0000e+00 0.0000e+00 0.0000e+00
1.1677e+04 5.8108e-05 9.6817e-01 3.1770e-02 5.7079e-15 5.5528e-40 0.0000e+00 0.0000e+00 0.0000e+00 0.0000e+00 0.0000e+00
1.1784e+04 1.2272e-04 9.9461e-01 5.2714e-03 1.2225e-17 1.4013e-45 0.0000e+00 0.0000e+00 0.0000e+00 0.0000e+00 0.0000e+00
1.1876e+04 2.4446e-04 9.9867e-01 1.0890e-03 6.6765e-20 0.0000e+00 0.0000e+00 0.0000e+00 0.0000e+00 0.0000e+00 0.0000e+00
1.1964e+04 4.6044e-04 9.9929e-01 2.5354e-04 5.4840e-22 0.0000e+00 0.0000e+00 0.0000e+00 0.0000e+00 0.0000e+00 0.0000e+00
1.2056e+04 6.2220e-04 9.9928e-01 9.9175e-05 1.9618e-23 0.0000e+00 0.0000e+00 0.0000e+00 0.0000e+00 0.0000e+00 0.0000e+00
1.2170e+04 8.7298e-04 9.9909e-01 3.7700e-05 6.7928e-25 0.0000e+00 0.0000e+00 0.0000e+00 0.0000e+00 0.0000e+00 0.0000e+00
1.2360e+04 1.5079e-03 9.9848e-01 9.1296e-06 5.5343e-27 0.0000e+00 0.0000e+00 0.0000e+00 0.0000e+00 0.0000e+00 0.0000e+00
1.2670e+04 3.6099e-03 9.9639e-01 1.0034e-06 3.3114e-30 0.0000e+00 0.0000e+00 0.0000e+00 0.0000e+00 0.0000e+00 0.0000e+00
1.3075e+04 1.0669e-02 9.8933e-01 6.9222e-08 4.5872e-34 0.0000e+00 0.0000e+00 0.0000e+00 0.0000e+00 0.0000e+00 0.0000e+00
1.3530e+04 3.4074e-02 9.6593e-01 3.6841e-09 2.8065e-38 0.0000e+00 0.0000e+00 0.0000e+00 0.0000e+00 0.0000e+00 0.0000e+00
1.4013e+04 1.3382e-01 8.6618e-01 9.1389e-11 1.7516e-43 0.0000e+00 0.0000e+00 0.0000e+00 0.0000e+00 0.0000e+00 0.0000e+00
1.4509e+04 2.6679e-01 7.3321e-01 8.0241e-12 0.0000e+00 0.0000e+00 0.0000e+00 0.0000e+00 0.0000e+00 0.0000e+00 0.0000e+00
1.5002e+04 4.4760e-01 5.5240e-01 6.6434e-13 0.0000e+00 0.0000e+00 0.0000e+00 0.0000e+00 0.0000e+00 0.0000e+00 0.0000e+00
1.5476e+04 6.2326e-01 3.7674e-01 5.6196e-14 0.0000e+00 0.0000e+00 0.0000e+00 0.0000e+00 0.0000e+00 0.0000e+00 0.0000e+00
1.5924e+04 7.2836e-01 2.7164e-01 8.0319e-15 0.0000e+00 0.0000e+00 0.0000e+00 0.0000e+00 0.0000e+00 0.0000e+00 0.0000e+00
1.6356e+04 7.9027e-01 2.0973e-01 1.7334e-15 0.0000e+00 0.0000e+00 0.0000e+00 0.0000e+00 0.0000e+00 0.0000e+00 0.0000e+00
1.6776e+04 8.2838e-01 1.7162e-01 5.5345e-16 0.0000e+00 0.0000e+00 0.0000e+00 0.0000e+00 0.0000e+00 0.0000e+00 0.0000e+00
1.7184e+04 8.6332e-01 1.3668e-01 1.7244e-16 0.0000e+00 0.0000e+00 0.0000e+00 0.0000e+00 0.0000e+00 0.0000e+00 0.0000e+00
1.7580e+04 8.8508e-01 1.1492e-01 6.7172e-17 0.0000e+00 0.0000e+00 0.0000e+00 0.0000e+00 0.0000e+00 0.0000e+00 0.0000e+00
1.7990e+04 8.9797e-01 1.0203e-01 3.1055e-17 0.0000e+00 0.0000e+00 0.0000e+00 0.0000e+00 0.0000e+00 0.0000e+00 0.0000e+00
1.8458e+04 8.9814e-01 1.0186e-01 2.1651e-17 0.0000e+00 0.0000e+00 0.0000e+00 0.0000e+00 0.0000e+00 0.0000e+00 0.0000e+00
1.9085e+04 9.1420e-01 8.5801e-02 7.3060e-18 0.0000e+00 0.0000e+00 0.0000e+00 0.0000e+00 0.0000e+00 0.0000e+00 0.0000e+00
2.0000e+04 9.0988e-01 9.0119e-02 3.1106e-18 0.0000e+00 0.0000e+00 0.0000e+00 0.0000e+00 0.0000e+00 0.0000e+00 0.0000e+00
2.1194e+04 8.6801e-01 1.3199e-01 2.5890e-18 0.0000e+00 0.0000e+00 0.0000e+00 0.0000e+00 0.0000e+00 0.0000e+00 0.0000e+00
2.2528e+04 7.3715e-01 2.6285e-01 7.9765e-18 0.0000e+00 0.0000e+00 0.0000e+00 0.0000e+00 0.0000e+00 0.0000e+00 0.0000e+00
2.3943e+04 6.1326e-01 3.8674e-01 1.1268e-17 0.0000e+00 0.0000e+00 0.0000e+00 0.0000e+00 0.0000e+00 0.0000e+00 0.0000e+00
2.5446e+04 5.2694e-01 4.7306e-01 1.2546e-17 0.0000e+00 0.0000e+00 0.0000e+00 0.0000e+00 0.0000e+00 0.0000e+00 0.0000e+00
2.7044e+04 3.1471e-01 6.8529e-01 7.6007e-17 0.0000e+00 0.0000e+00 0.0000e+00 0.0000e+00 0.0000e+00 0.0000e+00 0.0000e+00
2.8744e+04 2.7775e-01 7.2225e-01 5.1953e-17 0.0000e+00 0.0000e+00 0.0000e+00 0.0000e+00 0.0000e+00 0.0000e+00 0.0000e+00
3.0520e+04 1.8550e-01 8.1450e-01 9.7321e-17 0.0000e+00 0.0000e+00 0.0000e+00 0.0000e+00 0.0000e+00 0.0000e+00 0.0000e+00
3.2244e+04 1.9249e-01 8.0751e-01 5.1843e-17 0.0000e+00 0.0000e+00 0.0000e+00 0.0000e+00 0.0000e+00 0.0000e+00 0.0000e+00
3.3773e+04 1.0245e-01 8.9755e-01 2.2147e-16 0.0000e+00 0.0000e+00 0.0000e+00 0.0000e+00 0.0000e+00 0.0000e+00 0.0000e+00
3.5108e+04 3.9557e-02 9.6044e-01 1.4801e-15 0.0000e+00 0.0000e+00 0.0000e+00 0.0000e+00 0.0000e+00 0.0000e+00 0.0000e+00
3.6326e+04 9.6840e-05 9.9990e-01 8.2571e-10 0.0000e+00 0.0000e+00 0.0000e+00 0.0000e+00 0.0000e+00 0.0000e+00 0.0000e+00
3.7486e+04 4.7676e-02 9.5232e-01 3.1645e-16 0.0000e+00 0.0000e+00 0.0000e+00 0.0000e+00 0.0000e+00 0.0000e+00 0.0000e+00
