#NTIMES:     67
#NSTAGES:     4
#TIMES[d]:     0.550    0.605    0.733    0.806    0.887    0.976    1.074    1.181    1.300    1.430    1.573    1.730    1.900    2.090    2.300    2.530    2.783    3.061    3.367    3.704    4.074    4.481    4.929    5.422    5.964    6.560    7.216    7.938    8.732    9.600   10.560   11.620   12.780   14.060   15.470   17.020   18.720   20.590   22.650   24.910   27.400   30.140   33.150   36.460   40.110   44.120   48.530   53.380   58.720   64.590   71.050   78.160   86.000   94.600  104.100  114.500  126.000  138.600  152.500  167.800  184.600  203.100  223.400  245.800  270.400  297.400  320.000
#
#TIME:     0.550
#NVEL: 115
#vel_mid[km/s]           ti0           ti1           ti2           ti3
    8.484663E+02    1.0000E-99    2.7797E-13    2.9900E-06    1.0000E+00
    8.542546E+02    1.0000E-99    2.7797E-13    2.9900E-06    1.0000E+00
    8.718573E+02    1.0000E-99    2.7797E-13    2.9900E-06    1.0000E+00
    9.081584E+02    1.0000E-99    2.7797E-13    2.9900E-06    1.0000E+00
    9.674554E+02    1.0000E-99    2.7798E-13    2.9901E-06    1.0000E+00
    1.028597E+03    1.0000E-99    2.7802E-13    2.9903E-06    1.0000E+00
    1.093605E+03    1.0000E-99    2.7788E-13    2.9890E-06    1.0000E+00
    1.162722E+03    1.0000E-99    2.7725E-13    2.9848E-06    1.0000E+00
    1.236207E+03    1.0000E-99    2.7611E-13    2.9813E-06    1.0000E+00
    1.314336E+03    1.0000E-99    2.6966E-13    2.9763E-06    1.0000E+00
    1.397402E+03    1.0000E-99    1.6896E-13    2.4858E-06    1.0000E+00
    1.485719E+03    1.0000E-99    1.1373E-13    2.1425E-06    1.0000E+00
    1.579618E+03    1.0000E-99    1.1120E-13    2.1261E-06    1.0000E+00
    1.679450E+03    1.0000E-99    8.7602E-14    1.9389E-06    1.0000E+00
    1.785593E+03    1.0000E-99    6.3136E-14    1.7047E-06    1.0000E+00
    1.898443E+03    1.0000E-99    4.6822E-14    1.4964E-06    1.0000E+00
    2.018426E+03    1.0000E-99    3.4703E-14    1.3286E-06    1.0000E+00
    2.145992E+03    1.0000E-99    2.5128E-14    1.1573E-06    1.0000E+00
    2.281620E+03    1.0000E-99    1.8253E-14    1.0151E-06    1.0000E+00
    2.425820E+03    1.0000E-99    1.3284E-14    8.8582E-07    1.0000E+00
    2.579133E+03    1.0000E-99    1.0428E-14    7.9674E-07    1.0000E+00
    2.742135E+03    1.0000E-99    8.7133E-15    7.3199E-07    1.0000E+00
    2.915440E+03    1.0000E-99    7.8589E-15    6.8998E-07    1.0000E+00
    3.099698E+03    1.0000E-99    7.7162E-15    6.6811E-07    1.0000E+00
    3.295601E+03    1.0000E-99    9.1639E-15    6.9898E-07    1.0000E+00
    3.503885E+03    1.0000E-99    1.2474E-14    7.5108E-07    1.0000E+00
    3.725332E+03    1.0000E-99    2.5975E-14    1.0338E-06    1.0000E+00
    3.960775E+03    1.0000E-99    4.9227E-14    1.4256E-06    1.0000E+00
    4.211099E+03    1.0000E-99    6.4543E-14    1.3508E-06    1.0000E+00
    4.477243E+03    1.0000E-99    7.2162E-14    1.3799E-06    1.0000E+00
    4.760207E+03    1.0000E-99    6.5840E-14    1.3091E-06    1.0000E+00
    5.061055E+03    1.0000E-99    5.2368E-14    1.1768E-06    1.0000E+00
    5.380917E+03    1.0000E-99    4.2678E-14    1.0694E-06    1.0000E+00
    5.720994E+03    1.0000E-99    3.7508E-14    1.0002E-06    1.0000E+00
    6.082565E+03    1.0000E-99    3.6052E-14    9.7727E-07    1.0000E+00
    6.466986E+03    1.0000E-99    3.8606E-14    9.9700E-07    1.0000E+00
    6.875704E+03    1.0000E-99    4.3186E-14    1.0345E-06    1.0000E+00
    7.310253E+03    1.0000E-99    5.1658E-14    1.1135E-06    1.0000E+00
    7.772265E+03    1.0000E-99    6.4327E-14    1.2197E-06    1.0000E+00
    8.263477E+03    1.0000E-99    9.2549E-14    1.4376E-06    1.0000E+00
    8.785734E+03    1.0000E-99    2.1101E-13    2.1317E-06    1.0000E+00
    9.340997E+03    1.0000E-99    2.4982E-12    7.9787E-06    9.9999E-01
    9.929841E+03    1.0000E-99    2.9079E-10    1.4545E-04    9.9985E-01
    1.041447E+04    1.0000E-99    4.2704E-08    4.2052E-03    9.9579E-01
    1.083674E+04    1.0000E-99    1.2505E-05    1.8688E-01    8.1310E-01
    1.136786E+04    1.0000E-99    8.0225E-03    9.9164E-01    3.3623E-04
    1.167027E+04    1.0000E-99    3.8125E-02    9.6185E-01    2.3071E-05
    1.185735E+04    1.0000E-99    7.8693E-02    9.2130E-01    6.0424E-06
    1.198132E+04    1.0000E-99    2.3173E-01    7.6827E-01    2.8498E-07
    1.207995E+04    1.0000E-99    4.7389E-01    5.2611E-01    1.3430E-08
    1.216774E+04    1.0000E-99    6.2563E-01    3.7437E-01    1.9402E-09
    1.225420E+04    1.0000E-99    7.6072E-01    2.3928E-01    2.4341E-10
    1.234075E+04    1.0000E-99    8.6048E-01    1.3952E-01    2.7486E-11
    1.244043E+04    1.0000E-99    9.1599E-01    8.4013E-02    4.0999E-12
    1.256653E+04    1.0000E-99    9.3651E-01    6.3489E-02    1.3850E-12
    1.291944E+04    1.0000E-99    9.1963E-01    8.0373E-02    2.2020E-12
    1.356464E+04    1.0000E-99    7.8891E-01    2.1109E-01    4.4606E-11
    1.414194E+04    1.0000E-99    6.9803E-01    3.0197E-01    1.3144E-10
    1.463678E+04    1.0000E-99    7.4123E-01    2.5877E-01    5.0390E-11
    1.515385E+04    1.0000E-99    7.8795E-01    2.1205E-01    1.9528E-11
    1.570238E+04    1.0000E-99    8.6975E-01    1.3025E-01    2.8484E-12
    1.628316E+04    1.0000E-99    9.6081E-01    3.9194E-02    3.9751E-14
    1.695591E+04    1.0000E-99    9.8845E-01    1.1553E-02    8.8682E-16
    1.773545E+04    1.0000E-99    9.9604E-01    3.9607E-03    2.6273E-17
    1.852426E+04    1.0000E-99    9.9804E-01    1.9605E-03    1.8292E-18
    1.933673E+04    1.0000E-99    9.9875E-01    1.2492E-03    3.7688E-19
    2.006825E+04    1.0000E-99    9.9870E-01    1.3015E-03    3.4045E-19
    2.082304E+04    1.0000E-99    9.9852E-01    1.4839E-03    5.9749E-19
    2.162788E+04    1.0000E-99    9.9867E-01    1.3340E-03    6.7412E-19
    2.248295E+04    1.0000E-99    9.9825E-01    1.7479E-03    1.9109E-18
    2.340334E+04    1.0000E-99    9.9842E-01    1.5797E-03    1.9501E-18
    2.427003E+04    1.0000E-99    9.9793E-01    2.0716E-03    4.0250E-18
    2.528269E+04    1.0000E-99    9.9765E-01    2.3516E-03    5.2267E-18
    2.627013E+04    1.0000E-99    9.9782E-01    2.1803E-03    4.4360E-18
    2.723040E+04    1.0000E-99    9.9654E-01    3.4602E-03    1.0139E-17
    2.827004E+04    1.0000E-99    9.9558E-01    4.4191E-03    1.4097E-17
    2.934273E+04    1.0000E-99    9.9346E-01    6.5373E-03    2.6446E-17
    3.052012E+04    1.0000E-99    9.9061E-01    9.3944E-03    4.6163E-17
    3.176086E+04    1.0000E-99    9.8785E-01    1.2151E-02    6.8695E-17
    3.295538E+04    1.0000E-99    9.8672E-01    1.3276E-02    7.6464E-17
    3.403161E+04    1.0000E-99    9.8535E-01    1.4654E-02    9.0923E-17
    3.500379E+04    1.0000E-99    9.8252E-01    1.7481E-02    1.2724E-16
    3.593430E+04    1.0000E-99    9.7877E-01    2.1229E-02    1.8309E-16
    3.686142E+04    1.0000E-99    9.7484E-01    2.5163E-02    2.4823E-16
    3.781660E+04    1.0000E-99    9.7169E-01    2.8314E-02    3.0624E-16
    3.881204E+04    1.0000E-99    9.7049E-01    2.9512E-02    3.3737E-16
    3.984228E+04    1.0000E-99    9.7093E-01    2.9069E-02    3.4872E-16
    4.090108E+04    1.0000E-99    9.7242E-01    2.7579E-02    3.4737E-16
    4.198933E+04    1.0000E-99    9.7447E-01    2.5526E-02    3.3527E-16
    4.310952E+04    1.0000E-99    9.7664E-01    2.3365E-02    3.1566E-16
    4.426353E+04    1.0000E-99    9.7858E-01    2.1424E-02    2.9308E-16
    4.545322E+04    1.0000E-99    9.8005E-01    1.9951E-02    2.7364E-16
    4.667980E+04    1.0000E-99    9.8090E-01    1.9103E-02    2.6267E-16
    4.794258E+04    1.0000E-99    9.8116E-01    1.8844E-02    2.6091E-16
    4.924062E+04    1.0000E-99    9.8093E-01    1.9071E-02    2.6687E-16
    5.057272E+04    1.0000E-99    9.8023E-01    1.9771E-02    2.8025E-16
    5.193717E+04    1.0000E-99    9.7909E-01    2.0908E-02    2.9981E-16
    5.333235E+04    1.0000E-99    9.7779E-01    2.2212E-02    3.2006E-16
    5.475676E+04    1.0000E-99    9.7669E-01    2.3306E-02    3.3467E-16
    5.620758E+04    1.0000E-99    9.7606E-01    2.3945E-02    3.4041E-16
    5.768166E+04    1.0000E-99    9.7588E-01    2.4120E-02    3.3708E-16
    5.917412E+04    1.0000E-99    9.7607E-01    2.3934E-02    3.2636E-16
    6.067730E+04    1.0000E-99    9.7655E-01    2.3448E-02    3.0981E-16
    6.217708E+04    1.0000E-99    9.7730E-01    2.2696E-02    2.8949E-16
    6.366086E+04    1.0000E-99    9.7825E-01    2.1748E-02    2.6792E-16
    6.510379E+04    1.0000E-99    9.7937E-01    2.0629E-02    2.4597E-16
    6.648389E+04    1.0000E-99    9.8051E-01    1.9489E-02    2.2512E-16
    6.776932E+04    1.0000E-99    9.8189E-01    1.8107E-02    2.0206E-16
    6.895129E+04    1.0000E-99    9.8344E-01    1.6560E-02    1.7394E-16
    6.949055E+04    1.0000E-99    9.8511E-01    1.4893E-02    1.4217E-16
    6.976176E+04    1.0000E-99    9.8609E-01    1.3912E-02    1.1882E-16
    6.989776E+04    1.0000E-99    9.8694E-01    1.3057E-02    9.6943E-17
    6.996586E+04    1.0000E-99    9.8759E-01    1.2414E-02    8.0124E-17
    6.999823E+04    1.0000E-99    9.8798E-01    1.2017E-02    6.8720E-17
    6.999993E+04    1.0000E-99    9.8807E-01    1.1931E-02    6.7206E-17
#TIME:     0.605
#NVEL: 115
#vel_mid[km/s]           ti0           ti1           ti2           ti3
    8.484664E+02    1.0000E-99    2.2261E-13    2.6015E-06    1.0000E+00
    8.543246E+02    1.0000E-99    2.2261E-13    2.6015E-06    1.0000E+00
    8.721432E+02    1.0000E-99    2.2261E-13    2.6015E-06    1.0000E+00
    9.089031E+02    1.0000E-99    2.2261E-13    2.6015E-06    1.0000E+00
    9.682894E+02    1.0000E-99    2.2263E-13    2.6016E-06    1.0000E+00
    1.029084E+03    1.0000E-99    2.2269E-13    2.6019E-06    1.0000E+00
    1.093701E+03    1.0000E-99    2.2254E-13    2.6006E-06    1.0000E+00
    1.162375E+03    1.0000E-99    2.2162E-13    2.5949E-06    1.0000E+00
    1.235362E+03    1.0000E-99    2.1857E-13    2.5812E-06    1.0000E+00
    1.312931E+03    1.0000E-99    2.0563E-13    2.5354E-06    1.0000E+00
    1.395371E+03    1.0000E-99    1.3078E-13    2.1270E-06    1.0000E+00
    1.482988E+03    1.0000E-99    8.9995E-14    1.8483E-06    1.0000E+00
    1.576106E+03    1.0000E-99    8.4849E-14    1.8072E-06    1.0000E+00
    1.675071E+03    1.0000E-99    6.7095E-14    1.6499E-06    1.0000E+00
    1.780251E+03    1.0000E-99    4.8412E-14    1.4511E-06    1.0000E+00
    1.892034E+03    1.0000E-99    3.5572E-14    1.2691E-06    1.0000E+00
    2.010837E+03    1.0000E-99    2.6344E-14    1.1264E-06    1.0000E+00
    2.137099E+03    1.0000E-99    1.8960E-14    9.7924E-07    1.0000E+00
    2.271289E+03    1.0000E-99    1.3708E-14    8.5744E-07    1.0000E+00
    2.413905E+03    1.0000E-99    9.9421E-15    7.4769E-07    1.0000E+00
    2.565477E+03    1.0000E-99    7.7525E-15    6.7097E-07    1.0000E+00
    2.726565E+03    1.0000E-99    6.4414E-15    6.1541E-07    1.0000E+00
    2.897769E+03    1.0000E-99    5.8066E-15    5.8036E-07    1.0000E+00
    3.079722E+03    1.0000E-99    5.6584E-15    5.6050E-07    1.0000E+00
    3.273101E+03    1.0000E-99    6.6854E-15    5.8578E-07    1.0000E+00
    3.478622E+03    1.0000E-99    8.4995E-15    6.0962E-07    1.0000E+00
    3.697048E+03    1.0000E-99    1.8521E-14    8.5174E-07    1.0000E+00
    3.929188E+03    1.0000E-99    3.7665E-14    1.2100E-06    1.0000E+00
    4.175906E+03    1.0000E-99    4.5304E-14    1.1271E-06    1.0000E+00
    4.438115E+03    1.0000E-99    6.0324E-14    1.2350E-06    1.0000E+00
    4.716788E+03    1.0000E-99    5.7342E-14    1.1927E-06    1.0000E+00
    5.012959E+03    1.0000E-99    4.6757E-14    1.0824E-06    1.0000E+00
    5.327727E+03    1.0000E-99    3.7885E-14    9.8063E-07    1.0000E+00
    5.662260E+03    1.0000E-99    3.2924E-14    9.1304E-07    1.0000E+00
    6.017798E+03    1.0000E-99    3.1191E-14    8.8651E-07    1.0000E+00
    6.395661E+03    1.0000E-99    3.3116E-14    9.0310E-07    1.0000E+00
    6.797251E+03    1.0000E-99    3.6976E-14    9.3865E-07    1.0000E+00
    7.224056E+03    1.0000E-99    4.4244E-14    1.0125E-06    1.0000E+00
    7.677661E+03    1.0000E-99    5.5038E-14    1.1126E-06    1.0000E+00
    8.159748E+03    1.0000E-99    7.8195E-14    1.3094E-06    1.0000E+00
    8.672106E+03    1.0000E-99    1.5874E-13    1.8498E-06    1.0000E+00
    9.216636E+03    1.0000E-99    1.2863E-12    5.6774E-06    9.9999E-01
    9.793140E+03    1.0000E-99    8.4362E-11    7.0750E-05    9.9993E-01
    1.026683E+04    1.0000E-99    9.2946E-09    1.6342E-03    9.9837E-01
    1.070804E+04    1.0000E-99    3.3870E-06    8.6752E-02    9.1324E-01
    1.120152E+04    1.0000E-99    2.2151E-03    9.9458E-01    3.2033E-03
    1.159423E+04    1.0000E-99    3.6820E-02    9.6316E-01    1.6339E-05
    1.180243E+04    1.0000E-99    8.4515E-02    9.1548E-01    3.7539E-06
    1.192916E+04    1.0000E-99    1.7690E-01    8.2310E-01    5.4814E-07
    1.202084E+04    1.0000E-99    3.6297E-01    6.3703E-01    4.0683E-08
    1.209768E+04    1.0000E-99    5.4774E-01    4.5226E-01    4.2925E-09
    1.216841E+04    1.0000E-99    6.7109E-01    3.2891E-01    8.1312E-10
    1.223949E+04    1.0000E-99    7.8344E-01    2.1656E-01    1.2634E-10
    1.231406E+04    1.0000E-99    8.6589E-01    1.3411E-01    1.8649E-11
    1.239842E+04    1.0000E-99    9.1405E-01    8.5953E-02    3.5222E-12
    1.256481E+04    1.0000E-99    9.4551E-01    5.4489E-02    6.3455E-13
    1.321135E+04    1.0000E-99    9.0530E-01    9.4697E-02    2.3072E-12
    1.378971E+04    1.0000E-99    8.2127E-01    1.7873E-01    1.5152E-11
    1.426236E+04    1.0000E-99    8.1028E-01    1.8972E-01    1.3917E-11
    1.471893E+04    1.0000E-99    8.6183E-01    1.3817E-01    3.2986E-12
    1.520339E+04    1.0000E-99    9.2240E-01    7.7600E-02    3.9186E-13
    1.569984E+04    1.0000E-99    9.6993E-01    3.0070E-02    1.6438E-14
    1.625603E+04    1.0000E-99    9.9041E-01    9.5921E-03    3.3934E-16
    1.692188E+04    1.0000E-99    9.9729E-01    2.7082E-03    5.9308E-18
    1.755155E+04    1.0000E-99    9.9897E-01    1.0346E-03    2.2920E-19
    1.815678E+04    1.0000E-99    9.9943E-01    5.6841E-04    2.3749E-20
    1.877630E+04    1.0000E-99    9.9965E-01    3.4792E-04    3.7916E-21
    1.943029E+04    1.0000E-99    9.9978E-01    2.2367E-04    9.5439E-22
    2.010428E+04    1.0000E-99    9.9977E-01    2.3133E-04    1.0530E-21
    2.090850E+04    1.0000E-99    9.9975E-01    2.5413E-04    2.2420E-21
    2.182676E+04    1.0000E-99    9.9977E-01    2.3135E-04    3.5996E-21
    2.283367E+04    1.0000E-99    9.9971E-01    2.9036E-04    1.2439E-20
    2.394324E+04    1.0000E-99    9.9966E-01    3.4231E-04    2.5935E-20
    2.516734E+04    1.0000E-99    9.9951E-01    4.8594E-04    6.0652E-20
    2.638649E+04    1.0000E-99    9.9950E-01    4.9831E-04    6.3670E-20
    2.758311E+04    1.0000E-99    9.9906E-01    9.3659E-04    2.3138E-19
    2.884269E+04    1.0000E-99    9.9856E-01    1.4442E-03    5.2018E-19
    3.014497E+04    1.0000E-99    9.9759E-01    2.4144E-03    1.4931E-18
    3.148085E+04    1.0000E-99    9.9643E-01    3.5732E-03    3.2469E-18
    3.276289E+04    1.0000E-99    9.9576E-01    4.2425E-03    4.7103E-18
    3.391810E+04    1.0000E-99    9.9505E-01    4.9507E-03    6.8235E-18
    3.495083E+04    1.0000E-99    9.9361E-01    6.3879E-03    1.2590E-17
    3.592850E+04    1.0000E-99    9.9131E-01    8.6886E-03    2.4979E-17
    3.688885E+04    1.0000E-99    9.8825E-01    1.1747E-02    4.6744E-17
    3.786912E+04    1.0000E-99    9.8483E-01    1.5170E-02    7.7904E-17
    3.888044E+04    1.0000E-99    9.8204E-01    1.7955E-02    1.1145E-16
    3.991994E+04    1.0000E-99    9.8021E-01    1.9795E-02    1.4510E-16
    4.098383E+04    1.0000E-99    9.7936E-01    2.0635E-02    1.7641E-16
    4.207443E+04    1.0000E-99    9.7942E-01    2.0582E-02    2.0086E-16
    4.319619E+04    1.0000E-99    9.8005E-01    1.9955E-02    2.1594E-16
    4.435339E+04    1.0000E-99    9.8088E-01    1.9119E-02    2.2246E-16
    4.555005E+04    1.0000E-99    9.8158E-01    1.8415E-02    2.2502E-16
    4.678738E+04    1.0000E-99    9.8191E-01    1.8093E-02    2.2949E-16
    4.806468E+04    1.0000E-99    9.8180E-01    1.8196E-02    2.3834E-16
    4.937985E+04    1.0000E-99    9.8132E-01    1.8684E-02    2.5181E-16
    5.073002E+04    1.0000E-99    9.8042E-01    1.9582E-02    2.7067E-16
    5.211198E+04    1.0000E-99    9.7914E-01    2.0857E-02    2.9400E-16
    5.352349E+04    1.0000E-99    9.7777E-01    2.2230E-02    3.1638E-16
    5.496004E+04    1.0000E-99    9.7668E-01    2.3324E-02    3.3180E-16
    5.642085E+04    1.0000E-99    9.7607E-01    2.3931E-02    3.3758E-16
    5.789881E+04    1.0000E-99    9.7593E-01    2.4070E-02    3.3402E-16
    5.939226E+04    1.0000E-99    9.7615E-01    2.3851E-02    3.2300E-16
    6.088737E+04    1.0000E-99    9.7666E-01    2.3337E-02    3.0632E-16
    6.237825E+04    1.0000E-99    9.7743E-01    2.2565E-02    2.8610E-16
    6.383998E+04    1.0000E-99    9.7839E-01    2.1608E-02    2.6487E-16
    6.526223E+04    1.0000E-99    9.7950E-01    2.0497E-02    2.4336E-16
    6.660986E+04    1.0000E-99    9.8064E-01    1.9362E-02    2.2287E-16
    6.786444E+04    1.0000E-99    9.8200E-01    1.7998E-02    2.0010E-16
    6.899777E+04    1.0000E-99    9.8357E-01    1.6433E-02    1.7150E-16
    6.951321E+04    1.0000E-99    9.8518E-01    1.4815E-02    1.4040E-16
    6.977237E+04    1.0000E-99    9.8615E-01    1.3853E-02    1.1728E-16
    6.990232E+04    1.0000E-99    9.8698E-01    1.3016E-02    9.5884E-17
    6.996738E+04    1.0000E-99    9.8760E-01    1.2396E-02    7.9618E-17
    6.999830E+04    1.0000E-99    9.8799E-01    1.2014E-02    6.8646E-17
    6.999993E+04    1.0000E-99    9.8807E-01    1.1930E-02    6.7185E-17
#TIME:     0.733
#NVEL: 115
#vel_mid[km/s]           ti0           ti1           ti2           ti3
    8.484664E+02    1.0000E-99    1.4706E-13    2.0021E-06    1.0000E+00
    8.528610E+02    1.0000E-99    1.4706E-13    2.0021E-06    1.0000E+00
    8.661820E+02    1.0000E-99    1.4706E-13    2.0021E-06    1.0000E+00
    8.934513E+02    1.0000E-99    1.4706E-13    2.0021E-06    1.0000E+00
    9.472405E+02    1.0000E-99    1.4707E-13    2.0022E-06    1.0000E+00
    1.007109E+03    1.0000E-99    1.4711E-13    2.0024E-06    1.0000E+00
    1.070759E+03    1.0000E-99    1.4707E-13    2.0020E-06    1.0000E+00
    1.138432E+03    1.0000E-99    1.4614E-13    1.9958E-06    1.0000E+00
    1.210381E+03    1.0000E-99    1.4297E-13    1.9773E-06    1.0000E+00
    1.286878E+03    1.0000E-99    1.3085E-13    1.9120E-06    1.0000E+00
    1.368209E+03    1.0000E-99    9.0824E-14    1.6547E-06    1.0000E+00
    1.454681E+03    1.0000E-99    6.1930E-14    1.4285E-06    1.0000E+00
    1.546618E+03    1.0000E-99    5.2588E-14    1.3405E-06    1.0000E+00
    1.644365E+03    1.0000E-99    4.2698E-14    1.2347E-06    1.0000E+00
    1.748290E+03    1.0000E-99    3.1049E-14    1.0885E-06    1.0000E+00
    1.858783E+03    1.0000E-99    2.2345E-14    9.4612E-07    1.0000E+00
    1.976259E+03    1.0000E-99    1.6292E-14    8.3220E-07    1.0000E+00
    2.101160E+03    1.0000E-99    1.1625E-14    7.2253E-07    1.0000E+00
    2.233954E+03    1.0000E-99    8.2214E-15    6.2640E-07    1.0000E+00
    2.375142E+03    1.0000E-99    5.8835E-15    5.4429E-07    1.0000E+00
    2.525252E+03    1.0000E-99    4.4654E-15    4.8338E-07    1.0000E+00
    2.684850E+03    1.0000E-99    3.6391E-15    4.4049E-07    1.0000E+00
    2.854534E+03    1.0000E-99    3.2418E-15    4.1402E-07    1.0000E+00
    3.034942E+03    1.0000E-99    3.1031E-15    3.9737E-07    1.0000E+00
    3.226752E+03    1.0000E-99    3.6211E-15    4.1383E-07    1.0000E+00
    3.430685E+03    1.0000E-99    4.1480E-15    4.1112E-07    1.0000E+00
    3.647506E+03    1.0000E-99    9.5142E-15    5.8226E-07    1.0000E+00
    3.878031E+03    1.0000E-99    2.1861E-14    8.6790E-07    1.0000E+00
    4.123125E+03    1.0000E-99    2.5355E-14    8.2797E-07    1.0000E+00
    4.383709E+03    1.0000E-99    4.1929E-14    9.9230E-07    1.0000E+00
    4.660762E+03    1.0000E-99    4.4328E-14    1.0072E-06    1.0000E+00
    4.955325E+03    1.0000E-99    3.8408E-14    9.3813E-07    1.0000E+00
    5.268505E+03    1.0000E-99    3.1165E-14    8.4876E-07    1.0000E+00
    5.601477E+03    1.0000E-99    2.6760E-14    7.8631E-07    1.0000E+00
    5.955494E+03    1.0000E-99    2.5094E-14    7.6024E-07    1.0000E+00
    6.331885E+03    1.0000E-99    2.6549E-14    7.7639E-07    1.0000E+00
    6.732064E+03    1.0000E-99    2.9913E-14    8.1553E-07    1.0000E+00
    7.157534E+03    1.0000E-99    3.6471E-14    8.9324E-07    1.0000E+00
    7.609895E+03    1.0000E-99    4.6564E-14    1.0031E-06    1.0000E+00
    8.090845E+03    1.0000E-99    6.8086E-14    1.2111E-06    1.0000E+00
    8.602191E+03    1.0000E-99    1.4049E-13    1.7700E-06    1.0000E+00
    9.145855E+03    1.0000E-99    1.0491E-12    5.4627E-06    9.9999E-01
    9.716757E+03    1.0000E-99    5.7538E-11    6.4030E-05    9.9994E-01
    1.017136E+04    1.0000E-99    5.3477E-09    1.3358E-03    9.9866E-01
    1.058976E+04    1.0000E-99    1.5419E-06    6.1490E-02    9.3851E-01
    1.103681E+04    1.0000E-99    7.5500E-04    9.8435E-01    1.4893E-02
    1.143091E+04    1.0000E-99    2.2383E-02    9.7760E-01    2.1231E-05
    1.169743E+04    1.0000E-99    9.8272E-02    9.0173E-01    1.3830E-06
    1.185375E+04    1.0000E-99    1.8490E-01    8.1510E-01    2.9079E-07
    1.195751E+04    1.0000E-99    3.2379E-01    6.7621E-01    4.3940E-08
    1.203767E+04    1.0000E-99    5.1607E-01    4.8393E-01    4.1827E-09
    1.210835E+04    1.0000E-99    6.8641E-01    3.1359E-01    4.2655E-10
    1.217533E+04    1.0000E-99    8.0350E-01    1.9650E-01    5.4672E-11
    1.224092E+04    1.0000E-99    8.7352E-01    1.2648E-01    9.5457E-12
    1.231061E+04    1.0000E-99    9.1544E-01    8.4555E-02    2.1204E-12
    1.238832E+04    1.0000E-99    9.4096E-01    5.9040E-02    5.7727E-13
    1.249177E+04    1.0000E-99    9.5867E-01    4.1326E-02    1.6045E-13
    1.273320E+04    1.0000E-99    9.7436E-01    2.5638E-02    2.7467E-14
    1.314431E+04    1.0000E-99    9.8278E-01    1.7222E-02    5.6736E-15
    1.356973E+04    1.0000E-99    9.8858E-01    1.1416E-02    1.2057E-15
    1.397745E+04    1.0000E-99    9.9398E-01    6.0157E-03    1.6433E-16
    1.437971E+04    1.0000E-99    9.9742E-01    2.5810E-03    1.7752E-17
    1.481384E+04    1.0000E-99    9.9907E-01    9.2914E-04    1.2091E-18
    1.527443E+04    1.0000E-99    9.9972E-01    2.8446E-04    4.4531E-20
    1.573281E+04    1.0000E-99    9.9990E-01    9.8750E-05    2.1072E-21
    1.619433E+04    1.0000E-99    9.9996E-01    4.4454E-05    1.6832E-22
    1.667669E+04    1.0000E-99    9.9998E-01    2.0305E-05    1.5010E-23
    1.717287E+04    1.0000E-99    9.9999E-01    9.8960E-06    1.6365E-24
    1.768426E+04    1.0000E-99    9.9999E-01    6.9908E-06    3.2989E-25
    1.825695E+04    1.0000E-99    9.9999E-01    6.7948E-06    1.2249E-25
    1.899553E+04    1.0000E-99    9.9999E-01    6.1163E-06    3.7311E-26
    1.999671E+04    1.0000E-99    9.9999E-01    7.9806E-06    5.8309E-26
    2.125276E+04    1.0000E-99    9.9999E-01    1.3902E-05    3.9778E-25
    2.259595E+04    1.0000E-99    9.9998E-01    1.9702E-05    2.0818E-24
    2.402403E+04    1.0000E-99    9.9996E-01    3.6006E-05    1.2089E-23
    2.554236E+04    1.0000E-99    9.9993E-01    6.6348E-05    4.7395E-23
    2.715756E+04    1.0000E-99    9.9989E-01    1.0801E-04    1.2378E-22
    2.877497E+04    1.0000E-99    9.9972E-01    2.8370E-04    1.2277E-21
    3.035869E+04    1.0000E-99    9.9946E-01    5.3851E-04    7.0125E-21
    3.187471E+04    1.0000E-99    9.9920E-01    8.0451E-04    2.4849E-20
    3.324789E+04    1.0000E-99    9.9902E-01    9.7799E-04    5.2957E-20
    3.445101E+04    1.0000E-99    9.9873E-01    1.2720E-03    1.4085E-19
    3.554577E+04    1.0000E-99    9.9810E-01    1.8975E-03    4.9785E-19
    3.658462E+04    1.0000E-99    9.9697E-01    3.0259E-03    1.7947E-18
    3.762248E+04    1.0000E-99    9.9519E-01    4.8070E-03    5.6791E-18
    3.867668E+04    1.0000E-99    9.9294E-01    7.0597E-03    1.4120E-17
    3.975213E+04    1.0000E-99    9.9048E-01    9.5176E-03    2.9290E-17
    4.084453E+04    1.0000E-99    9.8816E-01    1.1844E-02    5.2023E-17
    4.195824E+04    1.0000E-99    9.8634E-01    1.3664E-02    8.1511E-17
    4.309818E+04    1.0000E-99    9.8517E-01    1.4832E-02    1.1206E-16
    4.426979E+04    1.0000E-99    9.8453E-01    1.5467E-02    1.3916E-16
    4.547749E+04    1.0000E-99    9.8414E-01    1.5856E-02    1.6158E-16
    4.672340E+04    1.0000E-99    9.8370E-01    1.6299E-02    1.8207E-16
    4.800748E+04    1.0000E-99    9.8307E-01    1.6933E-02    2.0306E-16
    4.932825E+04    1.0000E-99    9.8221E-01    1.7788E-02    2.2559E-16
    5.068335E+04    1.0000E-99    9.8106E-01    1.8936E-02    2.5107E-16
    5.207013E+04    1.0000E-99    9.7961E-01    2.0386E-02    2.7936E-16
    5.348629E+04    1.0000E-99    9.7811E-01    2.1891E-02    3.0572E-16
    5.492827E+04    1.0000E-99    9.7691E-01    2.3092E-02    3.2436E-16
    5.639439E+04    1.0000E-99    9.7622E-01    2.3779E-02    3.3260E-16
    5.787868E+04    1.0000E-99    9.7603E-01    2.3972E-02    3.3079E-16
    5.937786E+04    1.0000E-99    9.7621E-01    2.3790E-02    3.2094E-16
    6.087934E+04    1.0000E-99    9.7670E-01    2.3297E-02    3.0499E-16
    6.237552E+04    1.0000E-99    9.7746E-01    2.2538E-02    2.8521E-16
    6.384322E+04    1.0000E-99    9.7841E-01    2.1586E-02    2.6422E-16
    6.526864E+04    1.0000E-99    9.7952E-01    2.0478E-02    2.4287E-16
    6.661842E+04    1.0000E-99    9.8066E-01    1.9344E-02    2.2246E-16
    6.787517E+04    1.0000E-99    9.8202E-01    1.7978E-02    1.9969E-16
    6.900452E+04    1.0000E-99    9.8359E-01    1.6410E-02    1.7102E-16
    6.951650E+04    1.0000E-99    9.8520E-01    1.4800E-02    1.4004E-16
    6.977391E+04    1.0000E-99    9.8616E-01    1.3841E-02    1.1699E-16
    6.990298E+04    1.0000E-99    9.8699E-01    1.3008E-02    9.5677E-17
    6.996760E+04    1.0000E-99    9.8761E-01    1.2390E-02    7.9501E-17
    6.999832E+04    1.0000E-99    9.8799E-01    1.2011E-02    6.8600E-17
    6.999993E+04    1.0000E-99    9.8807E-01    1.1927E-02    6.7148E-17
#TIME:     0.806
#NVEL: 115
#vel_mid[km/s]           ti0           ti1           ti2           ti3
    8.484664E+02    1.0000E-99    1.2168E-13    1.7758E-06    1.0000E+00
    8.540175E+02    1.0000E-99    1.2168E-13    1.7758E-06    1.0000E+00
    8.708899E+02    1.0000E-99    1.2168E-13    1.7758E-06    1.0000E+00
    9.056412E+02    1.0000E-99    1.2168E-13    1.7758E-06    1.0000E+00
    9.639886E+02    1.0000E-99    1.2169E-13    1.7759E-06    1.0000E+00
    1.024912E+03    1.0000E-99    1.2172E-13    1.7761E-06    1.0000E+00
    1.089687E+03    1.0000E-99    1.2138E-13    1.7736E-06    1.0000E+00
    1.158556E+03    1.0000E-99    1.1973E-13    1.7626E-06    1.0000E+00
    1.231778E+03    1.0000E-99    1.1298E-13    1.7197E-06    1.0000E+00
    1.309627E+03    1.0000E-99    9.3691E-14    1.5957E-06    1.0000E+00
    1.392396E+03    1.0000E-99    6.3979E-14    1.3709E-06    1.0000E+00
    1.480396E+03    1.0000E-99    4.7265E-14    1.2196E-06    1.0000E+00
    1.573958E+03    1.0000E-99    3.9067E-14    1.1305E-06    1.0000E+00
    1.673433E+03    1.0000E-99    3.0300E-14    1.0215E-06    1.0000E+00
    1.779195E+03    1.0000E-99    2.2068E-14    8.9864E-07    1.0000E+00
    1.891642E+03    1.0000E-99    1.5657E-14    7.7699E-07    1.0000E+00
    2.011195E+03    1.0000E-99    1.1325E-14    6.8052E-07    1.0000E+00
    2.138303E+03    1.0000E-99    7.9323E-15    5.8637E-07    1.0000E+00
    2.273445E+03    1.0000E-99    5.5993E-15    5.0776E-07    1.0000E+00
    2.417128E+03    1.0000E-99    4.0549E-15    4.4311E-07    1.0000E+00
    2.569892E+03    1.0000E-99    3.1370E-15    3.9635E-07    1.0000E+00
    2.732311E+03    1.0000E-99    2.6295E-15    3.6492E-07    1.0000E+00
    2.904995E+03    1.0000E-99    2.3943E-15    3.4524E-07    1.0000E+00
    3.088592E+03    1.0000E-99    2.4323E-15    3.3977E-07    1.0000E+00
    3.283793E+03    1.0000E-99    2.7465E-15    3.4444E-07    1.0000E+00
    3.491331E+03    1.0000E-99    4.0890E-15    3.8883E-07    1.0000E+00
    3.711985E+03    1.0000E-99    8.9930E-15    5.4782E-07    1.0000E+00
    3.946585E+03    1.0000E-99    1.7916E-14    7.4745E-07    1.0000E+00
    4.196011E+03    1.0000E-99    2.4692E-14    7.7723E-07    1.0000E+00
    4.461202E+03    1.0000E-99    3.6914E-14    9.1181E-07    1.0000E+00
    4.743153E+03    1.0000E-99    3.9548E-14    9.3624E-07    1.0000E+00
    5.042923E+03    1.0000E-99    3.3414E-14    8.6191E-07    1.0000E+00
    5.361639E+03    1.0000E-99    2.7545E-14    7.8437E-07    1.0000E+00
    5.700497E+03    1.0000E-99    2.4183E-14    7.3452E-07    1.0000E+00
    6.060772E+03    1.0000E-99    2.3707E-14    7.2552E-07    1.0000E+00
    6.443817E+03    1.0000E-99    2.5646E-14    7.5027E-07    1.0000E+00
    6.851070E+03    1.0000E-99    2.9984E-14    8.0627E-07    1.0000E+00
    7.284062E+03    1.0000E-99    3.7637E-14    9.0052E-07    1.0000E+00
    7.744419E+03    1.0000E-99    5.0760E-14    1.0468E-06    1.0000E+00
    8.233871E+03    1.0000E-99    8.0615E-14    1.3325E-06    1.0000E+00
    8.754256E+03    1.0000E-99    2.2792E-13    2.3649E-06    1.0000E+00
    9.307531E+03    1.0000E-99    2.8447E-12    1.0431E-05    9.9999E-01
    9.857056E+03    1.0000E-99    2.3637E-10    1.7499E-04    9.9983E-01
    1.026219E+04    1.0000E-99    2.2963E-08    3.9067E-03    9.9609E-01
    1.066046E+04    1.0000E-99    5.8446E-06    1.6283E-01    8.3716E-01
    1.108456E+04    1.0000E-99    1.3599E-03    9.9495E-01    3.6860E-03
    1.145920E+04    1.0000E-99    3.4383E-02    9.6561E-01    6.7701E-06
    1.170019E+04    1.0000E-99    1.3077E-01    8.6922E-01    5.2434E-07
    1.184807E+04    1.0000E-99    2.2846E-01    7.7154E-01    1.1957E-07
    1.194895E+04    1.0000E-99    3.7787E-01    6.2213E-01    1.8630E-08
    1.202846E+04    1.0000E-99    5.8900E-01    4.1100E-01    1.4144E-09
    1.209713E+04    1.0000E-99    7.6221E-01    2.3779E-01    1.0416E-10
    1.216131E+04    1.0000E-99    8.6060E-01    1.3940E-01    1.1745E-11
    1.222467E+04    1.0000E-99    9.1407E-01    8.5928E-02    1.9203E-12
    1.229131E+04    1.0000E-99    9.4551E-01    5.4487E-02    3.8093E-13
    1.236339E+04    1.0000E-99    9.6480E-01    3.5200E-02    8.4892E-14
    1.245100E+04    1.0000E-99    9.7797E-01    2.2032E-02    1.7538E-14
    1.259630E+04    1.0000E-99    9.8867E-01    1.1328E-02    1.9269E-15
    1.288977E+04    1.0000E-99    9.9618E-01    3.8228E-03    5.4720E-17
    1.326716E+04    1.0000E-99    9.9881E-01    1.1853E-03    1.4266E-18
    1.368028E+04    1.0000E-99    9.9963E-01    3.6828E-04    9.2369E-20
    1.412000E+04    1.0000E-99    9.9989E-01    1.1331E-04    1.0123E-20
    1.458947E+04    1.0000E-99    9.9997E-01    3.3643E-05    8.7842E-22
    1.507487E+04    1.0000E-99    9.9999E-01    8.5576E-06    4.0826E-23
    1.554368E+04    1.0000E-99    1.0000E+00    2.2759E-06    1.9716E-24
    1.599734E+04    1.0000E-99    1.0000E+00    8.8421E-07    1.9229E-25
    1.645628E+04    1.0000E-99    1.0000E+00    4.3481E-07    2.5749E-26
    1.692588E+04    1.0000E-99    1.0000E+00    2.3280E-07    3.8042E-27
    1.740008E+04    1.0000E-99    1.0000E+00    1.8298E-07    9.1955E-28
    1.790650E+04    1.0000E-99    1.0000E+00    2.5843E-07    4.8520E-28
    1.855795E+04    1.0000E-99    1.0000E+00    4.8696E-07    3.2744E-28
    1.953644E+04    1.0000E-99    1.0000E+00    1.0192E-06    5.4260E-28
    2.077905E+04    1.0000E-99    1.0000E+00    2.7074E-06    4.2491E-27
    2.209229E+04    1.0000E-99    9.9999E-01    5.0450E-06    3.4810E-26
    2.348854E+04    1.0000E-99    9.9999E-01    9.6310E-06    2.4410E-25
    2.497303E+04    1.0000E-99    9.9998E-01    2.1200E-05    1.4097E-24
    2.655134E+04    1.0000E-99    9.9996E-01    3.9523E-05    4.6176E-24
    2.823401E+04    1.0000E-99    9.9989E-01    1.0733E-04    4.4671E-23
    2.993365E+04    1.0000E-99    9.9974E-01    2.5660E-04    4.8361E-22
    3.153760E+04    1.0000E-99    9.9958E-01    4.2377E-04    2.5404E-21
    3.299099E+04    1.0000E-99    9.9947E-01    5.3481E-04    6.8085E-21
    3.426462E+04    1.0000E-99    9.9931E-01    6.9476E-04    2.0560E-20
    3.540831E+04    1.0000E-99    9.9894E-01    1.0591E-03    8.9073E-20
    3.648732E+04    1.0000E-99    9.9822E-01    1.7841E-03    4.2583E-19
    3.755144E+04    1.0000E-99    9.9697E-01    3.0309E-03    1.7967E-18
    3.862706E+04    1.0000E-99    9.9521E-01    4.7896E-03    5.7540E-18
    3.971922E+04    1.0000E-99    9.9305E-01    6.9529E-03    1.4731E-17
    4.082638E+04    1.0000E-99    9.9071E-01    9.2895E-03    3.1148E-17
    4.195195E+04    1.0000E-99    9.8860E-01    1.1396E-02    5.6013E-17
    4.310219E+04    1.0000E-99    9.8701E-01    1.2994E-02    8.5602E-17
    4.428215E+04    1.0000E-99    9.8593E-01    1.4069E-02    1.1497E-16
    4.549618E+04    1.0000E-99    9.8517E-01    1.4833E-02    1.4134E-16
    4.674647E+04    1.0000E-99    9.8443E-01    1.5574E-02    1.6608E-16
    4.803285E+04    1.0000E-99    9.8357E-01    1.6429E-02    1.9086E-16
    4.935417E+04    1.0000E-99    9.8256E-01    1.7441E-02    2.1645E-16
    5.070872E+04    1.0000E-99    9.8130E-01    1.8698E-02    2.4429E-16
    5.209387E+04    1.0000E-99    9.7978E-01    2.0222E-02    2.7432E-16
    5.350827E+04    1.0000E-99    9.7822E-01    2.1777E-02    3.0199E-16
    5.494800E+04    1.0000E-99    9.7699E-01    2.3009E-02    3.2161E-16
    5.641221E+04    1.0000E-99    9.7628E-01    2.3718E-02    3.3061E-16
    5.789415E+04    1.0000E-99    9.7607E-01    2.3928E-02    3.2935E-16
    5.939153E+04    1.0000E-99    9.7624E-01    2.3756E-02    3.1991E-16
    6.089052E+04    1.0000E-99    9.7673E-01    2.3272E-02    3.0426E-16
    6.238510E+04    1.0000E-99    9.7748E-01    2.2518E-02    2.8469E-16
    6.385045E+04    1.0000E-99    9.7843E-01    2.1572E-02    2.6386E-16
    6.527461E+04    1.0000E-99    9.7953E-01    2.0467E-02    2.4261E-16
    6.662249E+04    1.0000E-99    9.8066E-01    1.9335E-02    2.2228E-16
    6.787764E+04    1.0000E-99    9.8203E-01    1.7972E-02    1.9956E-16
    6.900561E+04    1.0000E-99    9.8360E-01    1.6404E-02    1.7092E-16
    6.951703E+04    1.0000E-99    9.8520E-01    1.4796E-02    1.3996E-16
    6.977416E+04    1.0000E-99    9.8616E-01    1.3838E-02    1.1692E-16
    6.990309E+04    1.0000E-99    9.8699E-01    1.3005E-02    9.5629E-17
    6.996763E+04    1.0000E-99    9.8761E-01    1.2389E-02    7.9471E-17
    6.999832E+04    1.0000E-99    9.8799E-01    1.2009E-02    6.8583E-17
    6.999993E+04    1.0000E-99    9.8807E-01    1.1926E-02    6.7132E-17
#TIME:     0.887
#NVEL: 115
#vel_mid[km/s]           ti0           ti1           ti2           ti3
    8.484664E+02    1.0000E-99    1.0138E-13    1.5832E-06    1.0000E+00
    8.550285E+02    1.0000E-99    1.0138E-13    1.5832E-06    1.0000E+00
    8.750210E+02    1.0000E-99    1.0138E-13    1.5832E-06    1.0000E+00
    9.164194E+02    1.0000E-99    1.0138E-13    1.5832E-06    1.0000E+00
    9.788524E+02    1.0000E-99    1.0138E-13    1.5832E-06    1.0000E+00
    1.040712E+03    1.0000E-99    1.0129E-13    1.5825E-06    1.0000E+00
    1.106486E+03    1.0000E-99    1.0047E-13    1.5765E-06    1.0000E+00
    1.176417E+03    1.0000E-99    9.7221E-14    1.5536E-06    1.0000E+00
    1.250767E+03    1.0000E-99    8.6912E-14    1.4808E-06    1.0000E+00
    1.329816E+03    1.0000E-99    6.7722E-14    1.3375E-06    1.0000E+00
    1.413861E+03    1.0000E-99    4.7553E-14    1.1610E-06    1.0000E+00
    1.503218E+03    1.0000E-99    3.6228E-14    1.0432E-06    1.0000E+00
    1.598223E+03    1.0000E-99    2.8964E-14    9.5276E-07    1.0000E+00
    1.699231E+03    1.0000E-99    2.1870E-14    8.5037E-07    1.0000E+00
    1.806624E+03    1.0000E-99    1.5867E-14    7.4566E-07    1.0000E+00
    1.920803E+03    1.0000E-99    1.1107E-14    6.4100E-07    1.0000E+00
    2.042199E+03    1.0000E-99    7.9306E-15    5.5798E-07    1.0000E+00
    2.171268E+03    1.0000E-99    5.4978E-15    4.7872E-07    1.0000E+00
    2.308493E+03    1.0000E-99    3.8920E-15    4.1484E-07    1.0000E+00
    2.454391E+03    1.0000E-99    2.8554E-15    3.6375E-07    1.0000E+00
    2.609510E+03    1.0000E-99    2.2531E-15    3.2777E-07    1.0000E+00
    2.774433E+03    1.0000E-99    1.9394E-15    3.0464E-07    1.0000E+00
    2.949779E+03    1.0000E-99    1.8107E-15    2.9085E-07    1.0000E+00
    3.136206E+03    1.0000E-99    1.8971E-15    2.8904E-07    1.0000E+00
    3.334417E+03    1.0000E-99    2.2305E-15    2.9654E-07    1.0000E+00
    3.545154E+03    1.0000E-99    3.8465E-15    3.6167E-07    1.0000E+00
    3.769210E+03    1.0000E-99    8.5433E-15    5.1445E-07    1.0000E+00
    4.007426E+03    1.0000E-99    1.6032E-14    6.7236E-07    1.0000E+00
    4.260698E+03    1.0000E-99    2.3344E-14    7.3103E-07    1.0000E+00
    4.529976E+03    1.0000E-99    3.3710E-14    8.5881E-07    1.0000E+00
    4.816274E+03    1.0000E-99    3.6218E-14    8.8663E-07    1.0000E+00
    5.120665E+03    1.0000E-99    3.0208E-14    8.1063E-07    1.0000E+00
    5.444294E+03    1.0000E-99    2.5307E-14    7.4263E-07    1.0000E+00
    5.788377E+03    1.0000E-99    2.2845E-14    7.0512E-07    1.0000E+00
    6.154206E+03    1.0000E-99    2.3186E-14    7.0905E-07    1.0000E+00
    6.543156E+03    1.0000E-99    2.5773E-14    7.4557E-07    1.0000E+00
    6.956687E+03    1.0000E-99    3.1190E-14    8.1974E-07    1.0000E+00
    7.396354E+03    1.0000E-99    4.0546E-14    9.3787E-07    1.0000E+00
    7.863808E+03    1.0000E-99    5.7812E-14    1.1315E-06    1.0000E+00
    8.360805E+03    1.0000E-99    1.0396E-13    1.5609E-06    1.0000E+00
    8.889213E+03    1.0000E-99    4.1034E-13    3.4459E-06    1.0000E+00
    9.452613E+03    1.0000E-99    8.5850E-12    2.2107E-05    9.9998E-01
    9.911633E+03    1.0000E-99    4.9838E-10    3.1434E-04    9.9969E-01
    1.025666E+04    1.0000E-99    3.6874E-08    5.8404E-03    9.9416E-01
    1.063251E+04    1.0000E-99    6.4841E-06    1.8997E-01    8.1002E-01
    1.104178E+04    1.0000E-99    1.1268E-03    9.9482E-01    4.0545E-03
    1.140357E+04    1.0000E-99    2.8132E-02    9.7186E-01    7.4093E-06
    1.166212E+04    1.0000E-99    1.4311E-01    8.5689E-01    3.0252E-07
    1.181968E+04    1.0000E-99    2.6085E-01    7.3915E-01    5.9637E-08
    1.192439E+04    1.0000E-99    4.2974E-01    5.7026E-01    8.3980E-09
    1.200433E+04    1.0000E-99    6.7584E-01    3.2416E-01    3.8426E-10
    1.207252E+04    1.0000E-99    8.4315E-01    1.5685E-01    1.6912E-11
    1.213615E+04    1.0000E-99    9.1637E-01    8.3635E-02    1.5555E-12
    1.219834E+04    1.0000E-99    9.5207E-01    4.7930E-02    2.1854E-13
    1.226330E+04    1.0000E-99    9.7191E-01    2.8093E-02    3.6055E-14
    1.233279E+04    1.0000E-99    9.8344E-01    1.6558E-02    6.3478E-15
    1.241499E+04    1.0000E-99    9.9072E-01    9.2843E-03    9.7736E-16
    1.254315E+04    1.0000E-99    9.9592E-01    4.0850E-03    7.0501E-17
    1.282934E+04    1.0000E-99    9.9917E-01    8.3399E-04    4.5362E-19
    1.322638E+04    1.0000E-99    9.9987E-01    1.2572E-04    1.2617E-21
    1.367464E+04    1.0000E-99    9.9998E-01    1.9373E-05    1.2769E-23
    1.415777E+04    1.0000E-99    1.0000E+00    3.1764E-06    1.2247E-24
    1.466368E+04    1.0000E-99    1.0000E+00    5.4863E-07    1.1454E-25
    1.516469E+04    1.0000E-99    1.0000E+00    9.1277E-08    5.8278E-27
    1.563737E+04    1.0000E-99    1.0000E+00    1.9583E-08    3.9430E-28
    1.608825E+04    1.0000E-99    1.0000E+00    7.9071E-09    6.2066E-29
    1.653823E+04    1.0000E-99    1.0000E+00    4.8532E-09    1.2734E-29
    1.698531E+04    1.0000E-99    1.0000E+00    3.5925E-09    2.9905E-30
    1.742613E+04    1.0000E-99    1.0000E+00    4.4838E-09    1.2638E-30
    1.788818E+04    1.0000E-99    1.0000E+00    1.0658E-08    1.2711E-30
    1.844225E+04    1.0000E-99    1.0000E+00    3.2861E-08    1.6115E-30
    1.926325E+04    1.0000E-99    1.0000E+00    1.2649E-07    5.7613E-30
