#NTIMES: 200
#NSTAGES: 7
#TIMES[d]: 1.3135 1.3409 1.3688 1.3973 1.4263 1.4560 1.4863 1.5173 1.5488 1.5811 1.6140 1.6476 1.6819 1.7169 1.7526 1.7891 1.8263 1.8643 1.9031 1.9427 1.9831 2.0244 2.0665 2.1096 2.1535 2.1983 2.2440 2.2907 2.3384 2.3871 2.4368 2.4875 2.5392 2.5921 2.6460 2.7011 2.7573 2.8147 2.8733 2.9331 2.9941 3.0564 3.1200 3.1850 3.2513 3.3189 3.3880 3.4585 3.5305 3.6040 3.6790 3.7555 3.8337 3.9135 3.9949 4.0781 4.1629 4.2496 4.3380 4.4283 4.5205 4.6145 4.7106 4.8086 4.9087 5.0109 5.1151 5.2216 5.3303 5.4412 5.5544 5.6700 5.7880 5.9085 6.0315 6.1570 6.2851 6.4159 6.5495 6.6858 6.8249 6.9670 7.1120 7.2600 7.4111 7.5653 7.7228 7.8835 8.0476 8.2150 8.3860 8.5605 8.7387 8.9206 9.1062 9.2957 9.4892 9.6867 9.8883 10.0941 10.3042 10.5186 10.7375 10.9610 11.1891 11.4220 11.6597 11.9023 12.1501 12.4029 12.6611 12.9246 13.1935 13.4681 13.7484 14.0346 14.3266 14.6248 14.9292 15.2399 15.5570 15.8808 16.2113 16.5487 16.8931 17.2447 17.6036 17.9700 18.3440 18.7257 19.1155 19.5133 19.9194 20.3340 20.7571 21.1891 21.6301 22.0803 22.5398 23.0089 23.4878 23.9766 24.4756 24.9850 25.5050 26.0358 26.5776 27.1308 27.6954 28.2718 28.8602 29.4608 30.0740 30.6999 31.3388 31.9910 32.6568 33.3365 34.0302 34.7385 35.4615 36.1995 36.9529 37.7219 38.5070 39.3084 40.1265 40.9616 41.8141 42.6843 43.5726 44.4795 45.4052 46.3501 47.3148 48.2995 49.3047 50.3308 51.3783 52.4476 53.5391 54.6534 55.7908 56.9519 58.1372 59.3472 60.5823 61.8431 63.1302 64.4440 65.7853 67.1544 68.5520 69.9787 71.4351 72.9218 74.4394 75.9886 77.5701 79.1845
#
#TIME: 1.3135
#NVEL: 115
#vel_mid[km/s] temp[K] ne[/cm^3] na0 na1 na2 na3 na4 na5 na6
4.2577e+02 1.9544e-28 4.7100e-20 4.7427e-12 7.5000e-06 4.9461e-02 9.4550e-01 5.0306e-03
8.5779e+02 1.2834e-19 3.8735e-13 4.8847e-07 9.6743e-03 7.9902e-01 1.9129e-01 1.2746e-05
8.7843e+02 1.2818e-19 3.8693e-13 4.8807e-07 9.6696e-03 7.9895e-01 1.9136e-01 1.2758e-05
9.1772e+02 1.2762e-19 3.8526e-13 4.8630e-07 9.6468e-03 7.9857e-01 1.9177e-01 1.2826e-05
9.7304e+02 1.2451e-19 3.7655e-13 4.7740e-07 9.5356e-03 7.9677e-01 1.9368e-01 1.3147e-05
1.0350e+03 1.1662e-19 3.5392e-13 4.5374e-07 9.2323e-03 7.9160e-01 1.9915e-01 1.4097e-05
1.1000e+03 9.6255e-20 2.9537e-13 3.9133e-07 8.4017e-03 7.7608e-01 2.1550e-01 1.7202e-05
1.1690e+03 5.7262e-20 1.8109e-13 2.6170e-07 6.4812e-03 7.2993e-01 2.6356e-01 2.8963e-05
1.2425e+03 1.8286e-20 6.1145e-14 1.0539e-07 3.5305e-03 6.0854e-01 3.8785e-01 8.5339e-05
1.3205e+03 2.7013e-21 9.6888e-15 2.1475e-08 1.1460e-03 3.8691e-01 6.1153e-01 4.1028e-04
1.4033e+03 2.2896e-22 9.0288e-16 2.6401e-09 2.4139e-04 1.7888e-01 8.1885e-01 2.0226e-03
1.4915e+03 1.9973e-23 8.8259e-17 3.3086e-10 4.9518e-05 7.5623e-02 9.1690e-01 7.4312e-03
1.5852e+03 2.0633e-24 1.0401e-17 4.8806e-11 1.1335e-05 3.2965e-02 9.4528e-01 2.1742e-02
1.6847e+03 2.0133e-25 1.1862e-18 6.9783e-12 2.5042e-06 1.3814e-02 9.2682e-01 5.9363e-02
1.7904e+03 1.6750e-26 1.1940e-19 8.9526e-13 5.0136e-07 5.3201e-03 8.4360e-01 1.5108e-01
1.9028e+03 1.1405e-27 1.0191e-20 9.9342e-14 8.7254e-08 1.7899e-03 6.6818e-01 3.3003e-01
2.0223e+03 6.5113e-29 7.3357e-22 9.2573e-15 1.2537e-08 4.9242e-04 4.2739e-01 5.7212e-01
2.1493e+03 3.1553e-30 4.5079e-23 7.3593e-16 1.5065e-09 1.1165e-04 2.2076e-01 7.7913e-01
2.2843e+03 1.8041e-31 3.1992e-24 6.5887e-17 1.9307e-10 2.5363e-05 1.0560e-01 8.9438e-01
2.4277e+03 1.6813e-32 3.5853e-25 8.9984e-18 3.5062e-11 7.3118e-06 5.5381e-02 9.4461e-01
2.5802e+03 3.3291e-33 8.1421e-26 2.3655e-18 1.1196e-11 3.1817e-06 3.5768e-02 9.6423e-01
2.7422e+03 1.7996e-33 4.7329e-26 1.4819e-18 7.6367e-12 2.4262e-06 3.1089e-02 9.6891e-01
2.9144e+03 3.3015e-33 8.6148e-26 2.6585e-18 1.3074e-11 3.6558e-06 3.8848e-02 9.6115e-01
3.0973e+03 2.6172e-32 6.2038e-25 1.7116e-17 6.8236e-11 1.2556e-05 7.4918e-02 9.2507e-01
3.2918e+03 1.1256e-30 2.2700e-23 5.1765e-16 1.3607e-09 1.1436e-04 2.3106e-01 7.6883e-01
3.4986e+03 2.0831e-28 3.0635e-21 4.8136e-14 6.0874e-08 1.5818e-03 6.6365e-01 3.3477e-01
3.7182e+03 5.4388e-26 4.9590e-19 4.3463e-12 2.0607e-06 1.3337e-02 9.3056e-01 5.6097e-02
3.9517e+03 1.7749e-23 1.1155e-16 5.3165e-10 8.2220e-05 1.0671e-01 8.8907e-01 4.1309e-03
4.1999e+03 1.8125e-20 1.1624e-13 2.5864e-07 7.6432e-03 7.9547e-01 1.9687e-01 1.1366e-05
4.4636e+03 2.6968e-18 1.7682e-11 1.5590e-05 9.1167e-02 9.0004e-01 8.7758e-03 9.0022e-09
4.7438e+03 2.6034e-17 1.6798e-10 9.0193e-05 2.3795e-01 7.6036e-01 1.6024e-03 2.4512e-10
5.0416e+03 4.3782e-17 2.8787e-10 1.3718e-04 2.9564e-01 7.0324e-01 9.8474e-04 9.0128e-11
5.3582e+03 3.5779e-17 2.4832e-10 1.2494e-04 2.8435e-01 7.1447e-01 1.0570e-03 1.0224e-10
5.6947e+03 3.3762e-17 2.4817e-10 1.2746e-04 2.8969e-01 7.0919e-01 9.9189e-04 8.8204e-11
6.0522e+03 4.7479e-17 3.6129e-10 1.7155e-04 3.3714e-01 6.6201e-01 6.7724e-04 4.0450e-11
6.4323e+03 1.0872e-16 8.5393e-10 3.2934e-04 4.5733e-01 5.4206e-01 2.7580e-04 6.8476e-12
6.8362e+03 3.5421e-16 2.8719e-09 7.9564e-04 6.4557e-01 3.5357e-01 6.2205e-05 4.0803e-13
7.2654e+03 1.3012e-15 1.0702e-08 1.9537e-03 8.2108e-01 1.7695e-01 8.7062e-06 1.1622e-14
7.7216e+03 5.7061e-15 4.7225e-08 5.0677e-03 9.3221e-01 6.2725e-02 6.3154e-07 1.1635e-16
8.2065e+03 4.6338e-14 3.8154e-07 1.8259e-02 9.7028e-01 1.1463e-02 1.0814e-08 1.0387e-19
8.7177e+03 2.0747e-12 1.6533e-05 1.6729e-01 8.3234e-01 3.6244e-04 3.8279e-12 1.3545e-25
9.2147e+03 2.3674e-10 1.6084e-03 9.3493e-01 6.3465e-02 7.3536e-08 2.4359e-19 3.7434e-37
9.6291e+03 1.1285e-08 6.4357e-02 9.3540e-01 2.4465e-04 1.3239e-13 1.1929e-29 0.0000e+00
9.9539e+03 1.4769e-07 8.0486e-01 1.9514e-01 9.8929e-08 9.2706e-21 5.0923e-42 0.0000e+00
1.0246e+04 1.9656e-07 9.9800e-01 2.0011e-03 6.7962e-13 2.5694e-30 0.0000e+00 0.0000e+00
1.0542e+04 2.0644e-07 1.0000e+00 4.6868e-06 1.5010e-19 1.4910e-42 0.0000e+00 0.0000e+00
1.0840e+04 3.3753e-07 1.0000e+00 2.4029e-09 8.6798e-28 0.0000e+00 0.0000e+00 0.0000e+00
1.1119e+04 6.5523e-07 1.0000e+00 6.6934e-13 1.1051e-36 0.0000e+00 0.0000e+00 0.0000e+00
1.1356e+04 1.3930e-06 1.0000e+00 3.7629e-16 8.4078e-45 0.0000e+00 0.0000e+00 0.0000e+00
1.1540e+04 3.0394e-06 1.0000e+00 3.0289e-19 0.0000e+00 0.0000e+00 0.0000e+00 0.0000e+00
1.1677e+04 5.0193e-06 9.9999e-01 3.4440e-22 0.0000e+00 0.0000e+00 0.0000e+00 0.0000e+00
1.1784e+04 7.1205e-06 9.9999e-01 7.8684e-25 0.0000e+00 0.0000e+00 0.0000e+00 0.0000e+00
1.1876e+04 1.0459e-05 9.9999e-01 4.8860e-27 0.0000e+00 0.0000e+00 0.0000e+00 0.0000e+00
1.1964e+04 1.4568e-05 9.9999e-01 6.4803e-29 0.0000e+00 0.0000e+00 0.0000e+00 0.0000e+00
1.2056e+04 1.6426e-05 9.9998e-01 1.8128e-30 0.0000e+00 0.0000e+00 0.0000e+00 0.0000e+00
1.2170e+04 1.8656e-05 9.9998e-01 7.2080e-32 0.0000e+00 0.0000e+00 0.0000e+00 0.0000e+00
1.2360e+04 2.3779e-05 9.9998e-01 8.6996e-34 0.0000e+00 0.0000e+00 0.0000e+00 0.0000e+00
1.2670e+04 3.8793e-05 9.9996e-01 4.8442e-37 0.0000e+00 0.0000e+00 0.0000e+00 0.0000e+00
1.3075e+04 6.9355e-05 9.9993e-01 1.2429e-40 0.0000e+00 0.0000e+00 0.0000e+00 0.0000e+00
1.3530e+04 1.2693e-04 9.9987e-01 2.2421e-44 0.0000e+00 0.0000e+00 0.0000e+00 0.0000e+00
1.4013e+04 2.2864e-04 9.9977e-01 0.0000e+00 0.0000e+00 0.0000e+00 0.0000e+00 0.0000e+00
1.4509e+04 4.0520e-04 9.9959e-01 0.0000e+00 0.0000e+00 0.0000e+00 0.0000e+00 0.0000e+00
1.5002e+04 6.8459e-04 9.9932e-01 0.0000e+00 0.0000e+00 0.0000e+00 0.0000e+00 0.0000e+00
1.5476e+04 1.0199e-03 9.9898e-01 0.0000e+00 0.0000e+00 0.0000e+00 0.0000e+00 0.0000e+00
1.5924e+04 1.2924e-03 9.9871e-01 0.0000e+00 0.0000e+00 0.0000e+00 0.0000e+00 0.0000e+00
1.6356e+04 1.4977e-03 9.9850e-01 0.0000e+00 0.0000e+00 0.0000e+00 0.0000e+00 0.0000e+00
1.6776e+04 1.7643e-03 9.9824e-01 0.0000e+00 0.0000e+00 0.0000e+00 0.0000e+00 0.0000e+00
1.7184e+04 2.1013e-03 9.9790e-01 0.0000e+00 0.0000e+00 0.0000e+00 0.0000e+00 0.0000e+00
1.7580e+04 2.3993e-03 9.9760e-01 0.0000e+00 0.0000e+00 0.0000e+00 0.0000e+00 0.0000e+00
1.7990e+04 2.5970e-03 9.9740e-01 0.0000e+00 0.0000e+00 0.0000e+00 0.0000e+00 0.0000e+00
1.8458e+04 3.0027e-03 9.9700e-01 0.0000e+00 0.0000e+00 0.0000e+00 0.0000e+00 0.0000e+00
1.9085e+04 3.8300e-03 9.9617e-01 0.0000e+00 0.0000e+00 0.0000e+00 0.0000e+00 0.0000e+00
2.0000e+04 4.1621e-03 9.9584e-01 0.0000e+00 0.0000e+00 0.0000e+00 0.0000e+00 0.0000e+00
2.1194e+04 1.2755e-03 9.9872e-01 0.0000e+00 0.0000e+00 0.0000e+00 0.0000e+00 0.0000e+00
2.2528e+04 3.5619e-04 9.9964e-01 0.0000e+00 0.0000e+00 0.0000e+00 0.0000e+00 0.0000e+00
2.3943e+04 1.1776e-04 9.9988e-01 0.0000e+00 0.0000e+00 0.0000e+00 0.0000e+00 0.0000e+00
2.5446e+04 6.0060e-05 9.9994e-01 0.0000e+00 0.0000e+00 0.0000e+00 0.0000e+00 0.0000e+00
2.7044e+04 3.4473e-05 9.9997e-01 0.0000e+00 0.0000e+00 0.0000e+00 0.0000e+00 0.0000e+00
2.8744e+04 1.8428e-05 9.9998e-01 0.0000e+00 0.0000e+00 0.0000e+00 0.0000e+00 0.0000e+00
3.0520e+04 1.0266e-05 9.9999e-01 0.0000e+00 0.0000e+00 0.0000e+00 0.0000e+00 0.0000e+00
3.2244e+04 6.9639e-06 9.9999e-01 0.0000e+00 0.0000e+00 0.0000e+00 0.0000e+00 0.0000e+00
3.3773e+04 5.1225e-06 9.9999e-01 0.0000e+00 0.0000e+00 0.0000e+00 0.0000e+00 0.0000e+00
3.5108e+04 3.5079e-06 1.0000e+00 0.0000e+00 0.0000e+00 0.0000e+00 0.0000e+00 0.0000e+00
3.6326e+04 2.2964e-06 1.0000e+00 0.0000e+00 0.0000e+00 0.0000e+00 0.0000e+00 0.0000e+00
3.7486e+04 1.5084e-06 1.0000e+00 0.0000e+00 0.0000e+00 0.0000e+00 0.0000e+00 0.0000e+00
3.8628e+04 1.0283e-06 1.0000e+00 0.0000e+00 0.0000e+00 0.0000e+00 0.0000e+00 0.0000e+00
3.9769e+04 7.1842e-07 1.0000e+00 0.0000e+00 0.0000e+00 0.0000e+00 0.0000e+00 0.0000e+00
4.0916e+04 5.0633e-07 1.0000e+00 0.0000e+00 0.0000e+00 0.0000e+00 0.0000e+00 0.0000e+00
4.2074e+04 3.5791e-07 1.0000e+00 0.0000e+00 0.0000e+00 0.0000e+00 0.0000e+00 0.0000e+00
4.3252e+04 2.5327e-07 1.0000e+00 0.0000e+00 0.0000e+00 0.0000e+00 0.0000e+00 0.0000e+00
4.4454e+04 1.7935e-07 1.0000e+00 0.0000e+00 0.0000e+00 0.0000e+00 0.0000e+00 0.0000e+00
4.5683e+04 1.2640e-07 1.0000e+00 0.0000e+00 0.0000e+00 0.0000e+00 0.0000e+00 0.0000e+00
4.6942e+04 8.8963e-08 1.0000e+00 0.0000e+00 0.0000e+00 0.0000e+00 0.0000e+00 0.0000e+00
4.8231e+04 6.2487e-08 1.0000e+00 0.0000e+00 0.0000e+00 0.0000e+00 0.0000e+00 0.0000e+00
4.9550e+04 4.3793e-08 1.0000e+00 0.0000e+00 0.0000e+00 0.0000e+00 0.0000e+00 0.0000e+00
5.0900e+04 3.0730e-08 1.0000e+00 0.0000e+00 0.0000e+00 0.0000e+00 0.0000e+00 0.0000e+00
5.2277e+04 2.1534e-08 1.0000e+00 0.0000e+00 0.0000e+00 0.0000e+00 0.0000e+00 0.0000e+00
5.3682e+04 1.5160e-08 1.0000e+00 0.0000e+00 0.0000e+00 0.0000e+00 0.0000e+00 0.0000e+00
5.5110e+04 1.0706e-08 1.0000e+00 0.0000e+00 0.0000e+00 0.0000e+00 0.0000e+00 0.0000e+00
5.6562e+04 7.5897e-09 1.0000e+00 0.0000e+00 0.0000e+00 0.0000e+00 0.0000e+00 0.0000e+00
5.8030e+04 5.4193e-09 1.0000e+00 0.0000e+00 0.0000e+00 0.0000e+00 0.0000e+00 0.0000e+00
5.9510e+04 3.8954e-09 1.0000e+00 0.0000e+00 0.0000e+00 0.0000e+00 0.0000e+00 0.0000e+00
6.0994e+04 2.8351e-09 1.0000e+00 0.0000e+00 0.0000e+00 0.0000e+00 0.0000e+00 0.0000e+00
6.2466e+04 2.0857e-09 1.0000e+00 0.0000e+00 0.0000e+00 0.0000e+00 0.0000e+00 0.0000e+00
6.3912e+04 1.5609e-09 1.0000e+00 0.0000e+00 0.0000e+00 0.0000e+00 0.0000e+00 0.0000e+00
6.5312e+04 1.1914e-09 1.0000e+00 0.0000e+00 0.0000e+00 0.0000e+00 0.0000e+00 0.0000e+00
6.6639e+04 9.3043e-10 1.0000e+00 0.0000e+00 0.0000e+00 0.0000e+00 0.0000e+00 0.0000e+00
6.7870e+04 7.4555e-10 1.0000e+00 0.0000e+00 0.0000e+00 0.0000e+00 0.0000e+00 0.0000e+00
6.8864e+04 6.1425e-10 1.0000e+00 0.0000e+00 0.0000e+00 0.0000e+00 0.0000e+00 0.0000e+00
6.9460e+04 5.6481e-10 1.0000e+00 0.0000e+00 0.0000e+00 0.0000e+00 0.0000e+00 0.0000e+00
6.9745e+04 5.4360e-10 1.0000e+00 0.0000e+00 0.0000e+00 0.0000e+00 0.0000e+00 0.0000e+00
6.9888e+04 5.2861e-10 1.0000e+00 0.0000e+00 0.0000e+00 0.0000e+00 0.0000e+00 0.0000e+00
6.9960e+04 5.2565e-10 1.0000e+00 0.0000e+00 0.0000e+00 0.0000e+00 0.0000e+00 0.0000e+00
6.9991e+04 5.2147e-10 1.0000e+00 0.0000e+00 0.0000e+00 0.0000e+00 0.0000e+00 0.0000e+00
7.0000e+04 2.5086e-10 1.0000e+00 0.0000e+00 0.0000e+00 0.0000e+00 0.0000e+00 0.0000e+00
#
#TIME: 1.3409
#NVEL: 115
#vel_mid[km/s] temp[K] ne[/cm^3] na0 na1 na2 na3 na4 na5 na6
4.2577e+02 1.4483e-28 3.7054e-20 3.9624e-12 6.6566e-06 4.6650e-02 9.4798e-01 5.3635e-03
8.5779e+02 7.5168e-20 2.4476e-13 3.4396e-07 7.8300e-03 7.6662e-01 2.2553e-01 1.9066e-05
8.7843e+02 7.5827e-20 2.4682e-13 3.4636e-07 7.8654e-03 7.6741e-01 2.2471e-01 1.8888e-05
9.1772e+02 7.5365e-20 2.4535e-13 3.4463e-07 7.8396e-03 7.6683e-01 2.2531e-01 1.9019e-05
9.7304e+02 7.2918e-20 2.3791e-13 3.3609e-07 7.7151e-03 7.6407e-01 2.2819e-01 1.9646e-05
1.0350e+03 6.8776e-20 2.2508e-13 3.2108e-07 7.4910e-03 7.5890e-01 2.3359e-01 2.0866e-05
1.1000e+03 5.7013e-20 1.8860e-13 2.7760e-07 6.8190e-03 7.4204e-01 2.5112e-01 2.5177e-05
1.1690e+03 3.3890e-20 1.1549e-13 1.8505e-07 5.2302e-03 6.9165e-01 3.0307e-01 4.1618e-05
1.2425e+03 1.0828e-20 3.8976e-14 7.4125e-08 2.8153e-03 5.6494e-01 4.3213e-01 1.1721e-04
1.3205e+03 1.5599e-21 6.0235e-15 1.4676e-08 8.8447e-04 3.4604e-01 6.5254e-01 5.3576e-04
1.4033e+03 1.2790e-22 5.4402e-16 1.7453e-09 1.8001e-04 1.5447e-01 8.4280e-01 2.5435e-03
1.4915e+03 1.0986e-23 5.2477e-17 2.1551e-10 3.6340e-05 6.4207e-02 9.2660e-01 9.1562e-03
1.5852e+03 1.1452e-24 6.2465e-18 3.2030e-11 8.3447e-06 2.7923e-02 9.4580e-01 2.6268e-02
1.6847e+03 1.1117e-25 7.1036e-19 4.5650e-12 1.8345e-06 1.1619e-02 9.1774e-01 7.0641e-02
1.7904e+03 9.0745e-27 7.0358e-20 5.7668e-13 3.6136e-07 4.3991e-03 8.1970e-01 1.7590e-01
1.9028e+03 6.0458e-28 5.8833e-21 6.2673e-14 6.1419e-08 1.4406e-03 6.2884e-01 3.6972e-01
2.0223e+03 3.3490e-29 4.1108e-22 5.6662e-15 8.5373e-09 3.8236e-04 3.8659e-01 6.1302e-01
2.1493e+03 1.6004e-30 2.4889e-23 4.4317e-16 1.0052e-09 8.4615e-05 1.9395e-01 8.0597e-01
2.2843e+03 9.1264e-32 1.7601e-24 3.9497e-17 1.2782e-10 1.9017e-05 9.1475e-02 9.0851e-01
2.4277e+03 8.4998e-33 1.9717e-25 5.3938e-18 2.3169e-11 5.4651e-06 4.7732e-02 9.5226e-01
2.5802e+03 1.6603e-33 4.4248e-26 1.4039e-18 7.3319e-12 2.3612e-06 3.0674e-02 9.6932e-01
2.7422e+03 8.8723e-34 2.5456e-26 8.7159e-19 4.9621e-12 1.7901e-06 2.6572e-02 9.7343e-01
2.9144e+03 1.5996e-33 4.5582e-26 1.5397e-18 8.3865e-12 2.6726e-06 3.3057e-02 9.6694e-01
3.0973e+03 1.2449e-32 3.2248e-25 9.7441e-18 4.3195e-11 9.1017e-06 6.3626e-02 9.3636e-01
3.2918e+03 5.4554e-31 1.2010e-23 2.9971e-16 8.7890e-10 8.4710e-05 2.0090e-01 7.9901e-01
3.4986e+03 1.0642e-28 1.7078e-21 2.9421e-14 4.1779e-08 1.2518e-03 6.2092e-01 3.7783e-01
3.7182e+03 2.8213e-26 2.8044e-19 2.7061e-12 1.4546e-06 1.0983e-02 9.2069e-01 6.8327e-02
3.9517e+03 9.2393e-24 6.2908e-17 3.3115e-10 5.8442e-05 8.9270e-02 9.0540e-01 5.2718e-03
4.1999e+03 1.0666e-20 7.3751e-14 1.8292e-07 6.2026e-03 7.6283e-01 2.3095e-01 1.6822e-05
4.4636e+03 1.6625e-18 1.1700e-11 1.1553e-05 7.7781e-02 9.1127e-01 1.0937e-02 1.4282e-08
4.7438e+03 1.6627e-17 1.1504e-10 6.9079e-05 2.0910e-01 7.8880e-01 2.0320e-03 3.9237e-10
5.0416e+03 2.8911e-17 2.0364e-10 1.0793e-04 2.6457e-01 7.3408e-01 1.2365e-03 1.4006e-10
5.3582e+03 2.4083e-17 1.7892e-10 9.9634e-05 2.5600e-01 7.4259e-01 1.3035e-03 1.5340e-10
5.6947e+03 2.2777e-17 1.7921e-10 1.0183e-04 2.6116e-01 7.3752e-01 1.2226e-03 1.3212e-10
6.0522e+03 3.2355e-17 2.6345e-10 1.3829e-04 3.0631e-01 6.9271e-01 8.3813e-04 6.0680e-11
6.4323e+03 7.5615e-17 6.3509e-10 2.7058e-04 4.2295e-01 5.7643e-01 3.4617e-04 1.0394e-11
6.8362e+03 2.5161e-16 2.1805e-09 6.6854e-04 6.1223e-01 3.8702e-01 8.0798e-05 6.4531e-13
7.2654e+03 9.4655e-16 8.3146e-09 1.6816e-03 7.9904e-01 1.9927e-01 1.1678e-05 1.9075e-14
7.7216e+03 4.2360e-15 3.7416e-08 4.4456e-03 9.2372e-01 7.1836e-02 8.6038e-07 1.9369e-16
8.2065e+03 3.4251e-14 3.0119e-07 1.6045e-02 9.7056e-01 1.3390e-02 1.5239e-08 1.8200e-19
8.7177e+03 1.5611e-12 1.3275e-05 1.4972e-01 8.4983e-01 4.3353e-04 5.5505e-12 2.4579e-25
9.2147e+03 1.9260e-10 1.3992e-03 9.2484e-01 7.3762e-02 1.0421e-07 4.4209e-19 9.1022e-37
9.6291e+03 9.2697e-09 5.6307e-02 9.4340e-01 2.9665e-04 2.0234e-13 2.4517e-29 0.0000e+00
9.9539e+03 1.3334e-07 7.7638e-01 2.2362e-01 1.4249e-07 1.7877e-20 1.4362e-41 0.0000e+00
1.0246e+04 1.8480e-07 9.9758e-01 2.4203e-03 1.0655e-12 5.6389e-30 0.0000e+00 0.0000e+00
1.0542e+04 1.9240e-07 9.9999e-01 5.8831e-06 2.5725e-19 3.8326e-42 0.0000e+00 0.0000e+00
1.0840e+04 3.1162e-07 1.0000e+00 3.3617e-09 1.9516e-27 0.0000e+00 0.0000e+00 0.0000e+00
1.1119e+04 5.9588e-07 1.0000e+00 1.0615e-12 3.4003e-36 0.0000e+00 0.0000e+00 0.0000e+00
1.1356e+04 1.2553e-06 1.0000e+00 7.0620e-16 3.9236e-44 0.0000e+00 0.0000e+00 0.0000e+00
1.1540e+04 2.7168e-06 1.0000e+00 7.4598e-19 0.0000e+00 0.0000e+00 0.0000e+00 0.0000e+00
1.1677e+04 4.5600e-06 1.0000e+00 1.1421e-21 0.0000e+00 0.0000e+00 0.0000e+00 0.0000e+00
1.1784e+04 6.2559e-06 9.9999e-01 3.1346e-24 0.0000e+00 0.0000e+00 0.0000e+00 0.0000e+00
1.1876e+04 8.5235e-06 9.9999e-01 2.7407e-26 0.0000e+00 0.0000e+00 0.0000e+00 0.0000e+00
1.1964e+04 1.1564e-05 9.9999e-01 3.6380e-28 0.0000e+00 0.0000e+00 0.0000e+00 0.0000e+00
1.2056e+04 1.2964e-05 9.9999e-01 1.0084e-29 0.0000e+00 0.0000e+00 0.0000e+00 0.0000e+00
1.2170e+04 1.5131e-05 9.9998e-01 3.0785e-31 0.0000e+00 0.0000e+00 0.0000e+00 0.0000e+00
1.2360e+04 1.9878e-05 9.9998e-01 2.8147e-33 0.0000e+00 0.0000e+00 0.0000e+00 0.0000e+00
1.2670e+04 3.2094e-05 9.9997e-01 1.7053e-36 0.0000e+00 0.0000e+00 0.0000e+00 0.0000e+00
1.3075e+04 5.9539e-05 9.9994e-01 3.2626e-40 0.0000e+00 0.0000e+00 0.0000e+00 0.0000e+00
1.3530e+04 1.0636e-04 9.9989e-01 8.2677e-44 0.0000e+00 0.0000e+00 0.0000e+00 0.0000e+00
1.4013e+04 2.1507e-04 9.9978e-01 0.0000e+00 0.0000e+00 0.0000e+00 0.0000e+00 0.0000e+00
1.4509e+04 3.5170e-04 9.9965e-01 0.0000e+00 0.0000e+00 0.0000e+00 0.0000e+00 0.0000e+00
1.5002e+04 5.7712e-04 9.9942e-01 0.0000e+00 0.0000e+00 0.0000e+00 0.0000e+00 0.0000e+00
1.5476e+04 8.5046e-04 9.9915e-01 0.0000e+00 0.0000e+00 0.0000e+00 0.0000e+00 0.0000e+00
1.5924e+04 1.0293e-03 9.9897e-01 0.0000e+00 0.0000e+00 0.0000e+00 0.0000e+00 0.0000e+00
1.6356e+04 1.1535e-03 9.9885e-01 0.0000e+00 0.0000e+00 0.0000e+00 0.0000e+00 0.0000e+00
1.6776e+04 1.2527e-03 9.9875e-01 0.0000e+00 0.0000e+00 0.0000e+00 0.0000e+00 0.0000e+00
1.7184e+04 1.3478e-03 9.9865e-01 0.0000e+00 0.0000e+00 0.0000e+00 0.0000e+00 0.0000e+00
1.7580e+04 1.3875e-03 9.9861e-01 0.0000e+00 0.0000e+00 0.0000e+00 0.0000e+00 0.0000e+00
1.7990e+04 1.4148e-03 9.9859e-01 0.0000e+00 0.0000e+00 0.0000e+00 0.0000e+00 0.0000e+00
1.8458e+04 1.4014e-03 9.9860e-01 0.0000e+00 0.0000e+00 0.0000e+00 0.0000e+00 0.0000e+00
1.9085e+04 1.3748e-03 9.9863e-01 0.0000e+00 0.0000e+00 0.0000e+00 0.0000e+00 0.0000e+00
2.0000e+04 8.7249e-04 9.9913e-01 0.0000e+00 0.0000e+00 0.0000e+00 0.0000e+00 0.0000e+00
2.1194e+04 3.5049e-04 9.9965e-01 0.0000e+00 0.0000e+00 0.0000e+00 0.0000e+00 0.0000e+00
2.2528e+04 1.7669e-04 9.9982e-01 0.0000e+00 0.0000e+00 0.0000e+00 0.0000e+00 0.0000e+00
2.3943e+04 5.3245e-05 9.9995e-01 0.0000e+00 0.0000e+00 0.0000e+00 0.0000e+00 0.0000e+00
2.5446e+04 3.6718e-05 9.9996e-01 0.0000e+00 0.0000e+00 0.0000e+00 0.0000e+00 0.0000e+00
2.7044e+04 1.1814e-05 9.9999e-01 0.0000e+00 0.0000e+00 0.0000e+00 0.0000e+00 0.0000e+00
2.8744e+04 9.5930e-06 9.9999e-01 0.0000e+00 0.0000e+00 0.0000e+00 0.0000e+00 0.0000e+00
3.0520e+04 2.8083e-06 1.0000e+00 0.0000e+00 0.0000e+00 0.0000e+00 0.0000e+00 0.0000e+00
3.2244e+04 2.8975e-06 1.0000e+00 0.0000e+00 0.0000e+00 0.0000e+00 0.0000e+00 0.0000e+00
3.3773e+04 1.6658e-06 1.0000e+00 0.0000e+00 0.0000e+00 0.0000e+00 0.0000e+00 0.0000e+00
3.5108e+04 6.4553e-07 1.0000e+00 0.0000e+00 0.0000e+00 0.0000e+00 0.0000e+00 0.0000e+00
3.6326e+04 8.7125e-06 9.9999e-01 0.0000e+00 0.0000e+00 0.0000e+00 0.0000e+00 0.0000e+00
3.7486e+04 3.2130e-07 1.0000e+00 0.0000e+00 0.0000e+00 0.0000e+00 0.0000e+00 0.0000e+00
3.8628e+04 1.2146e-06 1.0000e+00 0.0000e+00 0.0000e+00 0.0000e+00 0.0000e+00 0.0000e+00
3.9769e+04 1.6485e-06 1.0000e+00 0.0000e+00 0.0000e+00 0.0000e+00 0.0000e+00 0.0000e+00
4.0916e+04 1.8453e-08 1.0000e+00 0.0000e+00 0.0000e+00 0.0000e+00 0.0000e+00 0.0000e+00
4.2074e+04 1.4888e-07 1.0000e+00 0.0000e+00 0.0000e+00 0.0000e+00 0.0000e+00 0.0000e+00
4.3252e+04 2.6827e-07 1.0000e+00 0.0000e+00 0.0000e+00 0.0000e+00 0.0000e+00 0.0000e+00
4.4454e+04 8.5887e-09 1.0000e+00 0.0000e+00 0.0000e+00 0.0000e+00 0.0000e+00 0.0000e+00
4.5683e+04 8.0300e-09 1.0000e+00 0.0000e+00 0.0000e+00 0.0000e+00 0.0000e+00 0.0000e+00
4.6942e+04 7.7577e-07 1.0000e+00 0.0000e+00 0.0000e+00 0.0000e+00 0.0000e+00 0.0000e+00
4.8231e+04 5.2285e-09 1.0000e+00 0.0000e+00 0.0000e+00 0.0000e+00 0.0000e+00 0.0000e+00
4.9550e+04 4.0568e-09 1.0000e+00 0.0000e+00 0.0000e+00 0.0000e+00 0.0000e+00 0.0000e+00
5.0900e+04 6.7694e-09 1.0000e+00 0.0000e+00 0.0000e+00 0.0000e+00 0.0000e+00 0.0000e+00
5.2277e+04 8.3524e-09 1.0000e+00 0.0000e+00 0.0000e+00 0.0000e+00 0.0000e+00 0.0000e+00
5.3682e+04 4.1737e-07 1.0000e+00 0.0000e+00 0.0000e+00 0.0000e+00 0.0000e+00 0.0000e+00
5.5110e+04 2.0267e-09 1.0000e+00 0.0000e+00 0.0000e+00 0.0000e+00 0.0000e+00 0.0000e+00
5.6562e+04 3.0460e-08 1.0000e+00 0.0000e+00 0.0000e+00 0.0000e+00 0.0000e+00 0.0000e+00
5.8030e+04 3.9630e-09 1.0000e+00 0.0000e+00 0.0000e+00 0.0000e+00 0.0000e+00 0.0000e+00
5.9510e+04 2.5123e-09 1.0000e+00 0.0000e+00 0.0000e+00 0.0000e+00 0.0000e+00 0.0000e+00
6.0994e+04 1.2882e-08 1.0000e+00 0.0000e+00 0.0000e+00 0.0000e+00 0.0000e+00 0.0000e+00
6.2466e+04 6.9270e-10 1.0000e+00 0.0000e+00 0.0000e+00 0.0000e+00 0.0000e+00 0.0000e+00
6.3912e+04 3.2945e-10 1.0000e+00 0.0000e+00 0.0000e+00 0.0000e+00 0.0000e+00 0.0000e+00
6.5312e+04 4.5838e-10 1.0000e+00 0.0000e+00 0.0000e+00 0.0000e+00 0.0000e+00 0.0000e+00
6.6639e+04 4.1248e-10 1.0000e+00 0.0000e+00 0.0000e+00 0.0000e+00 0.0000e+00 0.0000e+00
6.7870e+04 1.1455e-09 1.0000e+00 0.0000e+00 0.0000e+00 0.0000e+00 0.0000e+00 0.0000e+00
6.8864e+04 1.7408e-09 1.0000e+00 0.0000e+00 0.0000e+00 0.0000e+00 0.0000e+00 0.0000e+00
6.9460e+04 3.0662e-08 1.0000e+00 0.0000e+00 0.0000e+00 0.0000e+00 0.0000e+00 0.0000e+00
6.9745e+04 1.3676e-07 1.0000e+00 0.0000e+00 0.0000e+00 0.0000e+00 0.0000e+00 0.0000e+00
6.9888e+04 1.0297e-07 1.0000e+00 0.0000e+00 0.0000e+00 0.0000e+00 0.0000e+00 0.0000e+00
6.9960e+04 4.3755e-08 1.0000e+00 0.0000e+00 0.0000e+00 0.0000e+00 0.0000e+00 0.0000e+00
6.9991e+04 4.4436e-08 1.0000e+00 0.0000e+00 0.0000e+00 0.0000e+00 0.0000e+00 0.0000e+00
7.0000e+04 2.0929e-08 1.0000e+00 0.0000e+00 0.0000e+00 0.0000e+00 0.0000e+00 0.0000e+00
#
#TIME: 1.3688
#NVEL: 115
#vel_mid[km/s] temp[K] ne[/cm^3] na0 na1 na2 na3 na4 na5 na6
4.2577e+02 3.5833e-28 9.3535e-20 9.1787e-12 1.2836e-05 6.7901e-02 9.2889e-01 3.1951e-03
8.5779e+02 1.1384e-19 3.7962e-13 5.0539e-07 1.0126e-02 8.1082e-01 1.7905e-01 1.0528e-05
8.7843e+02 1.2981e-19 4.2985e-13 5.5928e-07 1.0793e-02 8.2022e-01 1.6898e-01 9.1293e-06
9.1772e+02 1.2709e-19 4.2125e-13 5.5010e-07 1.0681e-02 8.1869e-01 1.7062e-01 9.3481e-06
9.7304e+02 1.2148e-19 4.0381e-13 5.3160e-07 1.0455e-02 8.1558e-01 1.7395e-01 9.8027e-06
1.0350e+03 1.1681e-19 3.8906e-13 5.1567e-07 1.0256e-02 8.1273e-01 1.7700e-01 1.0233e-05
1.1000e+03 9.6532e-20 3.2505e-13 4.4541e-07 9.3507e-03 7.9858e-01 1.9205e-01 1.2529e-05
1.1690e+03 5.7922e-20 2.0084e-13 3.0033e-07 7.2702e-03 7.5642e-01 2.3629e-01 2.1196e-05
1.2425e+03 1.8779e-20 6.8746e-14 1.2287e-07 4.0274e-03 6.4174e-01 3.5417e-01 6.3695e-05
1.3205e+03 2.7894e-21 1.0933e-14 2.5294e-08 1.3300e-03 4.1872e-01 5.7963e-01 3.2249e-04
1.4033e+03 2.3247e-22 9.9962e-16 3.0771e-09 2.8023e-04 1.9631e-01 8.0173e-01 1.6809e-03
1.4915e+03 1.9486e-23 9.3773e-17 3.7309e-10 5.6278e-05 8.2501e-02 9.1101e-01 6.4313e-03
1.5852e+03 2.0118e-24 1.1007e-17 5.4941e-11 1.2894e-05 3.6070e-02 9.4490e-01 1.9017e-02
1.6847e+03 1.9189e-25 1.2246e-18 7.6911e-12 2.8084e-06 1.5028e-02 9.3195e-01 5.3019e-02
1.7904e+03 1.5840e-26 1.2200e-19 9.7824e-13 5.6025e-07 5.7983e-03 8.5652e-01 1.3768e-01
1.9028e+03 1.0770e-27 1.0379e-20 1.0833e-13 9.7812e-08 1.9675e-03 6.8938e-01 3.0865e-01
2.0223e+03 6.1170e-29 7.4284e-22 1.0054e-14 1.4085e-08 5.4601e-04 4.4875e-01 5.5070e-01
2.1493e+03 2.9056e-30 4.4783e-23 7.8572e-16 1.6763e-09 1.2356e-04 2.3376e-01 7.6611e-01
2.2843e+03 1.6030e-31 3.0720e-24 6.8145e-17 2.0975e-10 2.7646e-05 1.1140e-01 8.8858e-01
2.4277e+03 1.4552e-32 3.3564e-25 9.0800e-18 3.7353e-11 7.8614e-06 5.8073e-02 9.4192e-01
2.5802e+03 2.7912e-33 7.3946e-26 2.3188e-18 1.1642e-11 3.3604e-06 3.7165e-02 9.6283e-01
2.7422e+03 1.4823e-33 4.2273e-26 1.4303e-18 7.8353e-12 2.5374e-06 3.2136e-02 9.6786e-01
2.9144e+03 2.6905e-33 7.6227e-26 2.5458e-18 1.3317e-11 3.8031e-06 4.0042e-02 9.5995e-01
3.0973e+03 2.1595e-32 5.5600e-25 1.6612e-17 7.0209e-11 1.3158e-05 7.7494e-02 9.2249e-01
3.2918e+03 9.9032e-31 2.1641e-23 5.3264e-16 1.4660e-09 1.2369e-04 2.4196e-01 7.5792e-01
3.4986e+03 1.9286e-28 3.0685e-21 5.1729e-14 6.7385e-08 1.7252e-03 6.8356e-01 3.1471e-01
3.7182e+03 4.9561e-26 4.9155e-19 4.6145e-12 2.2427e-06 1.4256e-02 9.3470e-01 5.1045e-02
3.9517e+03 1.6596e-23 1.1420e-16 5.7903e-10 9.0876e-05 1.1450e-01 8.8178e-01 3.6310e-03
4.1999e+03 1.8528e-20 1.3057e-13 2.9861e-07 8.5720e-03 8.1800e-01 1.7342e-01 8.0687e-06
4.4636e+03 2.9088e-18 2.1066e-11 1.8620e-05 1.0255e-01 8.9040e-01 7.0274e-03 5.4076e-09
4.7438e+03 2.9470e-17 2.0993e-10 1.1092e-04 2.6875e-01 7.2995e-01 1.1895e-03 1.2893e-10
5.0416e+03 5.1403e-17 3.7262e-10 1.7265e-04 3.3586e-01 6.6327e-01 6.9594e-04 4.3414e-11
5.3582e+03 4.3656e-17 3.3349e-10 1.6169e-04 3.2776e-01 6.7135e-01 7.2642e-04 4.6484e-11
5.6947e+03 4.1373e-17 3.3472e-10 1.6541e-04 3.3415e-01 6.6501e-01 6.7770e-04 3.9683e-11
6.0522e+03 5.8586e-17 4.9068e-10 2.2311e-04 3.8710e-01 6.1222e-01 4.5067e-04 1.7449e-11
6.4323e+03 1.3257e-16 1.1471e-09 4.2163e-04 5.1353e-01 4.8587e-01 1.7568e-04 2.7830e-12
6.8362e+03 4.2004e-16 3.7576e-09 9.8695e-04 6.9724e-01 3.0173e-01 3.7186e-05 1.5277e-13
7.2654e+03 1.5123e-15 1.3744e-08 2.3608e-03 8.5437e-01 1.4326e-01 4.8324e-06 3.9308e-15
7.7216e+03 6.6506e-15 6.0854e-08 6.0729e-03 9.4558e-01 4.8347e-02 3.2301e-07 3.4796e-17
8.2065e+03 5.4737e-14 4.9817e-07 2.1916e-02 9.6957e-01 8.5119e-03 5.1667e-09 2.7909e-20
8.7177e+03 2.5425e-12 2.2400e-05 2.0194e-01 7.9780e-01 2.4187e-04 1.5008e-12 2.6644e-26
9.2147e+03 2.5175e-10 1.8884e-03 9.4920e-01 4.8915e-02 3.7130e-08 6.6256e-20 4.5837e-38
9.6291e+03 1.2057e-08 7.6332e-02 9.2350e-01 1.7250e-04 5.6117e-14 2.4015e-30 0.0000e+00
9.9539e+03 1.3943e-07 8.3974e-01 1.6026e-01 5.3399e-08 2.6873e-21 5.9695e-43 0.0000e+00
1.0246e+04 1.7718e-07 9.9853e-01 1.4689e-03 2.9355e-13 5.1055e-31 0.0000e+00 0.0000e+00
1.0542e+04 1.8922e-07 1.0000e+00 3.0554e-06 4.8405e-20 1.7516e-43 0.0000e+00 0.0000e+00
1.0840e+04 3.1068e-07 1.0000e+00 1.5756e-09 2.8379e-28 0.0000e+00 0.0000e+00 0.0000e+00
1.1119e+04 6.1272e-07 1.0000e+00 3.9810e-13 2.8292e-37 0.0000e+00 0.0000e+00 0.0000e+00
1.1356e+04 1.3144e-06 1.0000e+00 2.0545e-16 1.4013e-45 0.0000e+00 0.0000e+00 0.0000e+00
1.1540e+04 2.8939e-06 1.0000e+00 1.4289e-19 0.0000e+00 0.0000e+00 0.0000e+00 0.0000e+00
1.1677e+04 4.7522e-06 1.0000e+00 1.5170e-22 0.0000e+00 0.0000e+00 0.0000e+00 0.0000e+00
1.1784e+04 6.9010e-06 9.9999e-01 3.0486e-25 0.0000e+00 0.0000e+00 0.0000e+00 0.0000e+00
1.1876e+04 1.0403e-05 9.9999e-01 1.7759e-27 0.0000e+00 0.0000e+00 0.0000e+00 0.0000e+00
1.1964e+04 1.5267e-05 9.9998e-01 1.5558e-29 0.0000e+00 0.0000e+00 0.0000e+00 0.0000e+00
1.2056e+04 1.7056e-05 9.9998e-01 4.8560e-31 0.0000e+00 0.0000e+00 0.0000e+00 0.0000e+00
1.2170e+04 1.9870e-05 9.9998e-01 1.5350e-32 0.0000e+00 0.0000e+00 0.0000e+00 0.0000e+00
1.2360e+04 2.6577e-05 9.9997e-01 1.1936e-34 0.0000e+00 0.0000e+00 0.0000e+00 0.0000e+00
1.2670e+04 4.3213e-05 9.9996e-01 6.9478e-38 0.0000e+00 0.0000e+00 0.0000e+00 0.0000e+00
1.3075e+04 8.1451e-05 9.9992e-01 9.9506e-42 0.0000e+00 0.0000e+00 0.0000e+00 0.0000e+00
1.3530e+04 1.6221e-04 9.9984e-01 0.0000e+00 0.0000e+00 0.0000e+00 0.0000e+00 0.0000e+00
1.4013e+04 3.8859e-04 9.9961e-01 0.0000e+00 0.0000e+00 0.0000e+00 0.0000e+00 0.0000e+00
1.4509e+04 6.1299e-04 9.9939e-01 0.0000e+00 0.0000e+00 0.0000e+00 0.0000e+00 0.0000e+00
1.5002e+04 9.1592e-04 9.9908e-01 0.0000e+00 0.0000e+00 0.0000e+00 0.0000e+00 0.0000e+00
1.5476e+04 1.2682e-03 9.9873e-01 0.0000e+00 0.0000e+00 0.0000e+00 0.0000e+00 0.0000e+00
1.5924e+04 1.4922e-03 9.9851e-01 0.0000e+00 0.0000e+00 0.0000e+00 0.0000e+00 0.0000e+00
1.6356e+04 1.6116e-03 9.9839e-01 0.0000e+00 0.0000e+00 0.0000e+00 0.0000e+00 0.0000e+00
1.6776e+04 1.6986e-03 9.9830e-01 0.0000e+00 0.0000e+00 0.0000e+00 0.0000e+00 0.0000e+00
1.7184e+04 1.8412e-03 9.9816e-01 0.0000e+00 0.0000e+00 0.0000e+00 0.0000e+00 0.0000e+00
1.7580e+04 1.9122e-03 9.9809e-01 0.0000e+00 0.0000e+00 0.0000e+00 0.0000e+00 0.0000e+00
1.7990e+04 1.8888e-03 9.9811e-01 0.0000e+00 0.0000e+00 0.0000e+00 0.0000e+00 0.0000e+00
1.8458e+04 1.7119e-03 9.9829e-01 0.0000e+00 0.0000e+00 0.0000e+00 0.0000e+00 0.0000e+00
1.9085e+04 1.6878e-03 9.9831e-01 0.0000e+00 0.0000e+00 0.0000e+00 0.0000e+00 0.0000e+00
2.0000e+04 1.2235e-03 9.9878e-01 0.0000e+00 0.0000e+00 0.0000e+00 0.0000e+00 0.0000e+00
2.1194e+04 6.0349e-04 9.9940e-01 0.0000e+00 0.0000e+00 0.0000e+00 0.0000e+00 0.0000e+00
2.2528e+04 2.2914e-04 9.9977e-01 0.0000e+00 0.0000e+00 0.0000e+00 0.0000e+00 0.0000e+00
2.3943e+04 1.0919e-04 9.9989e-01 0.0000e+00 0.0000e+00 0.0000e+00 0.0000e+00 0.0000e+00
2.5446e+04 6.7675e-05 9.9993e-01 0.0000e+00 0.0000e+00 0.0000e+00 0.0000e+00 0.0000e+00
2.7044e+04 3.2503e-05 9.9997e-01 0.0000e+00 0.0000e+00 0.0000e+00 0.0000e+00 0.0000e+00
2.8744e+04 2.2939e-05 9.9998e-01 0.0000e+00 0.0000e+00 0.0000e+00 0.0000e+00 0.0000e+00
3.0520e+04 1.3523e-05 9.9999e-01 0.0000e+00 0.0000e+00 0.0000e+00 0.0000e+00 0.0000e+00
3.2244e+04 1.2046e-05 9.9999e-01 0.0000e+00 0.0000e+00 0.0000e+00 0.0000e+00 0.0000e+00
3.3773e+04 6.8430e-06 9.9999e-01 0.0000e+00 0.0000e+00 0.0000e+00 0.0000e+00 0.0000e+00
3.5108e+04 3.1004e-06 1.0000e+00 0.0000e+00 0.0000e+00 0.0000e+00 0.0000e+00 0.0000e+00
3.6326e+04 5.4110e-08 1.0000e+00 0.0000e+00 0.0000e+00 0.0000e+00 0.0000e+00 0.0000e+00
3.7486e+04 2.5898e-06 1.0000e+00 0.0000e+00 0.0000e+00 0.0000e+00 0.0000e+00 0.0000e+00
3.8628e+04 9.9245e-06 9.9999e-01 0.0000e+00 0.0000e+00 0.0000e+00 0.0000e+00 0.0000e+00
3.9769e+04 2.6758e-07 1.0000e+00 0.0000e+00 0.0000e+00 0.0000e+00 0.0000e+00 0.0000e+00
4.0916e+04 2.3318e-08 1.0000e+00 0.0000e+00 0.0000e+00 0.0000e+00 0.0000e+00 0.0000e+00
4.2074e+04 2.1846e-06 1.0000e+00 0.0000e+00 0.0000e+00 0.0000e+00 0.0000e+00 0.0000e+00
4.3252e+04 1.8569e-08 1.0000e+00 0.0000e+00 0.0000e+00 0.0000e+00 0.0000e+00 0.0000e+00
4.4454e+04 9.1941e-09 1.0000e+00 0.0000e+00 0.0000e+00 0.0000e+00 0.0000e+00 0.0000e+00
4.5683e+04 1.5374e-08 1.0000e+00 0.0000e+00 0.0000e+00 0.0000e+00 0.0000e+00 0.0000e+00
4.6942e+04 6.0046e-09 1.0000e+00 0.0000e+00 0.0000e+00 0.0000e+00 0.0000e+00 0.0000e+00
4.8231e+04 1.0285e-08 1.0000e+00 0.0000e+00 0.0000e+00 0.0000e+00 0.0000e+00 0.0000e+00
4.9550e+04 4.0424e-09 1.0000e+00 0.0000e+00 0.0000e+00 0.0000e+00 0.0000e+00 0.0000e+00
5.0900e+04 1.2765e-07 1.0000e+00 0.0000e+00 0.0000e+00 0.0000e+00 0.0000e+00 0.0000e+00
5.2277e+04 9.1021e-08 1.0000e+00 0.0000e+00 0.0000e+00 0.0000e+00 0.0000e+00 0.0000e+00
5.3682e+04 2.1667e-12 1.0000e+00 6.9854e-22 0.0000e+00 0.0000e+00 0.0000e+00 0.0000e+00
5.5110e+04 9.7232e-09 1.0000e+00 0.0000e+00 0.0000e+00 0.0000e+00 0.0000e+00 0.0000e+00
5.6562e+04 9.4213e-10 1.0000e+00 0.0000e+00 0.0000e+00 0.0000e+00 0.0000e+00 0.0000e+00
5.8030e+04 5.5730e-07 1.0000e+00 0.0000e+00 0.0000e+00 0.0000e+00 0.0000e+00 0.0000e+00
5.9510e+04 4.0817e-07 1.0000e+00 0.0000e+00 0.0000e+00 0.0000e+00 0.0000e+00 0.0000e+00
6.0994e+04 1.7000e-07 1.0000e+00 0.0000e+00 0.0000e+00 0.0000e+00 0.0000e+00 0.0000e+00
6.2466e+04 2.0451e-09 1.0000e+00 0.0000e+00 0.0000e+00 0.0000e+00 0.0000e+00 0.0000e+00
6.3912e+04 5.0880e-10 1.0000e+00 0.0000e+00 0.0000e+00 0.0000e+00 0.0000e+00 0.0000e+00
6.5312e+04 5.9558e-10 1.0000e+00 0.0000e+00 0.0000e+00 0.0000e+00 0.0000e+00 0.0000e+00
6.6639e+04 2.0069e-09 1.0000e+00 0.0000e+00 0.0000e+00 0.0000e+00 0.0000e+00 0.0000e+00
6.7870e+04 9.5496e-08 1.0000e+00 0.0000e+00 0.0000e+00 0.0000e+00 0.0000e+00 0.0000e+00
6.8864e+04 3.8798e-08 1.0000e+00 0.0000e+00 0.0000e+00 0.0000e+00 0.0000e+00 0.0000e+00
6.9460e+04 5.4299e-07 1.0000e+00 0.0000e+00 0.0000e+00 0.0000e+00 0.0000e+00 0.0000e+00
6.9745e+04 2.6487e-10 1.0000e+00 0.0000e+00 0.0000e+00 0.0000e+00 0.0000e+00 0.0000e+00
6.9888e+04 2.7019e-10 1.0000e+00 0.0000e+00 0.0000e+00 0.0000e+00 0.0000e+00 0.0000e+00
6.9960e+04 1.0272e-07 1.0000e+00 0.0000e+00 0.0000e+00 0.0000e+00 0.0000e+00 0.0000e+00
6.9991e+04 9.5717e-08 1.0000e+00 0.0000e+00 0.0000e+00 0.0000e+00 0.0000e+00 0.0000e+00
7.0000e+04 1.0827e-07 1.0000e+00 0.0000e+00 0.0000e+00 0.0000e+00 0.0000e+00 0.0000e+00
#
#TIME: 1.3973
#NVEL: 115
#vel_mid[km/s] temp[K] ne[/cm^3] na0 na1 na2 na3 na4 na5 na6
4.2577e+02 9.2103e-28 2.4547e-19 2.1926e-11 2.5258e-05 9.9443e-02 8.9870e-01 1.8355e-03
8.5779e+02 1.8146e-19 6.1827e-13 7.6989e-07 1.3324e-02 8.5041e-01 1.3626e-01 5.3452e-06
8.7843e+02 1.9098e-19 6.4897e-13 8.0071e-07 1.3651e-02 8.5335e-01 1.3299e-01 5.0437e-06
9.1772e+02 1.8743e-19 6.3744e-13 7.8911e-07 1.3528e-02 8.5226e-01 1.3421e-01 5.1552e-06
9.7304e+02 1.8181e-19 6.1962e-13 7.7140e-07 1.3341e-02 8.5059e-01 1.3606e-01 5.3268e-06
1.0350e+03 1.7435e-19 5.9545e-13 7.4689e-07 1.3077e-02 8.4812e-01 1.3879e-01 5.5870e-06
1.1000e+03 1.4304e-19 4.9404e-13 6.4220e-07 1.1908e-02 8.3609e-01 1.5199e-01 6.9544e-06
1.1690e+03 8.7552e-20 3.1103e-13 4.4101e-07 9.4092e-03 8.0207e-01 1.8851e-01 1.1795e-05
1.2425e+03 2.8987e-20 1.0861e-13 1.8482e-07 5.3570e-03 7.0186e-01 2.9274e-01 3.6933e-05
1.3205e+03 4.3759e-21 1.7538e-14 3.9043e-08 1.8375e-03 4.8281e-01 5.1514e-01 2.0603e-04
1.4033e+03 3.6971e-22 1.6208e-15 4.8497e-09 3.9991e-04 2.3722e-01 7.6121e-01 1.1755e-03
1.4915e+03 3.0572e-23 1.4952e-16 5.8300e-10 8.0478e-05 1.0121e-01 8.9395e-01 4.7553e-03
1.5852e+03 3.1174e-24 1.7277e-17 8.4933e-11 1.8367e-05 4.4427e-02 9.4108e-01 1.4475e-02
1.6847e+03 2.9317e-25 1.8879e-18 1.1721e-11 3.9715e-06 1.8527e-02 9.3996e-01 4.1505e-02
1.7904e+03 2.4288e-26 1.8791e-19 1.4914e-12 7.9671e-07 7.2301e-03 8.8146e-01 1.1131e-01
1.9028e+03 1.6670e-27 1.6090e-20 1.6654e-13 1.4126e-07 2.5119e-03 7.3496e-01 2.6252e-01
2.0223e+03 9.7717e-29 1.1860e-21 1.5931e-14 2.1092e-08 7.2661e-04 5.0243e-01 4.9685e-01
2.1493e+03 4.6297e-30 7.1403e-23 1.2470e-15 2.5395e-09 1.6810e-04 2.7124e-01 7.2859e-01
2.2843e+03 2.4599e-31 4.7318e-24 1.0488e-16 3.1164e-10 3.7348e-05 1.3043e-01 8.6954e-01
2.4277e+03 2.1804e-32 5.0525e-25 1.3671e-17 5.4642e-11 1.0526e-05 6.7993e-02 9.3200e-01
2.5802e+03 4.0757e-33 1.0856e-25 3.4066e-18 1.6694e-11 4.4370e-06 4.3258e-02 9.5674e-01
2.7422e+03 2.1537e-33 6.1744e-26 2.0902e-18 1.1186e-11 3.3396e-06 3.7353e-02 9.6264e-01
2.9144e+03 3.9004e-33 1.1117e-25 3.7187e-18 1.8987e-11 4.9997e-06 4.6491e-02 9.5350e-01
3.0973e+03 3.1868e-32 8.2561e-25 2.4718e-17 1.0143e-10 1.7442e-05 9.0122e-02 9.0986e-01
3.2918e+03 1.5355e-30 3.3692e-23 8.2790e-16 2.1792e-09 1.6599e-04 2.7879e-01 7.2104e-01
3.4986e+03 2.9914e-28 4.7758e-21 7.9807e-14 9.7505e-08 2.2065e-03 7.2990e-01 2.6789e-01
3.7182e+03 7.5217e-26 7.5334e-19 6.9785e-12 3.1468e-06 1.7487e-02 9.4234e-01 4.0168e-02
3.9517e+03 2.5444e-23 1.7876e-16 8.8713e-10 1.2763e-04 1.3858e-01 8.5861e-01 2.6813e-03
4.1999e+03 2.8454e-20 2.0582e-13 4.4186e-07 1.1068e-02 8.5476e-01 1.3417e-01 4.2668e-06
4.4636e+03 4.6066e-18 3.4502e-11 2.7821e-05 1.2915e-01 8.6607e-01 4.7477e-03 2.3020e-09
4.7438e+03 4.7755e-17 3.5161e-10 1.6615e-04 3.3038e-01 6.6873e-01 7.2153e-04 4.6424e-11
5.0416e+03 8.3790e-17 6.2745e-10 2.5805e-04 4.0770e-01 5.9163e-01 4.0334e-04 1.4589e-11
5.3582e+03 7.2368e-17 5.7067e-10 2.4468e-04 4.0067e-01 5.9867e-01 4.1685e-04 1.5284e-11
5.6947e+03 7.0099e-17 5.8496e-10 2.5401e-04 4.1069e-01 5.8868e-01 3.7953e-04 1.2469e-11
6.0522e+03 9.8401e-17 8.5049e-10 3.3880e-04 4.6859e-01 5.3082e-01 2.4532e-04 5.2776e-12
6.4323e+03 2.1457e-16 1.9189e-09 6.1649e-04 5.9669e-01 4.0260e-01 9.0806e-05 7.9243e-13
6.8362e+03 6.5432e-16 6.0605e-09 1.3803e-03 7.6600e-01 2.3260e-01 1.7482e-05 3.8439e-14
7.2654e+03 2.2944e-15 2.1624e-08 3.1896e-03 8.9375e-01 1.0306e-01 2.0610e-06 8.6560e-16
7.7216e+03 1.0018e-14 9.5125e-08 8.0704e-03 9.5888e-01 3.3050e-02 1.2735e-07 6.8397e-18
8.2065e+03 8.4671e-14 7.9867e-07 2.9339e-02 9.6514e-01 5.5160e-03 1.8408e-09 4.6686e-21
8.7177e+03 3.8995e-12 3.5672e-05 2.6162e-01 7.3821e-01 1.3779e-04 4.3440e-13 3.2773e-27
9.2147e+03 3.1676e-10 2.4598e-03 9.6422e-01 3.3324e-02 1.4302e-08 1.1498e-20 2.9103e-39
9.6291e+03 1.5125e-08 1.0010e-01 8.9980e-01 1.0414e-04 1.7115e-14 2.7964e-31 0.0000e+00
9.9539e+03 1.4136e-07 8.8265e-01 1.1735e-01 2.2050e-08 4.9393e-22 3.5032e-44 0.0000e+00
1.0246e+04 1.6927e-07 9.9906e-01 9.4348e-04 9.3253e-14 5.9957e-32 0.0000e+00 0.0000e+00
1.0542e+04 1.8544e-07 1.0000e+00 1.7359e-06 1.1413e-20 1.2612e-44 0.0000e+00 0.0000e+00
1.0840e+04 3.0708e-07 1.0000e+00 8.3630e-10 5.6326e-29 0.0000e+00 0.0000e+00 0.0000e+00
1.1119e+04 6.1626e-07 1.0000e+00 1.9497e-13 4.5906e-38 0.0000e+00 0.0000e+00 0.0000e+00
1.1356e+04 1.3340e-06 1.0000e+00 8.7890e-17 0.0000e+00 0.0000e+00 0.0000e+00 0.0000e+00
1.1540e+04 2.9274e-06 1.0000e+00 5.5703e-20 0.0000e+00 0.0000e+00 0.0000e+00 0.0000e+00
1.1677e+04 4.7542e-06 1.0000e+00 5.3721e-23 0.0000e+00 0.0000e+00 0.0000e+00 0.0000e+00
1.1784e+04 7.0845e-06 9.9999e-01 1.0929e-25 0.0000e+00 0.0000e+00 0.0000e+00 0.0000e+00
1.1876e+04 1.1049e-05 9.9999e-01 5.7396e-28 0.0000e+00 0.0000e+00 0.0000e+00 0.0000e+00
1.1964e+04 1.6748e-05 9.9998e-01 4.0246e-30 0.0000e+00 0.0000e+00 0.0000e+00 0.0000e+00
1.2056e+04 1.9355e-05 9.9998e-01 9.2937e-32 0.0000e+00 0.0000e+00 0.0000e+00 0.0000e+00
1.2170e+04 2.2743e-05 9.9998e-01 2.7161e-33 0.0000e+00 0.0000e+00 0.0000e+00 0.0000e+00
1.2360e+04 3.1149e-05 9.9997e-01 1.7125e-35 0.0000e+00 0.0000e+00 0.0000e+00 0.0000e+00
1.2670e+04 5.2362e-05 9.9995e-01 7.2779e-39 0.0000e+00 0.0000e+00 0.0000e+00 0.0000e+00
1.3075e+04 1.0319e-04 9.9990e-01 5.7173e-43 0.0000e+00 0.0000e+00 0.0000e+00 0.0000e+00
1.3530e+04 2.3411e-04 9.9977e-01 0.0000e+00 0.0000e+00 0.0000e+00 0.0000e+00 0.0000e+00
1.4013e+04 5.7829e-04 9.9942e-01 0.0000e+00 0.0000e+00 0.0000e+00 0.0000e+00 0.0000e+00
1.4509e+04 9.3100e-04 9.9907e-01 0.0000e+00 0.0000e+00 0.0000e+00 0.0000e+00 0.0000e+00
1.5002e+04 1.3006e-03 9.9870e-01 0.0000e+00 0.0000e+00 0.0000e+00 0.0000e+00 0.0000e+00
1.5476e+04 1.7173e-03 9.9828e-01 0.0000e+00 0.0000e+00 0.0000e+00 0.0000e+00 0.0000e+00
1.5924e+04 1.9310e-03 9.9807e-01 0.0000e+00 0.0000e+00 0.0000e+00 0.0000e+00 0.0000e+00
1.6356e+04 2.0135e-03 9.9799e-01 0.0000e+00 0.0000e+00 0.0000e+00 0.0000e+00 0.0000e+00
1.6776e+04 2.0852e-03 9.9791e-01 0.0000e+00 0.0000e+00 0.0000e+00 0.0000e+00 0.0000e+00
1.7184e+04 2.2947e-03 9.9771e-01 0.0000e+00 0.0000e+00 0.0000e+00 0.0000e+00 0.0000e+00
1.7580e+04 2.3436e-03 9.9766e-01 0.0000e+00 0.0000e+00 0.0000e+00 0.0000e+00 0.0000e+00
1.7990e+04 2.0217e-03 9.9798e-01 0.0000e+00 0.0000e+00 0.0000e+00 0.0000e+00 0.0000e+00
1.8458e+04 1.8685e-03 9.9813e-01 0.0000e+00 0.0000e+00 0.0000e+00 0.0000e+00 0.0000e+00
1.9085e+04 1.5191e-03 9.9848e-01 0.0000e+00 0.0000e+00 0.0000e+00 0.0000e+00 0.0000e+00
2.0000e+04 9.0979e-04 9.9909e-01 0.0000e+00 0.0000e+00 0.0000e+00 0.0000e+00 0.0000e+00
2.1194e+04 3.9367e-04 9.9961e-01 0.0000e+00 0.0000e+00 0.0000e+00 0.0000e+00 0.0000e+00
2.2528e+04 1.6402e-04 9.9984e-01 0.0000e+00 0.0000e+00 0.0000e+00 0.0000e+00 0.0000e+00
2.3943e+04 6.8838e-05 9.9993e-01 0.0000e+00 0.0000e+00 0.0000e+00 0.0000e+00 0.0000e+00
2.5446e+04 2.5878e-05 9.9997e-01 0.0000e+00 0.0000e+00 0.0000e+00 0.0000e+00 0.0000e+00
2.7044e+04 2.4694e-05 9.9998e-01 0.0000e+00 0.0000e+00 0.0000e+00 0.0000e+00 0.0000e+00
2.8744e+04 1.0202e-05 9.9999e-01 0.0000e+00 0.0000e+00 0.0000e+00 0.0000e+00 0.0000e+00
3.0520e+04 3.3591e-06 1.0000e+00 0.0000e+00 0.0000e+00 0.0000e+00 0.0000e+00 0.0000e+00
3.2244e+04 2.7121e-06 1.0000e+00 0.0000e+00 0.0000e+00 0.0000e+00 0.0000e+00 0.0000e+00
3.3773e+04 3.9338e-06 1.0000e+00 0.0000e+00 0.0000e+00 0.0000e+00 0.0000e+00 0.0000e+00
3.5108e+04 6.0364e-06 9.9999e-01 0.0000e+00 0.0000e+00 0.0000e+00 0.0000e+00 0.0000e+00
3.6326e+04 1.3484e-07 1.0000e+00 0.0000e+00 0.0000e+00 0.0000e+00 0.0000e+00 0.0000e+00
3.7486e+04 8.1244e-07 1.0000e+00 0.0000e+00 0.0000e+00 0.0000e+00 0.0000e+00 0.0000e+00
3.8628e+04 6.1358e-09 1.0000e+00 7.5104e-37 0.0000e+00 0.0000e+00 0.0000e+00 0.0000e+00
3.9769e+04 1.0660e-06 1.0000e+00 0.0000e+00 0.0000e+00 0.0000e+00 0.0000e+00 0.0000e+00
4.0916e+04 8.1660e-08 1.0000e+00 0.0000e+00 0.0000e+00 0.0000e+00 0.0000e+00 0.0000e+00
