#NTIMES: 50
#NSTAGES 5
#TIMES[d]: 199.16 202.02 204.93 207.87 210.86 213.89 216.97 220.09 223.25 226.46 229.71 233.01 236.36 239.76 243.21 246.70 250.25 253.85 257.49 261.20 264.95 268.76 272.62 276.54 280.51 284.55 288.64 292.79 296.99 301.26 305.59 309.99 314.44 318.96 323.54 328.20 332.91 337.70 342.55 347.48 352.47 357.54 362.67 367.89 373.18 378.54 383.98 389.50 395.10 400.78
#
#TIME: 199.16
#NVEL 78
#vel_mid[km/s] fe0 fe1 fe2 fe3 fe4
1060.83 2.3568e-04 5.0964e-01 3.6622e-01 1.0477e-01 1.9125e-02
1919.29 2.0168e-04 5.4540e-01 3.4762e-01 9.1155e-02 1.5621e-02
2581.60 9.5150e-05 4.1729e-01 4.2263e-01 1.3324e-01 2.6751e-02
3084.17 3.9522e-05 2.4998e-01 5.1831e-01 1.8898e-01 4.2696e-02
3472.46 1.1231e-05 1.1782e-01 5.7205e-01 2.4855e-01 6.1561e-02
3909.64 3.0626e-06 6.2133e-02 5.4724e-01 3.0436e-01 8.6269e-02
4148.46 2.5150e-06 6.1585e-02 5.3735e-01 3.0934e-01 9.1719e-02
4670.75 2.6943e-06 7.1675e-02 5.3340e-01 3.0436e-01 9.0570e-02
4956.05 1.0430e-06 4.2924e-02 5.2443e-01 3.2983e-01 1.0282e-01
5258.79 2.6653e-07 1.6755e-02 4.9835e-01 3.6723e-01 1.1767e-01
5580.02 6.2075e-08 5.8462e-03 4.6542e-01 3.9860e-01 1.3014e-01
5920.87 2.1049e-08 2.5627e-03 4.3132e-01 4.2282e-01 1.4330e-01
6282.54 1.0648e-08 1.5449e-03 3.9470e-01 4.4639e-01 1.5736e-01
6666.30 9.0542e-09 1.4006e-03 3.8258e-01 4.5295e-01 1.6306e-01
7073.50 7.9921e-09 1.3005e-03 3.7461e-01 4.5519e-01 1.6890e-01
7505.58 6.9244e-09 1.1811e-03 3.5850e-01 4.5988e-01 1.8045e-01
7964.05 9.7304e-09 1.5273e-03 3.5910e-01 4.5476e-01 1.8461e-01
8450.53 2.6025e-08 3.1447e-03 3.8448e-01 4.3471e-01 1.7766e-01
8966.72 7.3906e-08 6.5503e-03 4.0255e-01 4.1975e-01 1.7114e-01
9514.44 2.0340e-07 1.2915e-02 4.1451e-01 4.0505e-01 1.6753e-01
10095.62 6.1619e-07 2.3150e-02 4.3439e-01 3.8502e-01 1.5744e-01
10712.30 1.3855e-06 3.5914e-02 4.4254e-01 3.7306e-01 1.4848e-01
11366.65 2.6385e-06 5.0499e-02 4.4324e-01 3.6243e-01 1.4382e-01
12061.10 3.0855e-06 5.2996e-02 4.3707e-01 3.6283e-01 1.4710e-01
12793.43 3.4910e-06 5.1337e-02 4.3315e-01 3.6585e-01 1.4966e-01
13528.61 3.3297e-06 5.0936e-02 4.2499e-01 3.6926e-01 1.5481e-01
14194.74 2.1261e-06 3.4579e-02 4.1269e-01 3.8321e-01 1.6951e-01
14757.77 2.8044e-06 5.0310e-02 3.8892e-01 3.8540e-01 1.7537e-01
15240.48 2.5651e-06 4.0560e-02 4.3114e-01 3.8006e-01 1.4823e-01
15646.99 2.9712e-06 4.2763e-02 5.1505e-01 3.4124e-01 1.0094e-01
15960.30 8.5848e-06 6.6318e-02 5.8385e-01 2.8633e-01 6.3489e-02
16187.41 8.1261e-06 6.3262e-02 6.2361e-01 2.6193e-01 5.1185e-02
16354.17 8.6371e-06 8.1093e-02 6.1715e-01 2.5191e-01 4.9839e-02
16484.18 6.6732e-06 5.1980e-02 6.2452e-01 2.6965e-01 5.3847e-02
16593.12 1.6204e-06 2.4657e-02 5.9429e-01 3.2539e-01 5.5666e-02
16691.99 7.5017e-07 1.5667e-02 5.6835e-01 3.4616e-01 6.9815e-02
16788.59 7.3354e-07 1.4342e-02 4.6870e-01 4.3173e-01 8.5224e-02
16888.37 8.9892e-07 1.5744e-02 5.2828e-01 3.7182e-01 8.4159e-02
16998.79 1.1578e-06 2.1395e-02 5.3973e-01 3.5140e-01 8.7479e-02
17146.37 3.6103e-07 8.0051e-03 4.3150e-01 4.6760e-01 9.2895e-02
17415.23 1.7389e-07 5.6320e-03 4.2852e-01 4.6139e-01 1.0446e-01
17888.12 1.2857e-07 5.3375e-03 3.6961e-01 4.8108e-01 1.4397e-01
18532.37 3.4464e-08 2.2196e-03 2.3925e-01 5.8221e-01 1.7633e-01
19260.76 1.8944e-08 1.2436e-03 2.3093e-01 5.6282e-01 2.0501e-01
20034.10 8.7465e-09 7.9696e-04 2.0320e-01 5.4863e-01 2.4738e-01
20838.00 4.9055e-09 4.7302e-04 1.5623e-01 5.8317e-01 2.6012e-01
21647.97 1.3680e-08 8.4524e-04 1.3949e-01 5.7204e-01 2.8763e-01
22447.94 7.0894e-09 4.9381e-04 1.4586e-01 4.7717e-01 3.7647e-01
23245.88 8.5348e-09 6.3103e-04 1.3889e-01 4.2939e-01 4.3109e-01
24052.47 1.5533e-08 1.1305e-03 1.1779e-01 3.9269e-01 4.8839e-01
24867.72 2.9362e-09 2.8931e-04 6.3194e-02 3.8586e-01 5.5065e-01
25698.86 3.3644e-09 4.4300e-04 7.3008e-02 3.4959e-01 5.7696e-01
26587.16 1.0725e-09 1.8550e-04 4.3037e-02 3.3130e-01 6.2547e-01
27637.54 1.2225e-09 1.6496e-04 4.1975e-02 2.8546e-01 6.7240e-01
28986.97 7.3328e-10 8.0639e-05 2.0373e-02 2.7369e-01 7.0586e-01
#TIME: 202.02
#NVEL 78
#vel_mid[km/s] fe0 fe1 fe2 fe3 fe4
1060.83 2.2654e-04 5.1157e-01 3.6468e-01 1.0456e-01 1.8960e-02
1919.29 2.2630e-04 5.4144e-01 3.4789e-01 9.4077e-02 1.6366e-02
2581.60 1.0000e-04 4.2032e-01 4.2067e-01 1.3240e-01 2.6507e-02
3084.17 4.1132e-05 2.5335e-01 5.1596e-01 1.8819e-01 4.2460e-02
3472.46 1.1287e-05 1.2061e-01 5.7088e-01 2.4705e-01 6.1450e-02
3909.64 3.3294e-06 6.2933e-02 5.4629e-01 3.0457e-01 8.6199e-02
4148.46 2.7403e-06 6.1656e-02 5.3746e-01 3.0915e-01 9.1727e-02
4670.75 2.7586e-06 7.1436e-02 5.3321e-01 3.0524e-01 9.0117e-02
4956.05 1.1398e-06 4.3583e-02 5.2209e-01 3.3144e-01 1.0289e-01
5258.79 2.6327e-07 1.6544e-02 4.9690e-01 3.6853e-01 1.1803e-01
5580.02 6.6224e-08 5.9318e-03 4.6327e-01 4.0026e-01 1.3054e-01
5920.87 2.2256e-08 2.6081e-03 4.3086e-01 4.2292e-01 1.4362e-01
6282.54 1.1257e-08 1.5803e-03 3.9861e-01 4.4240e-01 1.5741e-01
6666.30 8.5012e-09 1.3164e-03 3.8568e-01 4.5050e-01 1.6250e-01
7073.50 9.0460e-09 1.4284e-03 3.8067e-01 4.5027e-01 1.6763e-01
7505.58 8.3844e-09 1.3824e-03 3.6139e-01 4.5723e-01 1.8000e-01
7964.05 9.4725e-09 1.4656e-03 3.5663e-01 4.5616e-01 1.8575e-01
8450.53 2.5957e-08 3.0827e-03 3.8692e-01 4.3208e-01 1.7792e-01
8966.72 7.2562e-08 6.5261e-03 4.0365e-01 4.1777e-01 1.7206e-01
9514.44 2.0521e-07 1.2894e-02 4.1461e-01 4.0451e-01 1.6798e-01
10095.62 6.1864e-07 2.3291e-02 4.2934e-01 3.8963e-01 1.5774e-01
10712.30 1.3643e-06 3.4105e-02 4.4266e-01 3.7454e-01 1.4870e-01
11366.65 2.5341e-06 4.8542e-02 4.4192e-01 3.6385e-01 1.4568e-01
12061.10 3.5521e-06 5.8460e-02 4.3672e-01 3.6004e-01 1.4478e-01
12793.43 3.8229e-06 5.2745e-02 4.3523e-01 3.6336e-01 1.4866e-01
13528.61 3.9117e-06 5.4743e-02 4.1568e-01 3.7094e-01 1.5863e-01
14194.74 3.2901e-06 5.0901e-02 4.0341e-01 3.7822e-01 1.6747e-01
14757.77 2.8790e-06 4.5989e-02 4.0134e-01 3.8371e-01 1.6896e-01
15240.48 2.8304e-06 4.6962e-02 4.3343e-01 3.7020e-01 1.4940e-01
15646.99 3.1620e-06 4.3569e-02 5.2010e-01 3.3647e-01 9.9858e-02
15960.30 7.7229e-06 6.1805e-02 5.9498e-01 2.8153e-01 6.1684e-02
16187.41 8.8021e-06 6.6738e-02 6.3582e-01 2.4730e-01 5.0132e-02
16354.17 7.8959e-06 6.1688e-02 6.4521e-01 2.4888e-01 4.4220e-02
16484.18 4.2024e-06 3.6857e-02 5.8203e-01 3.2504e-01 5.6075e-02
16593.12 2.2940e-06 2.6367e-02 5.8795e-01 3.2202e-01 6.3661e-02
16691.99 2.0173e-06 2.5458e-02 5.5233e-01 3.4944e-01 7.2770e-02
16788.59 5.4413e-07 1.3560e-02 4.2808e-01 4.7040e-01 8.7960e-02
16888.37 6.3472e-07 1.2166e-02 4.8315e-01 4.1843e-01 8.6247e-02
16998.79 1.1780e-06 2.1062e-02 4.8382e-01 4.0261e-01 9.2504e-02
17146.37 4.6084e-07 1.1992e-02 4.7026e-01 4.1809e-01 9.9667e-02
17415.23 1.4637e-07 5.3485e-03 3.6344e-01 5.1338e-01 1.1783e-01
17888.12 9.1281e-08 4.5469e-03 3.5609e-01 4.9430e-01 1.4506e-01
18532.37 4.4040e-08 2.6859e-03 2.7541e-01 5.5214e-01 1.6976e-01
19260.76 2.4823e-08 1.6056e-03 2.5238e-01 5.4950e-01 1.9651e-01
20034.10 1.5658e-08 1.2543e-03 2.2236e-01 5.3587e-01 2.4052e-01
20838.00 1.0055e-08 8.2438e-04 2.2849e-01 5.0538e-01 2.6531e-01
21647.97 1.3937e-08 9.3219e-04 1.7181e-01 5.2663e-01 3.0063e-01
22447.94 9.9086e-09 4.9663e-04 1.6068e-01 4.9514e-01 3.4368e-01
23245.88 5.8440e-09 4.6302e-04 1.5974e-01 4.1372e-01 4.2608e-01
24052.47 2.2119e-09 1.7761e-04 8.8149e-02 4.1813e-01 4.9354e-01
24867.72 5.5579e-09 4.3741e-04 7.1916e-02 3.9268e-01 5.3497e-01
25698.86 2.8721e-09 4.2337e-04 7.3597e-02 3.3245e-01 5.9353e-01
26587.16 1.6452e-09 2.0846e-04 4.4499e-02 3.6080e-01 5.9449e-01
27637.54 2.4365e-09 3.6281e-04 3.9270e-02 3.1194e-01 6.4843e-01
28986.97 7.9742e-10 1.0005e-04 2.4018e-02 2.6003e-01 7.1585e-01
#TIME: 204.93
#NVEL 78
#vel_mid[km/s] fe0 fe1 fe2 fe3 fe4
1060.83 2.4217e-04 5.3180e-01 3.5224e-01 9.8250e-02 1.7469e-02
1919.29 2.4956e-04 5.4519e-01 3.4538e-01 9.3059e-02 1.6122e-02
2581.60 1.0018e-04 4.2026e-01 4.2135e-01 1.3191e-01 2.6372e-02
3084.17 3.9891e-05 2.4996e-01 5.1925e-01 1.8845e-01 4.2301e-02
3472.46 1.2064e-05 1.2115e-01 5.6924e-01 2.4820e-01 6.1398e-02
3909.64 3.5848e-06 6.4619e-02 5.4432e-01 3.0438e-01 8.6680e-02
4148.46 2.7889e-06 5.9912e-02 5.3719e-01 3.1118e-01 9.1712e-02
4670.75 2.8253e-06 6.9895e-02 5.3680e-01 3.0334e-01 8.9969e-02
4956.05 1.1262e-06 4.2845e-02 5.2443e-01 3.3044e-01 1.0228e-01
5258.79 2.9617e-07 1.7478e-02 5.0018e-01 3.6525e-01 1.1710e-01
5580.02 6.5817e-08 5.6464e-03 4.6377e-01 4.0017e-01 1.3041e-01
5920.87 2.2152e-08 2.4916e-03 4.2702e-01 4.2671e-01 1.4378e-01
6282.54 1.0975e-08 1.4926e-03 3.9445e-01 4.4640e-01 1.5765e-01
6666.30 9.0065e-09 1.3247e-03 3.8437e-01 4.5111e-01 1.6319e-01
7073.50 8.7411e-09 1.3356e-03 3.8023e-01 4.5038e-01 1.6806e-01
7505.58 8.9494e-09 1.4338e-03 3.6223e-01 4.5651e-01 1.7982e-01
7964.05 9.5856e-09 1.4408e-03 3.5742e-01 4.5447e-01 1.8667e-01
8450.53 2.7955e-08 3.2016e-03 3.8152e-01 4.3691e-01 1.7837e-01
8966.72 7.5576e-08 6.4839e-03 4.0335e-01 4.1805e-01 1.7212e-01
9514.44 2.1294e-07 1.2823e-02 4.1345e-01 4.0573e-01 1.6799e-01
10095.62 5.9763e-07 2.2038e-02 4.3239e-01 3.8712e-01 1.5846e-01
10712.30 1.3497e-06 3.3884e-02 4.4421e-01 3.7377e-01 1.4814e-01
11366.65 2.6585e-06 4.9069e-02 4.4347e-01 3.6381e-01 1.4364e-01
12061.10 3.4701e-06 5.2049e-02 4.3911e-01 3.6331e-01 1.4552e-01
12793.43 5.0354e-06 7.1579e-02 4.1807e-01 3.6069e-01 1.4965e-01
13528.61 3.9843e-06 6.0552e-02 4.1374e-01 3.6909e-01 1.5661e-01
14194.74 3.0115e-06 4.5039e-02 4.0798e-01 3.7922e-01 1.6776e-01
14757.77 2.5781e-06 4.0807e-02 3.9596e-01 3.9006e-01 1.7317e-01
15240.48 2.6223e-06 4.1681e-02 4.3896e-01 3.7662e-01 1.4274e-01
15646.99 3.9344e-06 4.8987e-02 5.3977e-01 3.1413e-01 9.7113e-02
15960.30 7.4246e-06 6.9266e-02 5.9165e-01 2.7701e-01 6.2075e-02
16187.41 1.0849e-05 7.9214e-02 6.2848e-01 2.4280e-01 4.9494e-02
16354.17 1.0081e-05 7.4128e-02 6.4852e-01 2.3068e-01 4.6669e-02
16484.18 4.7190e-06 4.4799e-02 5.8578e-01 3.1371e-01 5.5710e-02
16593.12 2.0861e-06 2.2332e-02 5.9498e-01 3.2405e-01 5.8640e-02
16691.99 3.0789e-06 3.8881e-02 5.9542e-01 2.9522e-01 7.0479e-02
16788.59 1.1365e-06 1.7937e-02 6.4799e-01 2.6548e-01 6.8587e-02
16888.37 7.3594e-07 1.3971e-02 5.0851e-01 3.9373e-01 8.3790e-02
16998.79 9.1291e-07 1.7839e-02 5.2051e-01 3.7656e-01 8.5094e-02
17146.37 9.3291e-07 1.8964e-02 5.5000e-01 3.3967e-01 9.1364e-02
17415.23 1.6956e-07 5.8017e-03 4.0666e-01 4.7318e-01 1.1436e-01
17888.12 9.3605e-08 4.2436e-03 3.4060e-01 5.1330e-01 1.4186e-01
18532.37 4.0941e-08 2.4454e-03 2.8542e-01 5.4557e-01 1.6657e-01
19260.76 4.6469e-08 3.2352e-03 2.6200e-01 5.4397e-01 1.9079e-01
20034.10 1.4532e-08 1.1220e-03 2.6001e-01 5.1094e-01 2.2793e-01
20838.00 9.5833e-09 7.6059e-04 1.9793e-01 5.2727e-01 2.7405e-01
21647.97 1.0512e-08 6.2063e-04 1.3637e-01 5.5629e-01 3.0672e-01
22447.94 7.1388e-09 4.1805e-04 1.1984e-01 5.2923e-01 3.5050e-01
23245.88 4.3180e-08 3.5916e-03 1.7591e-01 4.2418e-01 3.9632e-01
24052.47 4.0253e-09 3.7354e-04 1.1139e-01 4.3576e-01 4.5249e-01
24867.72 2.2931e-09 2.5615e-04 4.9888e-02 4.1676e-01 5.3309e-01
25698.86 8.7225e-09 1.0308e-03 6.6253e-02 3.7345e-01 5.5926e-01
26587.16 1.3972e-09 2.2421e-04 5.6749e-02 3.3980e-01 6.0323e-01
27637.54 1.6499e-09 1.8952e-04 4.6931e-02 3.0337e-01 6.4951e-01
28986.97 1.2731e-09 1.2514e-04 3.0682e-02 2.3215e-01 7.3705e-01
#TIME: 207.87
#NVEL 78
#vel_mid[km/s] fe0 fe1 fe2 fe3 fe4
1060.83 2.1997e-04 5.1261e-01 3.6710e-01 1.0171e-01 1.8363e-02
1919.29 2.4983e-04 5.4727e-01 3.4475e-01 9.1892e-02 1.5843e-02
2581.60 1.0190e-04 4.1841e-01 4.2406e-01 1.3129e-01 2.6134e-02
3084.17 4.1794e-05 2.5188e-01 5.1803e-01 1.8785e-01 4.2199e-02
3472.46 1.1903e-05 1.2009e-01 5.7242e-01 2.4623e-01 6.1249e-02
3909.64 3.7220e-06 6.1757e-02 5.4842e-01 3.0400e-01 8.5816e-02
4148.46 3.0205e-06 6.4240e-02 5.3416e-01 3.1015e-01 9.1454e-02
4670.75 2.9466e-06 7.1594e-02 5.3572e-01 3.0306e-01 8.9617e-02
4956.05 1.2519e-06 4.3879e-02 5.2375e-01 3.3024e-01 1.0213e-01
5258.79 2.9422e-07 1.7394e-02 4.9643e-01 3.6785e-01 1.1833e-01
5580.02 6.9747e-08 5.7848e-03 4.6648e-01 3.9751e-01 1.3022e-01
5920.87 2.2980e-08 2.4946e-03 4.2743e-01 4.2601e-01 1.4406e-01
6282.54 1.1659e-08 1.5322e-03 3.9319e-01 4.4712e-01 1.5816e-01
6666.30 9.3774e-09 1.3373e-03 3.8240e-01 4.5295e-01 1.6331e-01
7073.50 9.2255e-09 1.3625e-03 3.8131e-01 4.4954e-01 1.6778e-01
7505.58 8.9756e-09 1.3703e-03 3.5818e-01 4.5840e-01 1.8205e-01
7964.05 9.6835e-09 1.4237e-03 3.5938e-01 4.5333e-01 1.8586e-01
8450.53 2.7117e-08 3.0316e-03 3.8180e-01 4.3625e-01 1.7892e-01
8966.72 7.4205e-08 6.2712e-03 4.0319e-01 4.1744e-01 1.7310e-01
9514.44 2.1310e-07 1.2584e-02 4.1428e-01 4.0394e-01 1.6920e-01
10095.62 6.0529e-07 2.2789e-02 4.3209e-01 3.8765e-01 1.5747e-01
10712.30 1.4121e-06 3.6480e-02 4.4180e-01 3.7236e-01 1.4936e-01
11366.65 2.8073e-06 5.0413e-02 4.4127e-01 3.6366e-01 1.4465e-01
12061.10 3.2933e-06 4.8677e-02 4.4297e-01 3.6315e-01 1.4521e-01
12793.43 3.4300e-06 4.8896e-02 4.3634e-01 3.6463e-01 1.5013e-01
13528.61 3.6483e-06 5.2401e-02 4.2815e-01 3.6727e-01 1.5218e-01
14194.74 3.9119e-06 5.5553e-02 4.0729e-01 3.7472e-01 1.6243e-01
14757.77 2.1282e-06 3.6813e-02 4.1065e-01 3.8498e-01 1.6756e-01
15240.48 2.3079e-06 3.3931e-02 4.4729e-01 3.7723e-01 1.4155e-01
15646.99 4.9422e-06 6.1521e-02 5.1231e-01 3.2668e-01 9.9486e-02
15960.30 8.4756e-06 7.5488e-02 6.0133e-01 2.6257e-01 6.0600e-02
16187.41 1.3478e-05 1.0082e-01 6.1362e-01 2.3738e-01 4.8159e-02
16354.17 8.8682e-06 7.2495e-02 6.4060e-01 2.3992e-01 4.6974e-02
16484.18 4.7399e-06 4.2156e-02 6.0223e-01 3.0137e-01 5.4239e-02
16593.12 2.1844e-06 3.4797e-02 5.9616e-01 3.0778e-01 6.1258e-02
16691.99 1.7772e-06 2.5061e-02 5.8354e-01 3.2167e-01 6.9724e-02
16788.59 6.7079e-07 1.9601e-02 5.9157e-01 3.1298e-01 7.5852e-02
16888.37 5.5390e-07 1.4192e-02 5.6060e-01 3.4376e-01 8.1446e-02
16998.79 6.4583e-07 1.8870e-02 5.0083e-01 3.8976e-01 9.0538e-02
17146.37 9.5338e-07 2.4688e-02 5.5183e-01 3.3063e-01 9.2853e-02
17415.23 3.1289e-07 1.1170e-02 4.2933e-01 4.4478e-01 1.1472e-01
17888.12 1.2914e-07 4.9674e-03 3.7159e-01 4.8413e-01 1.3931e-01
18532.37 4.8765e-08 3.2590e-03 3.3045e-01 5.0466e-01 1.6163e-01
19260.76 3.8510e-08 2.9931e-03 2.5643e-01 5.5064e-01 1.8994e-01
20034.10 1.5243e-08 1.4604e-03 2.2174e-01 5.3788e-01 2.3892e-01
20838.00 1.4085e-08 1.0139e-03 1.6965e-01 5.7953e-01 2.4981e-01
21647.97 1.0686e-08 7.8104e-04 1.5216e-01 5.4587e-01 3.0119e-01
22447.94 3.6151e-09 2.4754e-04 8.3699e-02 5.5524e-01 3.6082e-01
23245.88 4.3513e-09 3.1093e-04 1.1314e-01 4.5568e-01 4.3086e-01
24052.47 8.9565e-09 8.9649e-04 1.4411e-01 4.2110e-01 4.3389e-01
24867.72 7.7859e-09 9.2772e-04 8.6891e-02 3.8033e-01 5.3185e-01
25698.86 3.9449e-09 6.0295e-04 6.6353e-02 3.8209e-01 5.5095e-01
26587.16 1.4428e-09 2.4696e-04 5.3414e-02 3.3504e-01 6.1130e-01
27637.54 3.4055e-09 5.5320e-04 4.5313e-02 2.7584e-01 6.7829e-01
28986.97 7.0324e-10 6.6278e-05 3.2592e-02 2.2281e-01 7.4453e-01
#TIME: 210.86
#NVEL 78
#vel_mid[km/s] fe0 fe1 fe2 fe3 fe4
1060.83 2.7451e-04 5.3196e-01 3.5409e-01 9.6668e-02 1.7009e-02
1919.29 2.5589e-04 5.4546e-01 3.4740e-01 9.1222e-02 1.5661e-02
2581.60 1.0500e-04 4.2559e-01 4.1773e-01 1.3058e-01 2.5995e-02
3084.17 4.1914e-05 2.5141e-01 5.1883e-01 1.8758e-01 4.2135e-02
3472.46 1.2672e-05 1.2043e-01 5.7157e-01 2.4691e-01 6.1082e-02
3909.64 3.4946e-06 5.8993e-02 5.5199e-01 3.0368e-01 8.5335e-02
4148.46 3.1647e-06 6.2859e-02 5.3766e-01 3.0822e-01 9.1265e-02
4670.75 3.1107e-06 7.1851e-02 5.3705e-01 3.0199e-01 8.9108e-02
4956.05 1.2561e-06 4.4091e-02 5.2338e-01 3.3005e-01 1.0248e-01
5258.79 3.4112e-07 1.8209e-02 4.9817e-01 3.6616e-01 1.1746e-01
5580.02 7.5857e-08 6.1050e-03 4.6420e-01 3.9936e-01 1.3033e-01
5920.87 2.2475e-08 2.3660e-03 4.3075e-01 4.2367e-01 1.4321e-01
6282.54 1.2386e-08 1.5817e-03 3.9205e-01 4.4820e-01 1.5817e-01
6666.30 9.7417e-09 1.3424e-03 3.8062e-01 4.5423e-01 1.6381e-01
7073.50 9.1156e-09 1.2934e-03 3.7441e-01 4.5413e-01 1.7017e-01
7505.58 8.8892e-09 1.3065e-03 3.5567e-01 4.6285e-01 1.8017e-01
7964.05 1.0915e-08 1.5289e-03 3.5805e-01 4.5381e-01 1.8661e-01
8450.53 2.8625e-08 3.0843e-03 3.8077e-01 4.3693e-01 1.7922e-01
8966.72 7.5860e-08 6.1478e-03 3.9976e-01 4.2100e-01 1.7309e-01
9514.44 2.2687e-07 1.3343e-02 4.1325e-01 4.0481e-01 1.6860e-01
10095.62 6.2682e-07 2.2739e-02 4.3105e-01 3.8775e-01 1.5846e-01
10712.30 1.4155e-06 3.5078e-02 4.4373e-01 3.7322e-01 1.4797e-01
11366.65 2.7679e-06 4.8564e-02 4.4501e-01 3.6314e-01 1.4329e-01
12061.10 4.0489e-06 5.9434e-02 4.3154e-01 3.6176e-01 1.4726e-01
12793.43 3.7073e-06 4.9755e-02 4.3546e-01 3.6494e-01 1.4984e-01
13528.61 4.6380e-06 6.5512e-02 4.1193e-01 3.6652e-01 1.5604e-01
14194.74 3.9619e-06 5.5958e-02 4.0321e-01 3.7529e-01 1.6554e-01
14757.77 1.8998e-06 3.2676e-02 4.1780e-01 3.8488e-01 1.6464e-01
15240.48 2.8388e-06 4.1415e-02 4.4628e-01 3.7008e-01 1.4222e-01
15646.99 4.1085e-06 4.3592e-02 5.5202e-01 3.1739e-01 8.7001e-02
15960.30 8.7592e-06 7.4224e-02 5.8511e-01 2.8015e-01 6.0506e-02
16187.41 1.0765e-05 7.5876e-02 6.3675e-01 2.3917e-01 4.8195e-02
16354.17 1.4108e-05 9.0376e-02 6.2544e-01 2.3767e-01 4.6506e-02
16484.18 5.7090e-06 5.6505e-02 6.0475e-01 2.8624e-01 5.2497e-02
16593.12 1.9366e-06 2.4349e-02 5.6963e-01 3.4327e-01 6.2747e-02
16691.99 1.4266e-06 2.4771e-02 6.1802e-01 2.9058e-01 6.6619e-02
16788.59 1.6361e-06 4.0538e-02 5.7516e-01 3.1218e-01 7.2126e-02
16888.37 7.3898e-07 1.6095e-02 5.0996e-01 3.9544e-01 7.8507e-02
16998.79 7.3093e-07 1.5808e-02 5.1755e-01 3.7984e-01 8.6803e-02
17146.37 8.2026e-07 1.9229e-02 4.8812e-01 3.9165e-01 1.0100e-01
17415.23 2.6745e-07 8.0288e-03 4.3156e-01 4.5642e-01 1.0399e-01
17888.12 1.1571e-07 5.6818e-03 3.4846e-01 5.0878e-01 1.3707e-01
18532.37 3.7367e-08 2.2360e-03 2.5712e-01 5.6626e-01 1.7438e-01
19260.76 3.4333e-08 2.2769e-03 2.5244e-01 5.5582e-01 1.8946e-01
20034.10 1.8309e-08 1.1951e-03 2.1165e-01 5.6329e-01 2.2387e-01
20838.00 1.6214e-08 1.1433e-03 2.5345e-01 4.7319e-01 2.7222e-01
21647.97 7.4239e-09 5.1295e-04 1.4203e-01 5.4553e-01 3.1193e-01
22447.94 1.1509e-08 6.5473e-04 1.6336e-01 4.7848e-01 3.5751e-01
23245.88 1.0199e-08 8.5537e-04 1.5855e-01 4.1605e-01 4.2455e-01
24052.47 8.1963e-09 6.1054e-04 1.3132e-01 4.1156e-01 4.5650e-01
24867.72 6.7952e-09 8.1122e-04 9.8516e-02 3.6527e-01 5.3540e-01
25698.86 2.9236e-09 4.0004e-04 7.2757e-02 3.6851e-01 5.5833e-01
26587.16 3.5690e-09 4.0458e-04 4.9119e-02 3.0277e-01 6.4771e-01
27637.54 5.8460e-09 7.3227e-04 5.0446e-02 2.9106e-01 6.5776e-01
28986.97 1.4030e-09 1.4726e-04 3.5596e-02 2.2608e-01 7.3818e-01
#TIME: 213.89
#NVEL 78
#vel_mid[km/s] fe0 fe1 fe2 fe3 fe4
1060.83 2.6465e-04 5.2154e-01 3.6059e-01 9.9820e-02 1.7789e-02
1919.29 2.5711e-04 5.4863e-01 3.4499e-01 9.0607e-02 1.5516e-02
2581.60 1.1155e-04 4.3500e-01 4.1004e-01 1.2919e-01 2.5650e-02
3084.17 4.3759e-05 2.5294e-01 5.1783e-01 1.8714e-01 4.2047e-02
3472.46 1.3757e-05 1.2417e-01 5.6884e-01 2.4599e-01 6.0981e-02
3909.64 3.8572e-06 6.0773e-02 5.5079e-01 3.0289e-01 8.5540e-02
4148.46 3.2637e-06 6.4012e-02 5.3678e-01 3.0845e-01 9.0757e-02
4670.75 3.3547e-06 7.2339e-02 5.3583e-01 3.0258e-01 8.9246e-02
4956.05 1.4731e-06 4.6394e-02 5.2062e-01 3.3111e-01 1.0188e-01
5258.79 3.3850e-07 1.7614e-02 4.9811e-01 3.6656e-01 1.1772e-01
5580.02 7.9926e-08 6.0036e-03 4.6743e-01 3.9594e-01 1.3062e-01
5920.87 2.2189e-08 2.2752e-03 4.2499e-01 4.2874e-01 1.4400e-01
6282.54 1.2547e-08 1.5510e-03 3.9012e-01 4.5044e-01 1.5789e-01
6666.30 1.0282e-08 1.3557e-03 3.8132e-01 4.5326e-01 1.6407e-01
7073.50 1.0027e-08 1.3361e-03 3.7219e-01 4.5688e-01 1.6959e-01
7505.58 8.6535e-09 1.2686e-03 3.5995e-01 4.5708e-01 1.8170e-01
7964.05 1.1114e-08 1.5097e-03 3.5470e-01 4.5656e-01 1.8723e-01
8450.53 3.0747e-08 3.1470e-03 3.8113e-01 4.3579e-01 1.7993e-01
8966.72 8.1963e-08 6.4581e-03 4.0006e-01 4.1999e-01 1.7349e-01
9514.44 2.3815e-07 1.3315e-02 4.1335e-01 4.0386e-01 1.6947e-01
10095.62 6.4814e-07 2.2854e-02 4.3203e-01 3.8688e-01 1.5824e-01
10712.30 1.6031e-06 3.7031e-02 4.4121e-01 3.7281e-01 1.4894e-01
11366.65 2.9826e-06 5.0040e-02 4.4293e-01 3.6272e-01 1.4431e-01
12061.10 4.4555e-06 6.2954e-02 4.2766e-01 3.6152e-01 1.4787e-01
12793.43 4.9327e-06 6.4095e-02 4.2593e-01 3.6243e-01 1.4754e-01
13528.61 4.1055e-06 5.6843e-02 4.2206e-01 3.6736e-01 1.5373e-01
14194.74 3.1831e-06 4.2745e-02 4.1526e-01 3.7808e-01 1.6391e-01
14757.77 2.1105e-06 3.5652e-02 4.0164e-01 3.9407e-01 1.6864e-01
15240.48 2.3847e-06 4.0231e-02 4.4324e-01 3.7296e-01 1.4356e-01
15646.99 5.1795e-06 6.7279e-02 5.1186e-01 3.2478e-01 9.6076e-02
15960.30 1.0080e-05 8.1249e-02 5.9487e-01 2.6543e-01 5.8439e-02
16187.41 9.1246e-06 7.2445e-02 6.3986e-01 2.3987e-01 4.7811e-02
16354.17 9.0994e-06 5.7757e-02 6.2885e-01 2.6977e-01 4.3619e-02
16484.18 6.5637e-06 5.7704e-02 6.0461e-01 2.8613e-01 5.1549e-02
16593.12 2.1530e-06 2.6660e-02 5.8973e-01 3.2626e-01 5.7348e-02
16691.99 2.1785e-06 3.0486e-02 5.3420e-01 3.6369e-01 7.1620e-02
16788.59 1.0194e-06 1.7199e-02 5.1876e-01 3.8424e-01 7.9801e-02
16888.37 7.1846e-07 1.0818e-02 5.6641e-01 3.5194e-01 7.0826e-02
16998.79 6.1351e-07 1.5011e-02 4.8152e-01 4.1269e-01 9.0779e-02
17146.37 4.8678e-07 1.1746e-02 4.4596e-01 4.4940e-01 9.2888e-02
17415.23 1.4833e-07 5.2522e-03 3.7073e-01 5.1034e-01 1.1368e-01
17888.12 1.4641e-07 5.5144e-03 3.8315e-01 4.7641e-01 1.3493e-01
18532.37 6.7996e-08 3.3724e-03 3.1949e-01 5.1134e-01 1.6580e-01
19260.76 2.2343e-08 1.3941e-03 2.2769e-01 5.7391e-01 1.9701e-01
20034.10 2.0975e-08 1.3696e-03 2.1931e-01 5.6284e-01 2.1648e-01
20838.00 2.0533e-08 1.2850e-03 2.4015e-01 5.1187e-01 2.4670e-01
21647.97 2.2264e-08 1.2156e-03 1.7409e-01 5.3644e-01 2.8826e-01
22447.94 1.1878e-08 7.3017e-04 1.3914e-01 5.1978e-01 3.4035e-01
23245.88 1.0283e-08 7.5115e-04 1.2695e-01 4.6197e-01 4.1032e-01
24052.47 1.1589e-08 8.3461e-04 1.3146e-01 3.9659e-01 4.7112e-01
24867.72 1.8384e-08 1.9619e-03 1.0830e-01 3.6737e-01 5.2237e-01
25698.86 1.9122e-09 3.0312e-04 8.1686e-02 3.4434e-01 5.7367e-01
26587.16 2.4919e-09 3.9074e-04 6.5877e-02 3.1898e-01 6.1476e-01
27637.54 1.4040e-09 2.6289e-04 4.4027e-02 2.7299e-01 6.8272e-01
28986.97 7.8774e-09 8.7771e-04 3.2147e-02 2.3733e-01 7.2964e-01
#TIME: 216.97
#NVEL 78
#vel_mid[km/s] fe0 fe1 fe2 fe3 fe4
1060.83 2.7398e-04 5.2738e-01 3.5579e-01 9.8978e-02 1.7585e-02
1919.29 2.5492e-04 5.5155e-01 3.4346e-01 8.9490e-02 1.5247e-02
2581.60 1.1212e-04 4.3997e-01 4.0663e-01 1.2798e-01 2.5311e-02
3084.17 4.5958e-05 2.5352e-01 5.1848e-01 1.8626e-01 4.1703e-02
3472.46 1.4136e-05 1.2506e-01 5.6861e-01 2.4550e-01 6.0820e-02
3909.64 3.9244e-06 6.1531e-02 5.5129e-01 3.0224e-01 8.4936e-02
4148.46 3.5453e-06 6.4367e-02 5.3682e-01 3.0807e-01 9.0738e-02
4670.75 3.4560e-06 7.1465e-02 5.3724e-01 3.0240e-01 8.8893e-02
4956.05 1.3824e-06 4.4112e-02 5.2493e-01 3.3034e-01 1.0061e-01
5258.79 3.7757e-07 1.8771e-02 4.9806e-01 3.6577e-01 1.1740e-01
5580.02 7.8044e-08 5.7685e-03 4.6750e-01 3.9691e-01 1.2982e-01
5920.87 2.2809e-08 2.1976e-03 4.3135e-01 4.2319e-01 1.4326e-01
6282.54 1.3962e-08 1.6025e-03 3.9174e-01 4.4849e-01 1.5817e-01
6666.30 1.1003e-08 1.4117e-03 3.8202e-01 4.5288e-01 1.6368e-01
7073.50 1.0238e-08 1.3484e-03 3.7489e-01 4.5370e-01 1.7006e-01
7505.58 1.0111e-08 1.3735e-03 3.6267e-01 4.5459e-01 1.8136e-01
7964.05 1.2067e-08 1.5503e-03 3.5844e-01 4.5312e-01 1.8688e-01
8450.53 3.2521e-08 3.2365e-03 3.7883e-01 4.3717e-01 1.8077e-01
8966.72 8.0357e-08 6.1723e-03 3.9973e-01 4.2106e-01 1.7304e-01
9514.44 2.4838e-07 1.3271e-02 4.1182e-01 4.0572e-01 1.6919e-01
10095.62 7.1812e-07 2.4071e-02 4.3094e-01 3.8712e-01 1.5788e-01
10712.30 1.6938e-06 3.7431e-02 4.4105e-01 3.7207e-01 1.4945e-01
11366.65 2.7171e-06 4.4632e-02 4.5273e-01 3.6131e-01 1.4132e-01
12061.10 4.0818e-06 6.0815e-02 4.3351e-01 3.6005e-01 1.4561e-01
12793.43 4.7585e-06 6.1543e-02 4.3155e-01 3.6020e-01 1.4670e-01
13528.61 4.7130e-06 6.1449e-02 4.1957e-01 3.6584e-01 1.5313e-01
14194.74 3.9088e-06 5.6590e-02 4.1035e-01 3.7332e-01 1.5974e-01
14757.77 2.5094e-06 4.1059e-02 4.0426e-01 3.8610e-01 1.6859e-01
15240.48 3.0297e-06 5.0317e-02 4.3886e-01 3.6820e-01 1.4263e-01
15646.99 4.4073e-06 4.9011e-02 5.4240e-01 3.2158e-01 8.7007e-02
15960.30 7.6563e-06 6.5611e-02 6.1917e-01 2.5847e-01 5.6747e-02
16187.41 1.0754e-05 7.8161e-02 6.6070e-01 2.1799e-01 4.3134e-02
16354.17 8.1337e-06 6.2462e-02 6.3921e-01 2.5204e-01 4.6277e-02
16484.18 6.1618e-06 3.8584e-02 6.1585e-01 2.9873e-01 4.6828e-02
16593.12 2.8404e-06 3.7900e-02 6.1956e-01 2.8452e-01 5.8019e-02
16691.99 5.1416e-06 5.4230e-02 5.8707e-01 2.9177e-01 6.6924e-02
16788.59 2.3981e-06 2.2753e-02 5.4506e-01 3.6183e-01 7.0353e-02
16888.37 1.4844e-06 3.6952e-02 5.3325e-01 3.5026e-01 7.9532e-02
16998.79 1.7794e-06 2.3895e-02 5.0242e-01 3.7986e-01 9.3828e-02
17146.37 5.8010e-07 1.5215e-02 5.3796e-01 3.5523e-01 9.1588e-02
17415.23 2.6159e-07 1.0282e-02 4.5380e-01 4.2778e-01 1.0813e-01
17888.12 7.9548e-08 3.2595e-03 3.3956e-01 5.2998e-01 1.2720e-01
18532.37 5.8814e-08 3.5659e-03 3.1328e-01 5.2467e-01 1.5849e-01
19260.76 2.5749e-08 2.0029e-03 2.6381e-01 5.6422e-01 1.6996e-01
20034.10 1.4406e-08 1.3075e-03 2.3821e-01 5.3761e-01 2.2287e-01
20838.00 1.3058e-08 1.0579e-03 1.8605e-01 5.4401e-01 2.6888e-01
21647.97 2.9349e-08 1.4161e-03 1.8594e-01 5.2278e-01 2.8986e-01
22447.94 3.5154e-08 2.0984e-03 1.6497e-01 5.0317e-01 3.2977e-01
23245.88 1.5036e-08 9.7191e-04 1.1707e-01 4.5636e-01 4.2560e-01
24052.47 7.9906e-08 6.4744e-03 1.3653e-01 4.0783e-01 4.4917e-01
24867.72 1.8725e-08 2.5875e-03 9.6971e-02 3.6288e-01 5.3756e-01
25698.86 7.8601e-09 1.1761e-03 7.8312e-02 3.7222e-01 5.4829e-01
26587.16 4.9209e-08 7.1061e-03 6.9758e-02 3.2013e-01 6.0301e-01
27637.54 1.0168e-08 1.5902e-03 4.5102e-02 2.7591e-01 6.7740e-01
28986.97 1.7784e-09 2.2706e-04 3.4791e-02 2.6076e-01 7.0422e-01
#TIME: 220.09
#NVEL 78
#vel_mid[km/s] fe0 fe1 fe2 fe3 fe4
1060.83 3.0761e-04 5.3836e-01 3.5132e-01 9.3718e-02 1.6292e-02
1919.29 2.5830e-04 5.5519e-01 3.4103e-01 8.8516e-02 1.5008e-02
2581.60 1.2366e-04 4.3864e-01 4.0911e-01 1.2708e-01 2.5051e-02
3084.17 4.7419e-05 2.5586e-01 5.1671e-01 1.8583e-01 4.1555e-02
3472.46 1.5109e-05 1.3161e-01 5.6425e-01 2.4361e-01 6.0512e-02
3909.64 4.2571e-06 6.1829e-02 5.5130e-01 3.0235e-01 8.4524e-02
4148.46 3.9295e-06 6.7089e-02 5.3738e-01 3.0535e-01 9.0175e-02
4670.75 3.4613e-06 6.8823e-02 5.4038e-01 3.0260e-01 8.8191e-02
4956.05 1.6057e-06 4.7613e-02 5.2344e-01 3.2795e-01 1.0100e-01
5258.79 4.2363e-07 1.9214e-02 4.9696e-01 3.6645e-01 1.1738e-01
5580.02 8.4832e-08 5.9359e-03 4.6794e-01 3.9627e-01 1.2986e-01
5920.87 2.3921e-08 2.2761e-03 4.2704e-01 4.2631e-01 1.4437e-01
6282.54 1.2947e-08 1.4743e-03 3.9012e-01 4.5004e-01 1.5837e-01
6666.30 1.1388e-08 1.4118e-03 3.8569e-01 4.4917e-01 1.6373e-01
7073.50 1.0645e-08 1.3587e-03 3.7557e-01 4.5299e-01 1.7008e-01
7505.58 1.0349e-08 1.3809e-03 3.5750e-01 4.5921e-01 1.8191e-01
7964.05 1.2553e-08 1.5746e-03 3.5946e-01 4.5121e-01 1.8775e-01
8450.53 3.3289e-08 3.1755e-03 3.8106e-01 4.3658e-01 1.7918e-01
8966.72 8.1110e-08 5.9525e-03 4.0093e-01 4.1977e-01 1.7334e-01
9514.44 2.5197e-07 1.2893e-02 4.1174e-01 4.0556e-01 1.6980e-01
10095.62 7.1612e-07 2.2839e-02 4.2946e-01 3.8874e-01 1.5896e-01
10712.30 1.6600e-06 3.6216e-02 4.4368e-01 3.7114e-01 1.4896e-01
11366.65 2.7459e-06 4.6273e-02 4.4801e-01 3.6353e-01 1.4219e-01
12061.10 4.4270e-06 6.3654e-02 4.2915e-01 3.6022e-01 1.4696e-01
12793.43 3.7772e-06 5.0753e-02 4.4247e-01 3.6112e-01 1.4565e-01
13528.61 4.2011e-06 5.0153e-02 4.3364e-01 3.6574e-01 1.5046e-01
14194.74 3.3920e-06 4.5068e-02 4.1901e-01 3.7540e-01 1.6051e-01
14757.77 2.3478e-06 3.6016e-02 4.1372e-01 3.8393e-01 1.6633e-01
15240.48 3.5573e-06 5.4677e-02 4.3655e-01 3.6675e-01 1.4202e-01
15646.99 3.7653e-06 4.4626e-02 5.3615e-01 3.2461e-01 9.4609e-02
15960.30 7.8223e-06 6.2011e-02 6.2271e-01 2.5838e-01 5.6896e-02
16187.41 9.1659e-06 6.4011e-02 6.2481e-01 2.6352e-01 4.7647e-02
16354.17 8.3328e-06 5.6229e-02 6.4196e-01 2.5582e-01 4.5983e-02
16484.18 4.9137e-06 3.8240e-02 6.1440e-01 2.9620e-01 5.1149e-02
16593.12 2.4963e-06 4.1343e-02 6.1629e-01 2.8754e-01 5.4817e-02
16691.99 5.9304e-06 5.1263e-02 5.6118e-01 3.2496e-01 6.2590e-02
16788.59 4.3251e-06 5.0396e-02 5.4410e-01 3.3205e-01 7.3450e-02
16888.37 2.6174e-06 4.0044e-02 5.5649e-01 3.3300e-01 7.0461e-02
16998.79 6.2689e-07 1.3583e-02 4.9140e-01 4.1300e-01 8.2015e-02
17146.37 4.8781e-07 1.1557e-02 5.3739e-01 3.6949e-01 8.1567e-02
17415.23 3.6263e-07 9.7810e-03 4.2219e-01 4.5869e-01 1.0934e-01
17888.12 5.8057e-08 2.9586e-03 2.8013e-01 5.7309e-01 1.4382e-01
18532.37 6.1308e-08 3.2559e-03 3.1536e-01 5.3318e-01 1.4821e-01
19260.76 3.2910e-08 2.2380e-03 2.8763e-01 5.2425e-01 1.8588e-01
20034.10 1.4547e-08 1.1666e-03 2.2072e-01 5.5077e-01 2.2734e-01
20838.00 1.3184e-08 8.6537e-04 1.7538e-01 5.5624e-01 2.6752e-01
21647.97 1.5827e-08 9.3561e-04 1.9067e-01 5.1534e-01 2.9306e-01
22447.94 3.2328e-08 1.5797e-03 1.8134e-01 4.8501e-01 3.3207e-01
23245.88 1.5510e-08 9.5682e-04 1.7650e-01 4.4562e-01 3.7693e-01
24052.47 1.3950e-08 1.0796e-03 1.2763e-01 4.0009e-01 4.7120e-01
24867.72 3.9156e-08 4.6867e-03 9.0876e-02 3.6663e-01 5.3781e-01
25698.86 3.8554e-09 4.4687e-04 5.4859e-02 3.9403e-01 5.5066e-01
26587.16 1.5879e-08 1.8568e-03 6.1540e-02 3.4496e-01 5.9164e-01
27637.54 1.5624e-08 2.1385e-03 4.9394e-02 2.9688e-01 6.5159e-01
28986.97 1.4462e-08 1.4985e-03 3.3559e-02 2.4572e-01 7.1922e-01
#TIME: 223.25
#NVEL 78
#vel_mid[km/s] fe0 fe1 fe2 fe3 fe4
1060.83 3.4296e-04 5.3332e-01 3.5362e-01 9.5915e-02 1.6804e-02
1919.29 2.7431e-04 5.5619e-01 3.4116e-01 8.7592e-02 1.4780e-02
2581.60 1.2343e-04 4.3662e-01 4.1173e-01 1.2667e-01 2.4858e-02
3084.17 4.7817e-05 2.6008e-01 5.1319e-01 1.8529e-01 4.1390e-02
3472.46 1.4918e-05 1.2780e-01 5.6828e-01 2.4362e-01 6.0285e-02
3909.64 4.8263e-06 6.6217e-02 5.4774e-01 3.0078e-01 8.5263e-02
4148.46 4.0731e-06 6.5934e-02 5.3690e-01 3.0723e-01 8.9932e-02
4670.75 3.6704e-06 7.0341e-02 5.3991e-01 3.0112e-01 8.8624e-02
4956.05 1.7876e-06 5.1051e-02 5.1955e-01 3.2835e-01 1.0104e-01
5258.79 4.2049e-07 1.8225e-02 5.0108e-01 3.6400e-01 1.1670e-01
5580.02 8.6147e-08 5.7725e-03 4.6645e-01 3.9783e-01 1.2994e-01
5920.87 2.6126e-08 2.3200e-03 4.3014e-01 4.2383e-01 1.4371e-01
6282.54 1.3940e-08 1.5123e-03 3.8839e-01 4.5224e-01 1.5786e-01
6666.30 1.2671e-08 1.4830e-03 3.8570e-01 4.4878e-01 1.6404e-01
7073.50 1.1281e-08 1.3818e-03 3.7163e-01 4.5757e-01 1.6942e-01
7505.58 1.0336e-08 1.3366e-03 3.5462e-01 4.6197e-01 1.8207e-01
7964.05 1.2714e-08 1.5302e-03 3.5745e-01 4.5373e-01 1.8729e-01
8450.53 3.1202e-08 2.9486e-03 3.7925e-01 4.3736e-01 1.8045e-01
8966.72 8.5979e-08 6.0765e-03 3.9598e-01 4.2367e-01 1.7428e-01
9514.44 2.3923e-07 1.2209e-02 4.1181e-01 4.0628e-01 1.6970e-01
10095.62 7.0949e-07 2.3016e-02 4.2907e-01 3.8832e-01 1.5959e-01
10712.30 1.5431e-06 3.4325e-02 4.4138e-01 3.7366e-01 1.5064e-01
11366.65 2.6888e-06 4.4668e-02 4.4741e-01 3.6470e-01 1.4322e-01
12061.10 4.9474e-06 6.4967e-02 4.3191e-01 3.5914e-01 1.4397e-01
12793.43 4.8601e-06 5.8762e-02 4.3482e-01 3.6019e-01 1.4622e-01
13528.61 4.4894e-06 5.1153e-02 4.3648e-01 3.6251e-01 1.4985e-01
14194.74 5.2975e-06 6.2485e-02 4.0955e-01 3.7046e-01 1.5750e-01
14757.77 2.8363e-06 4.1592e-02 4.1562e-01 3.7975e-01 1.6304e-01
15240.48 3.3476e-06 5.2189e-02 4.4551e-01 3.6310e-01 1.3920e-01
15646.99 3.9118e-06 4.9185e-02 5.2167e-01 3.3357e-01 9.5577e-02
15960.30 7.3179e-06 6.4541e-02 6.0898e-01 2.6887e-01 5.7598e-02
16187.41 1.1744e-05 7.4682e-02 6.4353e-01 2.3549e-01 4.6285e-02
16354.17 9.7083e-06 7.2574e-02 6.2993e-01 2.5181e-01 4.5678e-02
16484.18 7.3303e-06 6.8098e-02 6.2485e-01 2.5736e-01 4.9684e-02
16593.12 2.7640e-06 3.6185e-02 6.4300e-01 2.6427e-01 5.6546e-02
16691.99 5.1157e-06 6.9103e-02 6.1793e-01 2.5744e-01 5.5526e-02
16788.59 2.2610e-06 2.8487e-02 5.4519e-01 3.5374e-01 7.2589e-02
16888.37 1.5307e-06 2.4412e-02 5.1336e-01 3.8006e-01 8.2166e-02
16998.79 1.6407e-06 3.3461e-02 5.2502e-01 3.5740e-01 8.4119e-02
17146.37 2.7643e-07 8.5033e-03 4.5880e-01 4.3912e-01 9.3575e-02
17415.23 2.7430e-07 7.9220e-03 4.0882e-01 4.7448e-01 1.0878e-01
17888.12 9.2277e-08 5.0220e-03 3.7864e-01 4.8387e-01 1.3247e-01
18532.37 2.9573e-08 2.1175e-03 2.8024e-01 5.5491e-01 1.6273e-01
19260.76 2.7580e-08 1.7112e-03 2.8472e-01 5.4098e-01 1.7259e-01
20034.10 1.7868e-08 1.2169e-03 2.0352e-01 5.6296e-01 2.3231e-01
20838.00 2.8036e-08 1.8434e-03 2.4717e-01 4.8946e-01 2.6152e-01
21647.97 2.5593e-08 1.4421e-03 2.0123e-01 5.2404e-01 2.7329e-01
22447.94 1.1554e-08 6.1595e-04 1.1334e-01 5.3886e-01 3.4719e-01
23245.88 1.8710e-08 1.2177e-03 1.2874e-01 4.6943e-01 4.0062e-01
24052.47 1.1062e-08 8.0580e-04 1.2643e-01 4.2534e-01 4.4742e-01
24867.72 4.5704e-09 5.0369e-04 9.5830e-02 3.8592e-01 5.1774e-01
25698.86 3.6276e-09 4.1140e-04 5.9809e-02 3.8462e-01 5.5516e-01
26587.16 5.5300e-09 7.2411e-04 5.6720e-02 3.3478e-01 6.0778e-01
27637.54 2.5195e-08 3.7477e-03 4.8776e-02 2.8715e-01 6.6032e-01
28986.97 8.6495e-09 9.0762e-04 3.8946e-02 2.6792e-01 6.9223e-01
#TIME: 226.46
#NVEL 78
#vel_mid[km/s] fe0 fe1 fe2 fe3 fe4
1060.83 2.8353e-04 5.4049e-01 3.4798e-01 9.4717e-02 1.6531e-02
1919.29 2.6181e-04 5.6505e-01 3.3433e-01 8.5953e-02 1.4401e-02
2581.60 1.2308e-04 4.4351e-01 4.0589e-01 1.2578e-01 2.4697e-02
3084.17 4.7067e-05 2.5990e-01 5.1457e-01 1.8436e-01 4.1120e-02
3472.46 1.5254e-05 1.2683e-01 5.6866e-01 2.4425e-01 6.0251e-02
3909.64 5.2661e-06 6.7511e-02 5.4836e-01 2.9980e-01 8.4322e-02
4148.46 4.1916e-06 6.6793e-02 5.3656e-01 3.0684e-01 8.9802e-02
4670.75 3.9674e-06 7.2542e-02 5.3740e-01 3.0200e-01 8.8056e-02
4956.05 1.7527e-06 5.0014e-02 5.1831e-01 3.3009e-01 1.0158e-01
5258.79 4.9522e-07 2.0085e-02 5.0163e-01 3.6146e-01 1.1683e-01
5580.02 9.0384e-08 5.8900e-03 4.6983e-01 3.9487e-01 1.2940e-01
5920.87 2.7334e-08 2.3619e-03 4.2650e-01 4.2730e-01 1.4384e-01
6282.54 1.5389e-08 1.5757e-03 3.9303e-01 4.4727e-01 1.5812e-01
6666.30 1.3222e-08 1.4857e-03 3.8701e-01 4.4777e-01 1.6374e-01
7073.50 1.1875e-08 1.3850e-03 3.7673e-01 4.5202e-01 1.6986e-01
7505.58 1.0454e-08 1.2666e-03 3.5650e-01 4.5975e-01 1.8249e-01
7964.05 1.4237e-08 1.6237e-03 3.6035e-01 4.4973e-01 1.8830e-01
8450.53 3.3181e-08 2.9884e-03 3.8057e-01 4.3550e-01 1.8094e-01
8966.72 8.4039e-08 5.8291e-03 3.9867e-01 4.2020e-01 1.7531e-01
9514.44 2.4320e-07 1.2344e-02 4.1256e-01 4.0589e-01 1.6921e-01
10095.62 6.9914e-07 2.2532e-02 4.2839e-01 3.8927e-01 1.5981e-01
10712.30 1.5588e-06 3.4983e-02 4.4247e-01 3.7308e-01 1.4947e-01
11366.65 2.7856e-06 4.7934e-02 4.4678e-01 3.6186e-01 1.4342e-01
12061.10 3.9832e-06 5.7058e-02 4.4291e-01 3.5836e-01 1.4167e-01
12793.43 3.9019e-06 5.2159e-02 4.3992e-01 3.6211e-01 1.4581e-01
13528.61 5.1994e-06 6.2546e-02 4.2459e-01 3.6252e-01 1.5034e-01
14194.74 4.2797e-06 4.9930e-02 4.2549e-01 3.7082e-01 1.5376e-01
14757.77 3.8201e-06 5.1391e-02 4.0289e-01 3.7715e-01 1.6857e-01
15240.48 3.3175e-06 4.7304e-02 4.6334e-01 3.5446e-01 1.3489e-01
15646.99 5.9715e-06 5.7612e-02 5.1843e-01 3.2975e-01 9.4207e-02
15960.30 7.3914e-06 5.7867e-02 6.0463e-01 2.7955e-01 5.7942e-02
16187.41 1.4077e-05 9.1793e-02 6.3017e-01 2.3347e-01 4.4546e-02
16354.17 1.0661e-05 7.8877e-02 6.4957e-01 2.3028e-01 4.1261e-02
16484.18 7.4633e-06 6.7958e-02 6.2853e-01 2.5537e-01 4.8140e-02
16593.12 4.1463e-06 4.4642e-02 5.6848e-01 3.2669e-01 6.0178e-02
16691.99 2.4304e-06 4.0816e-02 5.8145e-01 3.0971e-01 6.8026e-02
16788.59 2.0244e-06 3.0777e-02 5.2332e-01 3.7092e-01 7.4985e-02
16888.37 1.4335e-06 2.8272e-02 5.5703e-01 3.4620e-01 6.8491e-02
16998.79 1.0188e-06 1.5284e-02 4.9312e-01 4.0925e-01 8.2337e-02
17146.37 4.6667e-07 1.1288e-02 4.2729e-01 4.6346e-01 9.7959e-02
17415.23 2.4802e-07 8.5456e-03 4.0272e-01 4.7959e-01 1.0915e-01
17888.12 9.9044e-08 4.9206e-03 3.6796e-01 4.9622e-01 1.3090e-01
18532.37 6.2946e-08 4.0766e-03 3.4013e-01 5.1484e-01 1.4095e-01
19260.76 1.9811e-08 1.5773e-03 2.6831e-01 5.4593e-01 1.8419e-01
20034.10 2.7709e-08 2.0388e-03 3.1619e-01 4.7530e-01 2.0647e-01
20838.00 1.2423e-08 7.2371e-04 1.7886e-01 5.6393e-01 2.5649e-01
21647.97 2.2412e-08 1.2314e-03 2.2962e-01 5.0338e-01 2.6577e-01
22447.94 2.3728e-08 1.5543e-03 1.7130e-01 4.8056e-01 3.4659e-01
23245.88 2.0443e-08 1.2710e-03 1.5693e-01 4.4421e-01 3.9759e-01
24052.47 1.6498e-08 1.3860e-03 1.2067e-01 4.1006e-01 4.6789e-01
24867.72 9.6564e-08 9.5206e-03 1.0558e-01 3.7257e-01 5.1233e-01
25698.86 8.0789e-09 9.4604e-04 8.6319e-02 3.8154e-01 5.3120e-01
26587.16 2.0997e-09 2.8167e-04 6.4806e-02 3.5650e-01 5.7841e-01
27637.54 4.9936e-09 6.6442e-04 5.8328e-02 3.0893e-01 6.3208e-01
28986.97 3.9274e-09 3.8319e-04 3.4887e-02 2.4572e-01 7.1901e-01
#TIME: 229.71
#NVEL 78
#vel_mid[km/s] fe0 fe1 fe2 fe3 fe4
1060.83 2.8040e-04 5.3989e-01 3.5020e-01 9.3417e-02 1.6217e-02
1919.29 1.3000e-04 4.1017e-01 4.5648e-01 1.1200e-01 2.1219e-02
2581.60 1.3031e-04 4.4352e-01 4.0705e-01 1.2484e-01 2.4457e-02
3084.17 4.9042e-05 2.6238e-01 5.1251e-01 1.8404e-01 4.1019e-02
3472.46 1.6401e-05 1.2774e-01 5.6857e-01 2.4371e-01 5.9960e-02
3909.64 6.0202e-06 7.1529e-02 5.4600e-01 2.9768e-01 8.4784e-02
4148.46 4.2925e-06 6.6979e-02 5.3708e-01 3.0634e-01 8.9601e-02
4670.75 3.9604e-06 7.2073e-02 5.3958e-01 3.0084e-01 8.7502e-02
4956.05 1.8495e-06 4.8479e-02 5.2657e-01 3.2447e-01 1.0048e-01
5258.79 4.8984e-07 1.9080e-02 5.0190e-01 3.6254e-01 1.1648e-01
5580.02 9.5519e-08 5.9674e-03 4.6728e-01 3.9688e-01 1.2987e-01
5920.87 2.9587e-08 2.4697e-03 4.3225e-01 4.2172e-01 1.4356e-01
6282.54 1.6009e-08 1.5862e-03 3.9704e-01 4.4392e-01 1.5745e-01
6666.30 1.3186e-08 1.4276e-03 3.8317e-01 4.5170e-01 1.6370e-01
7073.50 1.2455e-08 1.3916e-03 3.7081e-01 4.5782e-01 1.6997e-01
7505.58 1.0982e-08 1.2809e-03 3.5292e-01 4.6323e-01 1.8257e-01
7964.05 1.4886e-08 1.6477e-03 3.5716e-01 4.5373e-01 1.8746e-01
8450.53 3.3460e-08 2.8990e-03 3.7575e-01 4.4047e-01 1.8088e-01
8966.72 9.1500e-08 6.1341e-03 3.9934e-01 4.1977e-01 1.7475e-01
9514.44 2.4282e-07 1.2225e-02 4.0895e-01 4.0887e-01 1.6995e-01
10095.62 7.4249e-07 2.3800e-02 4.2583e-01 3.8984e-01 1.6053e-01
10712.30 1.6211e-06 3.6792e-02 4.3981e-01 3.7355e-01 1.4984e-01
11366.65 2.5695e-06 4.2864e-02 4.5580e-01 3.6109e-01 1.4024e-01
12061.10 4.1381e-06 6.1450e-02 4.3759e-01 3.5797e-01 1.4299e-01
12793.43 4.6232e-06 6.2929e-02 4.3594e-01 3.5730e-01 1.4382e-01
13528.61 4.8676e-06 5.9487e-02 4.2830e-01 3.6280e-01 1.4941e-01
14194.74 3.4438e-06 4.7564e-02 4.2083e-01 3.7340e-01 1.5820e-01
14757.77 3.5294e-06 4.5031e-02 4.1401e-01 3.7853e-01 1.6243e-01
15240.48 3.7520e-06 5.1098e-02 4.5827e-01 3.5402e-01 1.3661e-01
15646.99 7.1828e-06 7.0919e-02 5.2586e-01 3.1135e-01 9.1869e-02
15960.30 1.1031e-05 7.3986e-02 6.1976e-01 2.5159e-01 5.4655e-02
16187.41 1.6875e-05 9.6665e-02 6.3296e-01 2.2568e-01 4.4678e-02
16354.17 1.1052e-05 7.3220e-02 6.4456e-01 2.3863e-01 4.3580e-02
16484.18 6.3545e-06 5.1853e-02 6.2131e-01 2.7801e-01 4.8821e-02
16593.12 5.1897e-06 4.2190e-02 6.2711e-01 2.7457e-01 5.6134e-02
16691.99 2.8869e-06 4.5037e-02 5.9443e-01 2.9494e-01 6.5585e-02
16788.59 3.6406e-06 2.7860e-02 6.1640e-01 2.9268e-01 6.3049e-02
16888.37 1.7173e-06 2.1894e-02 5.0633e-01 3.9485e-01 7.6926e-02
16998.79 1.1059e-06 1.8499e-02 5.3301e-01 3.6553e-01 8.2961e-02
17146.37 4.8603e-07 1.4800e-02 5.2596e-01 3.6967e-01 8.9573e-02
17415.23 2.1809e-07 8.8267e-03 4.0832e-01 4.7642e-01 1.0643e-01
17888.12 8.5625e-08 4.4601e-03 3.5938e-01 5.0226e-01 1.3391e-01
18532.37 3.3817e-08 2.8732e-03 3.0691e-01 5.3377e-01 1.5645e-01
19260.76 2.1720e-08 1.7547e-03 2.5034e-01 5.6044e-01 1.8747e-01
20034.10 2.7438e-08 2.3869e-03 2.5332e-01 5.1745e-01 2.2684e-01
20838.00 3.6295e-08 2.3050e-03 2.1478e-01 5.1592e-01 2.6699e-01
21647.97 1.3282e-08 6.9638e-04 1.5756e-01 5.4903e-01 2.9271e-01
22447.94 4.1211e-08 2.2913e-03 2.3299e-01 4.5191e-01 3.1281e-01
23245.88 3.5296e-08 2.0814e-03 1.5790e-01 4.7554e-01 3.6447e-01
24052.47 2.5449e-08 1.7945e-03 1.0192e-01 4.3523e-01 4.6105e-01
24867.72 9.9628e-08 8.6532e-03 1.1129e-01 3.8627e-01 4.9379e-01
25698.86 1.1383e-08 1.1922e-03 7.0747e-02 3.9891e-01 5.2916e-01
26587.16 7.9001e-09 1.0100e-03 7.2690e-02 3.4577e-01 5.8053e-01
27637.54 3.5623e-09 4.4879e-04 5.0030e-02 2.8420e-01 6.6532e-01
28986.97 2.1305e-08 2.1017e-03 3.5003e-02 2.4696e-01 7.1593e-01
#TIME: 233.01
#NVEL 78
#vel_mid[km/s] fe0 fe1 fe2 fe3 fe4
1060.83 3.1848e-04 5.7189e-01 3.2611e-01 8.7010e-02 1.4681e-02
1919.29 7.8848e-04 5.9071e-01 3.0989e-01 8.4617e-02 1.3996e-02
2581.60 1.2780e-04 4.4143e-01 4.0975e-01 1.2441e-01 2.4280e-02
3084.17 5.1816e-05 2.6214e-01 5.1387e-01 1.8322e-01 4.0715e-02
3472.46 1.6570e-05 1.2783e-01 5.6969e-01 2.4262e-01 5.9842e-02
3909.64 6.1492e-06 7.4617e-02 5.4533e-01 2.9637e-01 8.3680e-02
