#NTIMES:    67
#NSTAGES:     5
#TIMES[d]:     0.550    0.605    0.733    0.806    0.887    0.976    1.074    1.181    1.300    1.430    1.573    1.730    1.900    2.090    2.300    2.530    2.783    3.061    3.367    3.704    4.074    4.481    4.929    5.422    5.964    6.560    7.216    7.938    8.732    9.600   10.560   11.620   12.780   14.060   15.470   17.020   18.720   20.590   22.650   24.910   27.400   30.140   33.150   36.460   40.110   44.120   48.530   53.380   58.720   64.590   71.050   78.160   86.000   94.600  104.100  114.500  126.000  138.600  152.500  167.800  184.600  203.100  223.400  245.800  270.400  297.400  320.000
#
#TIME:     0.550
#NVEL: 115
#vel_mid[km/s]           o0           o1           o2           o3           o4
    8.484663E+02   3.3810E-023   5.7907E-016   1.0729E-009   2.9017E-004   9.9971E-001
    8.542546E+02   3.3810E-023   5.7907E-016   1.0729E-009   2.9017E-004   9.9971E-001
    8.718573E+02   3.3810E-023   5.7907E-016   1.0729E-009   2.9017E-004   9.9971E-001
    9.081584E+02   3.3811E-023   5.7908E-016   1.0729E-009   2.9018E-004   9.9971E-001
    9.674554E+02   3.3813E-023   5.7912E-016   1.0730E-009   2.9018E-004   9.9971E-001
    1.028597E+03   3.3832E-023   5.7938E-016   1.0733E-009   2.9024E-004   9.9971E-001
    1.093605E+03   3.3899E-023   5.8058E-016   1.0755E-009   2.9060E-004   9.9971E-001
    1.162722E+03   3.3912E-023   5.8131E-016   1.0776E-009   2.9099E-004   9.9971E-001
    1.236207E+03   3.3099E-023   5.6905E-016   1.0587E-009   2.8807E-004   9.9971E-001
    1.314336E+03   2.6388E-023   4.6380E-016   8.8871E-010   2.6037E-004   9.9974E-001
    1.397402E+03   4.2490E-024   9.9930E-017   2.6571E-010   1.3360E-004   9.9987E-001
    1.485719E+03   9.0954E-025   2.7577E-017   9.7671E-011   7.7383E-005   9.9992E-001
    1.579618E+03   8.2471E-025   2.5395E-017   9.1571E-011   7.4716E-005   9.9993E-001
    1.679450E+03   3.4691E-025   1.2425E-017   5.3107E-011   5.5828E-005   9.9994E-001
    1.785593E+03   1.1091E-025   4.8805E-018   2.6298E-011   3.8578E-005   9.9996E-001
    1.898443E+03   4.7166E-026   2.4668E-018   1.6036E-011   2.9926E-005   9.9997E-001
    2.018426E+03   1.7299E-026   1.0915E-018   8.7797E-012   2.2021E-005   9.9998E-001
    2.145992E+03   6.7191E-027   5.1293E-019   5.0950E-012   1.6780E-005   9.9998E-001
    2.281620E+03   2.4741E-027   2.2971E-019   2.8497E-012   1.2625E-005   9.9999E-001
    2.425820E+03   9.9301E-028   1.1119E-019   1.7004E-012   9.8425E-006   9.9999E-001
    2.579133E+03   5.0986E-028   6.5673E-020   1.1730E-012   8.2440E-006   9.9999E-001
    2.742135E+03   3.3505E-028   4.7513E-020   9.3920E-013   7.4008E-006   9.9999E-001
    2.915440E+03   2.9835E-028   4.4126E-020   9.0279E-013   7.2222E-006   9.9999E-001
    3.099698E+03   3.8064E-028   5.5183E-020   1.0817E-012   7.8145E-006   9.9999E-001
    3.295601E+03   8.9287E-028   1.1285E-019   1.8566E-012   1.0132E-005   9.9999E-001
    3.503885E+03   4.8859E-027   4.7840E-019   5.6996E-012   1.8032E-005   9.9998E-001
    3.725332E+03   4.1229E-026   2.6446E-018   1.9953E-011   3.4720E-005   9.9997E-001
    3.960775E+03   1.4453E-025   6.7478E-018   3.7096E-011   4.7282E-005   9.9995E-001
    4.211099E+03   6.4245E-024   2.1517E-016   7.3647E-010   2.6581E-004   9.9973E-001
    4.477243E+03   1.7754E-023   5.4828E-016   1.6556E-009   4.2560E-004   9.9957E-001
    4.760207E+03   1.7558E-023   5.6526E-016   1.7603E-009   4.4524E-004   9.9955E-001
    5.061055E+03   9.1101E-024   3.3048E-016   1.1741E-009   3.5764E-004   9.9964E-001
    5.380917E+03   5.1551E-024   2.0807E-016   8.3036E-010   2.9678E-004   9.9970E-001
    5.720994E+03   4.2128E-024   1.8109E-016   7.6709E-010   2.8659E-004   9.9971E-001
    6.082565E+03   4.2238E-024   1.8478E-016   7.9270E-010   2.9333E-004   9.9971E-001
    6.466986E+03   6.9571E-024   2.9157E-016   1.1712E-009   3.6755E-004   9.9963E-001
    6.875704E+03   1.4854E-023   5.8321E-016   2.1139E-009   5.1656E-004   9.9948E-001
    7.310253E+03   3.5227E-023   1.2587E-015   3.9881E-009   7.4065E-004   9.9926E-001
    7.772265E+03   1.0967E-022   3.5100E-015   9.3515E-009   1.2039E-003   9.9880E-001
    8.263477E+03   5.3283E-022   1.4346E-014   2.9367E-008   2.2962E-003   9.9770E-001
    8.785734E+03   2.3131E-020   4.3917E-013   4.7545E-007   1.1109E-002   9.8889E-001
    9.340997E+03   2.9715E-016   2.2101E-009   3.6843E-004   3.8804E-001   6.1159E-001
    9.929841E+03   6.2389E-011   9.2319E-005   3.1384E-001   6.8580E-001   2.6405E-004
    1.041447E+04   8.7479E-008   2.3708E-002   9.7459E-001   1.7040E-003   2.9872E-011
    1.083674E+04   2.4264E-005   8.0766E-001   1.9232E-001   8.9244E-008   1.3812E-020
    1.136786E+04   5.0128E-003   9.9499E-001   1.4109E-006   4.8332E-021   5.6233E-045
    1.167027E+04   2.5186E-002   9.7481E-001   5.4048E-008   1.5971E-024   1.5085E-051
    1.185735E+04   5.3750E-002   9.4625E-001   1.0664E-008   3.0142E-026   1.1576E-054
    1.198132E+04   1.7444E-001   8.2556E-001   2.1291E-010   1.3907E-030   1.2122E-062
    1.207995E+04   3.9676E-001   6.0324E-001   4.3972E-012   8.5633E-035   7.5902E-065
    1.216774E+04   5.5506E-001   4.4494E-001   3.8020E-013   2.1682E-037   7.9258E-066
    1.225420E+04   7.0776E-001   2.9224E-001   2.8178E-014   4.4780E-040   7.3466E-067
    1.234075E+04   8.2716E-001   1.7284E-001   1.8624E-015   8.2436E-043   6.0510E-068
    1.244043E+04   8.9566E-001   1.0434E-001   1.7523E-016   3.7452E-045   6.6727E-069
    1.256653E+04   9.2132E-001   7.8679E-002   4.4548E-017   1.5727E-046   1.8390E-069
    1.291944E+04   9.0087E-001   9.9135E-002   6.9478E-017   2.9273E-046   2.9032E-069
    1.356464E+04   7.4502E-001   2.5498E-001   2.3145E-015   4.6870E-043   8.1643E-068
    1.414194E+04   6.4279E-001   3.5721E-001   7.6523E-015   5.1602E-042   2.6202E-067
    1.463678E+04   6.9254E-001   3.0746E-001   2.1161E-015   1.9871E-043   8.5700E-068
    1.515385E+04   7.4662E-001   2.5338E-001   6.2716E-016   1.0723E-044   2.9972E-068
    1.570238E+04   8.4311E-001   1.5689E-001   5.7264E-017   8.5181E-047   3.4544E-069
    1.628316E+04   9.5288E-001   4.7121E-002   2.9558E-019   3.5981E-052   2.1905E-071
    1.695591E+04   9.8631E-001   1.3689E-002   3.0926E-021   1.5023E-053   2.6740E-073
    1.773545E+04   9.9542E-001   4.5839E-003   4.1724E-023   6.5539E-054   4.7511E-075
    1.852426E+04   9.9778E-001   2.2208E-003   1.4101E-024   4.0381E-054   2.0612E-076
    1.933673E+04   9.9861E-001   1.3858E-003   2.1682E-025   3.1366E-054   4.0007E-077
    2.006825E+04   9.9856E-001   1.4372E-003   2.6013E-025   3.0189E-054   4.5490E-077
    2.082304E+04   9.9834E-001   1.6618E-003   6.6675E-025   3.1338E-054   1.0583E-076
    2.162788E+04   9.9849E-001   1.5149E-003   8.7848E-025   3.0388E-054   1.4862E-076
    2.248295E+04   9.9786E-001   2.1373E-003   2.8302E-024   3.6136E-054   4.0517E-076
    2.340334E+04   9.9798E-001   2.0233E-003   3.0569E-024   3.6141E-054   4.6259E-076
    2.427003E+04   9.9712E-001   2.8843E-003   6.8106E-024   4.4142E-054   8.8520E-076
    2.528269E+04   9.9657E-001   3.4297E-003   9.4990E-024   4.9532E-054   1.1672E-075
    2.627013E+04   9.9678E-001   3.2248E-003   8.5768E-024   4.8179E-054   1.0912E-075
    2.723040E+04   9.9460E-001   5.4041E-003   2.0310E-023   6.7550E-054   2.1696E-075
    2.827004E+04   9.9306E-001   6.9355E-003   2.9317E-023   8.0727E-054   2.9257E-075
    2.934273E+04   9.8961E-001   1.0385E-002   5.5705E-023   1.0909E-053   5.0384E-075
    3.052012E+04   9.8517E-001   1.4831E-002   9.8760E-023   1.4459E-053   8.3270E-075
    3.176086E+04   9.8094E-001   1.9059E-002   1.5042E-022   1.7820E-053   1.2209E-074
    3.295538E+04   9.7903E-001   2.0970E-002   1.7713E-022   1.9410E-053   1.4270E-074
    3.403161E+04   9.7643E-001   2.3568E-002   2.2294E-022   2.1488E-053   1.7736E-074
    3.500379E+04   9.7186E-001   2.8136E-002   3.2789E-022   2.4992E-053   2.5477E-074
    3.593430E+04   9.6659E-001   3.3408E-002   5.0443E-022   2.8952E-053   3.8319E-074
    3.686142E+04   9.6203E-001   3.7971E-002   7.5618E-022   3.2358E-053   5.6545E-074
    3.781660E+04   9.5908E-001   4.0923E-002   1.0696E-021   3.4621E-053   7.9343E-074
    3.881204E+04   9.5812E-001   4.1883E-002   1.3903E-021   3.5522E-053   1.0306E-073
    3.984228E+04   9.5837E-001   4.1634E-002   1.7132E-021   3.5648E-053   1.2742E-073
    4.090108E+04   9.5917E-001   4.0828E-002   2.0375E-021   3.5467E-053   1.5228E-073
    4.198933E+04   9.6020E-001   3.9802E-002   2.3444E-021   3.5198E-053   1.7616E-073
    4.310952E+04   9.6123E-001   3.8765E-002   2.6154E-021   3.4974E-053   1.9761E-073
    4.426353E+04   9.6212E-001   3.7881E-002   2.8437E-021   3.4899E-053   2.1622E-073
    4.545322E+04   9.6262E-001   3.7379E-002   3.0528E-021   3.5135E-053   2.3386E-073
    4.667980E+04   9.6251E-001   3.7487E-002   3.2855E-021   3.5849E-053   2.5380E-073
    4.794258E+04   9.6181E-001   3.8188E-002   3.5550E-021   3.7017E-053   2.7701E-073
    4.924062E+04   9.6066E-001   3.9337E-002   3.8533E-021   3.8521E-053   3.0280E-073
    5.057272E+04   9.5915E-001   4.0852E-002   4.1820E-021   4.0308E-053   3.3123E-073
    5.193717E+04   9.5742E-001   4.2580E-002   4.5277E-021   4.2294E-053   3.6148E-073
    5.333235E+04   9.5576E-001   4.4238E-002   4.8445E-021   4.4302E-053   3.9066E-073
    5.475676E+04   9.5443E-001   4.5570E-002   5.0841E-021   4.6199E-053   4.1600E-073
    5.620758E+04   9.5357E-001   4.6432E-002   5.2171E-021   4.7943E-053   4.3613E-073
    5.768166E+04   9.5323E-001   4.6772E-002   5.2324E-021   4.9559E-053   4.5087E-073
    5.917412E+04   9.5334E-001   4.6663E-002   5.1461E-021   5.1214E-053   4.6213E-073
    6.067730E+04   9.5385E-001   4.6154E-002   4.9700E-021   5.3126E-053   4.7172E-073
    6.217708E+04   9.5474E-001   4.5259E-002   4.7087E-021   5.5526E-053   4.8071E-073
    6.366086E+04   9.5596E-001   4.4038E-002   4.3781E-021   5.8683E-053   4.9047E-073
    6.510379E+04   9.5744E-001   4.2558E-002   3.9989E-021   6.2780E-053   5.0133E-073
    6.648389E+04   9.5900E-001   4.0999E-002   3.6116E-021   6.7965E-053   5.1447E-073
    6.776932E+04   9.6074E-001   3.9257E-002   3.2121E-021   7.3815E-053   5.2457E-073
    6.895129E+04   9.6357E-001   3.6426E-002   2.6743E-021   7.7843E-053   5.0134E-073
    6.949055E+04   9.6747E-001   3.2526E-002   2.1021E-021   7.4036E-053   4.2176E-073
    6.976176E+04   9.7015E-001   2.9850E-002   1.6956E-021   7.0159E-053   3.5221E-073
    6.989776E+04   9.7292E-001   2.7081E-002   1.3312E-021   6.4734E-053   2.8164E-073
    6.996586E+04   9.7502E-001   2.4978E-002   1.0771E-021   6.0232E-053   2.3008E-073
    6.999823E+04   9.7638E-001   2.3624E-002   9.1690E-022   5.7254E-053   1.9696E-073
    6.999993E+04   9.7676E-001   2.3236E-002   8.9087E-022   5.6341E-053   1.9147E-073
#TIME:     0.605
#NVEL: 115
#vel_mid[km/s]           o0           o1           o2           o3           o4
    8.484664E+02   3.6552E-023   6.8065E-016   1.3410E-009   3.3791E-004   9.9966E-001
    8.543246E+02   3.6552E-023   6.8065E-016   1.3410E-009   3.3791E-004   9.9966E-001
    8.721432E+02   3.6552E-023   6.8065E-016   1.3410E-009   3.3791E-004   9.9966E-001
    9.089031E+02   3.6553E-023   6.8067E-016   1.3410E-009   3.3791E-004   9.9966E-001
    9.682894E+02   3.6559E-023   6.8076E-016   1.3412E-009   3.3793E-004   9.9966E-001
    1.029084E+03   3.6599E-023   6.8138E-016   1.3421E-009   3.3807E-004   9.9966E-001
    1.093701E+03   3.6651E-023   6.8250E-016   1.3444E-009   3.3844E-004   9.9966E-001
    1.162375E+03   3.6428E-023   6.7968E-016   1.3414E-009   3.3811E-004   9.9966E-001
    1.235362E+03   3.4352E-023   6.4637E-016   1.2882E-009   3.3053E-004   9.9967E-001
    1.312931E+03   2.3983E-023   4.7088E-016   9.8936E-010   2.8430E-004   9.9972E-001
    1.395371E+03   3.9946E-024   1.0358E-016   2.9814E-010   1.4600E-004   9.9985E-001
    1.482988E+03   9.0219E-025   2.9684E-017   1.1179E-010   8.5050E-005   9.9991E-001
    1.576106E+03   7.2116E-025   2.4630E-017   9.6733E-011   7.8599E-005   9.9992E-001
    1.675071E+03   3.0458E-025   1.2059E-017   5.5878E-011   5.8411E-005   9.9994E-001
    1.780251E+03   9.6373E-026   4.6802E-018   2.7256E-011   3.9835E-005   9.9996E-001
    1.892034E+03   3.9378E-026   2.2854E-018   1.6144E-011   3.0336E-005   9.9997E-001
    2.010837E+03   1.4254E-026   9.9804E-019   8.7110E-012   2.2037E-005   9.9998E-001
    2.137099E+03   5.3587E-027   4.5576E-019   4.9303E-012   1.6507E-005   9.9998E-001
    2.271289E+03   1.9234E-027   1.9954E-019   2.7013E-012   1.2224E-005   9.9999E-001
    2.413905E+03   7.5284E-028   9.4454E-020   1.5806E-012   9.3977E-006   9.9999E-001
    2.565477E+03   3.7532E-028   5.4417E-020   1.0687E-012   7.7735E-006   9.9999E-001
    2.726565E+03   2.4021E-028   3.8507E-020   8.4128E-013   6.9166E-006   9.9999E-001
    2.897769E+03   2.1202E-028   3.5493E-020   8.0444E-013   6.7430E-006   9.9999E-001
    3.079722E+03   2.6385E-028   4.3529E-020   9.5223E-013   7.2822E-006   9.9999E-001
    3.273101E+03   6.0572E-028   8.7539E-020   1.6196E-012   9.4576E-006   9.9999E-001
    3.478622E+03   2.8641E-027   3.3292E-019   4.6507E-012   1.6431E-005   9.9998E-001
    3.697048E+03   3.0119E-026   2.2235E-018   1.8990E-011   3.4554E-005   9.9997E-001
    3.929188E+03   1.3198E-025   6.8026E-018   4.0456E-011   5.0606E-005   9.9995E-001
    4.175906E+03   3.4563E-024   1.3772E-016   5.5826E-010   2.3311E-004   9.9977E-001
    4.438115E+03   2.1720E-023   7.2477E-016   2.2797E-009   5.2348E-004   9.9948E-001
    4.716788E+03   2.5808E-023   8.7954E-016   2.7702E-009   5.9058E-004   9.9941E-001
    5.012959E+03   1.4810E-023   5.6013E-016   1.9791E-009   4.9301E-004   9.9951E-001
    5.327727E+03   8.1182E-024   3.4215E-016   1.3644E-009   4.0317E-004   9.9960E-001
    5.662260E+03   6.3422E-024   2.8656E-016   1.2222E-009   3.8267E-004   9.9962E-001
    6.017798E+03   6.0986E-024   2.8276E-016   1.2316E-009   3.8639E-004   9.9961E-001
    6.395661E+03   9.5943E-024   4.2967E-016   1.7638E-009   4.7564E-004   9.9952E-001
    6.797251E+03   2.0482E-023   8.6445E-016   3.2009E-009   6.7077E-004   9.9933E-001
    7.224056E+03   4.9840E-023   1.9231E-015   6.2014E-009   9.7705E-004   9.9902E-001
    7.677661E+03   1.5426E-022   5.3695E-015   1.4536E-008   1.5880E-003   9.9841E-001
    8.159748E+03   7.1587E-022   2.1241E-014   4.4394E-008   2.9831E-003   9.9702E-001
    8.672106E+03   1.9348E-020   4.3077E-013   5.1415E-007   1.1962E-002   9.8804E-001
    9.216636E+03   7.0753E-017   7.1945E-010   1.7343E-004   2.8119E-001   7.1864E-001
    9.793140E+03   6.0046E-012   1.4682E-005   1.1866E-001   8.7968E-001   1.6412E-003
    1.026683E+04   1.5092E-008   7.5381E-003   9.8302E-001   9.4464E-003   1.6494E-009
    1.070804E+04   9.9969E-006   5.8997E-001   4.1002E-001   9.1469E-007   1.1868E-018
    1.120152E+04   1.3191E-003   9.9866E-001   2.2985E-005   5.0444E-018   9.3040E-040
    1.159423E+04   2.4661E-002   9.7534E-001   3.0861E-008   3.0162E-025   5.0733E-053
    1.180243E+04   5.8599E-002   9.4140E-001   5.3228E-009   4.3191E-027   2.5274E-056
    1.192916E+04   1.3004E-001   8.6996E-001   4.6259E-010   8.8435E-030   2.5952E-061
    1.202084E+04   2.9149E-001   7.0851E-001   1.6727E-011   2.0256E-033   2.5881E-064
    1.209768E+04   4.7328E-001   5.2672E-001   9.6656E-013   1.7697E-036   1.8123E-065
    1.216841E+04   6.0638E-001   3.9362E-001   1.1840E-013   1.1033E-038   2.6338E-066
    1.223949E+04   7.3536E-001   2.6464E-001   1.1515E-014   4.5064E-041   3.1280E-067
    1.231406E+04   8.3438E-001   1.6562E-001   1.0630E-015   1.8251E-043   3.4869E-068
    1.239842E+04   8.9363E-001   1.0637E-001   1.3411E-016   1.6212E-045   5.0475E-069
    1.256481E+04   9.3278E-001   6.7216E-002   1.5652E-017   1.1745E-047   6.6378E-070
    1.321135E+04   8.8411E-001   1.1589E-001   6.1163E-017   1.2737E-046   2.6120E-069
    1.378971E+04   7.8432E-001   2.1568E-001   5.2847E-016   1.0637E-044   2.0905E-068
    1.426236E+04   7.7236E-001   2.2764E-001   4.2727E-016   4.9356E-045   1.8251E-068
    1.471893E+04   8.3373E-001   1.6627E-001   6.6939E-017   6.1909E-047   3.4690E-069
    1.520339E+04   9.0651E-001   9.3494E-002   4.7945E-018   5.8714E-049   3.0885E-070
    1.569984E+04   9.6399E-001   3.6015E-002   1.0255E-019   6.6852E-051   8.1837E-072
    1.625603E+04   9.8871E-001   1.1288E-002   8.6192E-022   1.3247E-053   7.9560E-074
    1.692188E+04   9.9689E-001   3.1055E-003   6.4228E-024   4.9313E-054   8.1358E-076
    1.755155E+04   9.9884E-001   1.1604E-003   1.2259E-025   2.7452E-054   2.3436E-077
    1.815678E+04   9.9937E-001   6.2640E-004   7.2396E-027   2.0163E-054   1.9061E-078
    1.877630E+04   9.9962E-001   3.7986E-004   8.0442E-028   1.6228E-054   2.8495E-079
    1.943029E+04   9.9975E-001   2.4553E-004   2.2274E-028   1.3875E-054   1.0571E-079
    2.010428E+04   9.9974E-001   2.6385E-004   4.1439E-028   1.3603E-054   1.8105E-079
    2.090850E+04   9.9969E-001   3.0905E-004   1.6220E-027   1.3799E-054   6.1606E-079
    2.182676E+04   9.9970E-001   2.9953E-004   3.3416E-027   1.3456E-054   1.2795E-078
    2.283367E+04   9.9959E-001   4.1279E-004   1.3142E-026   1.4628E-054   3.9799E-078
    2.394324E+04   9.9948E-001   5.2317E-004   3.0074E-026   1.5935E-054   7.8477E-078
    2.516734E+04   9.9920E-001   7.9980E-004   7.6396E-026   1.9220E-054   1.5803E-077
    2.638649E+04   9.9917E-001   8.2825E-004   8.6364E-026   1.9672E-054   1.7696E-077
    2.758311E+04   9.9822E-001   1.7797E-003   3.2825E-025   3.0481E-054   4.8722E-077
    2.884269E+04   9.9702E-001   2.9764E-003   7.6310E-025   4.2886E-054   9.5595E-077
    3.014497E+04   9.9439E-001   5.6105E-003   2.2272E-024   6.7765E-054   2.3460E-076
    3.148085E+04   9.9104E-001   8.9634E-003   5.0084E-024   9.7349E-054   4.7567E-076
    3.276289E+04   9.8876E-001   1.1239E-002   7.6339E-024   1.1682E-053   6.9592E-076
    3.391810E+04   9.8608E-001   1.3918E-002   1.1832E-023   1.3896E-053   1.0385E-075
    3.495083E+04   9.8129E-001   1.8708E-002   2.3123E-023   1.7682E-053   1.9265E-075
    3.592850E+04   9.7500E-001   2.4997E-002   4.9792E-023   2.2434E-053   3.9493E-075
    3.688885E+04   9.6880E-001   3.1202E-002   1.0529E-022   2.6916E-053   8.0412E-075
    3.786912E+04   9.6409E-001   3.5908E-002   2.0653E-022   3.0191E-053   1.5373E-074
    3.888044E+04   9.6168E-001   3.8317E-002   3.5885E-022   3.1845E-053   2.6322E-074
    3.991994E+04   9.6084E-001   3.9161E-002   5.7422E-022   3.2497E-053   4.1755E-074
    4.098383E+04   9.6087E-001   3.9128E-002   8.6060E-022   3.2672E-053   6.2219E-074
    4.207443E+04   9.6137E-001   3.8628E-002   1.2062E-021   3.2669E-053   8.6819E-074
    4.319619E+04   9.6205E-001   3.7952E-002   1.5845E-021   3.2698E-053   1.1367E-073
    4.435339E+04   9.6267E-001   3.7326E-002   1.9663E-021   3.2917E-053   1.4090E-073
    4.555005E+04   9.6298E-001   3.7024E-002   2.3439E-021   3.3500E-053   1.6842E-073
    4.678738E+04   9.6271E-001   3.7293E-002   2.7339E-021   3.4585E-053   1.9795E-073
    4.806468E+04   9.6188E-001   3.8120E-002   3.1398E-021   3.6108E-053   2.3020E-073
    4.937985E+04   9.6063E-001   3.9374E-002   3.5525E-021   3.7927E-053   2.6468E-073
    5.073002E+04   9.5903E-001   4.0972E-002   3.9728E-021   3.9974E-053   3.0128E-073
    5.211198E+04   9.5725E-001   4.2747E-002   4.3870E-021   4.2152E-053   3.3880E-073
    5.352349E+04   9.5559E-001   4.4406E-002   4.7500E-021   4.4287E-053   3.7399E-073
    5.496004E+04   9.5430E-001   4.5699E-002   5.0164E-021   4.6258E-053   4.0387E-073
    5.642085E+04   9.5350E-001   4.6498E-002   5.1622E-021   4.8044E-053   4.2724E-073
    5.789881E+04   9.5323E-001   4.6773E-002   5.1823E-021   4.9695E-053   4.4433E-073
    5.939226E+04   9.5339E-001   4.6606E-002   5.0967E-021   5.1400E-053   4.5748E-073
    6.088737E+04   9.5395E-001   4.6046E-002   4.9188E-021   5.3376E-053   4.6856E-073
    6.237825E+04   9.5489E-001   4.5109E-002   4.6550E-021   5.5866E-053   4.7882E-073
    6.383998E+04   9.5613E-001   4.3866E-002   4.3253E-021   5.9105E-053   4.8951E-073
    6.526223E+04   9.5761E-001   4.2385E-002   3.9502E-021   6.3290E-053   5.0119E-073
    6.660986E+04   9.5916E-001   4.0844E-002   3.5712E-021   6.8487E-053   5.1463E-073
    6.786444E+04   9.6091E-001   3.9093E-002   3.1750E-021   7.4225E-053   5.2369E-073
    6.899777E+04   9.6386E-001   3.6145E-002   2.6292E-021   7.7647E-053   4.9551E-073
    6.951321E+04   9.6767E-001   3.2330E-002   2.0705E-021   7.3780E-053   4.1648E-073
    6.977237E+04   9.7033E-001   2.9666E-002   1.6691E-021   6.9813E-053   3.4710E-073
    6.990232E+04   9.7305E-001   2.6954E-002   1.3146E-021   6.4463E-053   2.7823E-073
    6.996738E+04   9.7508E-001   2.4921E-002   1.0697E-021   6.0105E-053   2.2851E-073
    6.999830E+04   9.7638E-001   2.3616E-002   9.1572E-022   5.7232E-053   1.9666E-073
    6.999993E+04   9.7676E-001   2.3235E-002   8.9046E-022   5.6337E-053   1.9134E-073
#TIME:     0.733
#NVEL: 115
#vel_mid[km/s]           o0           o1           o2           o3           o4
    8.484664E+02   5.0041E-023   1.0948E-015   2.3953E-009   4.9565E-004   9.9950E-001
    8.528610E+02   5.0041E-023   1.0948E-015   2.3953E-009   4.9565E-004   9.9950E-001
    8.661820E+02   5.0041E-023   1.0948E-015   2.3954E-009   4.9565E-004   9.9950E-001
    8.934513E+02   5.0045E-023   1.0949E-015   2.3955E-009   4.9566E-004   9.9950E-001
    9.472405E+02   5.0059E-023   1.0951E-015   2.3959E-009   4.9572E-004   9.9950E-001
    1.007109E+03   5.0105E-023   1.0960E-015   2.3974E-009   4.9589E-004   9.9950E-001
    1.070759E+03   5.0155E-023   1.0972E-015   2.4000E-009   4.9622E-004   9.9950E-001
    1.138432E+03   4.9473E-023   1.0857E-015   2.3827E-009   4.9439E-004   9.9951E-001
    1.210381E+03   4.5590E-023   1.0128E-015   2.2546E-009   4.7940E-004   9.9952E-001
    1.286878E+03   3.0036E-023   7.0320E-016   1.6712E-009   4.0465E-004   9.9960E-001
    1.368209E+03   6.6017E-024   1.9169E-016   5.8683E-010   2.2500E-004   9.9977E-001
    1.454681E+03   1.3556E-024   4.9788E-017   1.9960E-010   1.2315E-004   9.9988E-001
    1.546618E+03   7.1622E-025   2.9092E-017   1.3064E-010   9.7368E-005   9.9990E-001
    1.644365E+03   3.2890E-025   1.5181E-017   7.8615E-011   7.3624E-005   9.9993E-001
    1.748290E+03   1.0308E-025   5.7910E-018   3.7309E-011   4.9010E-005   9.9995E-001
    1.858783E+03   3.7094E-026   2.5257E-018   2.0045E-011   3.5164E-005   9.9996E-001
    1.976259E+03   1.2833E-026   1.0596E-018   1.0408E-011   2.4792E-005   9.9998E-001
    2.101160E+03   4.4525E-027   4.4971E-019   5.5121E-012   1.7763E-005   9.9998E-001
    2.233954E+03   1.4749E-027   1.8380E-019   2.8454E-012   1.2611E-005   9.9999E-001
    2.375142E+03   5.3110E-028   8.0853E-020   1.5629E-012   9.2972E-006   9.9999E-001
    2.525252E+03   2.3884E-028   4.2742E-020   9.8742E-013   7.3845E-006   9.9999E-001
    2.684850E+03   1.4075E-028   2.8230E-020   7.3704E-013   6.3840E-006   9.9999E-001
    2.854534E+03   1.1778E-028   2.4899E-020   6.8263E-013   6.1417E-006   9.9999E-001
    3.034942E+03   1.3799E-028   2.9113E-020   7.8348E-013   6.5797E-006   9.9999E-001
    3.226752E+03   3.0411E-028   5.6784E-020   1.3125E-012   8.5777E-006   9.9999E-001
    3.430685E+03   1.1285E-027   1.8009E-019   3.3696E-012   1.4321E-005   9.9999E-001
    3.647506E+03   1.6595E-026   1.6208E-018   1.7750E-011   3.5024E-005   9.9996E-001
    3.878031E+03   1.1542E-025   7.3032E-018   5.1236E-011   6.0672E-005   9.9994E-001
    4.123125E+03   1.6357E-024   8.5922E-017   4.4901E-010   2.1632E-004   9.9978E-001
    4.383709E+03   3.4314E-023   1.3594E-015   4.6145E-009   8.2381E-004   9.9918E-001
    4.660762E+03   6.5223E-023   2.5182E-015   7.9136E-009   1.1292E-003   9.9887E-001
    4.955325E+03   4.7710E-023   1.9785E-015   6.6960E-009   1.0364E-003   9.9896E-001
    5.268505E+03   2.5982E-023   1.1948E-015   4.5695E-009   8.4232E-004   9.9916E-001
    5.601477E+03   1.9344E-023   9.6001E-016   3.9587E-009   7.8469E-004   9.9922E-001
    5.955494E+03   1.8194E-023   9.3275E-016   3.9471E-009   7.8810E-004   9.9921E-001
    6.331885E+03   2.8241E-023   1.4113E-015   5.6295E-009   9.6813E-004   9.9903E-001
    6.732064E+03   6.3698E-023   3.0235E-015   1.0744E-008   1.4058E-003   9.9859E-001
    7.157534E+03   1.7225E-022   7.5028E-015   2.2726E-008   2.1541E-003   9.9785E-001
    7.609895E+03   6.0051E-022   2.3689E-014   5.8581E-008   3.6971E-003   9.9630E-001
    8.090845E+03   3.1613E-021   1.0688E-013   1.9757E-007   7.3504E-003   9.9265E-001
    8.602191E+03   9.3151E-020   2.4294E-012   2.4671E-006   3.0718E-002   9.6928E-001
    9.145855E+03   2.0255E-016   2.6035E-009   5.3959E-004   4.9575E-001   5.0371E-001
    9.716757E+03   6.2358E-012   2.0507E-005   1.6067E-001   8.3851E-001   7.9925E-004
    1.017136E+04   9.5781E-009   6.7137E-003   9.8478E-001   8.5109E-003   1.0499E-009
    1.058976E+04   5.5657E-006   5.0778E-001   4.9221E-001   1.3812E-006   2.0096E-018
    1.103681E+04   4.4227E-004   9.9942E-001   1.4113E-004   3.7818E-016   1.8513E-036
    1.143091E+04   1.5057E-002   9.8494E-001   3.4368E-008   2.5361E-025   2.0960E-053
    1.169743E+04   7.0155E-002   9.2985E-001   1.2423E-009   7.4400E-029   8.5932E-060
    1.185375E+04   1.3822E-001   8.6178E-001   1.7815E-010   5.8849E-031   3.5238E-063
    1.195751E+04   2.5767E-001   7.4233E-001   1.6328E-011   1.4747E-033   2.4279E-064
    1.203767E+04   4.4292E-001   5.5708E-001   8.2225E-013   8.8502E-037   1.4778E-065
    1.210835E+04   6.2551E-001   3.7449E-001   4.6093E-014   8.3182E-040   1.0421E-066
    1.217533E+04   7.6062E-001   2.3938E-001   3.5114E-015   1.9289E-042   9.8445E-068
    1.224092E+04   8.4475E-001   1.5525E-001   3.9867E-016   1.2668E-044   1.3183E-068
    1.231061E+04   8.9607E-001   1.0393E-001   6.1508E-017   1.7849E-046   2.2913E-069
    1.238832E+04   9.2755E-001   7.2447E-002   1.2246E-017   4.6167E-048   4.9670E-070
    1.249177E+04   9.4947E-001   5.0533E-002   2.4951E-018   1.2627E-049   1.0860E-070
    1.273320E+04   9.6889E-001   3.1106E-002   2.7187E-019   8.1872E-052   1.2962E-071
    1.314431E+04   9.7931E-001   2.0691E-002   3.6180E-020   3.6909E-053   1.9068E-072
    1.356973E+04   9.8640E-001   1.3604E-002   5.3308E-021   7.3366E-053   3.1415E-073
    1.397745E+04   9.9284E-001   7.1640E-003   7.2630E-022   5.8354E-053   4.9249E-074
    1.437971E+04   9.9691E-001   3.0942E-003   7.9895E-023   1.0578E-053   6.2137E-075
    1.481384E+04   9.9889E-001   1.1131E-003   3.8382E-024   1.4077E-054   3.4689E-076
    1.527443E+04   9.9966E-001   3.3521E-004   1.0035E-025   4.3344E-055   1.0919E-077
    1.573281E+04   9.9988E-001   1.1648E-004   3.1349E-027   1.8323E-055   4.2083E-079
    1.619433E+04   9.9995E-001   5.4250E-005   1.2916E-028   1.0915E-055   2.2280E-080
    1.667669E+04   9.9997E-001   2.6232E-005   5.7647E-030   7.3067E-056   1.3820E-081
    1.717287E+04   9.9999E-001   1.3896E-005   3.7747E-031   5.8842E-056   1.3819E-082
    1.768426E+04   9.9999E-001   1.0684E-005   4.6748E-032   7.3010E-056   2.7672E-083
    1.825695E+04   9.9999E-001   1.1195E-005   1.1249E-032   1.2217E-055   1.0610E-083
    1.899553E+04   9.9999E-001   1.0704E-005   2.5478E-033   1.8843E-055   3.8806E-084
    1.999671E+04   9.9999E-001   1.4864E-005   9.0323E-033   2.8487E-055   1.4984E-083
    2.125276E+04   9.9997E-001   2.5977E-005   1.5034E-031   3.3615E-055   1.6954E-082
    2.259595E+04   9.9996E-001   3.6720E-005   9.9958E-031   3.5253E-055   8.4034E-082
    2.402403E+04   9.9993E-001   6.5631E-005   6.5003E-030   4.0924E-055   3.5642E-081
    2.554236E+04   9.9988E-001   1.2115E-004   2.8098E-029   5.1459E-055   1.0523E-080
    2.715756E+04   9.9980E-001   2.0014E-004   7.9584E-029   6.6265E-055   2.3289E-080
    2.877497E+04   9.9935E-001   6.4912E-004   8.1910E-028   1.3106E-054   1.4608E-079
    3.035869E+04   9.9834E-001   1.6558E-003   4.8409E-027   2.5212E-054   6.5116E-079
    3.187471E+04   9.9675E-001   3.2468E-003   1.8034E-026   4.1818E-054   2.0545E-078
    3.324789E+04   9.9522E-001   4.7799E-003   4.1281E-026   5.6312E-054   4.3086E-078
    3.445101E+04   9.9247E-001   7.5295E-003   1.1974E-025   8.0309E-054   1.1332E-077
    3.554577E+04   9.8742E-001   1.2577E-002   4.7475E-025   1.2063E-053   4.0422E-077
    3.658462E+04   9.8037E-001   1.9628E-002   2.0153E-024   1.7193E-053   1.5688E-076
    3.762248E+04   9.7339E-001   2.6614E-002   7.9209E-024   2.1860E-053   5.7639E-076
    3.867668E+04   9.6835E-001   3.1652E-002   2.5490E-023   2.4982E-053   1.7718E-075
    3.975213E+04   9.6539E-001   3.4606E-002   6.9542E-023   2.6714E-053   4.6817E-075
    4.084453E+04   9.6391E-001   3.6091E-002   1.6560E-022   2.7616E-053   1.0889E-074
    4.195824E+04   9.6338E-001   3.6620E-002   3.4354E-022   2.8105E-053   2.2183E-074
    4.309818E+04   9.6338E-001   3.6618E-002   6.1816E-022   2.8508E-053   3.9302E-074
    4.426979E+04   9.6358E-001   3.6424E-002   9.8778E-022   2.9086E-053   6.2044E-074
    4.547749E+04   9.6361E-001   3.6393E-002   1.4279E-021   3.0080E-053   8.8988E-074
    4.672340E+04   9.6316E-001   3.6835E-002   1.9249E-021   3.1643E-053   1.1998E-073
    4.800748E+04   9.6222E-001   3.7782E-002   2.4591E-021   3.3692E-053   1.5508E-073
    4.932825E+04   9.6088E-001   3.9119E-002   3.0038E-021   3.6033E-053   1.9421E-073
    5.068335E+04   9.5922E-001   4.0778E-002   3.5446E-021   3.8542E-053   2.3738E-073
    5.207013E+04   9.5740E-001   4.2602E-002   4.0622E-021   4.1098E-053   2.8335E-073
    5.348629E+04   9.5570E-001   4.4304E-002   4.5113E-021   4.3526E-053   3.2822E-073
    5.492827E+04   9.5437E-001   4.5632E-002   4.8471E-021   4.5715E-053   3.6778E-073
    5.639439E+04   9.5354E-001   4.6459E-002   5.0458E-021   4.7657E-053   3.9982E-073
    5.787868E+04   9.5325E-001   4.6753E-002   5.1044E-021   4.9420E-053   4.2414E-073
    5.937786E+04   9.5340E-001   4.6596E-002   5.0454E-021   5.1205E-053   4.4302E-073
    6.087934E+04   9.5396E-001   4.6040E-002   4.8851E-021   5.3240E-053   4.5851E-073
    6.237552E+04   9.5490E-001   4.5104E-002   4.6326E-021   5.5775E-053   4.7204E-073
    6.384322E+04   9.5614E-001   4.3858E-002   4.3095E-021   5.9054E-053   4.8507E-073
    6.526864E+04   9.5763E-001   4.2375E-002   3.9386E-021   6.3271E-053   4.9836E-073
    6.661842E+04   9.5917E-001   4.0831E-002   3.5621E-021   6.8495E-053   5.1284E-073
    6.787517E+04   9.6093E-001   3.9070E-002   3.1663E-021   7.4247E-053   5.2241E-073
    6.900452E+04   9.6390E-001   3.6102E-002   2.6199E-021   7.7604E-053   4.9397E-073
    6.951650E+04   9.6770E-001   3.2298E-002   2.0638E-021   7.3728E-053   4.1522E-073
    6.977391E+04   9.7036E-001   2.9638E-002   1.6638E-021   6.9753E-053   3.4602E-073
    6.990298E+04   9.7307E-001   2.6935E-002   1.3111E-021   6.4416E-053   2.7749E-073
    6.996760E+04   9.7509E-001   2.4912E-002   1.0678E-021   6.0080E-053   2.2809E-073
    6.999832E+04   9.7639E-001   2.3614E-002   9.1484E-022   5.7223E-053   1.9647E-073
    6.999993E+04   9.7677E-001   2.3235E-002   8.8970E-022   5.6330E-053   1.9116E-073
#TIME:     0.806
#NVEL: 115
#vel_mid[km/s]           o0           o1           o2           o3           o4
    8.484664E+02   6.3377E-023   1.4990E-015   3.4175E-009   6.2321E-004   9.9938E-001
    8.540175E+02   6.3377E-023   1.4990E-015   3.4175E-009   6.2321E-004   9.9938E-001
    8.708899E+02   6.3378E-023   1.4991E-015   3.4175E-009   6.2321E-004   9.9938E-001
    9.056412E+02   6.3383E-023   1.4992E-015   3.4177E-009   6.2323E-004   9.9938E-001
    9.639886E+02   6.3405E-023   1.4996E-015   3.4185E-009   6.2332E-004   9.9938E-001
    1.024912E+03   6.3463E-023   1.5008E-015   3.4208E-009   6.2355E-004   9.9938E-001
    1.089687E+03   6.3099E-023   1.4943E-015   3.4106E-009   6.2261E-004   9.9938E-001
    1.158556E+03   6.0423E-023   1.4412E-015   3.3168E-009   6.1316E-004   9.9939E-001
    1.231778E+03   4.8074E-023   1.1836E-015   2.8317E-009   5.6124E-004   9.9944E-001
    1.309627E+03   2.1035E-023   5.7593E-016   1.5739E-009   4.0295E-004   9.9960E-001
    1.392396E+03   4.2371E-024   1.4488E-016   5.1615E-010   2.1542E-004   9.9978E-001
    1.480396E+03   1.1922E-024   4.8974E-017   2.1588E-010   1.3218E-004   9.9987E-001
    1.573958E+03   5.7502E-025   2.6490E-017   1.3286E-010   1.0096E-004   9.9990E-001
    1.673433E+03   2.2257E-025   1.1960E-017   7.1241E-011   7.1562E-005   9.9993E-001
    1.779195E+03   7.2173E-026   4.6969E-018   3.4575E-011   4.8180E-005   9.9995E-001
    1.891642E+03   2.4239E-026   1.9287E-018   1.7661E-011   3.3560E-005   9.9997E-001
    2.011195E+03   8.1942E-027   7.9313E-019   9.0110E-012   2.3387E-005   9.9998E-001
    2.138303E+03   2.6516E-027   3.1739E-019   4.5513E-012   1.6296E-005   9.9998E-001
    2.273445E+03   8.7082E-028   1.2865E-019   2.3285E-012   1.1481E-005   9.9999E-001
    2.417128E+03   3.2596E-028   5.8352E-020   1.3052E-012   8.5255E-006   9.9999E-001
    2.569892E+03   1.5647E-028   3.2511E-020   8.5579E-013   6.8820E-006   9.9999E-001
    2.732311E+03   1.0219E-028   2.3353E-020   6.7933E-013   6.1280E-006   9.9999E-001
    2.904995E+03   9.4724E-029   2.2446E-020   6.7220E-013   6.1018E-006   9.9999E-001
    3.088592E+03   1.3395E-028   3.0583E-020   8.6566E-013   6.9623E-006   9.9999E-001
    3.283793E+03   3.2576E-028   6.6126E-020   1.6062E-012   9.6910E-006   9.9999E-001
    3.491331E+03   2.2848E-027   3.4739E-019   5.9954E-012   1.9956E-005   9.9998E-001
    3.711985E+03   2.5618E-026   2.4850E-018   2.6433E-011   4.4453E-005   9.9996E-001
    3.946585E+03   1.8630E-025   1.2375E-017   8.7901E-011   8.4902E-005   9.9992E-001
    4.196011E+03   5.9089E-024   3.0611E-016   1.4421E-009   4.3385E-004   9.9957E-001
    4.461202E+03   6.6934E-023   2.8435E-015   9.4324E-009   1.2754E-003   9.9872E-001
    4.743153E+03   1.2317E-022   5.0945E-015   1.5586E-008   1.7080E-003   9.9829E-001
    5.042923E+03   7.9578E-023   3.5740E-015   1.2015E-008   1.4867E-003   9.9851E-001
    5.361639E+03   4.7037E-023   2.3211E-015   8.7135E-009   1.2509E-003   9.9875E-001
    5.700497E+03   3.7469E-023   1.9744E-015   7.8849E-009   1.1934E-003   9.9881E-001
    6.060772E+03   4.1804E-023   2.2307E-015   8.8654E-009   1.2820E-003   9.9872E-001
    6.443817E+03   7.4072E-023   3.8340E-015   1.4050E-008   1.6734E-003   9.9833E-001
    6.851070E+03   1.9029E-022   9.2714E-015   2.9414E-008   2.5591E-003   9.9744E-001
    7.284062E+03   5.8832E-022   2.6203E-014   6.8931E-008   4.1576E-003   9.9584E-001
    7.744419E+03   2.4790E-021   9.8610E-014   2.0285E-007   7.6827E-003   9.9232E-001
    8.233871E+03   1.9962E-020   6.6983E-013   9.4917E-007   1.8403E-002   9.8160E-001
    8.754256E+03   1.9087E-018   4.4965E-011   2.7030E-005   1.1879E-001   8.8119E-001
    9.307531E+03   6.8405E-015   6.8252E-008   5.3677E-003   9.0681E-001   8.7827E-002
    9.857056E+03   1.5680E-010   3.4510E-004   6.7182E-001   3.2783E-001   1.0682E-005
    1.026219E+04   6.3685E-008   2.8487E-002   9.7081E-001   6.9993E-004   2.3609E-012
    1.066046E+04   1.3794E-005   8.1998E-001   1.8001E-001   3.9865E-008   1.4109E-021
    1.108456E+04   8.2502E-004   9.9915E-001   2.1791E-005   2.7544E-018   1.6627E-040
    1.145920E+04   2.3759E-002   9.7624E-001   7.4684E-009   4.5304E-027   1.0110E-056
    1.170019E+04   9.5870E-002   9.0413E-001   3.3705E-010   2.3627E-030   1.6127E-062
    1.184807E+04   1.7530E-001   8.2470E-001   5.3830E-011   2.5061E-032   7.3798E-064
    1.194895E+04   3.0844E-001   6.9156E-001   5.1832E-012   7.4395E-035   8.0539E-065
    1.202846E+04   5.1983E-001   4.8017E-001   1.9855E-013   2.4642E-038   3.8831E-066
    1.209713E+04   7.1277E-001   2.8723E-001   7.4655E-015   9.8071E-042   1.9128E-067
    1.216131E+04   8.2952E-001   1.7048E-001   4.8826E-016   1.7309E-044   1.5460E-068
    1.222467E+04   8.9469E-001   1.0531E-001   5.1575E-017   1.0309E-046   1.8860E-069
    1.229131E+04   9.3337E-001   6.6625E-002   7.0023E-018   1.1589E-048   2.8271E-070
    1.236339E+04   9.5714E-001   4.2856E-002   1.1059E-018   1.9116E-050   4.7843E-071
    1.245100E+04   9.7334E-001   2.6665E-002   1.5998E-019   2.8540E-052   7.3058E-072
    1.259630E+04   9.8642E-001   1.3578E-002   1.0725E-020   9.2091E-054   5.1768E-073
    1.288977E+04   9.9549E-001   4.5101E-003   1.4005E-022   2.9537E-054   7.2583E-075
    1.326716E+04   9.9862E-001   1.3846E-003   2.3188E-024   9.7609E-055   1.3389E-076
    1.368028E+04   9.9957E-001   4.3265E-004   2.2451E-025   3.3760E-055   1.4796E-077
    1.412000E+04   9.9987E-001   1.3499E-004   3.1844E-026   1.1835E-055   2.3545E-078
    1.458947E+04   9.9996E-001   4.1104E-005   2.4638E-027   4.0297E-056   2.0817E-079
    1.507487E+04   9.9999E-001   1.0993E-005   7.7302E-029   1.2573E-056   7.6919E-081
    1.554368E+04   1.0000E+000   3.2272E-006   2.5480E-030   4.4453E-057   3.0649E-082
    1.599734E+04   1.0000E+000   1.4655E-006   1.4066E-031   2.5225E-057   2.1204E-083
    1.645628E+04   1.0000E+000   8.3801E-007   9.4141E-033   1.9115E-057   1.8867E-084
    1.692588E+04   1.0000E+000   5.0604E-007   7.7760E-034   1.6530E-057   2.2403E-085
    1.740008E+04   1.0000E+000   4.3328E-007   1.1670E-034   2.1899E-057   5.2144E-086
    1.790650E+04   1.0000E+000   6.4325E-007   3.8990E-035   5.3821E-057   2.8787E-086
    1.855795E+04   1.0000E+000   1.2447E-006   1.6531E-035   1.8847E-056   2.2013E-086
    1.953644E+04   1.0000E+000   2.7509E-006   3.6031E-035   7.1519E-056   8.1528E-086
    2.077905E+04   9.9999E-001   7.0950E-006   8.2437E-034   1.4810E-055   1.5084E-084
    2.209229E+04   9.9999E-001   1.2422E-005   1.0463E-032   1.7731E-055   1.3150E-083
    2.348854E+04   9.9998E-001   2.2275E-005   8.2603E-032   2.0621E-055   6.7573E-083
    2.497303E+04   9.9995E-001   4.5073E-005   5.0875E-031   2.6298E-055   2.6304E-082
    2.655134E+04   9.9992E-001   7.9662E-005   1.7240E-030   3.4408E-055   6.6214E-082
    2.823401E+04   9.9977E-001   2.3255E-004   1.6767E-029   6.1590E-055   3.9407E-081
    2.993365E+04   9.9922E-001   7.8477E-004   1.8834E-028   1.3837E-054   2.9448E-080
    3.153760E+04   9.9815E-001   1.8507E-003   1.0687E-027   2.6126E-054   1.3383E-079
    3.299099E+04   9.9697E-001   3.0341E-003   3.1492E-027   3.8116E-054   3.5143E-079
    3.426462E+04   9.9491E-001   5.0908E-003   1.0874E-026   5.6884E-054   1.0807E-078
    3.540831E+04   9.9068E-001   9.3178E-003   5.5948E-026   9.1338E-054   4.8817E-078
    3.648732E+04   9.8412E-001   1.5877E-002   3.3075E-025   1.3914E-053   2.5715E-077
    3.755144E+04   9.7670E-001   2.3299E-002   1.8067E-024   1.8748E-053   1.2851E-076
    3.862706E+04   9.7093E-001   2.9070E-002   7.7928E-024   2.2169E-053   5.2094E-076
    3.971922E+04   9.6725E-001   3.2750E-002   2.7321E-023   2.4202E-053   1.7483E-075
    4.082638E+04   9.6519E-001   3.4813E-002   8.0753E-023   2.5363E-053   5.0066E-075
    4.195195E+04   9.6424E-001   3.5756E-002   2.0036E-022   2.6063E-053   1.2132E-074
    4.310219E+04   9.6397E-001   3.6034E-002   4.1591E-022   2.6638E-053   2.4702E-074
    4.428215E+04   9.6397E-001   3.6029E-002   7.4175E-022   2.7374E-053   4.3357E-074
    4.549618E+04   9.6387E-001   3.6131E-002   1.1647E-021   2.8538E-053   6.7313E-074
    4.674647E+04   9.6333E-001   3.6669E-002   1.6710E-021   3.0336E-053   9.6784E-074
    4.803285E+04   9.6232E-001   3.7682E-002   2.2332E-021   3.2641E-053   1.3146E-073
    4.935417E+04   9.6093E-001   3.9066E-002   2.8142E-021   3.5215E-053   1.7043E-073
    5.070872E+04   9.5925E-001   4.0754E-002   3.3924E-021   3.7923E-053   2.1387E-073
    5.209387E+04   9.5741E-001   4.2593E-002   3.9437E-021   4.0641E-053   2.6097E-073
    5.350827E+04   9.5570E-001   4.4300E-002   4.4218E-021   4.3194E-053   3.0814E-073
    5.494800E+04   9.5437E-001   4.5629E-002   4.7810E-021   4.5477E-053   3.5088E-073
    5.641221E+04   9.5355E-001   4.6453E-002   4.9981E-021   4.7490E-053   3.8643E-073
    5.789415E+04   9.5326E-001   4.6745E-002   5.0704E-021   4.9305E-053   4.1409E-073
    5.939153E+04   9.5341E-001   4.6587E-002   5.0214E-021   5.1130E-053   4.3585E-073
