#NTIMES 50
#NSTAGES 4
#TIMES[d] 199.16 202.02 204.93 207.87 210.86 213.89 216.97 220.09 223.25 226.46 229.71 233.01 236.36 239.76 243.21 246.70 250.25 253.85 257.49 261.20 264.95 268.76 272.62 276.54 280.51 284.55 288.64 292.79 296.99 301.26 305.59 309.99 314.44 318.96 323.54 328.20 332.91 337.70 342.55 347.48 352.47 357.54 362.67 367.89 373.18 378.54 383.98 389.50 395.10 400.78
#
#TIME: 199.16
#NVEL 78
#vel_mid[km/s] ca0 ca1 ca2 ca3
1060.83 1.2477e-08 7.0520e-04 9.0108e-01 9.8213e-02
1919.29 9.2311e-09 5.2826e-04 9.1244e-01 8.7029e-02
2581.60 4.3911e-09 3.9554e-04 8.8067e-01 1.1894e-01
3084.17 2.6681e-09 4.1492e-04 7.7579e-01 2.2379e-01
3472.46 1.9021e-09 4.2327e-04 5.9968e-01 3.9989e-01
3909.64 7.9031e-10 2.5938e-04 5.1106e-01 4.8868e-01
4148.46 7.9610e-10 2.8547e-04 5.3015e-01 4.6957e-01
4670.75 6.9826e-10 2.7409e-04 5.8877e-01 4.1096e-01
4956.05 4.3515e-10 2.1736e-04 5.0423e-01 4.9556e-01
5258.79 1.6992e-10 1.1931e-04 3.0385e-01 6.9604e-01
5580.02 6.3658e-11 6.0648e-05 1.7013e-01 8.2981e-01
5920.87 2.5375e-11 3.0887e-05 1.1159e-01 8.8838e-01
6282.54 1.5236e-11 2.0754e-05 8.6686e-02 9.1329e-01
6666.30 1.2776e-11 1.8199e-05 8.2599e-02 9.1738e-01
7073.50 1.1022e-11 1.6061e-05 8.2687e-02 9.1730e-01
7505.58 9.3763e-12 1.4214e-05 8.2735e-02 9.1725e-01
7964.05 1.1111e-11 1.5588e-05 9.3548e-02 9.0644e-01
8450.53 2.1739e-11 2.4757e-05 1.4776e-01 8.5221e-01
8966.72 4.7009e-11 4.0484e-05 2.3914e-01 7.6082e-01
9514.44 9.1797e-11 5.8665e-05 3.6461e-01 6.3533e-01
10095.62 2.2468e-10 8.6816e-05 4.8909e-01 5.1082e-01
10712.30 4.5476e-10 1.2066e-04 5.6472e-01 4.3516e-01
11366.65 5.3203e-10 1.1809e-04 6.4181e-01 3.5807e-01
12061.10 4.4016e-10 8.9187e-05 6.4914e-01 3.5077e-01
12793.43 4.2898e-10 7.7479e-05 6.7999e-01 3.1994e-01
13528.61 5.1611e-10 7.8169e-05 6.8034e-01 3.1958e-01
14194.74 5.4175e-10 7.4459e-05 6.3210e-01 3.6783e-01
14757.77 4.9083e-10 6.1316e-05 6.2373e-01 3.7620e-01
15240.48 1.1644e-09 1.0897e-04 4.7700e-01 5.2289e-01
15646.99 3.8256e-09 2.4440e-04 4.7289e-01 5.2687e-01
15960.30 1.5030e-08 5.8684e-04 5.3391e-01 4.6550e-01
16187.41 1.8014e-08 5.6636e-04 5.4834e-01 4.5109e-01
16354.17 1.8177e-08 5.0193e-04 5.4208e-01 4.5742e-01
16484.18 1.7156e-08 5.5848e-04 5.2102e-01 4.7842e-01
16593.12 1.9417e-08 6.5934e-04 4.0942e-01 5.8992e-01
16691.99 2.6705e-08 1.0909e-03 5.6353e-01 4.3538e-01
16788.59 1.0235e-08 4.1115e-04 3.5046e-01 6.4912e-01
16888.37 7.7641e-09 3.1592e-04 3.6087e-01 6.3881e-01
16998.79 8.0411e-09 3.4869e-04 4.0613e-01 5.9352e-01
17146.37 8.8389e-09 3.4627e-04 3.4131e-01 6.5834e-01
17415.23 6.8106e-09 3.4068e-04 2.9858e-01 7.0108e-01
17888.12 2.9167e-09 1.8068e-04 2.7170e-01 7.2812e-01
18532.37 2.2165e-09 1.4491e-04 2.1739e-01 7.8246e-01
19260.76 1.7413e-09 1.2751e-04 1.9154e-01 8.0833e-01
20034.10 8.2084e-10 6.9805e-05 1.5134e-01 8.4859e-01
20838.00 7.1058e-10 5.3446e-05 1.2832e-01 8.7163e-01
21647.97 8.2199e-10 6.6312e-05 1.3902e-01 8.6091e-01
22447.94 3.8282e-10 3.2999e-05 8.6687e-02 9.1328e-01
23245.88 2.6413e-10 2.6034e-05 7.8159e-02 9.2182e-01
24052.47 1.5407e-10 1.5680e-05 7.9985e-02 9.2000e-01
24867.72 1.1585e-10 1.1483e-05 5.8033e-02 9.4196e-01
25698.86 8.8850e-11 9.3023e-06 6.7967e-02 9.3202e-01
26587.16 4.9063e-11 5.6343e-06 5.0029e-02 9.4997e-01
27637.54 3.3290e-11 4.5082e-06 4.2908e-02 9.5709e-01
28986.97 2.5536e-11 3.6516e-06 4.8063e-02 9.5193e-01
#TIME: 202.02
#NVEL 78
#vel_mid[km/s] ca0 ca1 ca2 ca3
1060.83 1.2314e-08 6.5709e-04 8.9852e-01 1.0082e-01
1919.29 1.0555e-08 5.6589e-04 9.1121e-01 8.8225e-02
2581.60 4.9268e-09 4.0139e-04 8.8003e-01 1.1957e-01
3084.17 2.9694e-09 4.1657e-04 7.7560e-01 2.2398e-01
3472.46 2.2174e-09 4.4529e-04 6.1143e-01 3.8812e-01
3909.64 1.1198e-09 3.1579e-04 5.1535e-01 4.8433e-01
4148.46 9.0002e-10 2.9720e-04 5.3331e-01 4.6640e-01
4670.75 9.1751e-10 3.2463e-04 5.6861e-01 4.3107e-01
4956.05 4.3692e-10 2.0036e-04 4.8878e-01 5.1102e-01
5258.79 1.7158e-10 1.1515e-04 3.0697e-01 6.9292e-01
5580.02 6.6503e-11 5.8266e-05 1.6490e-01 8.3504e-01
5920.87 2.7893e-11 3.1316e-05 1.1033e-01 8.8964e-01
6282.54 1.7495e-11 2.2201e-05 9.0767e-02 9.0921e-01
6666.30 1.1712e-11 1.6149e-05 7.9009e-02 9.2097e-01
7073.50 1.2532e-11 1.7449e-05 8.6565e-02 9.1342e-01
7505.58 1.0328e-11 1.4758e-05 8.9078e-02 9.1091e-01
7964.05 1.1710e-11 1.5866e-05 9.2351e-02 9.0763e-01
8450.53 2.5589e-11 2.6536e-05 1.4416e-01 8.5582e-01
8966.72 5.3466e-11 4.2824e-05 2.3407e-01 7.6588e-01
9514.44 1.1071e-10 6.5941e-05 3.6576e-01 6.3418e-01
10095.62 2.3243e-10 8.5553e-05 4.8862e-01 5.1130e-01
10712.30 4.5077e-10 1.1436e-04 5.6113e-01 4.3876e-01
11366.65 5.9845e-10 1.2022e-04 6.3698e-01 3.6290e-01
12061.10 4.9572e-10 9.3548e-05 6.6414e-01 3.3577e-01
12793.43 5.0825e-10 8.4901e-05 6.7572e-01 3.2419e-01
13528.61 5.2969e-10 7.5644e-05 6.8180e-01 3.1812e-01
14194.74 4.6624e-10 6.2352e-05 6.2538e-01 3.7456e-01
14757.77 6.7029e-10 8.2210e-05 5.9149e-01 4.0842e-01
15240.48 8.2756e-10 8.2946e-05 5.9507e-01 4.0485e-01
15646.99 3.0603e-09 1.9213e-04 4.9131e-01 5.0850e-01
15960.30 1.2385e-08 4.5867e-04 5.2580e-01 4.7374e-01
16187.41 1.7057e-08 5.4517e-04 5.6464e-01 4.3481e-01
16354.17 2.4176e-08 6.8795e-04 5.5431e-01 4.4500e-01
16484.18 2.3330e-08 7.7740e-04 4.7789e-01 5.2133e-01
16593.12 1.9045e-08 7.0337e-04 4.2939e-01 5.6991e-01
16691.99 2.8482e-08 1.1293e-03 5.5182e-01 4.4705e-01
16788.59 1.1073e-08 4.6726e-04 3.4706e-01 6.5247e-01
16888.37 1.0786e-08 3.9268e-04 3.3961e-01 6.6000e-01
16998.79 8.2064e-09 3.1552e-04 3.6841e-01 6.3128e-01
17146.37 6.1044e-09 2.7273e-04 3.3378e-01 6.6595e-01
17415.23 6.6204e-09 3.1852e-04 2.7875e-01 7.2093e-01
17888.12 3.4233e-09 1.9492e-04 2.4909e-01 7.5072e-01
18532.37 3.0258e-09 1.8524e-04 2.2713e-01 7.7269e-01
19260.76 1.9498e-09 1.3428e-04 2.0322e-01 7.9665e-01
20034.10 1.0296e-09 8.0624e-05 1.5550e-01 8.4442e-01
20838.00 7.7901e-10 6.1815e-05 1.4261e-01 8.5733e-01
21647.97 6.3876e-10 5.1379e-05 1.2156e-01 8.7839e-01
22447.94 4.5609e-10 3.4493e-05 9.5598e-02 9.0437e-01
23245.88 2.3451e-10 2.1708e-05 7.6611e-02 9.2337e-01
24052.47 1.7270e-10 1.6486e-05 5.8394e-02 9.4159e-01
24867.72 1.2257e-10 1.2274e-05 6.7511e-02 9.3248e-01
25698.86 6.0132e-11 6.8398e-06 3.1740e-01 6.8259e-01
26587.16 8.6344e-11 9.6892e-06 9.0246e-02 9.0974e-01
27637.54 5.7688e-11 6.8167e-06 5.9580e-02 9.4041e-01
28986.97 2.1860e-11 3.2035e-06 3.6134e-02 9.6386e-01
#TIME: 204.93
#NVEL 78
#vel_mid[km/s] ca0 ca1 ca2 ca3
1060.83 1.3279e-08 6.3807e-04 9.0755e-01 9.1813e-02
1919.29 1.2790e-08 6.0870e-04 9.1218e-01 8.7207e-02
2581.60 5.6496e-09 4.1689e-04 8.7958e-01 1.2000e-01
3084.17 3.3624e-09 4.3412e-04 7.7603e-01 2.2353e-01
3472.46 2.3732e-09 4.2286e-04 6.0986e-01 3.8971e-01
3909.64 1.1886e-09 3.0925e-04 5.1983e-01 4.7986e-01
4148.46 1.0380e-09 3.1485e-04 5.3716e-01 4.6252e-01
4670.75 1.0513e-09 3.3885e-04 5.7372e-01 4.2594e-01
4956.05 3.9519e-10 1.6909e-04 4.6469e-01 5.3514e-01
5258.79 1.8944e-10 1.1592e-04 2.9895e-01 7.0094e-01
5580.02 6.9683e-11 5.7587e-05 1.6590e-01 8.3404e-01
5920.87 3.2247e-11 3.2827e-05 1.0688e-01 8.9309e-01
6282.54 1.7358e-11 2.0750e-05 8.3716e-02 9.1626e-01
6666.30 1.4244e-11 1.8118e-05 8.3675e-02 9.1631e-01
7073.50 1.3373e-11 1.7524e-05 8.5490e-02 9.1449e-01
7505.58 1.1045e-11 1.5232e-05 9.0908e-02 9.0908e-01
7964.05 1.2739e-11 1.6012e-05 9.4708e-02 9.0528e-01
8450.53 2.4547e-11 2.4778e-05 1.5027e-01 8.4971e-01
8966.72 6.9793e-11 5.1345e-05 2.3292e-01 7.6703e-01
9514.44 1.4997e-10 7.9672e-05 3.5098e-01 6.4894e-01
10095.62 3.1379e-10 1.0521e-04 4.8605e-01 5.1385e-01
10712.30 4.5910e-10 1.0872e-04 5.5867e-01 4.4122e-01
11366.65 5.9298e-10 1.1153e-04 6.3319e-01 3.6670e-01
12061.10 5.8276e-10 1.0192e-04 6.5000e-01 3.4990e-01
12793.43 4.4210e-10 6.9658e-05 6.9159e-01 3.0834e-01
13528.61 5.6256e-10 8.0971e-05 6.6921e-01 3.3071e-01
14194.74 4.8546e-10 6.4611e-05 6.7178e-01 3.2815e-01
14757.77 6.8493e-10 7.9625e-05 5.6264e-01 4.3728e-01
15240.48 1.2460e-09 1.1593e-04 4.8569e-01 5.1419e-01
15646.99 3.6251e-09 2.2123e-04 5.3506e-01 4.6472e-01
15960.30 1.2497e-08 4.5634e-04 5.5382e-01 4.4572e-01
16187.41 1.9320e-08 5.9140e-04 5.4468e-01 4.5473e-01
16354.17 2.9150e-08 8.4010e-04 5.7647e-01 4.2269e-01
16484.18 2.3873e-08 6.9199e-04 4.5777e-01 5.4154e-01
16593.12 2.0472e-08 6.6183e-04 4.8221e-01 5.1713e-01
16691.99 2.5792e-08 8.1260e-04 5.2929e-01 4.6990e-01
16788.59 1.3164e-08 4.9471e-04 3.5180e-01 6.4770e-01
16888.37 1.0681e-08 3.7818e-04 3.6128e-01 6.3834e-01
16998.79 8.2994e-09 3.3794e-04 3.8525e-01 6.1442e-01
17146.37 9.8410e-09 4.3738e-04 3.2375e-01 6.7581e-01
17415.23 8.8944e-09 4.0026e-04 2.9261e-01 7.0699e-01
17888.12 4.3281e-09 2.3631e-04 2.5366e-01 7.4610e-01
18532.37 3.0507e-09 1.8783e-04 2.1664e-01 7.8317e-01
19260.76 1.8519e-09 1.2465e-04 2.1776e-01 7.8212e-01
20034.10 1.3069e-09 9.9175e-05 1.5978e-01 8.4012e-01
20838.00 8.0802e-10 6.1297e-05 1.4161e-01 8.5833e-01
21647.97 9.0803e-10 6.1867e-05 1.3006e-01 8.6988e-01
22447.94 5.0890e-10 3.8498e-05 1.0990e-01 8.9006e-01
23245.88 2.2762e-10 2.0880e-05 3.4339e-01 6.5659e-01
24052.47 1.9654e-10 1.9374e-05 8.2558e-02 9.1742e-01
24867.72 1.2003e-10 1.1986e-05 5.8933e-02 9.4106e-01
25698.86 1.2214e-10 1.1792e-05 9.8076e-02 9.0191e-01
26587.16 6.8486e-11 7.6884e-06 1.1679e-01 8.8321e-01
27637.54 4.4017e-11 5.6926e-06 1.5558e-01 8.4442e-01
28986.97 2.8737e-11 4.4132e-06 2.1105e-01 7.8895e-01
#TIME: 207.87
#NVEL 78
#vel_mid[km/s] ca0 ca1 ca2 ca3
1060.83 1.4444e-08 5.8659e-04 9.0509e-01 9.4325e-02
1919.29 1.4735e-08 6.0722e-04 9.1295e-01 8.6442e-02
2581.60 6.9504e-09 4.6539e-04 8.8193e-01 1.1761e-01
3084.17 4.0913e-09 4.6779e-04 7.7884e-01 2.2069e-01
3472.46 2.8584e-09 4.5626e-04 6.0737e-01 3.9217e-01
3909.64 1.5747e-09 3.6619e-04 5.0603e-01 4.9361e-01
4148.46 1.2107e-09 3.2928e-04 5.2711e-01 4.7256e-01
4670.75 1.2342e-09 3.5300e-04 5.7241e-01 4.2724e-01
4956.05 5.6331e-10 2.1974e-04 5.0265e-01 4.9713e-01
5258.79 2.3262e-10 1.2835e-04 3.0845e-01 6.9142e-01
5580.02 8.9169e-11 6.7078e-05 1.7037e-01 8.2956e-01
5920.87 3.6635e-11 3.5086e-05 1.0263e-01 8.9734e-01
6282.54 2.1006e-11 2.2293e-05 8.4428e-02 9.1555e-01
6666.30 1.6354e-11 1.9028e-05 8.1618e-02 9.1836e-01
7073.50 1.7108e-11 1.9765e-05 8.8522e-02 9.1146e-01
7505.58 1.3025e-11 1.5587e-05 8.2404e-02 9.1758e-01
7964.05 1.3906e-11 1.5930e-05 9.2051e-02 9.0793e-01
8450.53 3.2967e-11 2.9438e-05 1.4928e-01 8.5069e-01
8966.72 6.6123e-11 4.5485e-05 2.3347e-01 7.6649e-01
9514.44 1.3999e-10 7.0406e-05 3.4585e-01 6.5408e-01
10095.62 3.3475e-10 1.0273e-04 4.6740e-01 5.3249e-01
10712.30 5.0673e-10 1.1313e-04 5.7510e-01 4.2478e-01
11366.65 6.4462e-10 1.1670e-04 6.3259e-01 3.6730e-01
12061.10 6.6325e-10 1.1023e-04 6.6590e-01 3.3399e-01
12793.43 5.7154e-10 8.5098e-05 6.7151e-01 3.2840e-01
13528.61 5.9306e-10 7.6102e-05 6.4774e-01 3.5219e-01
14194.74 5.4945e-10 6.6072e-05 6.2783e-01 3.7211e-01
14757.77 5.3053e-10 5.6634e-05 6.0422e-01 3.9572e-01
15240.48 1.4475e-09 1.3081e-04 4.6580e-01 5.3407e-01
15646.99 3.1178e-09 1.8731e-04 4.8480e-01 5.1502e-01
15960.30 1.0310e-08 4.1891e-04 5.8109e-01 4.1849e-01
16187.41 1.7397e-08 5.3375e-04 5.8215e-01 4.1732e-01
16354.17 1.9783e-08 5.4656e-04 6.0232e-01 3.9713e-01
16484.18 2.2262e-08 7.2899e-04 4.6846e-01 5.3081e-01
16593.12 1.5330e-08 4.4146e-04 4.4267e-01 5.5689e-01
16691.99 3.3232e-08 1.0070e-03 5.8029e-01 4.1871e-01
16788.59 5.8662e-09 2.1819e-04 4.5129e-01 5.4849e-01
16888.37 1.1959e-08 5.1460e-04 3.8802e-01 6.1146e-01
16998.79 9.8509e-09 4.1436e-04 3.4682e-01 6.5276e-01
17146.37 7.2618e-09 2.6209e-04 3.7777e-01 6.2197e-01
17415.23 6.2101e-09 2.8345e-04 3.0212e-01 6.9760e-01
17888.12 5.0001e-09 2.5024e-04 2.5373e-01 7.4602e-01
18532.37 3.0180e-09 1.7952e-04 2.2045e-01 7.7937e-01
19260.76 2.4037e-09 1.5714e-04 2.0827e-01 7.9157e-01
20034.10 1.0915e-09 8.2805e-05 1.6853e-01 8.3139e-01
20838.00 1.2453e-09 8.7919e-05 1.5484e-01 8.4507e-01
21647.97 6.4251e-10 4.6529e-05 1.1166e-01 8.8830e-01
22447.94 5.9730e-10 4.5761e-05 1.0480e-01 8.9515e-01
23245.88 3.1066e-10 2.7571e-05 8.6317e-02 9.1366e-01
24052.47 8.7544e-11 7.3920e-06 5.6801e-02 9.4319e-01
24867.72 1.7871e-10 1.5989e-05 1.3851e-01 8.6148e-01
25698.86 1.6148e-10 1.5739e-05 8.5969e-02 9.1402e-01
26587.16 7.6409e-11 8.5114e-06 7.7060e-02 9.2293e-01
27637.54 3.6658e-11 4.5565e-06 2.5267e-01 7.4733e-01
28986.97 2.4811e-11 3.3126e-06 2.1166e-01 7.8834e-01
#TIME: 210.86
#NVEL 78
#vel_mid[km/s] ca0 ca1 ca2 ca3
1060.83 1.9855e-08 6.7887e-04 9.0683e-01 9.2487e-02
1919.29 1.7027e-08 6.5411e-04 9.1437e-01 8.4978e-02
2581.60 7.7214e-09 4.4641e-04 8.8102e-01 1.1853e-01
3084.17 4.7298e-09 4.7421e-04 7.8066e-01 2.1886e-01
3472.46 3.5122e-09 4.9795e-04 6.2186e-01 3.7764e-01
3909.64 1.6568e-09 3.4674e-04 5.0482e-01 4.9483e-01
4148.46 1.4725e-09 3.5254e-04 5.3499e-01 4.6466e-01
4670.75 1.3150e-09 3.4414e-04 5.7530e-01 4.2436e-01
4956.05 6.3210e-10 2.2814e-04 4.6378e-01 5.3599e-01
5258.79 2.7404e-10 1.3612e-04 3.1570e-01 6.8417e-01
5580.02 9.6121e-11 6.6792e-05 1.6871e-01 8.3123e-01
5920.87 4.3697e-11 3.8583e-05 1.0646e-01 8.9350e-01
6282.54 2.1583e-11 2.1688e-05 8.5975e-02 9.1400e-01
6666.30 1.7445e-11 1.8594e-05 7.9149e-02 9.2083e-01
7073.50 1.6571e-11 1.7552e-05 8.0870e-02 9.1911e-01
7505.58 1.4255e-11 1.5715e-05 8.2464e-02 9.1752e-01
7964.05 1.6043e-11 1.6917e-05 9.4264e-02 9.0572e-01
8450.53 3.5322e-11 2.8971e-05 1.4940e-01 8.5058e-01
8966.72 7.1708e-11 4.4372e-05 2.2777e-01 7.7219e-01
9514.44 1.6375e-10 7.4200e-05 3.6563e-01 6.3429e-01
10095.62 3.7618e-10 1.0736e-04 4.7396e-01 5.2594e-01
10712.30 6.4449e-10 1.2981e-04 5.7923e-01 4.2064e-01
11366.65 9.4998e-10 1.5195e-04 6.1650e-01 3.8335e-01
12061.10 6.4627e-10 1.0068e-04 6.7334e-01 3.2656e-01
12793.43 6.2004e-10 8.5088e-05 7.0437e-01 2.9554e-01
13528.61 6.5305e-10 8.1931e-05 6.5685e-01 3.4306e-01
14194.74 5.8034e-10 6.6470e-05 6.7276e-01 3.2718e-01
14757.77 6.2843e-10 6.7921e-05 5.9653e-01 4.0340e-01
15240.48 1.2832e-09 1.1542e-04 5.3063e-01 4.6925e-01
15646.99 5.4235e-09 2.8180e-04 4.9564e-01 5.0408e-01
15960.30 1.4153e-08 5.1516e-04 5.3610e-01 4.6339e-01
16187.41 2.4115e-08 6.5435e-04 5.7736e-01 4.2198e-01
16354.17 2.3399e-08 6.4050e-04 5.8113e-01 4.1822e-01
16484.18 2.6879e-08 7.7695e-04 4.8581e-01 5.1341e-01
16593.12 1.3894e-08 4.8608e-04 4.1452e-01 5.8499e-01
16691.99 2.2013e-08 8.3335e-04 5.8896e-01 4.1021e-01
16788.59 1.0668e-08 3.4938e-04 4.4858e-01 5.5107e-01
16888.37 1.2030e-08 4.9439e-04 3.8393e-01 6.1557e-01
16998.79 9.1904e-09 3.8270e-04 3.5802e-01 6.4160e-01
17146.37 8.7832e-09 3.2024e-04 3.5169e-01 6.4799e-01
17415.23 6.7087e-09 2.8135e-04 3.2236e-01 6.7735e-01
17888.12 5.3267e-09 2.7545e-04 2.8198e-01 7.1775e-01
18532.37 3.5284e-09 2.1245e-04 2.2042e-01 7.7937e-01
19260.76 2.7524e-09 1.7036e-04 2.1725e-01 7.8258e-01
20034.10 1.7945e-09 1.1476e-04 1.6078e-01 8.3910e-01
20838.00 1.0568e-09 7.0959e-05 1.3623e-01 8.6370e-01
21647.97 7.4927e-10 5.2528e-05 1.2349e-01 8.7645e-01
22447.94 5.4519e-10 4.1340e-05 1.2377e-01 8.7619e-01
23245.88 2.8148e-10 2.6819e-05 9.3609e-02 9.0636e-01
24052.47 1.3473e-10 1.2585e-05 2.4471e-01 7.5528e-01
24867.72 1.0877e-10 1.1635e-05 3.5161e-01 6.4838e-01
25698.86 1.4003e-10 1.3228e-05 1.3801e-01 8.6198e-01
26587.16 8.0506e-11 7.5306e-06 1.0982e-01 8.9017e-01
27637.54 7.3683e-11 8.1598e-06 9.0244e-02 9.0975e-01
28986.97 3.9404e-11 4.8768e-06 1.7596e-01 8.2404e-01
#TIME: 213.89
#NVEL 78
#vel_mid[km/s] ca0 ca1 ca2 ca3
1060.83 1.9920e-08 6.5783e-04 9.0778e-01 9.1562e-02
1919.29 1.6279e-08 5.5887e-04 9.1447e-01 8.4967e-02
2581.60 8.7951e-09 4.6172e-04 8.8121e-01 1.1833e-01
3084.17 5.4440e-09 4.9039e-04 7.7912e-01 2.2039e-01
3472.46 4.0029e-09 5.0542e-04 6.2166e-01 3.7784e-01
3909.64 2.0979e-09 3.8730e-04 5.1388e-01 4.8573e-01
4148.46 1.4729e-09 3.2293e-04 5.3991e-01 4.5977e-01
4670.75 1.7330e-09 4.0227e-04 5.8052e-01 4.1907e-01
4956.05 6.8612e-10 2.2100e-04 4.8150e-01 5.1828e-01
5258.79 3.0607e-10 1.3777e-04 3.0317e-01 6.9669e-01
5580.02 1.2180e-10 7.4109e-05 1.7015e-01 8.2977e-01
5920.87 4.5175e-11 3.5300e-05 1.0354e-01 8.9643e-01
6282.54 2.4600e-11 2.2481e-05 8.3187e-02 9.1679e-01
6666.30 2.0307e-11 1.9426e-05 8.0099e-02 9.1988e-01
7073.50 1.8026e-11 1.7698e-05 8.0262e-02 9.1972e-01
7505.58 1.5500e-11 1.5337e-05 8.4801e-02 9.1518e-01
7964.05 1.8289e-11 1.7831e-05 9.5383e-02 9.0460e-01
8450.53 3.7712e-11 2.8382e-05 1.4534e-01 8.5463e-01
8966.72 7.7307e-11 4.5271e-05 2.3553e-01 7.6442e-01
9514.44 1.8311e-10 7.4171e-05 3.5934e-01 6.4058e-01
10095.62 5.1382e-10 1.2818e-04 4.9203e-01 5.0784e-01
10712.30 8.0787e-10 1.4473e-04 5.6920e-01 4.3065e-01
11366.65 1.1119e-09 1.6371e-04 6.4202e-01 3.5782e-01
12061.10 8.3844e-10 1.2306e-04 6.6596e-01 3.3392e-01
12793.43 7.0054e-10 9.2446e-05 6.8168e-01 3.1823e-01
13528.61 6.6387e-10 7.7812e-05 6.7211e-01 3.2781e-01
14194.74 8.5085e-10 9.0084e-05 6.4378e-01 3.5613e-01
14757.77 8.8288e-10 8.8413e-05 5.0560e-01 4.9431e-01
15240.48 1.3529e-09 1.1852e-04 5.1979e-01 4.8009e-01
15646.99 3.2154e-09 1.7452e-04 5.3161e-01 4.6822e-01
15960.30 2.4679e-08 8.4910e-04 5.4467e-01 4.5448e-01
16187.41 2.8636e-08 7.8033e-04 5.5148e-01 4.4774e-01
16354.17 5.2232e-08 1.2800e-03 5.1390e-01 4.8482e-01
16484.18 3.1126e-08 1.0090e-03 5.1724e-01 4.8175e-01
16593.12 2.4644e-08 7.0795e-04 4.2234e-01 5.7695e-01
16691.99 3.3865e-08 1.0792e-03 4.8607e-01 5.1285e-01
16788.59 1.3564e-08 5.5575e-04 4.0442e-01 5.9503e-01
16888.37 1.4652e-08 5.4396e-04 3.9323e-01 6.0623e-01
16998.79 1.2949e-08 4.4320e-04 3.4970e-01 6.4986e-01
17146.37 1.4828e-08 6.0900e-04 3.6159e-01 6.3781e-01
17415.23 9.4055e-09 4.1748e-04 2.7285e-01 7.2674e-01
17888.12 5.3807e-09 2.7609e-04 2.5626e-01 7.4346e-01
18532.37 4.1228e-09 2.2978e-04 2.2733e-01 7.7244e-01
19260.76 2.8318e-09 1.6566e-04 1.9431e-01 8.0553e-01
20034.10 1.8591e-09 1.1880e-04 1.8028e-01 8.1960e-01
20838.00 1.3808e-09 8.9601e-05 1.4681e-01 8.5310e-01
21647.97 1.1078e-09 6.5332e-05 1.3228e-01 8.6765e-01
22447.94 6.4870e-10 4.8247e-05 1.2986e-01 8.7010e-01
23245.88 3.9066e-10 3.0487e-05 9.0778e-02 9.0919e-01
24052.47 2.9574e-10 2.4897e-05 8.3554e-02 9.1642e-01
24867.72 1.4933e-10 1.3582e-05 1.4687e-01 8.5312e-01
25698.86 9.0212e-11 9.9952e-06 2.0253e-01 7.9746e-01
26587.16 6.2375e-11 6.9621e-06 3.0179e-01 6.9820e-01
27637.54 3.8421e-11 5.0309e-06 2.4917e-01 7.5083e-01
28986.97 4.7223e-11 6.2894e-06 2.1568e-01 7.8432e-01
#TIME: 216.97
#NVEL 78
#vel_mid[km/s] ca0 ca1 ca2 ca3
1060.83 2.3495e-08 6.0088e-04 9.0515e-01 9.4253e-02
1919.29 1.8940e-08 5.7551e-04 9.1421e-01 8.5212e-02
2581.60 8.9064e-09 4.1023e-04 8.8312e-01 1.1646e-01
3084.17 6.6545e-09 5.2516e-04 7.7602e-01 2.2345e-01
3472.46 4.3508e-09 5.1249e-04 6.0978e-01 3.8971e-01
3909.64 1.8989e-09 3.1495e-04 5.0586e-01 4.9383e-01
4148.46 1.9272e-09 3.6912e-04 5.5710e-01 4.4253e-01
4670.75 1.8808e-09 3.8775e-04 5.6816e-01 4.3145e-01
4956.05 9.3474e-10 2.6889e-04 4.7279e-01 5.2694e-01
5258.79 3.9136e-10 1.5866e-04 3.2076e-01 6.7909e-01
5580.02 1.2549e-10 7.1594e-05 1.7017e-01 8.2976e-01
5920.87 5.5012e-11 4.0155e-05 1.0781e-01 8.9215e-01
6282.54 2.2941e-11 1.9824e-05 8.1203e-02 9.1878e-01
6666.30 2.0757e-11 1.8938e-05 8.3266e-02 9.1672e-01
7073.50 2.1407e-11 1.9156e-05 8.5003e-02 9.1498e-01
7505.58 1.7200e-11 1.5986e-05 7.8847e-02 9.2114e-01
7964.05 2.1255e-11 1.8850e-05 9.7490e-02 9.0249e-01
8450.53 4.3683e-11 2.9625e-05 1.4389e-01 8.5608e-01
8966.72 9.6746e-11 5.1002e-05 2.3492e-01 7.6503e-01
9514.44 2.1348e-10 8.0227e-05 3.4665e-01 6.5327e-01
10095.62 5.3205e-10 1.2492e-04 4.8790e-01 5.1198e-01
10712.30 9.6556e-10 1.5883e-04 5.7482e-01 4.2502e-01
11366.65 1.3443e-09 1.7938e-04 6.1259e-01 3.8723e-01
12061.10 1.0432e-09 1.3587e-04 6.7413e-01 3.2573e-01
12793.43 8.2253e-10 9.8805e-05 6.8685e-01 3.1305e-01
13528.61 1.0162e-09 1.1013e-04 6.6574e-01 3.3415e-01
14194.74 9.9159e-10 1.0068e-04 6.0474e-01 3.9516e-01
14757.77 9.6444e-10 9.4947e-05 5.5257e-01 4.4734e-01
15240.48 1.5982e-09 1.3179e-04 5.2772e-01 4.7215e-01
15646.99 5.1369e-09 2.6140e-04 5.0998e-01 4.8975e-01
15960.30 1.7893e-08 5.5824e-04 5.5362e-01 4.4582e-01
16187.41 2.4925e-08 6.4142e-04 6.2576e-01 3.7360e-01
16354.17 3.6332e-08 8.6707e-04 5.4080e-01 4.5834e-01
16484.18 3.4695e-08 9.3828e-04 4.8465e-01 5.1441e-01
16593.12 1.8965e-08 6.0516e-04 5.2825e-01 4.7114e-01
16691.99 1.5276e-08 5.5888e-04 6.5307e-01 3.4637e-01
16788.59 8.8997e-09 3.2999e-04 4.0440e-01 5.9527e-01
16888.37 1.4092e-08 4.6673e-04 4.4003e-01 5.5950e-01
16998.79 8.3941e-09 3.1372e-04 4.0359e-01 5.9610e-01
17146.37 1.0405e-08 4.1566e-04 3.8361e-01 6.1598e-01
17415.23 7.7895e-09 3.4810e-04 2.9954e-01 7.0011e-01
17888.12 8.0283e-09 3.5099e-04 2.8252e-01 7.1713e-01
18532.37 4.2392e-09 2.2449e-04 2.4108e-01 7.5870e-01
19260.76 3.9082e-09 2.1374e-04 2.2380e-01 7.7599e-01
20034.10 2.0957e-09 1.3613e-04 1.7190e-01 8.2796e-01
20838.00 1.4911e-09 9.7692e-05 1.4837e-01 8.5154e-01
21647.97 1.4088e-09 8.9174e-05 1.5204e-01 8.4787e-01
22447.94 8.2734e-10 5.4894e-05 1.5114e-01 8.4880e-01
23245.88 3.6577e-10 2.7795e-05 9.5478e-02 9.0449e-01
24052.47 2.0935e-10 1.6955e-05 3.6267e-01 6.3731e-01
24867.72 1.0295e-10 1.0101e-05 3.1782e-01 6.8217e-01
25698.86 1.7543e-10 1.6430e-05 1.0669e-01 8.9329e-01
26587.16 7.1600e-11 7.4468e-06 3.1059e-01 6.8940e-01
27637.54 4.0871e-11 5.2799e-06 2.5275e-01 7.4724e-01
28986.97 3.7475e-11 5.0914e-06 5.0433e-02 9.4956e-01
#TIME: 220.09
#NVEL 78
#vel_mid[km/s] ca0 ca1 ca2 ca3
1060.83 2.9052e-08 7.0066e-04 9.0972e-01 8.9577e-02
1919.29 2.1948e-08 5.8488e-04 9.1622e-01 8.3195e-02
2581.60 1.0691e-08 4.5540e-04 8.8500e-01 1.1454e-01
3084.17 7.3293e-09 5.2177e-04 7.8005e-01 2.1942e-01
3472.46 5.3505e-09 5.5666e-04 6.2625e-01 3.7320e-01
3909.64 2.8842e-09 4.3311e-04 5.0872e-01 4.9085e-01
4148.46 2.4232e-09 4.1298e-04 5.4325e-01 4.5634e-01
4670.75 2.0728e-09 3.8546e-04 5.7182e-01 4.2780e-01
4956.05 8.4531e-10 2.1971e-04 5.0782e-01 4.9196e-01
5258.79 4.3756e-10 1.6108e-04 3.1784e-01 6.8200e-01
5580.02 1.6132e-10 8.1205e-05 1.6330e-01 8.3662e-01
5920.87 5.2303e-11 3.5406e-05 9.8876e-02 9.0109e-01
6282.54 3.0374e-11 2.3589e-05 8.4169e-02 9.1581e-01
6666.30 2.4520e-11 2.0671e-05 8.3779e-02 9.1620e-01
7073.50 2.1759e-11 1.8430e-05 8.2507e-02 9.1747e-01
7505.58 2.0036e-11 1.7280e-05 8.2914e-02 9.1707e-01
7964.05 2.3023e-11 1.8615e-05 9.3706e-02 9.0628e-01
8450.53 5.1208e-11 3.1873e-05 1.4863e-01 8.5134e-01
8966.72 9.3802e-11 4.6450e-05 2.2455e-01 7.7540e-01
9514.44 2.2744e-10 7.8100e-05 3.5071e-01 6.4921e-01
10095.62 6.1090e-10 1.2972e-04 4.7272e-01 5.2715e-01
10712.30 1.3029e-09 1.9448e-04 5.8616e-01 4.1365e-01
11366.65 1.4405e-09 1.7685e-04 6.1291e-01 3.8691e-01
12061.10 9.7608e-10 1.1897e-04 6.7425e-01 3.2563e-01
12793.43 1.1455e-09 1.2723e-04 6.6666e-01 3.3322e-01
13528.61 1.1320e-09 1.1037e-04 6.6271e-01 3.3718e-01
14194.74 1.0498e-09 1.0035e-04 6.5551e-01 3.4439e-01
14757.77 9.5705e-10 9.1154e-05 6.1906e-01 3.8085e-01
15240.48 2.2954e-09 1.6720e-04 5.4108e-01 4.5875e-01
15646.99 5.8948e-09 2.9322e-04 5.2171e-01 4.7800e-01
15960.30 2.3036e-08 6.1693e-04 5.6449e-01 4.3489e-01
16187.41 4.9661e-08 1.1362e-03 5.4031e-01 4.5855e-01
16354.17 4.0234e-08 9.3136e-04 5.3820e-01 4.6087e-01
16484.18 3.2095e-08 8.6829e-04 4.8998e-01 5.0915e-01
16593.12 2.9326e-08 7.7725e-04 4.6087e-01 5.3835e-01
16691.99 2.9027e-08 8.8142e-04 6.0925e-01 3.8987e-01
16788.59 2.4609e-08 8.2581e-04 5.0520e-01 4.9397e-01
16888.37 1.8614e-08 5.8595e-04 4.2488e-01 5.7453e-01
16998.79 1.2712e-08 4.5287e-04 3.7194e-01 6.2760e-01
17146.37 1.5657e-08 5.1751e-04 3.5162e-01 6.4786e-01
17415.23 1.1796e-08 4.7865e-04 3.0345e-01 6.9607e-01
17888.12 5.8131e-09 2.6982e-04 2.5105e-01 7.4868e-01
18532.37 5.7948e-09 2.7086e-04 2.4692e-01 7.5280e-01
19260.76 3.3893e-09 1.8084e-04 2.0487e-01 7.9495e-01
20034.10 2.3243e-09 1.3523e-04 1.7137e-01 8.2849e-01
20838.00 1.5678e-09 1.0156e-04 1.5094e-01 8.4896e-01
21647.97 1.3507e-09 8.6757e-05 1.2993e-01 8.6999e-01
22447.94 1.0968e-09 7.5356e-05 1.2254e-01 8.7739e-01
23245.88 7.1438e-10 5.1389e-05 9.7375e-02 9.0257e-01
24052.47 2.7050e-10 2.2375e-05 1.6288e-01 8.3709e-01
24867.72 1.4107e-10 1.3585e-05 2.0650e-01 7.9349e-01
25698.86 1.6702e-10 1.5489e-05 7.1557e-02 9.2843e-01
26587.16 1.0858e-10 1.0817e-05 1.3795e-01 8.6204e-01
27637.54 1.9658e-11 2.1589e-06 1.7653e-01 8.2347e-01
28986.97 4.3763e-11 5.5014e-06 1.7237e-01 8.2763e-01
#TIME: 223.25
#NVEL 78
#vel_mid[km/s] ca0 ca1 ca2 ca3
1060.83 3.0974e-08 7.0629e-04 9.0991e-01 8.9386e-02
1919.29 2.9644e-08 6.6254e-04 9.1675e-01 8.2583e-02
2581.60 1.1413e-08 4.3765e-04 8.8541e-01 1.1415e-01
3084.17 7.0900e-09 4.5072e-04 7.8338e-01 2.1617e-01
3472.46 6.2822e-09 5.7636e-04 6.2055e-01 3.7887e-01
3909.64 2.6624e-09 3.4540e-04 5.0777e-01 4.9189e-01
4148.46 2.9530e-09 4.4925e-04 5.4699e-01 4.5256e-01
4670.75 2.4789e-09 4.2037e-04 5.8415e-01 4.1543e-01
4956.05 1.0289e-09 2.5087e-04 4.7566e-01 5.2409e-01
5258.79 4.6147e-10 1.5179e-04 3.1259e-01 6.8726e-01
5580.02 1.7577e-10 8.2326e-05 1.6276e-01 8.3715e-01
5920.87 7.9068e-11 4.7789e-05 1.1289e-01 8.8706e-01
6282.54 3.2848e-11 2.3481e-05 8.0900e-02 9.1908e-01
6666.30 2.9736e-11 2.2387e-05 8.5229e-02 9.1475e-01
7073.50 2.6158e-11 1.9757e-05 8.1567e-02 9.1841e-01
7505.58 2.0111e-11 1.6201e-05 8.2055e-02 9.1793e-01
7964.05 2.8031e-11 2.0575e-05 9.5644e-02 9.0434e-01
8450.53 5.4799e-11 3.1244e-05 1.3878e-01 8.6119e-01
8966.72 1.1890e-10 5.2161e-05 2.1839e-01 7.8156e-01
9514.44 2.7831e-10 8.6872e-05 3.5280e-01 6.4712e-01
10095.62 7.6901e-10 1.4734e-04 4.6646e-01 5.3340e-01
10712.30 1.5775e-09 2.1228e-04 5.7529e-01 4.2450e-01
11366.65 1.7245e-09 1.9447e-04 6.2335e-01 3.7645e-01
12061.10 1.4744e-09 1.5743e-04 6.7227e-01 3.2757e-01
12793.43 1.6160e-09 1.6063e-04 6.7886e-01 3.2098e-01
13528.61 1.3347e-09 1.2139e-04 6.6997e-01 3.2991e-01
14194.74 1.4460e-09 1.1970e-04 6.2819e-01 3.7169e-01
14757.77 1.0734e-09 8.9966e-05 5.7872e-01 4.2119e-01
15240.48 1.8428e-09 1.2596e-04 5.8181e-01 4.1806e-01
15646.99 6.0746e-09 2.7149e-04 5.3028e-01 4.6945e-01
15960.30 2.1673e-08 5.5267e-04 5.7427e-01 4.2517e-01
16187.41 5.0455e-08 1.1674e-03 5.6979e-01 4.2904e-01
16354.17 5.5715e-08 1.2730e-03 5.2136e-01 4.7736e-01
16484.18 3.6182e-08 7.7365e-04 5.5428e-01 4.4494e-01
16593.12 2.4046e-08 6.6345e-04 4.8232e-01 5.1702e-01
16691.99 3.3402e-08 9.8522e-04 6.2483e-01 3.7418e-01
16788.59 1.7509e-08 5.7705e-04 4.0249e-01 5.9694e-01
16888.37 1.7418e-08 5.6835e-04 4.0491e-01 5.9452e-01
16998.79 1.3330e-08 4.8333e-04 4.1667e-01 5.8285e-01
17146.37 1.9321e-08 5.7750e-04 3.6100e-01 6.3843e-01
17415.23 1.5471e-08 5.8704e-04 2.9916e-01 7.0026e-01
17888.12 7.7533e-09 3.5481e-04 2.8068e-01 7.1896e-01
18532.37 4.3641e-09 2.2303e-04 2.3058e-01 7.6920e-01
19260.76 4.4159e-09 2.2067e-04 2.1331e-01 7.8647e-01
20034.10 2.0650e-09 1.1842e-04 1.6462e-01 8.3526e-01
20838.00 1.5077e-09 9.6120e-05 1.6069e-01 8.3922e-01
21647.97 1.4865e-09 9.1089e-05 1.4811e-01 8.5180e-01
22447.94 1.0951e-09 7.1391e-05 1.1430e-01 8.8563e-01
23245.88 6.4520e-10 4.9686e-05 1.0539e-01 8.9456e-01
24052.47 1.7187e-10 1.3830e-05 1.2411e-01 8.7588e-01
24867.72 2.4653e-10 2.1625e-05 7.5769e-02 9.2421e-01
25698.86 2.3108e-10 2.0536e-05 6.5151e-02 9.3483e-01
26587.16 1.2382e-10 1.2032e-05 7.9480e-02 9.2051e-01
27637.54 5.6485e-11 6.8884e-06 2.5247e-01 7.4752e-01
28986.97 5.1419e-11 6.5390e-06 1.8581e-01 8.1419e-01
#TIME: 226.46
#NVEL 78
#vel_mid[km/s] ca0 ca1 ca2 ca3
1060.83 4.3065e-08 8.0608e-04 9.0723e-01 9.1964e-02
1919.29 3.0577e-08 6.6330e-04 9.1676e-01 8.2579e-02
2581.60 1.6068e-08 5.0600e-04 8.8454e-01 1.1496e-01
3084.17 8.5945e-09 4.9628e-04 7.8262e-01 2.1689e-01
3472.46 6.6793e-09 5.5214e-04 6.2180e-01 3.7765e-01
3909.64 3.8687e-09 4.5582e-04 5.1714e-01 4.8240e-01
4148.46 2.9136e-09 3.9100e-04 5.4456e-01 4.5505e-01
4670.75 2.9271e-09 4.3942e-04 5.8204e-01 4.1752e-01
4956.05 1.2804e-09 2.7483e-04 4.8895e-01 5.1077e-01
5258.79 6.1313e-10 1.8629e-04 3.3222e-01 6.6759e-01
5580.02 1.9599e-10 8.2263e-05 1.7096e-01 8.2896e-01
5920.87 7.1163e-11 3.9857e-05 1.0390e-01 8.9606e-01
6282.54 3.7675e-11 2.5341e-05 8.5192e-02 9.1478e-01
6666.30 3.3164e-11 2.2726e-05 8.3191e-02 9.1679e-01
7073.50 3.3088e-11 2.2389e-05 8.4293e-02 9.1568e-01
7505.58 2.5643e-11 1.8320e-05 7.9966e-02 9.2002e-01
7964.05 3.0988e-11 2.0733e-05 9.5943e-02 9.0404e-01
8450.53 6.1876e-11 3.2217e-05 1.3807e-01 8.6190e-01
8966.72 1.3640e-10 5.4660e-05 2.2399e-01 7.7595e-01
9514.44 2.8370e-10 8.2745e-05 3.4239e-01 6.5753e-01
10095.62 7.4967e-10 1.3686e-04 4.6967e-01 5.3019e-01
10712.30 1.6346e-09 2.0921e-04 5.7379e-01 4.2600e-01
11366.65 1.4988e-09 1.6408e-04 6.4057e-01 3.5927e-01
12061.10 1.6791e-09 1.6299e-04 6.6641e-01 3.3343e-01
12793.43 1.5600e-09 1.4430e-04 6.8767e-01 3.1218e-01
13528.61 1.4535e-09 1.2498e-04 6.5298e-01 3.4690e-01
14194.74 1.8671e-09 1.5363e-04 6.3426e-01 3.6559e-01
14757.77 1.0921e-09 8.2870e-05 6.2907e-01 3.7084e-01
15240.48 2.0269e-09 1.3075e-04 6.0440e-01 3.9547e-01
15646.99 7.4553e-09 3.3138e-04 5.2033e-01 4.7934e-01
15960.30 2.6397e-08 6.9068e-04 5.3528e-01 4.6403e-01
16187.41 4.0824e-08 9.8530e-04 5.7769e-01 4.2133e-01
16354.17 5.9318e-08 1.1312e-03 5.6511e-01 4.3376e-01
16484.18 3.6617e-08 8.6160e-04 5.1019e-01 4.8895e-01
16593.12 2.4606e-08 6.8021e-04 4.7149e-01 5.2783e-01
16691.99 3.2446e-08 1.0234e-03 5.7722e-01 4.2176e-01
16788.59 3.9143e-08 1.2130e-03 4.1386e-01 5.8493e-01
16888.37 1.8195e-08 5.1340e-04 4.4170e-01 5.5779e-01
16998.79 1.9373e-08 6.2543e-04 3.4911e-01 6.5026e-01
17146.37 1.6647e-08 4.9297e-04 3.3510e-01 6.6441e-01
17415.23 1.1336e-08 4.3456e-04 3.0703e-01 6.9254e-01
17888.12 9.6966e-09 3.9053e-04 2.6907e-01 7.3054e-01
18532.37 6.2316e-09 2.7956e-04 2.5722e-01 7.4250e-01
19260.76 4.2230e-09 2.0862e-04 2.0371e-01 7.9608e-01
20034.10 2.6844e-09 1.4470e-04 1.7370e-01 8.2615e-01
20838.00 1.9721e-09 1.1247e-04 1.5081e-01 8.4907e-01
21647.97 1.6717e-09 9.3926e-05 1.3536e-01 8.6455e-01
22447.94 8.4006e-10 5.6302e-05 1.1279e-01 8.8715e-01
23245.88 6.5323e-10 4.8281e-05 1.2275e-01 8.7720e-01
24052.47 3.2087e-10 2.5479e-05 1.6868e-01 8.3129e-01
24867.72 1.6486e-10 1.4851e-05 3.8320e-01 6.1679e-01
25698.86 2.8347e-10 2.2407e-05 7.3774e-02 9.2620e-01
26587.16 1.9101e-10 1.6703e-05 5.1775e-02 9.4821e-01
27637.54 9.0332e-11 9.6138e-06 8.2289e-02 9.1770e-01
28986.97 5.1272e-11 6.8648e-06 1.6461e-01 8.3538e-01
#TIME: 229.71
#NVEL 78
#vel_mid[km/s] ca0 ca1 ca2 ca3
1060.83 4.2548e-08 7.0978e-04 9.0730e-01 9.1993e-02
1919.29 1.0045e-08 2.1581e-04 8.8664e-01 1.1314e-01
2581.60 1.7435e-08 4.8936e-04 8.8723e-01 1.1228e-01
3084.17 9.0845e-09 4.6203e-04 7.8700e-01 2.1254e-01
3472.46 8.4224e-09 6.1325e-04 6.1325e-01 3.8613e-01
3909.64 4.6501e-09 4.9165e-04 5.3752e-01 4.6199e-01
4148.46 3.9994e-09 4.7984e-04 5.4849e-01 4.5103e-01
4670.75 3.7170e-09 5.0402e-04 5.8282e-01 4.1667e-01
4956.05 1.8967e-09 3.5945e-04 5.1842e-01 4.8122e-01
5258.79 8.2592e-10 2.2174e-04 3.2019e-01 6.7959e-01
5580.02 2.1135e-10 8.2625e-05 1.7522e-01 8.2469e-01
5920.87 7.6475e-11 3.9025e-05 1.0735e-01 8.9261e-01
6282.54 4.7923e-11 2.8194e-05 8.6177e-02 9.1379e-01
6666.30 3.7421e-11 2.3635e-05 8.5414e-02 9.1456e-01
7073.50 3.5069e-11 2.1929e-05 8.4002e-02 9.1598e-01
7505.58 2.6965e-11 1.7640e-05 7.8623e-02 9.2136e-01
7964.05 3.4984e-11 2.1056e-05 9.8333e-02 9.0165e-01
8450.53 7.1035e-11 3.3392e-05 1.3630e-01 8.6367e-01
8966.72 1.5527e-10 5.6538e-05 2.3151e-01 7.6843e-01
9514.44 3.3785e-10 8.9100e-05 3.5178e-01 6.4814e-01
10095.62 9.2603e-10 1.5531e-04 4.8905e-01 5.1080e-01
10712.30 1.5380e-09 1.9083e-04 5.7340e-01 4.2641e-01
11366.65 1.9902e-09 2.0345e-04 6.2263e-01 3.7717e-01
12061.10 1.6128e-09 1.4845e-04 6.8088e-01 3.1898e-01
12793.43 1.5546e-09 1.3737e-04 6.8960e-01 3.1026e-01
13528.61 1.4811e-09 1.1946e-04 6.8795e-01 3.1193e-01
14194.74 1.1363e-09 9.0059e-05 6.8462e-01 3.1529e-01
14757.77 1.6898e-09 1.2496e-04 5.8477e-01 4.1510e-01
15240.48 2.4088e-09 1.5462e-04 5.4370e-01 4.5614e-01
15646.99 6.3465e-09 2.6579e-04 6.1410e-01 3.8563e-01
15960.30 2.8980e-08 7.2159e-04 5.7343e-01 4.2585e-01
16187.41 4.9834e-08 1.1780e-03 6.2848e-01 3.7034e-01
16354.17 5.3068e-08 1.2166e-03 5.3987e-01 4.5891e-01
16484.18 5.3357e-08 1.2539e-03 4.8059e-01 5.1816e-01
16593.12 3.1513e-08 8.0161e-04 5.2807e-01 4.7113e-01
16691.99 2.6218e-08 8.0090e-04 6.2562e-01 3.7358e-01
16788.59 5.3266e-08 1.4160e-03 4.2056e-01 5.7803e-01
16888.37 3.4236e-08 1.0555e-03 3.8308e-01 6.1586e-01
16998.79 1.8299e-08 5.9886e-04 3.7832e-01 6.2108e-01
17146.37 1.2756e-08 3.9722e-04 3.4212e-01 6.5748e-01
17415.23 1.3273e-08 4.6344e-04 3.2238e-01 6.7715e-01
17888.12 9.3201e-09 3.7601e-04 2.6535e-01 7.3427e-01
18532.37 6.6850e-09 2.9003e-04 2.2998e-01 7.6973e-01
19260.76 4.6493e-09 2.1971e-04 2.1286e-01 7.8692e-01
20034.10 2.8450e-09 1.4557e-04 1.5971e-01 8.4015e-01
20838.00 1.7952e-09 1.0619e-04 1.5773e-01 8.4216e-01
21647.97 1.6408e-09 9.6456e-05 1.3232e-01 8.6759e-01
22447.94 8.1616e-10 5.1840e-05 1.3930e-01 8.6064e-01
23245.88 9.0030e-10 5.8875e-05 1.3895e-01 8.6099e-01
24052.47 3.8994e-10 3.1651e-05 1.2322e-01 8.7675e-01
24867.72 2.6481e-10 2.1840e-05 3.3341e-01 6.6657e-01
25698.86 2.5348e-10 2.2343e-05 1.1424e-01 8.8574e-01
26587.16 1.6371e-10 1.4650e-05 6.5912e-02 9.3407e-01
27637.54 8.8192e-11 8.1686e-06 4.3562e-02 9.5643e-01
28986.97 5.6696e-11 7.0038e-06 2.1620e-01 7.8379e-01
#TIME: 233.01
#NVEL 78
#vel_mid[km/s] ca0 ca1 ca2 ca3
1060.83 5.8480e-08 8.0148e-04 9.1540e-01 8.3799e-02
1919.29 3.3970e-07 5.1584e-03 9.0673e-01 8.8109e-02
2581.60 2.1779e-08 5.3848e-04 8.8743e-01 1.1203e-01
3084.17 1.3716e-08 6.0272e-04 7.8551e-01 2.1389e-01
3472.46 9.0259e-09 5.8515e-04 6.1848e-01 3.8093e-01
3909.64 4.8329e-09 4.4517e-04 5.2457e-01 4.7498e-01
4148.46 4.1471e-09 4.5748e-04 5.3854e-01 4.6100e-01
4670.75 4.4541e-09 5.4978e-04 5.8314e-01 4.1631e-01
4956.05 2.0570e-09 3.4836e-04 4.9053e-01 5.0912e-01
5258.79 9.0622e-10 2.2076e-04 3.1098e-01 6.8880e-01
5580.02 2.5728e-10 9.0890e-05 1.6797e-01 8.3194e-01
5920.87 1.0055e-10 4.5528e-05 1.0908e-01 8.9088e-01
6282.54 5.3644e-11 2.9098e-05 8.9672e-02 9.1030e-01
6666.30 4.7161e-11 2.6299e-05 8.4561e-02 9.1541e-01
7073.50 3.6853e-11 2.1392e-05 7.6711e-02 9.2327e-01
7505.58 3.4339e-11 2.0476e-05 8.3968e-02 9.1601e-01
7964.05 3.8174e-11 2.1108e-05 9.1310e-02 9.0867e-01
8450.53 8.1537e-11 3.5142e-05 1.3800e-01 8.6196e-01
8966.72 1.7364e-10 5.7508e-05 2.2702e-01 7.7293e-01
9514.44 4.0624e-10 9.9070e-05 3.4413e-01 6.5577e-01
10095.62 1.1007e-09 1.6967e-04 4.7896e-01 5.2087e-01
10712.30 1.8942e-09 2.1072e-04 5.7801e-01 4.2178e-01
11366.65 2.4891e-09 2.2703e-04 6.3114e-01 3.6863e-01
12061.10 1.7984e-09 1.5473e-04 6.7181e-01 3.2803e-01
12793.43 1.9347e-09 1.5738e-04 7.0327e-01 2.9657e-01
13528.61 1.5796e-09 1.2024e-04 6.9637e-01 3.0351e-01
14194.74 1.2021e-09 9.0760e-05 6.6683e-01 3.3307e-01
14757.77 1.2769e-09 9.0769e-05 6.2426e-01 3.7565e-01
15240.48 3.1052e-09 1.8005e-04 5.9412e-01 4.0570e-01
15646.99 7.8344e-09 3.2119e-04 5.6326e-01 4.3642e-01
15960.30 3.0736e-08 7.7270e-04 6.1830e-01 3.8092e-01
16187.41 3.7848e-08 9.1477e-04 6.4070e-01 3.5839e-01
16354.17 5.7777e-08 1.2725e-03 6.0681e-01 3.9192e-01
16484.18 6.5525e-08 1.2391e-03 5.6545e-01 4.3331e-01
16593.12 3.8719e-08 8.6061e-04 5.3097e-01 4.6817e-01
16691.99 7.5916e-08 1.6364e-03 6.6236e-01 3.3601e-01
16788.59 5.3659e-08 1.2246e-03 3.5901e-01 6.3977e-01
16888.37 2.8797e-08 8.5516e-04 3.9530e-01 6.0384e-01
16998.79 2.9381e-08 8.2458e-04 4.1321e-01 5.8596e-01
17146.37 1.6463e-08 5.2247e-04 3.6474e-01 6.3474e-01
17415.23 1.1939e-08 4.2649e-04 3.2998e-01 6.6959e-01
17888.12 8.0079e-09 3.4401e-04 2.9313e-01 7.0653e-01
18532.37 6.4018e-09 2.8002e-04 2.2509e-01 7.7463e-01
19260.76 4.9110e-09 2.3518e-04 2.1420e-01 7.8556e-01
20034.10 3.4731e-09 1.7530e-04 1.6136e-01 8.3846e-01
20838.00 2.4366e-09 1.3227e-04 1.6010e-01 8.3977e-01
21647.97 1.9357e-09 1.0571e-04 1.5082e-01 8.4908e-01
22447.94 1.2942e-09 8.3476e-05 1.0974e-01 8.9018e-01
23245.88 1.0011e-09 6.9199e-05 8.8831e-02 9.1110e-01
24052.47 4.2962e-10 3.3948e-05 1.2906e-01 8.7090e-01
24867.72 3.5954e-10 2.7461e-05 1.9931e-01 8.0067e-01
25698.86 3.7337e-10 2.9518e-05 1.0715e-01 8.9282e-01
26587.16 1.6604e-10 1.5716e-05 4.8178e-02 9.5181e-01
27637.54 1.1783e-10 1.2166e-05 7.4610e-02 9.2538e-01
28986.97 5.7347e-11 7.2820e-06 2.2350e-01 7.7650e-01
#TIME: 236.36
#NVEL 78
#vel_mid[km/s] ca0 ca1 ca2 ca3
1060.83 1.3077e-07 1.3084e-03 9.1188e-01 8.6814e-02
1919.29 3.1863e-07 2.7884e-03 9.1252e-01 8.4687e-02
2581.60 2.5785e-08 5.6528e-04 8.8855e-01 1.1088e-01
3084.17 1.6468e-08 6.3078e-04 7.8573e-01 2.1364e-01
3472.46 1.1624e-08 6.7859e-04 6.2775e-01 3.7157e-01
3909.64 5.8638e-09 4.6611e-04 5.3283e-01 4.6671e-01
4148.46 4.7119e-09 4.6359e-04 5.6170e-01 4.3783e-01
4670.75 5.2603e-09 5.7928e-04 5.9406e-01 4.0536e-01
4956.05 2.0667e-09 3.1669e-04 5.0684e-01 4.9284e-01
5258.79 8.7273e-10 1.9267e-04 3.2301e-01 6.7680e-01
5580.02 3.2621e-10 1.0345e-04 1.7169e-01 8.2821e-01
5920.87 1.1646e-10 4.7146e-05 1.0650e-01 8.9345e-01
6282.54 5.5077e-11 2.7098e-05 8.2951e-02 9.1702e-01
6666.30 5.2459e-11 2.7383e-05 8.4865e-02 9.1511e-01
7073.50 4.4609e-11 2.3315e-05 7.6204e-02 9.2377e-01
7505.58 3.4475e-11 1.8984e-05 7.6360e-02 9.2362e-01
7964.05 4.2332e-11 2.1440e-05 9.2325e-02 9.0765e-01
8450.53 9.4207e-11 3.7096e-05 1.3454e-01 8.6542e-01
8966.72 2.2805e-10 6.8069e-05 2.2338e-01 7.7655e-01
9514.44 4.9640e-10 1.0849e-04 3.5275e-01 6.4714e-01
10095.62 1.3646e-09 1.9116e-04 4.7509e-01 5.2472e-01
10712.30 2.3170e-09 2.3818e-04 5.8241e-01 4.1735e-01
11366.65 2.7576e-09 2.4202e-04 6.3009e-01 3.6966e-01
12061.10 2.0024e-09 1.6609e-04 6.5492e-01 3.4491e-01
12793.43 1.7275e-09 1.3416e-04 6.9394e-01 3.0593e-01
13528.61 1.6519e-09 1.2183e-04 6.9076e-01 3.0911e-01
14194.74 1.5989e-09 1.1280e-04 6.6249e-01 3.3739e-01
14757.77 1.6087e-09 1.1384e-04 5.7339e-01 4.2649e-01
15240.48 2.8243e-09 1.6836e-04 6.1551e-01 3.8432e-01
15646.99 9.2428e-09 3.4787e-04 6.1238e-01 3.8728e-01
15960.30 3.5342e-08 8.5504e-04 6.0342e-01 3.9573e-01
16187.41 5.8693e-08 1.2332e-03 6.0360e-01 3.9517e-01
16354.17 5.9126e-08 1.2118e-03 6.0263e-01 3.9616e-01
16484.18 1.1817e-07 2.1149e-03 5.1491e-01 4.8298e-01
16593.12 5.4372e-08 1.2590e-03 4.4919e-01 5.4955e-01
16691.99 4.0724e-08 8.5721e-04 6.6287e-01 3.3627e-01
16788.59 2.6290e-08 8.6089e-04 5.1980e-01 4.7934e-01
16888.37 4.0375e-08 1.3124e-03 4.2038e-01 5.7830e-01
16998.79 1.8220e-08 5.6981e-04 3.9985e-01 5.9958e-01
17146.37 3.5652e-08 1.0701e-03 4.1570e-01 5.8323e-01
17415.23 2.5268e-08 8.2740e-04 3.2589e-01 6.7328e-01
17888.12 1.2202e-08 5.0866e-04 2.8947e-01 7.1002e-01
18532.37 8.9762e-09 3.8438e-04 2.4788e-01 7.5173e-01
19260.76 5.6847e-09 2.7037e-04 2.2500e-01 7.7473e-01
20034.10 4.4211e-09 2.2211e-04 2.0693e-01 7.9285e-01
20838.00 3.0556e-09 1.6344e-04 1.7685e-01 8.2299e-01
21647.97 2.2313e-09 1.2277e-04 1.5522e-01 8.4466e-01
22447.94 1.8267e-09 1.0778e-04 1.4250e-01 8.5739e-01
23245.88 9.5465e-10 6.4859e-05 1.4202e-01 8.5791e-01
24052.47 4.9802e-10 3.4641e-05 9.5144e-02 9.0482e-01
24867.72 1.7535e-10 1.1920e-05 3.8824e-02 9.6116e-01
25698.86 3.3023e-10 2.4925e-05 6.2899e-02 9.3708e-01
26587.16 1.9301e-10 1.7540e-05 4.6579e-02 9.5340e-01
27637.54 9.5373e-11 9.6947e-06 2.7637e-01 7.2362e-01
28986.97 6.3415e-11 8.0097e-06 2.2604e-01 7.7395e-01
#TIME: 239.76
#NVEL 78
#vel_mid[km/s] ca0 ca1 ca2 ca3
1060.83 1.3409e-07 1.2397e-03 9.1446e-01 8.4301e-02
1919.29 4.4072e-07 2.7752e-03 9.1458e-01 8.2642e-02
2581.60 3.1740e-08 5.8866e-04 8.8872e-01 1.1069e-01
3084.17 1.8641e-08 6.2912e-04 7.8913e-01 2.1024e-01
3472.46 1.2759e-08 6.5163e-04 6.2145e-01 3.7790e-01
3909.64 7.0745e-09 5.1068e-04 5.2692e-01 4.7257e-01
4148.46 7.3135e-09 6.3894e-04 5.4781e-01 4.5156e-01
4670.75 7.4930e-09 7.1951e-04 5.7286e-01 4.2642e-01
4956.05 3.1559e-09 4.2864e-04 4.6736e-01 5.3222e-01
5258.79 1.0920e-09 2.1517e-04 3.1341e-01 6.8637e-01
5580.02 3.4021e-10 9.7740e-05 1.6503e-01 8.3487e-01
5920.87 1.4238e-10 5.3181e-05 1.0733e-01 8.9261e-01
6282.54 6.5859e-11 2.9540e-05 8.6054e-02 9.1392e-01
6666.30 5.5048e-11 2.5900e-05 7.9507e-02 9.2047e-01
7073.50 4.7434e-11 2.2977e-05 8.0637e-02 9.1934e-01
7505.58 4.3666e-11 2.1630e-05 8.1961e-02 9.1802e-01
7964.05 4.9923e-11 2.2824e-05 9.2442e-02 9.0754e-01
8450.53 1.0931e-10 3.8918e-05 1.3254e-01 8.6742e-01
8966.72 2.1960e-10 6.0633e-05 2.2998e-01 7.6996e-01
9514.44 5.3773e-10 1.0855e-04 3.5164e-01 6.4826e-01
10095.62 1.5902e-09 2.0156e-04 4.7111e-01 5.2869e-01
10712.30 3.1124e-09 2.9346e-04 5.7004e-01 4.2967e-01
11366.65 3.1625e-09 2.6483e-04 6.3303e-01 3.6670e-01
