#NTIMES: 50
#NSTAGES: 4
#TIMES[d]: 199.16 202.03 204.93 207.87 210.86 213.89 216.97 220.09 223.25 226.46 229.71 233.01 236.36 239.76 243.21 246.70 250.25 253.85 257.50 261.20 264.95 268.76 272.62 276.54 280.51 284.55 288.64 292.79 296.99 301.26 305.59 309.99 314.44 318.96 323.55 328.19 332.91 337.70 342.55 347.48 352.47 357.54 362.68 367.89 373.18 378.54 383.98 389.50 395.10 400.78
#
#TIME: 199.16
#NVEL: 115
#vel_mid[km/s] si0 si1 si2 si3
425.78 5.5742e-04 9.2852e-01 6.9211e-02 1.7129e-03
857.79 1.2447e-03 9.4529e-01 5.2245e-02 1.2184e-03
878.44 2.3227e-03 9.5181e-01 4.4848e-02 1.0190e-03
917.72 1.1179e-03 9.5172e-01 4.6096e-02 1.0617e-03
973.04 4.2983e-04 9.3149e-01 6.6517e-02 1.5643e-03
1034.98 1.1233e-03 9.4728e-01 5.0402e-02 1.1905e-03
1099.97 6.6442e-04 9.5442e-01 4.3897e-02 1.0211e-03
1169.04 7.2347e-04 9.5146e-01 4.6746e-02 1.0712e-03
1242.44 8.0029e-04 9.5302e-01 4.5140e-02 1.0377e-03
1320.45 1.0391e-03 9.5324e-01 4.4724e-02 9.9381e-04
1403.37 2.7935e-03 9.4786e-01 4.8269e-02 1.0780e-03
1491.49 2.7852e-03 9.5019e-01 4.6024e-02 9.9800e-04
1585.14 2.8265e-03 9.4758e-01 4.8548e-02 1.0444e-03
1684.67 3.8693e-03 9.4895e-01 4.6202e-02 9.8182e-04
1790.45 3.6938e-03 9.4815e-01 4.7132e-02 1.0198e-03
1902.87 1.5811e-03 9.4778e-01 4.9540e-02 1.0961e-03
2022.36 2.9700e-04 9.2457e-01 7.3302e-02 1.8357e-03
2149.34 4.3873e-04 9.5081e-01 4.7647e-02 1.0995e-03
2284.30 3.9367e-04 9.4720e-01 5.1165e-02 1.2437e-03
2427.74 2.9889e-04 9.4308e-01 5.5206e-02 1.4144e-03
2580.18 2.7577e-04 9.3719e-01 6.0893e-02 1.6455e-03
2742.19 2.6350e-04 9.3302e-01 6.4901e-02 1.8138e-03
2914.37 2.8452e-04 9.3081e-01 6.6986e-02 1.9230e-03
3097.37 3.3552e-04 9.2812e-01 6.9560e-02 1.9842e-03
3291.85 3.4079e-04 9.2424e-01 7.3324e-02 2.0910e-03
3498.55 6.6555e-04 9.2572e-01 7.1758e-02 1.8596e-03
3718.23 9.8601e-03 9.3956e-01 4.9578e-02 1.0062e-03
3951.70 8.3634e-02 8.7851e-01 3.7195e-02 6.5678e-04
4199.83 6.9856e-02 8.7998e-01 4.9078e-02 1.0820e-03
4463.54 9.3817e-02 8.5301e-01 5.1843e-02 1.3297e-03
4743.81 1.8101e-01 7.7134e-01 4.6404e-02 1.2516e-03
5041.68 2.2519e-01 7.3253e-01 4.1178e-02 1.1006e-03
5358.25 2.5635e-01 7.0511e-01 3.7533e-02 1.0031e-03
5694.70 2.8779e-01 6.7498e-01 3.6262e-02 9.6680e-04
6052.28 3.1009e-01 6.5507e-01 3.3944e-02 8.9510e-04
6432.31 3.2155e-01 6.4523e-01 3.2378e-02 8.4151e-04
6836.20 3.4882e-01 6.1931e-01 3.1046e-02 8.2056e-04
7265.45 3.7053e-01 5.9940e-01 2.9305e-02 7.6779e-04
7721.65 3.9643e-01 5.7590e-01 2.6973e-02 6.9077e-04
8206.56 4.3059e-01 5.4391e-01 2.4872e-02 6.2696e-04
8717.73 4.4964e-01 5.2774e-01 2.2110e-02 5.1502e-04
9214.74 5.0373e-01 4.7744e-01 1.8426e-02 4.0097e-04
9629.11 5.1363e-01 4.6917e-01 1.6861e-02 3.4404e-04
9954.11 5.3615e-01 4.4889e-01 1.4689e-02 2.7411e-04
10245.64 5.0595e-01 4.7731e-01 1.6448e-02 2.9771e-04
10541.49 5.1185e-01 4.7149e-01 1.6368e-02 2.8899e-04
10839.94 4.6778e-01 5.1714e-01 1.4862e-02 2.1093e-04
11119.11 4.3135e-01 5.5389e-01 1.4580e-02 1.8096e-04
11355.83 3.6712e-01 6.1995e-01 1.2807e-02 1.2795e-04
11539.81 3.8598e-01 6.0400e-01 9.9375e-03 8.2298e-05
11677.16 4.0259e-01 5.8919e-01 8.1617e-03 5.8298e-05
11784.05 3.7702e-01 6.1546e-01 7.4769e-03 4.7467e-05
11875.85 3.5435e-01 6.3791e-01 7.6924e-03 4.9324e-05
11963.37 2.8696e-01 7.0364e-01 9.3381e-03 6.0978e-05
12055.39 1.5832e-01 8.2922e-01 1.2373e-02 9.2489e-05
12170.41 1.7411e-01 8.0978e-01 1.5972e-02 1.4170e-04
12360.89 1.1538e-02 9.6511e-01 2.3148e-02 2.0828e-04
12670.46 8.4174e-04 9.6022e-01 3.8547e-02 3.9381e-04
13075.34 2.9933e-04 9.4255e-01 5.6453e-02 6.9647e-04
13530.52 1.5606e-04 9.3424e-01 6.4621e-02 9.8204e-04
14012.75 1.0500e-04 8.8016e-01 1.1769e-01 2.0480e-03
14508.81 8.8503e-05 8.7702e-01 1.2031e-01 2.5764e-03
15002.30 7.1375e-05 8.9719e-01 1.0047e-01 2.2670e-03
15475.29 7.1997e-05 8.9793e-01 9.9642e-02 2.3525e-03
15923.68 6.2007e-05 9.1926e-01 7.8729e-02 1.9542e-03
16355.64 5.0891e-05 9.2644e-01 7.1562e-02 1.9440e-03
16776.27 4.1812e-05 7.9834e-01 1.9647e-01 5.1488e-03
17183.14 4.7174e-05 8.6734e-01 1.2925e-01 3.3554e-03
17580.45 4.6929e-05 8.1706e-01 1.7868e-01 4.2180e-03
17990.34 4.4119e-05 8.2349e-01 1.7179e-01 4.6800e-03
18458.06 3.5994e-05 7.6294e-01 2.3020e-01 6.8169e-03
19084.69 2.9341e-05 7.6630e-01 2.2613e-01 7.5392e-03
19999.79 2.0905e-05 7.7980e-01 2.0997e-01 1.0205e-02
21193.46 1.1278e-05 7.2845e-01 2.4818e-01 2.3362e-02
22528.72 6.3104e-06 6.0951e-01 3.4044e-01 5.0048e-02
23943.32 4.4932e-06 5.9575e-01 3.3604e-01 6.8209e-02
25446.74 2.6462e-06 4.7726e-01 4.1054e-01 1.1219e-01
27044.57 9.4842e-07 2.5622e-01 5.1102e-01 2.3276e-01
28744.18 2.1321e-07 1.4046e-01 4.5524e-01 4.0430e-01
30520.16 5.1974e-08 6.3094e-02 3.7874e-01 5.5817e-01
32243.50 9.2030e-09 1.4084e-02 3.3153e-01 6.5438e-01
33773.01 8.9370e-09 1.8250e-02 2.8456e-01 6.9719e-01
35108.48 4.9583e-09 1.4564e-02 2.2607e-01 7.5937e-01
36326.30 2.6506e-10 1.1120e-03 1.7066e-01 8.2823e-01
37486.70 3.9532e-10 2.1386e-03 1.2454e-01 8.7332e-01
38628.25 3.6698e-10 2.4569e-03 9.6784e-02 9.0076e-01
39768.62 9.2080e-11 8.4027e-04 7.1698e-02 9.2746e-01
40915.31 4.0444e-11 4.8170e-04 5.3634e-02 9.4588e-01
42074.51 2.9346e-11 4.2831e-04 4.0273e-02 9.5930e-01
43252.44 6.4551e-12 1.2730e-04 3.0048e-02 9.6982e-01
44454.05 3.9126e-12 9.2482e-05 2.2353e-02 9.7755e-01
45683.04 2.1849e-12 6.4315e-05 1.6584e-02 9.8335e-01
46941.68 1.3429e-12 4.7998e-05 1.2269e-02 9.8768e-01
48230.81 7.2293e-13 3.2002e-05 9.0682e-03 9.9090e-01
49550.29 3.4275e-13 1.8053e-05 6.6989e-03 9.9328e-01
50899.37 1.7152e-13 1.0060e-05 4.9471e-03 9.9504e-01
52276.86 8.8839e-14 5.5113e-06 3.6608e-03 9.9633e-01
53681.16 5.1867e-15 4.2826e-07 2.6023e-03 9.9740e-01
55110.21 2.5892e-15 2.1102e-07 1.9140e-03 9.9809e-01
56561.17 2.9745e-15 3.1976e-07 1.4610e-03 9.9854e-01
58030.00 5.1278e-15 5.7400e-07 1.1151e-03 9.9888e-01
59510.42 3.6442e-15 3.3392e-07 8.3491e-04 9.9916e-01
60993.45 1.7756e-15 1.9172e-07 6.2957e-04 9.9937e-01
62466.44 7.9816e-16 1.1343e-07 4.7773e-04 9.9952e-01
63912.69 3.0654e-16 6.7285e-08 3.6706e-04 9.9963e-01
65311.62 1.0587e-15 4.0283e-08 2.8603e-04 9.9971e-01
66639.26 1.7717e-16 2.6510e-08 2.2699e-04 9.9977e-01
67870.77 1.1129e-16 1.7891e-08 1.8367e-04 9.9982e-01
68864.47 9.0320e-17 1.2230e-08 1.5149e-04 9.9985e-01
69459.55 6.4199e-17 1.0269e-08 1.3991e-04 9.9986e-01
69744.99 5.5778e-17 9.4981e-09 1.3436e-04 9.9987e-01
69888.26 6.4287e-17 9.1403e-09 1.3172e-04 9.9987e-01
69959.62 6.1291e-17 8.9661e-09 1.3041e-04 9.9987e-01
69991.15 6.4417e-17 8.8443e-09 1.2977e-04 9.9987e-01
69999.53 6.3738e-17 8.8467e-09 1.2975e-04 9.9987e-01
#TIME: 202.03
#NVEL: 115
#vel_mid[km/s] si0 si1 si2 si3
425.78 2.4202e-03 9.4704e-01 4.9393e-02 1.1435e-03
857.79 1.9347e-03 9.5077e-01 4.6282e-02 1.0126e-03
878.44 1.1684e-03 9.3500e-01 6.2376e-02 1.4529e-03
917.72 1.1535e-03 9.3349e-01 6.3826e-02 1.5348e-03
973.04 1.5411e-03 9.4749e-01 4.9817e-02 1.1522e-03
1034.98 2.0859e-03 9.4635e-01 5.0372e-02 1.1951e-03
1099.97 1.0547e-03 9.5314e-01 4.4770e-02 1.0330e-03
1169.04 5.0463e-04 9.2639e-01 7.1320e-02 1.7817e-03
1242.44 5.9858e-04 9.2833e-01 6.9356e-02 1.7151e-03
1320.45 6.0556e-04 9.3197e-01 6.5873e-02 1.5567e-03
1403.37 3.3483e-03 9.5020e-01 4.5440e-02 1.0077e-03
1491.49 3.9980e-03 9.4959e-01 4.5442e-02 9.7114e-04
1585.14 5.5909e-03 9.4743e-01 4.6004e-02 9.7700e-04
1684.67 4.9705e-03 9.4964e-01 4.4447e-02 9.4213e-04
1790.45 4.1621e-03 9.4919e-01 4.5673e-02 9.7456e-04
1902.87 2.5133e-03 9.4787e-01 4.8526e-02 1.0878e-03
2022.36 1.1689e-03 9.4687e-01 5.0787e-02 1.1743e-03
2149.34 4.4735e-04 9.5148e-01 4.6994e-02 1.0836e-03
2284.30 3.8079e-04 9.4806e-01 5.0341e-02 1.2209e-03
2427.74 3.0436e-04 9.4322e-01 5.5074e-02 1.4032e-03
2580.18 2.8799e-04 9.3892e-01 5.9198e-02 1.5944e-03
2742.19 2.6861e-04 9.3372e-01 6.4210e-02 1.8030e-03
2914.37 2.8290e-04 9.3091e-01 6.6889e-02 1.9223e-03
3097.37 3.3116e-04 9.3007e-01 6.7668e-02 1.9304e-03
3291.85 3.5972e-04 9.2369e-01 7.3857e-02 2.0963e-03
3498.55 6.3838e-04 9.2898e-01 6.8605e-02 1.7802e-03
3718.23 1.0185e-02 9.3871e-01 5.0088e-02 1.0138e-03
3951.70 8.9442e-02 8.7303e-01 3.6871e-02 6.5477e-04
4199.83 7.8161e-02 8.7179e-01 4.8973e-02 1.0801e-03
4463.54 9.8869e-02 8.4754e-01 5.2250e-02 1.3361e-03
4743.81 1.9093e-01 7.6253e-01 4.5321e-02 1.2202e-03
5041.68 2.4058e-01 7.1808e-01 4.0246e-02 1.0914e-03
5358.25 2.6480e-01 6.9709e-01 3.7107e-02 9.9809e-04
5694.70 2.9275e-01 6.7086e-01 3.5442e-02 9.4619e-04
6052.28 3.1459e-01 6.5135e-01 3.3181e-02 8.7703e-04
6432.31 3.2399e-01 6.4322e-01 3.1956e-02 8.3447e-04
6836.20 3.4942e-01 6.1912e-01 3.0649e-02 8.0982e-04
7265.45 3.8314e-01 5.8860e-01 2.7566e-02 6.9788e-04
7721.65 4.0402e-01 5.6964e-01 2.5708e-02 6.3501e-04
8206.56 4.3954e-01 5.3655e-01 2.3354e-02 5.6499e-04
8717.73 4.6204e-01 5.1616e-01 2.1301e-02 5.0047e-04
9214.74 5.0460e-01 4.7696e-01 1.8043e-02 3.9228e-04
9629.11 5.3350e-01 4.5106e-01 1.5147e-02 2.9371e-04
9954.11 5.4465e-01 4.4045e-01 1.4618e-02 2.8086e-04
10245.64 5.3222e-01 4.5216e-01 1.5342e-02 2.8189e-04
10541.49 5.1269e-01 4.7144e-01 1.5613e-02 2.6039e-04
10839.94 5.0383e-01 4.8191e-01 1.4061e-02 2.0073e-04
11119.11 4.6182e-01 5.2488e-01 1.3141e-02 1.5693e-04
11355.83 3.7854e-01 6.0874e-01 1.2587e-02 1.2501e-04
11539.81 3.7994e-01 6.1064e-01 9.3536e-03 7.1724e-05
11677.16 4.1390e-01 5.7847e-01 7.5750e-03 5.1414e-05
11784.05 3.9053e-01 6.0221e-01 7.2115e-03 4.5512e-05
11875.85 3.4122e-01 6.5070e-01 8.0253e-03 5.2389e-05
11963.37 2.9744e-01 6.9321e-01 9.2906e-03 6.2832e-05
12055.39 1.7313e-01 8.1430e-01 1.2475e-02 9.2497e-05
12170.41 1.6348e-01 8.2062e-01 1.5764e-02 1.3173e-04
12360.89 8.7911e-03 9.6781e-01 2.3192e-02 2.0318e-04
12670.46 7.8065e-04 9.6300e-01 3.5848e-02 3.6918e-04
13075.34 3.2917e-04 9.4901e-01 5.0035e-02 6.2271e-04
13530.52 1.8738e-04 9.2070e-01 7.8010e-02 1.1073e-03
14012.75 1.1668e-04 8.8520e-01 1.1272e-01 1.9614e-03
14508.81 8.6596e-05 8.4696e-01 1.5001e-01 2.9477e-03
15002.30 8.6034e-05 8.9877e-01 9.8799e-02 2.3414e-03
15475.29 6.6128e-05 8.5255e-01 1.4413e-01 3.2593e-03
15923.68 5.4619e-05 8.5608e-01 1.4037e-01 3.4998e-03
16355.64 4.9992e-05 8.7033e-01 1.2604e-01 3.5792e-03
16776.27 4.3429e-05 7.6316e-01 2.3106e-01 5.7446e-03
17183.14 4.9131e-05 8.1563e-01 1.8001e-01 4.3064e-03
17580.45 5.3252e-05 8.3596e-01 1.6030e-01 3.6925e-03
17990.34 4.3884e-05 8.6590e-01 1.3055e-01 3.5118e-03
18458.06 3.4868e-05 7.1363e-01 2.7814e-01 8.1912e-03
19084.69 3.4173e-05 8.1929e-01 1.7458e-01 6.0939e-03
19999.79 1.9233e-05 6.8915e-01 2.9637e-01 1.4456e-02
21193.46 1.5063e-05 8.3115e-01 1.5623e-01 1.2610e-02
22528.72 7.2491e-06 7.1529e-01 2.4887e-01 3.5833e-02
23943.32 4.0904e-06 5.9398e-01 3.3395e-01 7.2075e-02
25446.74 2.2505e-06 4.0560e-01 4.6664e-01 1.2776e-01
27044.57 4.8231e-07 1.4075e-01 6.1602e-01 2.4324e-01
28744.18 1.2080e-07 6.6767e-02 3.3001e-01 6.0323e-01
30520.16 2.7857e-08 2.6573e-02 3.8901e-01 5.8442e-01
32243.50 2.1106e-08 3.3764e-02 3.2935e-01 6.3689e-01
33773.01 1.6428e-08 3.2956e-02 2.8270e-01 6.8435e-01
35108.48 3.6912e-09 9.9395e-03 2.2953e-01 7.6053e-01
36326.30 3.5285e-10 1.2387e-03 1.7275e-01 8.2601e-01
37486.70 7.0417e-11 4.0651e-04 1.2637e-01 8.7322e-01
38628.25 2.2620e-10 1.8824e-03 9.3631e-02 9.0449e-01
39768.62 8.5876e-11 9.0048e-04 7.0230e-02 9.2887e-01
40915.31 3.9955e-11 4.7521e-04 5.4962e-02 9.4456e-01
42074.51 2.4590e-11 3.5213e-04 4.0984e-02 9.5866e-01
43252.44 8.7389e-12 1.6197e-04 3.0523e-02 9.6932e-01
44454.05 4.0649e-12 9.1261e-05 2.2729e-02 9.7718e-01
45683.04 2.5608e-12 6.9932e-05 1.6898e-02 9.8303e-01
46941.68 1.1141e-12 4.0173e-05 1.2512e-02 9.8745e-01
48230.81 5.9331e-13 2.6568e-05 9.2491e-03 9.9072e-01
49550.29 3.6869e-13 1.6900e-05 6.8319e-03 9.9315e-01
50899.37 2.2104e-13 1.0556e-05 5.0485e-03 9.9494e-01
52276.86 8.2200e-14 5.7319e-06 3.7303e-03 9.9626e-01
53681.16 3.9478e-14 3.3116e-06 2.7604e-03 9.9724e-01
55110.21 1.7194e-14 1.8661e-06 2.0461e-03 9.9795e-01
56561.17 1.3948e-15 1.6688e-07 1.4770e-03 9.9852e-01
58030.00 5.7728e-16 7.0223e-08 1.0783e-03 9.9892e-01
59510.42 4.6101e-16 7.1283e-08 8.2012e-04 9.9918e-01
60993.45 1.1096e-15 2.0225e-07 6.3918e-04 9.9936e-01
62466.44 8.6601e-16 1.1970e-07 4.8519e-04 9.9951e-01
63912.69 6.2226e-16 7.1678e-08 3.7250e-04 9.9963e-01
65311.62 1.7929e-16 4.2053e-08 2.8979e-04 9.9971e-01
66639.26 1.4891e-16 2.7565e-08 2.2968e-04 9.9977e-01
67870.77 7.9588e-17 1.9047e-08 1.8568e-04 9.9981e-01
68864.47 6.0624e-16 1.3301e-08 1.5321e-04 9.9985e-01
69459.55 5.9911e-17 1.0955e-08 1.4150e-04 9.9986e-01
69744.99 5.2992e-17 1.0151e-08 1.3592e-04 9.9986e-01
69888.26 6.0063e-17 9.7712e-09 1.3320e-04 9.9987e-01
69959.62 5.7826e-17 9.5821e-09 1.3184e-04 9.9987e-01
69991.15 5.8214e-17 9.4563e-09 1.3122e-04 9.9987e-01
69999.53 6.4635e-17 9.4561e-09 1.3123e-04 9.9987e-01
#TIME: 204.93
#NVEL: 115
#vel_mid[km/s] si0 si1 si2 si3
425.78 4.3266e-03 9.4505e-01 4.9469e-02 1.1540e-03
857.79 4.5008e-03 9.4929e-01 4.5181e-02 1.0252e-03
878.44 5.1097e-03 9.4526e-01 4.8495e-02 1.1330e-03
917.72 3.1466e-03 9.4486e-01 5.0836e-02 1.1624e-03
973.04 3.1805e-03 9.4523e-01 5.0403e-02 1.1849e-03
1034.98 1.4000e-03 9.4866e-01 4.8791e-02 1.1470e-03
1099.97 6.8388e-04 9.3117e-01 6.6481e-02 1.6697e-03
1169.04 1.6544e-03 9.4538e-01 5.1751e-02 1.2135e-03
1242.44 2.9028e-03 9.4662e-01 4.9307e-02 1.1691e-03
1320.45 2.2294e-03 9.4672e-01 4.9915e-02 1.1388e-03
1403.37 4.0197e-03 9.5001e-01 4.4988e-02 9.8351e-04
1491.49 5.6755e-03 9.5054e-01 4.2890e-02 8.9970e-04
1585.14 7.4842e-03 9.4774e-01 4.3851e-02 9.2279e-04
1684.67 6.2691e-03 9.5012e-01 4.2727e-02 8.8400e-04
1790.45 5.6641e-03 9.4940e-01 4.4006e-02 9.2671e-04
1902.87 3.7253e-03 9.4885e-01 4.6401e-02 1.0218e-03
2022.36 1.9355e-03 9.4621e-01 5.0674e-02 1.1760e-03
2149.34 5.2566e-04 9.5186e-01 4.6552e-02 1.0657e-03
2284.30 3.7102e-04 9.4788e-01 5.0528e-02 1.2251e-03
2427.74 2.9572e-04 9.4318e-01 5.5109e-02 1.4135e-03
2580.18 2.8750e-04 9.3888e-01 5.9237e-02 1.5961e-03
2742.19 2.7730e-04 9.3390e-01 6.4019e-02 1.8008e-03
2914.37 2.8489e-04 9.3089e-01 6.6903e-02 1.9213e-03
3097.37 3.3217e-04 9.2954e-01 6.8176e-02 1.9490e-03
3291.85 3.6761e-04 9.2451e-01 7.3039e-02 2.0809e-03
3498.55 6.5325e-04 9.2873e-01 6.8825e-02 1.7899e-03
3718.23 1.0399e-02 9.3872e-01 4.9874e-02 1.0097e-03
3951.70 9.4495e-02 8.6883e-01 3.6039e-02 6.4119e-04
4199.83 8.1782e-02 8.6993e-01 4.7237e-02 1.0465e-03
4463.54 1.0623e-01 8.4091e-01 5.1534e-02 1.3247e-03
4743.81 1.9766e-01 7.5653e-01 4.4602e-02 1.2081e-03
5041.68 2.4673e-01 7.1225e-01 3.9935e-02 1.0776e-03
5358.25 2.7302e-01 6.8905e-01 3.6948e-02 9.9068e-04
5694.70 3.0301e-01 6.6108e-01 3.4970e-02 9.4212e-04
6052.28 3.2274e-01 6.4300e-01 3.3382e-02 8.8553e-04
6432.31 3.3097e-01 6.3689e-01 3.1319e-02 8.2229e-04
6836.20 3.4501e-01 6.2375e-01 3.0447e-02 7.9732e-04
7265.45 3.8030e-01 5.9058e-01 2.8368e-02 7.4638e-04
7721.65 4.1349e-01 5.6054e-01 2.5340e-02 6.3034e-04
8206.56 4.3047e-01 5.4469e-01 2.4234e-02 6.0453e-04
8717.73 4.5460e-01 5.2260e-01 2.2253e-02 5.3987e-04
9214.74 5.0773e-01 4.7400e-01 1.7881e-02 3.8725e-04
9629.11 5.4141e-01 4.4314e-01 1.5144e-02 3.0312e-04
9954.11 5.3305e-01 4.5115e-01 1.5490e-02 3.0296e-04
10245.64 5.3836e-01 4.4649e-01 1.4875e-02 2.7493e-04
10541.49 4.9254e-01 4.9074e-01 1.6440e-02 2.8014e-04
10839.94 5.0679e-01 4.7970e-01 1.3319e-02 1.8910e-04
11119.11 4.7715e-01 5.1024e-01 1.2463e-02 1.4779e-04
11355.83 3.8561e-01 6.0235e-01 1.1926e-02 1.1675e-04
11539.81 3.8217e-01 6.0841e-01 9.3431e-03 7.2199e-05
11677.16 3.9909e-01 5.9311e-01 7.7536e-03 5.2281e-05
11784.05 3.9086e-01 6.0148e-01 7.6128e-03 5.0801e-05
11875.85 3.5382e-01 6.3838e-01 7.7479e-03 5.0126e-05
11963.37 3.0458e-01 6.8689e-01 8.4771e-03 5.4522e-05
12055.39 2.0947e-01 7.7884e-01 1.1596e-02 8.6559e-05
12170.41 1.4599e-01 8.3909e-01 1.4791e-02 1.2314e-04
12360.89 8.1805e-03 9.6979e-01 2.1841e-02 1.8646e-04
12670.46 8.2133e-04 9.6337e-01 3.5445e-02 3.6224e-04
13075.34 3.2686e-04 9.5055e-01 4.8518e-02 6.0110e-04
13530.52 1.7304e-04 9.2603e-01 7.2730e-02 1.0714e-03
14012.75 1.2594e-04 8.8082e-01 1.1701e-01 2.0366e-03
14508.81 9.8813e-05 8.6481e-01 1.3247e-01 2.6187e-03
15002.30 8.1616e-05 8.8971e-01 1.0789e-01 2.3202e-03
15475.29 8.2928e-05 8.8021e-01 1.1689e-01 2.8172e-03
15923.68 6.3977e-05 8.7716e-01 1.1988e-01 2.8999e-03
16355.64 4.1994e-05 7.0335e-01 2.8942e-01 7.1921e-03
16776.27 4.8506e-05 8.5044e-01 1.4591e-01 3.6035e-03
17183.14 5.2527e-05 9.2556e-01 7.2562e-02 1.8270e-03
17580.45 5.0411e-05 8.8191e-01 1.1532e-01 2.7151e-03
17990.34 4.5373e-05 8.1296e-01 1.8249e-01 4.5066e-03
18458.06 3.4327e-05 6.8941e-01 3.0174e-01 8.8084e-03
19084.69 3.4090e-05 7.8236e-01 2.1043e-01 7.1744e-03
19999.79 1.8749e-05 5.6897e-01 4.1097e-01 2.0035e-02
21193.46 1.3719e-05 6.5315e-01 3.2060e-01 2.6240e-02
22528.72 6.9200e-06 7.0678e-01 2.5677e-01 3.6443e-02
23943.32 3.8821e-06 5.8401e-01 3.4795e-01 6.8037e-02
25446.74 2.3084e-06 3.8836e-01 4.9205e-01 1.1958e-01
27044.57 6.5049e-07 1.7998e-01 5.8632e-01 2.3370e-01
28744.18 1.4343e-07 8.1856e-02 5.0327e-01 4.1488e-01
30520.16 3.9830e-08 3.7548e-02 2.6302e-01 6.9943e-01
32243.50 8.5784e-09 1.1366e-02 1.6710e-01 8.2153e-01
33773.01 8.8755e-09 1.4398e-02 2.2643e-01 7.5918e-01
35108.48 4.4346e-09 1.1635e-02 2.3138e-01 7.5699e-01
36326.30 2.8345e-09 1.0513e-02 1.7308e-01 8.1641e-01
37486.70 1.0024e-10 5.6537e-04 1.2807e-01 8.7137e-01
38628.25 2.8784e-11 2.0934e-04 9.5153e-02 9.0464e-01
39768.62 7.2711e-11 6.7751e-04 7.1380e-02 9.2794e-01
40915.31 3.3330e-11 4.3971e-04 5.5880e-02 9.4368e-01
42074.51 3.0561e-11 4.8459e-04 4.1874e-02 9.5764e-01
43252.44 1.2450e-11 2.4665e-04 3.1241e-02 9.6851e-01
44454.05 9.4349e-12 2.0436e-04 2.3253e-02 9.7654e-01
45683.04 2.0853e-12 5.2083e-05 1.7224e-02 9.8272e-01
46941.68 9.3710e-13 2.8374e-05 1.2749e-02 9.8722e-01
48230.81 5.5416e-13 2.2321e-05 9.4322e-03 9.9055e-01
49550.29 3.3351e-13 1.6839e-05 6.9662e-03 9.9302e-01
50899.37 1.6736e-13 1.0014e-05 5.1479e-03 9.9484e-01
52276.86 1.0488e-13 6.1313e-06 3.8015e-03 9.9619e-01
53681.16 5.6221e-14 3.4760e-06 2.8132e-03 9.9718e-01
55110.21 2.3387e-14 1.8845e-06 2.0846e-03 9.9791e-01
56561.17 1.0575e-14 1.1253e-06 1.5463e-03 9.9845e-01
58030.00 5.0205e-15 5.6682e-07 1.1520e-03 9.9885e-01
59510.42 6.0363e-16 6.9337e-08 8.4703e-04 9.9915e-01
60993.45 1.1367e-16 2.2160e-08 6.1458e-04 9.9939e-01
62466.44 8.5218e-16 1.8268e-08 4.8995e-04 9.9951e-01
63912.69 4.2632e-16 7.6411e-08 3.7802e-04 9.9962e-01
65311.62 1.1608e-16 4.7591e-08 2.9403e-04 9.9971e-01
66639.26 4.9041e-16 3.1521e-08 2.3272e-04 9.9977e-01
67870.77 1.0361e-16 1.9253e-08 1.8809e-04 9.9981e-01
68864.47 4.8658e-17 1.3811e-08 1.5499e-04 9.9984e-01
69459.55 6.1161e-17 1.1755e-08 1.4308e-04 9.9986e-01
69744.99 2.0545e-16 1.0500e-08 1.3742e-04 9.9986e-01
69888.26 5.2939e-17 9.8871e-09 1.3465e-04 9.9987e-01
69959.62 2.1050e-16 9.7001e-09 1.3327e-04 9.9987e-01
69991.15 4.8491e-17 9.5173e-09 1.3261e-04 9.9987e-01
69999.53 5.4066e-17 9.5170e-09 1.3262e-04 9.9987e-01
#TIME: 207.87
#NVEL: 115
#vel_mid[km/s] si0 si1 si2 si3
425.78 5.1633e-03 9.4667e-01 4.7090e-02 1.0793e-03
857.79 5.0036e-03 9.4668e-01 4.7209e-02 1.1120e-03
878.44 1.3732e-02 9.3607e-01 4.9041e-02 1.1619e-03
917.72 4.7099e-03 9.4574e-01 4.8426e-02 1.1285e-03
973.04 8.3918e-03 9.4199e-01 4.8475e-02 1.1393e-03
1034.98 1.7519e-03 9.5067e-01 4.6498e-02 1.0827e-03
1099.97 2.8569e-03 9.4628e-01 4.9693e-02 1.1731e-03
1169.04 3.3949e-03 9.4580e-01 4.9618e-02 1.1821e-03
1242.44 4.4253e-03 9.4740e-01 4.7136e-02 1.0365e-03
1320.45 4.3905e-03 9.4522e-01 4.9255e-02 1.1382e-03
1403.37 4.2478e-03 9.5079e-01 4.4023e-02 9.4306e-04
1491.49 5.3325e-03 9.5265e-01 4.1168e-02 8.5230e-04
1585.14 8.8643e-03 9.4817e-01 4.2093e-02 8.7381e-04
1684.67 6.8894e-03 9.5147e-01 4.0806e-02 8.3867e-04
1790.45 5.3990e-03 9.5133e-01 4.2381e-02 8.8548e-04
1902.87 4.2287e-03 9.4972e-01 4.5063e-02 9.8497e-04
2022.36 2.7327e-03 9.4807e-01 4.8093e-02 1.1053e-03
2149.34 3.0754e-04 9.2271e-01 7.5037e-02 1.9463e-03
2284.30 3.9063e-04 9.4860e-01 4.9810e-02 1.2002e-03
2427.74 3.0882e-04 9.4541e-01 5.2927e-02 1.3558e-03
2580.18 2.9703e-04 9.3943e-01 5.8689e-02 1.5840e-03
2742.19 2.6476e-04 9.3489e-01 6.3065e-02 1.7757e-03
2914.37 2.9306e-04 9.3193e-01 6.5886e-02 1.8924e-03
3097.37 3.4176e-04 9.2922e-01 6.8479e-02 1.9593e-03
3291.85 3.8191e-04 9.2609e-01 7.1490e-02 2.0424e-03
3498.55 6.8242e-04 9.2957e-01 6.7985e-02 1.7621e-03
3718.23 1.1435e-02 9.3814e-01 4.9429e-02 1.0003e-03
3951.70 1.0058e-01 8.6330e-01 3.5491e-02 6.3041e-04
4199.83 8.4943e-02 8.6740e-01 4.6625e-02 1.0304e-03
4463.54 1.1569e-01 8.3181e-01 5.1181e-02 1.3118e-03
4743.81 2.0097e-01 7.5373e-01 4.4110e-02 1.1868e-03
5041.68 2.5692e-01 7.0268e-01 3.9338e-02 1.0642e-03
5358.25 2.7973e-01 6.8308e-01 3.6221e-02 9.6915e-04
5694.70 2.9804e-01 6.6646e-01 3.4592e-02 9.1374e-04
6052.28 3.2607e-01 6.4056e-01 3.2506e-02 8.6090e-04
6432.31 3.4124e-01 6.2669e-01 3.1256e-02 8.1875e-04
6836.20 3.6832e-01 6.0239e-01 2.8554e-02 7.3376e-04
7265.45 3.7584e-01 5.9493e-01 2.8493e-02 7.4355e-04
7721.65 4.1051e-01 5.6265e-01 2.6165e-02 6.7171e-04
8206.56 4.4181e-01 5.3477e-01 2.2865e-02 5.5353e-04
8717.73 4.6449e-01 5.1405e-01 2.0971e-02 4.8908e-04
9214.74 5.1657e-01 4.6547e-01 1.7582e-02 3.8234e-04
9629.11 5.5073e-01 4.3418e-01 1.4805e-02 2.9427e-04
9954.11 5.5953e-01 4.2658e-01 1.3632e-02 2.5401e-04
10245.64 5.3878e-01 4.4615e-01 1.4803e-02 2.7120e-04
10541.49 5.1184e-01 4.7297e-01 1.4948e-02 2.4290e-04
10839.94 4.8461e-01 5.0051e-01 1.4672e-02 2.1477e-04
11119.11 4.7296e-01 5.1425e-01 1.2637e-02 1.5366e-04
11355.83 3.7631e-01 6.1181e-01 1.1768e-02 1.1580e-04
11539.81 4.3369e-01 5.5774e-01 8.5046e-03 6.6345e-05
11677.16 4.2101e-01 5.7124e-01 7.7016e-03 5.5004e-05
11784.05 4.2548e-01 5.6706e-01 7.4095e-03 5.0516e-05
11875.85 3.5402e-01 6.3828e-01 7.6455e-03 4.9471e-05
11963.37 3.6402e-01 6.2792e-01 8.0130e-03 5.2094e-05
12055.39 2.6168e-01 7.2731e-01 1.0923e-02 8.3189e-05
12170.41 1.5012e-01 8.3364e-01 1.6098e-02 1.3875e-04
12360.89 7.9404e-03 9.7030e-01 2.1574e-02 1.8545e-04
12670.46 7.9463e-04 9.6673e-01 3.2143e-02 3.3552e-04
13075.34 3.2371e-04 9.4325e-01 5.5741e-02 6.8764e-04
13530.52 1.8743e-04 9.2412e-01 7.4565e-02 1.1266e-03
14012.75 1.2621e-04 9.0031e-01 9.7791e-02 1.7688e-03
14508.81 9.5168e-05 8.9116e-01 1.0663e-01 2.1154e-03
15002.30 9.1611e-05 9.0164e-01 9.6187e-02 2.0863e-03
15475.29 7.9962e-05 9.0135e-01 9.6373e-02 2.2000e-03
15923.68 7.0673e-05 9.2723e-01 7.0981e-02 1.7198e-03
16355.64 6.1639e-05 8.8573e-01 1.1140e-01 2.8076e-03
16776.27 6.0547e-05 8.9273e-01 1.0448e-01 2.7237e-03
17183.14 5.1212e-05 8.2141e-01 1.7417e-01 4.3768e-03
17580.45 4.8622e-05 8.4675e-01 1.4977e-01 3.4351e-03
17990.34 4.5724e-05 8.9483e-01 1.0244e-01 2.6817e-03
18458.06 4.4636e-05 8.6749e-01 1.2896e-01 3.5053e-03
19084.69 3.4802e-05 8.2056e-01 1.7369e-01 5.7168e-03
19999.79 2.2209e-05 7.3133e-01 2.5591e-01 1.2745e-02
21193.46 1.7005e-05 7.4063e-01 2.3893e-01 2.0417e-02
22528.72 6.1069e-06 4.3266e-01 5.0371e-01 6.3630e-02
23943.32 4.4890e-06 5.7656e-01 3.5444e-01 6.8995e-02
25446.74 1.4906e-06 2.8898e-01 5.7795e-01 1.3307e-01
27044.57 6.1521e-07 1.9202e-01 5.6552e-01 2.4247e-01
28744.18 8.7118e-08 4.7176e-02 5.4817e-01 4.0466e-01
30520.16 1.6419e-08 1.5498e-02 4.1133e-01 5.7317e-01
32243.50 3.3669e-08 4.3892e-02 3.1549e-01 6.4062e-01
33773.01 7.2703e-09 1.1780e-02 1.5955e-01 8.2867e-01
35108.48 3.5869e-09 8.3817e-03 1.3698e-01 8.5464e-01
36326.30 9.3353e-10 3.1123e-03 1.0863e-01 8.8826e-01
37486.70 4.0312e-10 1.8896e-03 9.4556e-02 9.0355e-01
38628.25 7.6589e-11 4.6940e-04 9.6613e-02 9.0292e-01
39768.62 1.1970e-11 1.0991e-04 7.2639e-02 9.2725e-01
40915.31 2.4555e-11 3.0073e-04 5.6909e-02 9.4279e-01
42074.51 1.4105e-11 2.1191e-04 4.2616e-02 9.5717e-01
43252.44 6.0577e-12 1.1136e-04 3.1810e-02 9.6808e-01
44454.05 3.3601e-12 7.4204e-05 2.3722e-02 9.7620e-01
45683.04 3.8645e-12 1.1038e-04 1.7623e-02 9.8227e-01
46941.68 1.9131e-12 6.2761e-05 1.3045e-02 9.8689e-01
48230.81 5.6819e-13 2.2605e-05 9.6359e-03 9.9034e-01
49550.29 2.3990e-13 8.9512e-06 7.1033e-03 9.9289e-01
50899.37 1.0933e-13 5.3338e-06 5.2393e-03 9.9476e-01
52276.86 1.0091e-13 6.2176e-06 3.8770e-03 9.9612e-01
53681.16 4.9431e-14 3.6276e-06 2.8665e-03 9.9713e-01
55110.21 2.5856e-14 2.0336e-06 2.1211e-03 9.9788e-01
56561.17 1.7285e-14 1.1714e-06 1.5743e-03 9.9842e-01
58030.00 5.4280e-15 6.5590e-07 1.1728e-03 9.9883e-01
59510.42 2.9915e-15 3.7974e-07 8.7610e-04 9.9912e-01
60993.45 9.9394e-16 1.6658e-07 6.5876e-04 9.9934e-01
62466.44 1.4984e-16 3.0959e-08 4.9693e-04 9.9950e-01
63912.69 4.3052e-17 7.3049e-09 3.6731e-04 9.9963e-01
65311.62 1.0947e-15 5.1965e-09 2.9811e-04 9.9970e-01
66639.26 5.2074e-17 1.1321e-08 2.3600e-04 9.9976e-01
67870.77 9.1546e-17 2.1328e-08 1.9068e-04 9.9981e-01
68864.47 6.7724e-17 1.5235e-08 1.5709e-04 9.9984e-01
69459.55 5.1354e-17 1.3146e-08 1.4488e-04 9.9986e-01
69744.99 4.5506e-17 1.1779e-08 1.3910e-04 9.9986e-01
69888.26 4.8262e-17 1.1336e-08 1.3631e-04 9.9986e-01
69959.62 4.5514e-17 1.1221e-08 1.3497e-04 9.9987e-01
69991.15 4.5014e-17 1.1059e-08 1.3425e-04 9.9987e-01
69999.53 4.8744e-16 1.1062e-08 1.3426e-04 9.9987e-01
#TIME: 210.86
#NVEL: 115
#vel_mid[km/s] si0 si1 si2 si3
425.78 4.7931e-03 9.4905e-01 4.5133e-02 1.0223e-03
857.79 5.3146e-03 9.5173e-01 4.1998e-02 9.5898e-04
878.44 9.2391e-03 9.4421e-01 4.5579e-02 9.6887e-04
917.72 3.9662e-03 9.4841e-01 4.6536e-02 1.0876e-03
973.04 5.1520e-03 9.4933e-01 4.4507e-02 1.0153e-03
1034.98 2.0907e-03 9.5032e-01 4.6544e-02 1.0454e-03
1099.97 4.9646e-03 9.4457e-01 4.9305e-02 1.1595e-03
1169.04 3.0421e-03 9.4768e-01 4.8177e-02 1.1042e-03
1242.44 7.0142e-03 9.4383e-01 4.8040e-02 1.1156e-03
1320.45 6.4095e-03 9.4658e-01 4.5963e-02 1.0423e-03
1403.37 4.8404e-03 9.5281e-01 4.1459e-02 8.9130e-04
1491.49 7.0035e-03 9.5215e-01 4.0020e-02 8.2222e-04
1585.14 1.0061e-02 9.4842e-01 4.0683e-02 8.3607e-04
1684.67 6.4069e-03 9.5284e-01 3.9942e-02 8.0670e-04
1790.45 5.2733e-03 9.5335e-01 4.0542e-02 8.3350e-04
1902.87 4.8139e-03 9.5066e-01 4.3586e-02 9.3564e-04
2022.36 3.0551e-03 9.4997e-01 4.5931e-02 1.0419e-03
2149.34 1.3820e-03 9.4597e-01 5.1413e-02 1.2337e-03
2284.30 3.8836e-04 9.5007e-01 4.8374e-02 1.1636e-03
2427.74 3.0894e-04 9.4419e-01 5.4128e-02 1.3742e-03
2580.18 2.9132e-04 9.4047e-01 5.7674e-02 1.5600e-03
2742.19 2.6376e-04 9.3600e-01 6.1994e-02 1.7461e-03
2914.37 2.8457e-04 9.3185e-01 6.5971e-02 1.8961e-03
3097.37 3.4557e-04 9.3028e-01 6.7448e-02 1.9252e-03
3291.85 3.8155e-04 9.2622e-01 7.1361e-02 2.0407e-03
3498.55 6.6838e-04 9.2913e-01 6.8421e-02 1.7793e-03
3718.23 1.1672e-02 9.3876e-01 4.8583e-02 9.8321e-04
3951.70 1.0673e-01 8.5782e-01 3.4828e-02 6.2149e-04
4199.83 8.8128e-02 8.6451e-01 4.6343e-02 1.0167e-03
4463.54 1.1948e-01 8.2910e-01 5.0138e-02 1.2773e-03
4743.81 2.1409e-01 7.4106e-01 4.3675e-02 1.1809e-03
5041.68 2.5555e-01 7.0456e-01 3.8852e-02 1.0365e-03
5358.25 2.8766e-01 6.7547e-01 3.5905e-02 9.7037e-04
5694.70 2.9658e-01 6.6849e-01 3.4031e-02 8.9663e-04
6052.28 3.3342e-01 6.3353e-01 3.2193e-02 8.5823e-04
6432.31 3.4010e-01 6.2813e-01 3.0954e-02 8.0850e-04
6836.20 3.8722e-01 5.8425e-01 2.7811e-02 7.2275e-04
7265.45 3.9152e-01 5.8099e-01 2.6813e-02 6.7573e-04
7721.65 4.2054e-01 5.5406e-01 2.4783e-02 6.1293e-04
8206.56 4.5126e-01 5.2564e-01 2.2554e-02 5.4556e-04
8717.73 4.7781e-01 5.0133e-01 2.0382e-02 4.7840e-04
9214.74 5.1491e-01 4.6775e-01 1.6972e-02 3.6814e-04
9629.11 5.4120e-01 4.4271e-01 1.5774e-02 3.2311e-04
9954.11 5.4136e-01 4.4377e-01 1.4582e-02 2.8235e-04
10245.64 5.4306e-01 4.4261e-01 1.4075e-02 2.6012e-04
10541.49 4.9729e-01 4.8694e-01 1.5505e-02 2.6682e-04
10839.94 4.6117e-01 5.2365e-01 1.4976e-02 2.1236e-04
11119.11 4.7980e-01 5.0780e-01 1.2257e-02 1.4855e-04
11355.83 3.9196e-01 5.9623e-01 1.1701e-02 1.0831e-04
11539.81 4.4563e-01 5.4577e-01 8.5408e-03 6.8252e-05
11677.16 4.3257e-01 5.6018e-01 7.1972e-03 4.8203e-05
11784.05 4.4230e-01 5.5096e-01 6.7058e-03 4.1907e-05
11875.85 3.7815e-01 6.1421e-01 7.5799e-03 5.1026e-05
11963.37 3.3759e-01 6.5410e-01 8.2570e-03 5.4089e-05
12055.39 2.8401e-01 7.0503e-01 1.0877e-02 8.3107e-05
12170.41 1.4924e-01 8.3563e-01 1.5003e-02 1.2130e-04
12360.89 7.1850e-03 9.7173e-01 2.0901e-02 1.8575e-04
12670.46 6.8001e-04 9.6825e-01 3.0776e-02 2.9305e-04
13075.34 3.4013e-04 9.5205e-01 4.7029e-02 5.7959e-04
13530.52 2.1678e-04 9.2472e-01 7.4051e-02 1.0102e-03
14012.75 1.4538e-04 9.1494e-01 8.3407e-02 1.5095e-03
14508.81 1.0041e-04 9.0481e-01 9.3220e-02 1.8689e-03
15002.30 8.3360e-05 8.7514e-01 1.2215e-01 2.6211e-03
15475.29 7.6059e-05 8.8563e-01 1.1150e-01 2.7960e-03
15923.68 7.2563e-05 9.3050e-01 6.7790e-02 1.6352e-03
16355.64 6.0870e-05 8.6585e-01 1.3055e-01 3.5352e-03
16776.27 6.0698e-05 8.6357e-01 1.3278e-01 3.5883e-03
17183.14 5.6916e-05 7.9368e-01 2.0132e-01 4.9452e-03
17580.45 4.9204e-05 7.8732e-01 2.0773e-01 4.8991e-03
17990.34 5.2246e-05 9.3022e-01 6.7820e-02 1.9057e-03
18458.06 4.6951e-05 9.1551e-01 8.2066e-02 2.3813e-03
19084.69 3.7352e-05 8.3025e-01 1.6465e-01 5.0619e-03
19999.79 2.3153e-05 6.9692e-01 2.8917e-01 1.3889e-02
21193.46 1.4960e-05 7.4974e-01 2.3053e-01 1.9714e-02
22528.72 8.0956e-06 6.0803e-01 3.4859e-01 4.3369e-02
23943.32 2.4090e-06 2.3739e-01 6.4135e-01 1.2126e-01
25446.74 8.0922e-07 1.2131e-01 7.0543e-01 1.7326e-01
27044.57 9.3225e-07 2.5798e-01 5.3517e-01 2.0685e-01
28744.18 2.0714e-07 1.3162e-01 4.7313e-01 3.9525e-01
30520.16 2.3304e-08 2.6372e-02 4.0570e-01 5.6793e-01
32243.50 5.7110e-09 7.6270e-03 3.4216e-01 6.5021e-01
33773.01 3.5425e-09 5.8707e-03 2.9541e-01 6.9872e-01
35108.48 3.3502e-09 7.8104e-03 2.3573e-01 7.5646e-01
36326.30 1.6543e-09 5.5110e-03 1.7781e-01 8.1668e-01
37486.70 7.8651e-10 3.6011e-03 9.3863e-02 9.0254e-01
38628.25 1.7829e-10 1.1557e-03 5.3100e-02 9.4574e-01
39768.62 4.3056e-11 3.5952e-04 3.8733e-02 9.6091e-01
40915.31 4.8666e-12 5.0724e-05 3.6916e-02 9.6303e-01
42074.51 3.5653e-12 5.1609e-05 4.3485e-02 9.5646e-01
43252.44 2.1881e-11 4.0019e-04 3.2507e-02 9.6709e-01
44454.05 6.4531e-12 1.3319e-04 2.4208e-02 9.7566e-01
45683.04 1.2109e-12 3.2818e-05 1.7956e-02 9.8201e-01
46941.68 5.8607e-13 1.7352e-05 1.3309e-02 9.8667e-01
48230.81 4.0224e-13 1.5812e-05 9.8185e-03 9.9017e-01
49550.29 4.6750e-13 2.2369e-05 7.2663e-03 9.9271e-01
50899.37 2.1065e-13 1.0442e-05 5.3596e-03 9.9463e-01
52276.86 4.3694e-14 2.8314e-06 3.9393e-03 9.9606e-01
53681.16 2.3976e-14 1.5741e-06 2.9101e-03 9.9709e-01
55110.21 1.6839e-14 1.7980e-06 2.1591e-03 9.9784e-01
56561.17 1.4044e-14 1.2414e-06 1.6030e-03 9.9840e-01
58030.00 7.1583e-15 7.0973e-07 1.1925e-03 9.9881e-01
59510.42 3.9496e-15 4.0026e-07 8.9104e-04 9.9911e-01
60993.45 1.6887e-15 2.2692e-07 6.7039e-04 9.9933e-01
62466.44 9.1173e-16 1.3898e-07 5.0760e-04 9.9949e-01
63912.69 2.8880e-16 5.8738e-08 3.8909e-04 9.9961e-01
65311.62 8.0473e-17 1.4496e-08 3.0132e-04 9.9970e-01
66639.26 1.4208e-17 2.9495e-09 2.3672e-04 9.9976e-01
67870.77 8.8458e-18 2.1978e-09 1.9307e-04 9.9981e-01
68864.47 2.9170e-16 1.4428e-09 1.5909e-04 9.9984e-01
69459.55 6.0640e-18 2.1808e-09 1.4685e-04 9.9985e-01
69744.99 3.9734e-17 1.2257e-08 1.4096e-04 9.9986e-01
69888.26 4.0630e-17 1.2401e-08 1.3815e-04 9.9986e-01
69959.62 4.1182e-17 1.2168e-08 1.3672e-04 9.9986e-01
69991.15 4.0694e-17 1.1967e-08 1.3607e-04 9.9986e-01
69999.53 4.0802e-17 1.1970e-08 1.3605e-04 9.9986e-01
#TIME: 213.89
#NVEL: 115
#vel_mid[km/s] si0 si1 si2 si3
425.78 3.8890e-03 9.5106e-01 4.4072e-02 9.8208e-04
857.79 7.8099e-03 9.4824e-01 4.2992e-02 9.5657e-04
878.44 8.4710e-03 9.4626e-01 4.4262e-02 1.0023e-03
917.72 5.8860e-03 9.4809e-01 4.4991e-02 1.0328e-03
973.04 4.7381e-03 9.5156e-01 4.2763e-02 9.4323e-04
1034.98 1.8307e-03 9.5356e-01 4.3629e-02 9.8458e-04
1099.97 5.8408e-03 9.4694e-01 4.6134e-02 1.0872e-03
1169.04 3.3845e-03 9.4872e-01 4.6811e-02 1.0820e-03
1242.44 1.1177e-02 9.4119e-01 4.6535e-02 1.0957e-03
1320.45 9.0108e-03 9.4549e-01 4.4487e-02 1.0144e-03
1403.37 5.7828e-03 9.5244e-01 4.0927e-02 8.5104e-04
1491.49 6.3587e-03 9.5257e-01 4.0254e-02 8.1489e-04
1585.14 1.2511e-02 9.4754e-01 3.9159e-02 7.9049e-04
1684.67 7.3564e-03 9.5322e-01 3.8649e-02 7.7515e-04
1790.45 5.7752e-03 9.5354e-01 3.9869e-02 8.1126e-04
1902.87 5.1289e-03 9.5184e-01 4.2135e-02 8.9327e-04
2022.36 3.7134e-03 9.4991e-01 4.5359e-02 1.0160e-03
2149.34 2.1565e-03 9.4737e-01 4.9331e-02 1.1379e-03
2284.30 4.4291e-04 9.5043e-01 4.7972e-02 1.1531e-03
2427.74 3.1198e-04 9.4511e-01 5.3219e-02 1.3542e-03
2580.18 2.9205e-04 9.4100e-01 5.7171e-02 1.5340e-03
2742.19 2.6399e-04 9.3646e-01 6.1552e-02 1.7288e-03
2914.37 2.7987e-04 9.3275e-01 6.5102e-02 1.8685e-03
3097.37 3.4276e-04 9.3077e-01 6.6970e-02 1.9154e-03
3291.85 3.7349e-04 9.2705e-01 7.0557e-02 2.0159e-03
3498.55 6.9129e-04 9.3015e-01 6.7413e-02 1.7479e-03
3718.23 1.2044e-02 9.3808e-01 4.8890e-02 9.8818e-04
3951.70 1.1068e-01 8.5379e-01 3.4913e-02 6.2049e-04
4199.83 9.5163e-02 8.5877e-01 4.5065e-02 9.9683e-04
4463.54 1.3620e-01 8.1443e-01 4.8113e-02 1.2503e-03
4743.81 2.1408e-01 7.4105e-01 4.3700e-02 1.1701e-03
5041.68 2.5855e-01 7.0221e-01 3.8214e-02 1.0279e-03
5358.25 2.9389e-01 6.6962e-01 3.5536e-02 9.5387e-04
5694.70 3.1826e-01 6.4895e-01 3.1965e-02 8.2365e-04
6052.28 3.3858e-01 6.2844e-01 3.2132e-02 8.5012e-04
6432.31 3.4657e-01 6.2198e-01 3.0653e-02 8.0130e-04
6836.20 3.8931e-01 5.8111e-01 2.8799e-02 7.8247e-04
7265.45 4.0159e-01 5.7141e-01 2.6320e-02 6.7258e-04
7721.65 4.1643e-01 5.5742e-01 2.5491e-02 6.5717e-04
8206.56 4.4487e-01 5.3122e-01 2.3327e-02 5.8292e-04
8717.73 4.8356e-01 4.9603e-01 1.9938e-02 4.7087e-04
9214.74 5.2562e-01 4.5723e-01 1.6781e-02 3.6412e-04
9629.11 5.5444e-01 4.3117e-01 1.4110e-02 2.7276e-04
9954.11 5.5749e-01 4.2855e-01 1.3710e-02 2.5473e-04
10245.64 5.3619e-01 4.4867e-01 1.4860e-02 2.7894e-04
10541.49 5.3079e-01 4.5518e-01 1.3808e-02 2.2491e-04
10839.94 4.7938e-01 5.0709e-01 1.3352e-02 1.8335e-04
11119.11 4.7115e-01 5.1598e-01 1.2709e-02 1.5703e-04
11355.83 4.2237e-01 5.6640e-01 1.1121e-02 1.0872e-04
11539.81 4.6499e-01 5.2701e-01 7.9412e-03 6.2186e-05
11677.16 4.2834e-01 5.6449e-01 7.1154e-03 4.7452e-05
11784.05 4.3780e-01 5.5557e-01 6.5879e-03 4.1916e-05
11875.85 3.8992e-01 6.0262e-01 7.4165e-03 4.8085e-05
11963.37 3.2260e-01 6.6904e-01 8.3148e-03 5.3021e-05
12055.39 2.5783e-01 7.3075e-01 1.1342e-02 8.4639e-05
12170.41 1.7457e-01 8.1039e-01 1.4913e-02 1.2647e-04
12360.89 6.5595e-03 9.7197e-01 2.1278e-02 1.8887e-04
12670.46 7.4415e-04 9.6711e-01 3.1833e-02 3.1686e-04
13075.34 3.2583e-04 9.5450e-01 4.4625e-02 5.4865e-04
13530.52 2.2318e-04 9.3837e-01 6.0529e-02 8.8226e-04
14012.75 1.4740e-04 9.1969e-01 7.8825e-02 1.3367e-03
14508.81 1.2801e-04 9.2830e-01 7.0153e-02 1.4149e-03
15002.30 9.9899e-05 9.0663e-01 9.1255e-02 2.0112e-03
15475.29 9.0427e-05 9.2860e-01 6.9616e-02 1.6939e-03
15923.68 7.4569e-05 8.9125e-01 1.0614e-01 2.5360e-03
16355.64 6.5225e-05 8.8954e-01 1.0765e-01 2.7436e-03
16776.27 6.3186e-05 8.4668e-01 1.4945e-01 3.8072e-03
17183.14 5.4454e-05 8.1569e-01 1.7987e-01 4.3859e-03
17580.45 6.3140e-05 9.3759e-01 6.0842e-02 1.5079e-03
17990.34 4.7621e-05 8.0562e-01 1.8948e-01 4.8495e-03
18458.06 4.5372e-05 8.8239e-01 1.1427e-01 3.2930e-03
19084.69 4.1084e-05 8.6238e-01 1.3321e-01 4.3692e-03
19999.79 2.6247e-05 7.9059e-01 1.9956e-01 9.8217e-03
21193.46 1.4171e-05 6.1098e-01 3.6031e-01 2.8701e-02
22528.72 7.3118e-06 5.4451e-01 4.0131e-01 5.4174e-02
23943.32 2.4635e-06 2.7378e-01 6.0853e-01 1.1769e-01
25446.74 7.2923e-07 1.1675e-01 6.8033e-01 2.0292e-01
27044.57 2.0346e-07 5.5226e-02 6.4997e-01 2.9481e-01
28744.18 6.0047e-08 3.2153e-02 5.2373e-01 4.4412e-01
30520.16 2.2755e-08 2.2896e-02 4.0951e-01 5.6759e-01
32243.50 1.4976e-08 2.3344e-02 3.4244e-01 6.3422e-01
33773.01 1.0386e-08 1.8520e-02 2.9642e-01 6.8506e-01
35108.48 1.3020e-09 3.0119e-03 2.4055e-01 7.5644e-01
36326.30 5.0100e-10 1.5216e-03 1.8137e-01 8.1710e-01
37486.70 3.5403e-10 1.5280e-03 1.3335e-01 8.6512e-01
38628.25 3.3724e-10 1.9939e-03 9.9694e-02 8.9831e-01
39768.62 1.0793e-10 8.7428e-04 7.5321e-02 9.2380e-01
40915.31 6.2057e-11 6.5941e-04 4.0329e-02 9.5901e-01
42074.51 7.7533e-12 9.9708e-05 2.1375e-02 9.7853e-01
43252.44 8.8657e-13 1.3739e-05 1.5665e-02 9.8432e-01
44454.05 1.0148e-12 2.0118e-05 1.5787e-02 9.8419e-01
45683.04 2.1312e-12 5.2188e-05 1.8374e-02 9.8157e-01
46941.68 2.4105e-12 7.4329e-05 1.3605e-02 9.8632e-01
48230.81 4.0980e-13 1.4792e-05 1.0020e-02 9.8997e-01
49550.29 1.2317e-13 5.0544e-06 7.3279e-03 9.9267e-01
50899.37 5.0887e-14 2.6111e-06 5.3585e-03 9.9464e-01
52276.86 1.1484e-13 7.0232e-06 4.0378e-03 9.9596e-01
53681.16 5.8684e-14 4.0765e-06 2.9799e-03 9.9702e-01
55110.21 1.2757e-14 1.0171e-06 2.1919e-03 9.9781e-01
56561.17 5.8007e-15 5.2385e-07 1.6148e-03 9.9838e-01
58030.00 4.6078e-15 4.9143e-07 1.2074e-03 9.9879e-01
59510.42 3.5115e-15 4.1888e-07 9.0578e-04 9.9909e-01
60993.45 1.5480e-15 2.4598e-07 6.8080e-04 9.9932e-01
62466.44 1.1597e-15 1.4549e-07 5.1541e-04 9.9948e-01
63912.69 6.1098e-16 8.6445e-08 3.9517e-04 9.9960e-01
65311.62 1.9419e-16 5.3944e-08 3.0660e-04 9.9969e-01
66639.26 1.1542e-16 3.3687e-08 2.4228e-04 9.9976e-01
67870.77 2.4096e-17 5.5952e-09 1.8701e-04 9.9981e-01
68864.47 1.8816e-17 3.5028e-09 1.4843e-04 9.9985e-01
69459.55 3.2231e-16 1.3749e-09 1.3318e-04 9.9987e-01
69744.99 3.8381e-17 8.0496e-10 1.2641e-04 9.9987e-01
69888.26 1.0415e-16 7.7096e-10 1.2314e-04 9.9988e-01
69959.62 3.9593e-17 7.5197e-10 1.2155e-04 9.9988e-01
69991.15 1.1604e-16 7.3647e-10 1.2072e-04 9.9988e-01
69999.53 3.9458e-17 7.3605e-10 1.2070e-04 9.9988e-01
#TIME: 216.97
#NVEL: 115
#vel_mid[km/s] si0 si1 si2 si3
425.78 4.4220e-03 9.5232e-01 4.2325e-02 9.3495e-04
857.79 1.2637e-02 9.4701e-01 3.9468e-02 8.8382e-04
878.44 7.2535e-03 9.5023e-01 4.1572e-02 9.4076e-04
917.72 5.9748e-03 9.5116e-01 4.1909e-02 9.5748e-04
973.04 5.7250e-03 9.4904e-01 4.4315e-02 9.2217e-04
1034.98 1.9078e-03 9.5586e-01 4.1323e-02 9.1320e-04
1099.97 5.6704e-03 9.4890e-01 4.4422e-02 1.0130e-03
1169.04 4.0891e-03 9.4902e-01 4.5840e-02 1.0551e-03
1242.44 8.1404e-03 9.4651e-01 4.4328e-02 1.0220e-03
1320.45 5.3824e-03 9.5051e-01 4.3154e-02 9.5173e-04
1403.37 6.0511e-03 9.5319e-01 3.9926e-02 8.2838e-04
1491.49 5.7007e-03 9.5511e-01 3.8431e-02 7.6167e-04
1585.14 1.3642e-02 9.4718e-01 3.8400e-02 7.7350e-04
1684.67 6.9195e-03 9.5404e-01 3.8282e-02 7.5860e-04
1790.45 6.0983e-03 9.5402e-01 3.9091e-02 7.8978e-04
1902.87 5.4929e-03 9.5229e-01 4.1351e-02 8.7012e-04
2022.36 3.9619e-03 9.5150e-01 4.3570e-02 9.6383e-04
2149.34 2.9742e-03 9.4684e-01 4.9021e-02 1.1656e-03
2284.30 2.6336e-04 9.1892e-01 7.8675e-02 2.1433e-03
2427.74 3.3342e-04 9.4573e-01 5.2610e-02 1.3310e-03
2580.18 2.6878e-04 9.4176e-01 5.6451e-02 1.5212e-03
2742.19 2.7249e-04 9.3735e-01 6.0668e-02 1.7087e-03
2914.37 2.8153e-04 9.3264e-01 6.5207e-02 1.8718e-03
3097.37 3.3363e-04 9.2977e-01 6.7959e-02 1.9357e-03
3291.85 3.7572e-04 9.2636e-01 7.1224e-02 2.0405e-03
3498.55 7.0189e-04 9.3090e-01 6.6673e-02 1.7262e-03
3718.23 1.3156e-02 9.3839e-01 4.7501e-02 9.5805e-04
3951.70 1.1374e-01 8.5150e-01 3.4153e-02 6.0517e-04
4199.83 9.8293e-02 8.5556e-01 4.5157e-02 9.9191e-04
4463.54 1.3937e-01 8.1103e-01 4.8365e-02 1.2397e-03
4743.81 2.2256e-01 7.3336e-01 4.2926e-02 1.1527e-03
5041.68 2.6530e-01 6.9574e-01 3.7943e-02 1.0144e-03
5358.25 3.0458e-01 6.5982e-01 3.4667e-02 9.3306e-04
5694.70 3.4261e-01 6.2545e-01 3.1121e-02 8.2136e-04
6052.28 3.4059e-01 6.2714e-01 3.1427e-02 8.3602e-04
6432.31 3.4870e-01 6.2040e-01 3.0116e-02 7.8646e-04
6836.20 3.8489e-01 5.8552e-01 2.8822e-02 7.6918e-04
7265.45 4.0423e-01 5.6796e-01 2.7092e-02 7.1799e-04
7721.65 4.3057e-01 5.4471e-01 2.4123e-02 5.9847e-04
8206.56 4.2969e-01 5.4616e-01 2.3571e-02 5.7435e-04
8717.73 4.7500e-01 5.0360e-01 2.0891e-02 5.0766e-04
9214.74 5.1052e-01 4.7145e-01 1.7633e-02 3.9236e-04
9629.11 5.4705e-01 4.3780e-01 1.4848e-02 3.0282e-04
9954.11 5.3617e-01 4.4936e-01 1.4206e-02 2.6870e-04
10245.64 5.3612e-01 4.4971e-01 1.3923e-02 2.4666e-04
10541.49 5.3758e-01 4.4752e-01 1.4648e-02 2.4984e-04
10839.94 4.7509e-01 5.1061e-01 1.4107e-02 2.0063e-04
11119.11 4.9868e-01 4.8976e-01 1.1422e-02 1.3265e-04
11355.83 4.5933e-01 5.3052e-01 1.0055e-02 9.7494e-05
11539.81 4.5744e-01 5.3437e-01 8.1330e-03 6.4698e-05
11677.16 4.3528e-01 5.5762e-01 7.0559e-03 4.6834e-05
11784.05 4.4806e-01 5.4549e-01 6.4098e-03 4.0697e-05
11875.85 4.3327e-01 5.6017e-01 6.5272e-03 3.9722e-05
11963.37 3.2002e-01 6.7195e-01 7.9830e-03 5.1175e-05
12055.39 2.4227e-01 7.4668e-01 1.0972e-02 8.3441e-05
12170.41 1.7950e-01 8.0659e-01 1.3803e-02 1.1013e-04
