#NTIMES: 200
#NSTAGES: 10
#TIMES[d]: 1.3135 1.3409 1.3688 1.3973 1.4263 1.4560 1.4863 1.5173 1.5488 1.5811 1.6140 1.6476 1.6819 1.7169 1.7526 1.7891 1.8263 1.8643 1.9031 1.9427 1.9831 2.0244 2.0665 2.1096 2.1535 2.1983 2.2440 2.2907 2.3384 2.3871 2.4368 2.4875 2.5392 2.5921 2.6460 2.7011 2.7573 2.8147 2.8733 2.9331 2.9941 3.0564 3.1200 3.1850 3.2513 3.3189 3.3880 3.4585 3.5305 3.6040 3.6790 3.7555 3.8337 3.9135 3.9949 4.0781 4.1629 4.2496 4.3380 4.4283 4.5205 4.6145 4.7106 4.8086 4.9087 5.0109 5.1151 5.2216 5.3303 5.4412 5.5544 5.6700 5.7880 5.9085 6.0315 6.1570 6.2851 6.4159 6.5495 6.6858 6.8249 6.9670 7.1120 7.2600 7.4111 7.5653 7.7228 7.8835 8.0476 8.2150 8.3860 8.5605 8.7387 8.9206 9.1062 9.2957 9.4892 9.6867 9.8883 10.0941 10.3042 10.5186 10.7375 10.9610 11.1891 11.4220 11.6597 11.9023 12.1501 12.4029 12.6611 12.9246 13.1935 13.4681 13.7484 14.0346 14.3266 14.6248 14.9292 15.2399 15.5570 15.8808 16.2113 16.5487 16.8931 17.2447 17.6036 17.9700 18.3440 18.7257 19.1155 19.5133 19.9194 20.3340 20.7571 21.1891 21.6301 22.0803 22.5398 23.0089 23.4878 23.9766 24.4756 24.9850 25.5050 26.0358 26.5776 27.1308 27.6954 28.2718 28.8602 29.4608 30.0740 30.6999 31.3388 31.9910 32.6568 33.3365 34.0302 34.7385 35.4615 36.1995 36.9529 37.7219 38.5070 39.3084 40.1265 40.9616 41.8141 42.6843 43.5726 44.4795 45.4052 46.3501 47.3148 48.2995 49.3047 50.3308 51.3783 52.4476 53.5391 54.6534 55.7908 56.9519 58.1372 59.3472 60.5823 61.8431 63.1302 64.4440 65.7853 67.1544 68.5520 69.9787 71.4351 72.9218 74.4394 75.9886 77.5701 79.1845
#
#TIME: 1.3135
#NVEL: 115
#vel_mid[km/s] ca0 ca1 ca2 ca3 ca4 ca5 ca6 ca7 ca8 ca9
4.2577e+02 1.2836e-42 6.3849e-33 1.5926e-24 5.1185e-17 1.2691e-10 9.6346e-06 1.5029e-02 4.7322e-01 5.1005e-01 1.6903e-03
8.5779e+02 1.5263e-29 9.5040e-22 2.9689e-15 1.1950e-09 3.7108e-05 3.5281e-02 6.8922e-01 2.7180e-01 3.6688e-03 1.5227e-07
8.7843e+02 1.5234e-29 9.4879e-22 2.9646e-15 1.1936e-09 3.7075e-05 3.5262e-02 6.8914e-01 2.7189e-01 3.6719e-03 1.5248e-07
9.1772e+02 1.5138e-29 9.4287e-22 2.9475e-15 1.1874e-09 3.6921e-05 3.5170e-02 6.8871e-01 2.7239e-01 3.6888e-03 1.5372e-07
9.7304e+02 1.4602e-29 9.1123e-22 2.8589e-15 1.1561e-09 3.6167e-05 3.4725e-02 6.8669e-01 2.7478e-01 3.7696e-03 1.5958e-07
1.0350e+03 1.3273e-29 8.3141e-22 2.6317e-15 1.0744e-09 3.4155e-05 3.3509e-02 6.8090e-01 2.8155e-01 4.0059e-03 1.7739e-07
1.1000e+03 1.0032e-29 6.3598e-22 2.0671e-15 8.6790e-10 2.8913e-05 3.0193e-02 6.6352e-01 3.0150e-01 4.7632e-03 2.3993e-07
1.1690e+03 4.7082e-30 3.0812e-22 1.0753e-15 4.8648e-10 1.8349e-05 2.2620e-02 6.1230e-01 3.5759e-01 7.4651e-03 5.2971e-07
1.2425e+03 9.0332e-31 6.2557e-23 2.5317e-16 1.3315e-10 6.5092e-06 1.1422e-02 4.8389e-01 4.8611e-01 1.8567e-02 2.7730e-06
1.3205e+03 5.9679e-32 4.3957e-24 2.2277e-17 1.4544e-11 1.0515e-06 3.1952e-03 2.7484e-01 6.5595e-01 6.5980e-02 3.2538e-05
1.4033e+03 1.8445e-33 1.4534e-25 9.7135e-19 8.1605e-13 9.2113e-08 5.2812e-04 1.0380e-01 6.8182e-01 2.1343e-01 4.2341e-04
1.4915e+03 5.3197e-35 4.5012e-27 3.9603e-20 4.2543e-14 7.2007e-09 7.3646e-05 3.0859e-02 5.1218e-01 4.5370e-01 3.1840e-03
1.5852e+03 1.6468e-36 1.5103e-28 1.7332e-21 2.3668e-15 5.7605e-10 9.8387e-06 8.0657e-03 3.0364e-01 6.7402e-01 1.4263e-02
1.6847e+03 4.0527e-38 4.0800e-30 6.1939e-23 1.0945e-16 3.8318e-11 1.0855e-06 1.7283e-03 1.4598e-01 8.0235e-01 4.9938e-02
1.7904e+03 7.2582e-40 8.2122e-32 1.6924e-24 3.9931e-18 2.0451e-12 9.6978e-08 3.0305e-04 5.7959e-02 7.9616e-01 1.4558e-01
1.9028e+03 9.6367e-42 1.2593e-33 3.6084e-26 1.1726e-19 8.9327e-14 7.1166e-09 4.3681e-05 1.8838e-02 6.4274e-01 3.3837e-01
2.0223e+03 1.0510e-43 1.5786e-35 6.2777e-28 2.8254e-21 3.1893e-15 4.2061e-10 5.0012e-06 4.7949e-03 4.0096e-01 5.9424e-01
2.1493e+03 1.4013e-45 1.7023e-37 9.3700e-30 5.8681e-23 9.7876e-17 2.1012e-11 4.7467e-07 9.8983e-04 1.9840e-01 8.0061e-01
2.2843e+03 0.0000e+00 2.5015e-39 1.8425e-31 1.5619e-24 3.7149e-18 1.2298e-12 4.9335e-08 2.0703e-04 9.1474e-02 9.0832e-01
2.4277e+03 0.0000e+00 7.8348e-41 7.3437e-33 8.0289e-26 2.5649e-19 1.2047e-13 7.6582e-09 5.6279e-05 4.6879e-02 9.5306e-01
2.5802e+03 0.0000e+00 7.5376e-42 8.3860e-34 1.0995e-26 4.3216e-20 2.5766e-14 2.2259e-09 2.3678e-05 2.9926e-02 9.7005e-01
2.7422e+03 0.0000e+00 3.1852e-42 3.8392e-34 5.4684e-27 2.3485e-20 1.5405e-14 1.4866e-09 1.7921e-05 2.5945e-02 9.7404e-01
2.9144e+03 0.0000e+00 8.0953e-42 9.4562e-34 1.2953e-26 5.2546e-20 3.1874e-14 2.7133e-09 2.7609e-05 3.2645e-02 9.6733e-01
3.0973e+03 0.0000e+00 1.7930e-40 1.7825e-32 2.0435e-25 6.6180e-19 3.0119e-13 1.6923e-08 1.0114e-04 6.4428e-02 9.3547e-01
3.2918e+03 0.0000e+00 5.3257e-38 3.9452e-30 3.3123e-23 7.1682e-17 1.8952e-11 4.8398e-07 1.0584e-03 2.1077e-01 7.8817e-01
3.4986e+03 7.1887e-43 1.6267e-34 7.2091e-27 3.6411e-20 4.1190e-14 4.5304e-09 3.4900e-05 1.7369e-02 6.4472e-01 3.3788e-01
3.7182e+03 5.5555e-39 8.9873e-31 1.9679e-23 5.0770e-17 2.4459e-11 8.7893e-07 1.6203e-03 1.4582e-01 8.0674e-01 4.5819e-02
3.9517e+03 4.2423e-35 5.2986e-27 5.7865e-20 7.9103e-14 1.4903e-08 1.4645e-04 5.0684e-02 6.0164e-01 3.4623e-01 1.3074e-03
4.1999e+03 7.7763e-31 1.0173e-22 5.9739e-16 4.4161e-10 2.1608e-05 2.8532e-02 6.8020e-01 2.8742e-01 3.8195e-03 1.2774e-07
4.4636e+03 9.5722e-28 1.1413e-19 4.3155e-13 1.4869e-07 1.7698e-03 3.3423e-01 6.5125e-01 1.2749e-02 5.4101e-06 2.2772e-12
4.7438e+03 1.9290e-26 2.0985e-18 6.6599e-12 1.4644e-06 8.5151e-03 6.2355e-01 3.6626e-01 1.6739e-03 1.3981e-07 7.4139e-15
5.0416e+03 3.7429e-26 4.0556e-18 1.2616e-11 2.4848e-06 1.2055e-02 6.9095e-01 2.9607e-01 9.1914e-04 4.9694e-08 1.5023e-15
5.3582e+03 2.8071e-26 3.2107e-18 1.0543e-11 2.1926e-06 1.1233e-02 6.7998e-01 3.0778e-01 1.0095e-03 5.7667e-08 1.8426e-15
5.6947e+03 2.5312e-26 3.0475e-18 1.0494e-11 2.2326e-06 1.1485e-02 6.8647e-01 3.0111e-01 9.3915e-04 5.0369e-08 1.4606e-15
6.0522e+03 3.8681e-26 4.7303e-18 1.6375e-11 3.2399e-06 1.4655e-02 7.3158e-01 2.5317e-01 5.8811e-04 2.2588e-08 4.2290e-16
6.4323e+03 1.1281e-25 1.3669e-17 4.6140e-11 7.4831e-06 2.4746e-02 8.1137e-01 1.6368e-01 1.9649e-04 3.5912e-09 2.5703e-17
6.8362e+03 5.6211e-25 6.6021e-17 2.1358e-10 2.5028e-05 5.0781e-02 8.7204e-01 7.7116e-02 3.3938e-05 2.0080e-10 3.3441e-19
7.2654e+03 3.8317e-24 4.2314e-16 1.2899e-09 9.9258e-05 1.1019e-01 8.6155e-01 2.8157e-02 3.7180e-06 5.6945e-12 1.6587e-21
7.7216e+03 3.8220e-23 3.8614e-15 1.0984e-08 4.8883e-04 2.5333e-01 7.3921e-01 6.9734e-03 2.0606e-07 5.8706e-14 1.9522e-24
8.2065e+03 8.4910e-22 7.4087e-14 1.9151e-07 3.6481e-03 5.9789e-01 3.9787e-01 5.8541e-04 1.8601e-09 4.3085e-17 5.6166e-29
8.7177e+03 9.8722e-20 6.4228e-12 1.3994e-05 5.0687e-02 9.1288e-01 3.6413e-02 1.5690e-06 7.3521e-14 1.4534e-23 4.0441e-38
9.2147e+03 8.4289e-17 3.0612e-09 4.4990e-03 7.5400e-01 2.4144e-01 5.9681e-05 4.4559e-12 1.1167e-22 4.2230e-36 0.0000e+00
9.6291e+03 1.4704e-14 2.8349e-07 2.4088e-01 7.5782e-01 1.2984e-03 4.4275e-10 8.4779e-21 1.2393e-35 0.0000e+00 0.0000e+00
9.9539e+03 1.6566e-13 2.0600e-06 9.6347e-01 3.6524e-02 1.7539e-07 3.5602e-17 5.6299e-32 0.0000e+00 0.0000e+00 0.0000e+00
1.0246e+04 5.8687e-13 4.9863e-06 9.9978e-01 2.1528e-04 1.0619e-12 3.6630e-26 1.4013e-45 0.0000e+00 0.0000e+00 0.0000e+00
1.0542e+04 2.4846e-12 1.5685e-05 9.9998e-01 3.1217e-07 2.5110e-19 1.4385e-37 0.0000e+00 0.0000e+00 0.0000e+00 0.0000e+00
1.0840e+04 3.0489e-11 9.7472e-05 9.9990e-01 9.0762e-11 1.5880e-27 0.0000e+00 0.0000e+00 0.0000e+00 0.0000e+00 0.0000e+00
1.1119e+04 5.2639e-10 7.5530e-04 9.9924e-01 1.3718e-14 2.2385e-36 0.0000e+00 0.0000e+00 0.0000e+00 0.0000e+00 0.0000e+00
1.1356e+04 8.5005e-09 5.2202e-03 9.9478e-01 4.4081e-18 1.8217e-44 0.0000e+00 0.0000e+00 0.0000e+00 0.0000e+00 0.0000e+00
1.1540e+04 1.2405e-07 3.2243e-02 9.6776e-01 2.0318e-21 0.0000e+00 0.0000e+00 0.0000e+00 0.0000e+00 0.0000e+00 0.0000e+00
1.1677e+04 9.1340e-07 1.3264e-01 8.6736e-01 1.2192e-24 0.0000e+00 0.0000e+00 0.0000e+00 0.0000e+00 0.0000e+00 0.0000e+00
1.1784e+04 3.7177e-06 3.5114e-01 6.4885e-01 1.2806e-27 0.0000e+00 0.0000e+00 0.0000e+00 0.0000e+00 0.0000e+00 0.0000e+00
1.1876e+04 1.0451e-05 6.2522e-01 3.7477e-01 3.0769e-30 0.0000e+00 0.0000e+00 0.0000e+00 0.0000e+00 0.0000e+00 0.0000e+00
1.1964e+04 2.0221e-05 8.1308e-01 1.8690e-01 1.4468e-32 0.0000e+00 0.0000e+00 0.0000e+00 0.0000e+00 0.0000e+00 0.0000e+00
1.2056e+04 2.6628e-05 8.9399e-01 1.0598e-01 1.7072e-34 0.0000e+00 0.0000e+00 0.0000e+00 0.0000e+00 0.0000e+00 0.0000e+00
1.2170e+04 3.3631e-05 9.3961e-01 6.0353e-02 2.9641e-36 0.0000e+00 0.0000e+00 0.0000e+00 0.0000e+00 0.0000e+00 0.0000e+00
1.2360e+04 4.8116e-05 9.7443e-01 2.5519e-02 1.0574e-38 0.0000e+00 0.0000e+00 0.0000e+00 0.0000e+00 0.0000e+00 0.0000e+00
1.2670e+04 9.2140e-05 9.9459e-01 5.3156e-03 6.7262e-43 0.0000e+00 0.0000e+00 0.0000e+00 0.0000e+00 0.0000e+00 0.0000e+00
1.3075e+04 1.9439e-04 9.9892e-01 8.9018e-04 0.0000e+00 0.0000e+00 0.0000e+00 0.0000e+00 0.0000e+00 0.0000e+00 0.0000e+00
1.3530e+04 4.2373e-04 9.9944e-01 1.3726e-04 0.0000e+00 0.0000e+00 0.0000e+00 0.0000e+00 0.0000e+00 0.0000e+00 0.0000e+00
1.4013e+04 9.1435e-04 9.9906e-01 2.1063e-05 0.0000e+00 0.0000e+00 0.0000e+00 0.0000e+00 0.0000e+00 0.0000e+00 0.0000e+00
1.4509e+04 1.9405e-03 9.9806e-01 3.3334e-06 0.0000e+00 0.0000e+00 0.0000e+00 0.0000e+00 0.0000e+00 0.0000e+00 0.0000e+00
1.5002e+04 3.9147e-03 9.9608e-01 5.6605e-07 0.0000e+00 0.0000e+00 0.0000e+00 0.0000e+00 0.0000e+00 0.0000e+00 0.0000e+00
1.5476e+04 6.8932e-03 9.9311e-01 1.1674e-07 0.0000e+00 0.0000e+00 0.0000e+00 0.0000e+00 0.0000e+00 0.0000e+00 0.0000e+00
1.5924e+04 1.0177e-02 9.8982e-01 3.1242e-08 0.0000e+00 0.0000e+00 0.0000e+00 0.0000e+00 0.0000e+00 0.0000e+00 0.0000e+00
1.6356e+04 1.3491e-02 9.8651e-01 1.0383e-08 0.0000e+00 0.0000e+00 0.0000e+00 0.0000e+00 0.0000e+00 0.0000e+00 0.0000e+00
1.6776e+04 1.7911e-02 9.8209e-01 3.7321e-09 0.0000e+00 0.0000e+00 0.0000e+00 0.0000e+00 0.0000e+00 0.0000e+00 0.0000e+00
1.7184e+04 2.3656e-02 9.7634e-01 1.4683e-09 0.0000e+00 0.0000e+00 0.0000e+00 0.0000e+00 0.0000e+00 0.0000e+00 0.0000e+00
1.7580e+04 2.9396e-02 9.7060e-01 6.8571e-10 0.0000e+00 0.0000e+00 0.0000e+00 0.0000e+00 0.0000e+00 0.0000e+00 0.0000e+00
1.7990e+04 3.4247e-02 9.6575e-01 3.6690e-10 0.0000e+00 0.0000e+00 0.0000e+00 0.0000e+00 0.0000e+00 0.0000e+00 0.0000e+00
1.8458e+04 4.2990e-02 9.5701e-01 1.6786e-10 0.0000e+00 0.0000e+00 0.0000e+00 0.0000e+00 0.0000e+00 0.0000e+00 0.0000e+00
1.9085e+04 6.1293e-02 9.3871e-01 5.2643e-11 0.0000e+00 0.0000e+00 0.0000e+00 0.0000e+00 0.0000e+00 0.0000e+00 0.0000e+00
2.0000e+04 7.8715e-02 9.2129e-01 1.3216e-11 0.0000e+00 0.0000e+00 0.0000e+00 0.0000e+00 0.0000e+00 0.0000e+00 0.0000e+00
2.1194e+04 2.6143e-02 9.7386e-01 3.7728e-11 0.0000e+00 0.0000e+00 0.0000e+00 0.0000e+00 0.0000e+00 0.0000e+00 0.0000e+00
2.2528e+04 7.4261e-03 9.9257e-01 1.3883e-10 0.0000e+00 0.0000e+00 0.0000e+00 0.0000e+00 0.0000e+00 0.0000e+00 0.0000e+00
2.3943e+04 2.4464e-03 9.9755e-01 4.4710e-10 0.0000e+00 0.0000e+00 0.0000e+00 0.0000e+00 0.0000e+00 0.0000e+00 0.0000e+00
2.5446e+04 1.2401e-03 9.9876e-01 9.2286e-10 0.0000e+00 0.0000e+00 0.0000e+00 0.0000e+00 0.0000e+00 0.0000e+00 0.0000e+00
2.7044e+04 7.0617e-04 9.9929e-01 1.7053e-09 0.0000e+00 0.0000e+00 0.0000e+00 0.0000e+00 0.0000e+00 0.0000e+00 0.0000e+00
2.8744e+04 3.7401e-04 9.9963e-01 3.4100e-09 0.0000e+00 0.0000e+00 0.0000e+00 0.0000e+00 0.0000e+00 0.0000e+00 0.0000e+00
3.0520e+04 2.0693e-04 9.9979e-01 6.4257e-09 0.0000e+00 0.0000e+00 0.0000e+00 0.0000e+00 0.0000e+00 0.0000e+00 0.0000e+00
3.2244e+04 1.4017e-04 9.9986e-01 9.5743e-09 0.0000e+00 0.0000e+00 0.0000e+00 0.0000e+00 0.0000e+00 0.0000e+00 0.0000e+00
3.3773e+04 1.0330e-04 9.9990e-01 1.2849e-08 0.0000e+00 0.0000e+00 0.0000e+00 0.0000e+00 0.0000e+00 0.0000e+00 0.0000e+00
3.5108e+04 7.0972e-05 9.9993e-01 1.8348e-08 0.0000e+00 0.0000e+00 0.0000e+00 0.0000e+00 0.0000e+00 0.0000e+00 0.0000e+00
3.6326e+04 4.6668e-05 9.9995e-01 2.7181e-08 0.0000e+00 0.0000e+00 0.0000e+00 0.0000e+00 0.0000e+00 0.0000e+00 0.0000e+00
3.7486e+04 3.0818e-05 9.9997e-01 3.9890e-08 0.0000e+00 0.0000e+00 0.0000e+00 0.0000e+00 0.0000e+00 0.0000e+00 0.0000e+00
3.8628e+04 2.1134e-05 9.9998e-01 5.6198e-08 0.0000e+00 0.0000e+00 0.0000e+00 0.0000e+00 0.0000e+00 0.0000e+00 0.0000e+00
3.9769e+04 1.4856e-05 9.9999e-01 7.7068e-08 0.0000e+00 0.0000e+00 0.0000e+00 0.0000e+00 0.0000e+00 0.0000e+00 0.0000e+00
4.0916e+04 1.0540e-05 9.9999e-01 1.0450e-07 0.0000e+00 0.0000e+00 0.0000e+00 0.0000e+00 0.0000e+00 0.0000e+00 0.0000e+00
4.2074e+04 7.4995e-06 9.9999e-01 1.4126e-07 0.0000e+00 0.0000e+00 0.0000e+00 0.0000e+00 0.0000e+00 0.0000e+00 0.0000e+00
4.3252e+04 5.3431e-06 9.9999e-01 1.9049e-07 0.0000e+00 0.0000e+00 0.0000e+00 0.0000e+00 0.0000e+00 0.0000e+00 0.0000e+00
4.4454e+04 3.8101e-06 1.0000e+00 2.5635e-07 0.0000e+00 0.0000e+00 0.0000e+00 0.0000e+00 0.0000e+00 0.0000e+00 0.0000e+00
4.5683e+04 2.7037e-06 1.0000e+00 3.4699e-07 0.0000e+00 0.0000e+00 0.0000e+00 0.0000e+00 0.0000e+00 0.0000e+00 0.0000e+00
4.6942e+04 1.9159e-06 1.0000e+00 4.7026e-07 0.0000e+00 0.0000e+00 0.0000e+00 0.0000e+00 0.0000e+00 0.0000e+00 0.0000e+00
4.8231e+04 1.3550e-06 1.0000e+00 6.3850e-07 0.0000e+00 0.0000e+00 0.0000e+00 0.0000e+00 0.0000e+00 0.0000e+00 0.0000e+00
4.9550e+04 9.5620e-07 1.0000e+00 8.6875e-07 0.0000e+00 0.0000e+00 0.0000e+00 0.0000e+00 0.0000e+00 0.0000e+00 0.0000e+00
5.0900e+04 6.7564e-07 1.0000e+00 1.1803e-06 0.0000e+00 0.0000e+00 0.0000e+00 0.0000e+00 0.0000e+00 0.0000e+00 0.0000e+00
5.2277e+04 4.7667e-07 1.0000e+00 1.6077e-06 0.0000e+00 0.0000e+00 0.0000e+00 0.0000e+00 0.0000e+00 0.0000e+00 0.0000e+00
5.3682e+04 3.3791e-07 1.0000e+00 2.1766e-06 0.0000e+00 0.0000e+00 0.0000e+00 0.0000e+00 0.0000e+00 0.0000e+00 0.0000e+00
5.5110e+04 2.4029e-07 1.0000e+00 2.9374e-06 0.0000e+00 0.0000e+00 0.0000e+00 0.0000e+00 0.0000e+00 0.0000e+00 0.0000e+00
5.6562e+04 1.7152e-07 1.0000e+00 3.9528e-06 0.0000e+00 0.0000e+00 0.0000e+00 0.0000e+00 0.0000e+00 0.0000e+00 0.0000e+00
5.8030e+04 1.2331e-07 9.9999e-01 5.2807e-06 0.0000e+00 0.0000e+00 0.0000e+00 0.0000e+00 0.0000e+00 0.0000e+00 0.0000e+00
5.9510e+04 8.9246e-08 9.9999e-01 7.0067e-06 0.0000e+00 0.0000e+00 0.0000e+00 0.0000e+00 0.0000e+00 0.0000e+00 0.0000e+00
6.0994e+04 6.5389e-08 9.9999e-01 9.1922e-06 0.0000e+00 0.0000e+00 0.0000e+00 0.0000e+00 0.0000e+00 0.0000e+00 0.0000e+00
6.2466e+04 4.8419e-08 9.9999e-01 1.1944e-05 0.0000e+00 0.0000e+00 0.0000e+00 0.0000e+00 0.0000e+00 0.0000e+00 0.0000e+00
6.3912e+04 3.6469e-08 9.9998e-01 1.5272e-05 0.0000e+00 0.0000e+00 0.0000e+00 0.0000e+00 0.0000e+00 0.0000e+00 0.0000e+00
6.5312e+04 2.8003e-08 9.9998e-01 1.9195e-05 0.0000e+00 0.0000e+00 0.0000e+00 0.0000e+00 0.0000e+00 0.0000e+00 0.0000e+00
6.6639e+04 2.1994e-08 9.9998e-01 2.3633e-05 0.0000e+00 0.0000e+00 0.0000e+00 0.0000e+00 0.0000e+00 0.0000e+00 0.0000e+00
6.7870e+04 1.7714e-08 9.9997e-01 2.8466e-05 0.0000e+00 0.0000e+00 0.0000e+00 0.0000e+00 0.0000e+00 0.0000e+00 0.0000e+00
6.8864e+04 1.4662e-08 9.9997e-01 3.3471e-05 0.0000e+00 0.0000e+00 0.0000e+00 0.0000e+00 0.0000e+00 0.0000e+00 0.0000e+00
6.9460e+04 1.3512e-08 9.9996e-01 3.5850e-05 0.0000e+00 0.0000e+00 0.0000e+00 0.0000e+00 0.0000e+00 0.0000e+00 0.0000e+00
6.9745e+04 1.3018e-08 9.9996e-01 3.6965e-05 0.0000e+00 0.0000e+00 0.0000e+00 0.0000e+00 0.0000e+00 0.0000e+00 0.0000e+00
6.9888e+04 1.2667e-08 9.9996e-01 3.7868e-05 0.0000e+00 0.0000e+00 0.0000e+00 0.0000e+00 0.0000e+00 0.0000e+00 0.0000e+00
6.9960e+04 1.2600e-08 9.9996e-01 3.7985e-05 0.0000e+00 0.0000e+00 0.0000e+00 0.0000e+00 0.0000e+00 0.0000e+00 0.0000e+00
6.9991e+04 1.2502e-08 9.9996e-01 3.8241e-05 0.0000e+00 0.0000e+00 0.0000e+00 0.0000e+00 0.0000e+00 0.0000e+00 0.0000e+00
7.0000e+04 6.0142e-09 9.9992e-01 7.9488e-05 0.0000e+00 0.0000e+00 0.0000e+00 0.0000e+00 0.0000e+00 0.0000e+00 0.0000e+00
#
#TIME: 1.3409
#NVEL: 115
#vel_mid[km/s] ca0 ca1 ca2 ca3 ca4 ca5 ca6 ca7 ca8 ca9
4.2577e+02 8.1556e-43 4.3055e-33 1.1404e-24 3.8921e-17 1.0251e-10 8.2682e-06 1.3706e-02 4.5876e-01 5.2568e-01 1.8527e-03
8.5779e+02 6.9347e-30 4.6647e-22 1.6083e-15 7.1634e-10 2.5307e-05 2.8016e-02 6.5254e-01 3.1416e-01 5.2580e-03 2.8046e-07
8.7843e+02 7.0234e-30 4.7225e-22 1.6264e-15 7.2355e-10 2.5507e-05 2.8157e-02 6.5341e-01 3.1319e-01 5.2156e-03 2.7649e-07
9.1772e+02 6.9614e-30 4.6816e-22 1.6135e-15 7.1836e-10 2.5362e-05 2.8054e-02 6.5277e-01 3.1390e-01 5.2467e-03 2.7941e-07
9.7304e+02 6.6338e-30 4.4719e-22 1.5485e-15 6.9283e-10 2.4656e-05 2.7561e-02 6.4969e-01 3.1733e-01 5.3964e-03 2.9352e-07
1.0350e+03 6.0923e-30 4.1203e-22 1.4379e-15 6.4871e-10 2.3413e-05 2.6671e-02 6.4391e-01 3.2371e-01 5.6842e-03 3.2165e-07
1.1000e+03 4.6357e-30 3.1711e-22 1.1353e-15 5.2614e-10 1.9859e-05 2.4019e-02 6.2518e-01 3.4410e-01 6.6817e-03 4.2790e-07
1.1690e+03 2.1762e-30 1.5355e-22 5.8986e-16 2.9406e-10 1.2535e-05 1.7845e-02 5.7017e-01 4.0171e-01 1.0262e-02 9.2054e-07
1.2425e+03 4.2018e-31 3.1311e-23 1.3915e-16 8.0331e-11 4.4112e-06 8.8717e-03 4.3963e-01 5.2714e-01 2.4351e-02 4.5306e-06
1.3205e+03 2.7040e-32 2.1401e-24 1.1903e-17 8.5126e-12 6.8846e-07 2.3868e-03 2.3894e-01 6.7679e-01 8.1832e-02 4.9862e-05
1.4033e+03 7.9167e-34 6.7017e-26 4.9230e-19 4.5316e-13 5.7130e-08 3.7319e-04 8.5276e-02 6.6409e-01 2.4965e-01 6.1055e-04
1.4915e+03 2.1633e-35 1.9669e-27 1.9044e-20 2.2435e-14 4.2357e-09 4.9281e-05 2.3978e-02 4.7114e-01 5.0051e-01 4.3178e-03
1.5852e+03 6.5799e-37 6.4831e-29 8.1793e-22 1.2243e-15 3.3122e-10 6.4028e-06 6.0580e-03 2.6800e-01 7.0772e-01 1.8212e-02
1.6847e+03 1.5767e-38 1.7072e-30 2.8515e-23 5.5309e-17 2.1506e-11 6.8808e-07 1.2611e-03 1.2476e-01 8.1280e-01 6.1175e-02
1.7904e+03 2.7317e-40 3.3301e-32 7.5618e-25 1.9628e-18 1.1170e-12 5.9758e-08 2.1469e-04 4.8004e-02 7.7996e-01 1.7182e-01
1.9028e+03 3.5425e-42 4.9909e-34 1.5753e-26 5.6355e-20 4.7647e-14 4.2694e-09 3.0010e-05 1.5058e-02 6.0440e-01 3.8051e-01
2.0223e+03 3.7835e-44 6.0786e-36 2.6608e-28 1.3185e-21 1.6501e-15 2.4410e-10 3.3128e-06 3.6811e-03 3.6067e-01 6.3565e-01
2.1493e+03 0.0000e+00 6.5170e-38 3.9405e-30 2.7138e-23 5.0088e-17 1.2016e-11 3.0845e-07 7.4173e-04 1.7328e-01 8.2597e-01
2.2843e+03 0.0000e+00 9.6198e-40 7.7711e-32 7.2372e-25 1.9023e-18 7.0176e-13 3.1884e-08 1.5375e-04 7.8889e-02 9.2096e-01
2.4277e+03 0.0000e+00 3.0234e-41 3.1069e-33 3.7323e-26 1.3176e-19 6.8890e-14 4.9508e-09 4.1721e-05 4.0274e-02 9.5968e-01
2.5802e+03 0.0000e+00 2.8586e-42 3.4925e-34 5.0413e-27 2.1942e-20 1.4587e-14 1.4269e-09 1.7438e-05 2.5597e-02 9.7439e-01
2.7422e+03 0.0000e+00 1.1883e-42 1.5757e-34 2.4743e-27 1.1787e-20 8.6345e-15 9.4535e-10 1.3122e-05 2.2120e-02 9.7787e-01
2.9144e+03 0.0000e+00 2.9427e-42 3.7867e-34 5.7274e-27 2.5820e-20 1.7539e-14 1.7003e-09 2.0014e-05 2.7695e-02 9.7228e-01
3.0973e+03 0.0000e+00 6.3221e-41 6.9349e-33 8.7904e-26 3.1692e-19 1.6209e-13 1.0427e-08 7.2556e-05 5.4476e-02 9.4545e-01
3.2918e+03 0.0000e+00 1.9050e-38 1.5573e-30 1.4438e-23 3.4761e-17 1.0348e-11 3.0328e-07 7.7408e-04 1.8209e-01 8.1714e-01
3.4986e+03 2.4943e-43 6.0985e-35 2.9885e-27 1.6670e-20 2.1032e-14 2.6202e-09 2.3322e-05 1.3648e-02 6.0302e-01 3.8331e-01
3.7182e+03 1.9552e-39 3.4182e-31 8.3025e-24 2.3687e-17 1.2808e-11 5.2697e-07 1.1371e-03 1.2223e-01 8.1893e-01 5.7699e-02
3.9517e+03 1.6151e-35 2.1744e-27 2.6297e-20 3.9658e-14 8.4271e-09 9.5609e-05 3.9123e-02 5.6179e-01 3.9709e-01 1.8987e-03
4.1999e+03 3.5500e-31 5.0197e-23 3.2454e-16 2.6555e-10 1.4771e-05 2.2664e-02 6.4209e-01 3.2982e-01 5.4073e-03 2.3112e-07
4.4636e+03 4.8301e-28 6.2206e-20 2.5657e-13 9.8481e-08 1.3393e-03 2.9521e-01 6.8700e-01 1.6441e-02 8.6623e-06 4.7115e-12
4.7438e+03 1.0427e-26 1.2248e-18 4.2200e-12 1.0345e-06 6.8563e-03 5.8365e-01 4.0723e-01 2.2598e-03 2.3257e-07 1.5799e-14
5.0416e+03 2.1158e-26 2.4712e-18 8.3201e-12 1.8184e-06 9.9778e-03 6.5807e-01 3.3072e-01 1.2277e-03 8.0407e-08 3.0481e-15
5.3582e+03 1.6273e-26 2.0035e-18 7.1071e-12 1.6324e-06 9.3944e-03 6.4867e-01 3.4061e-01 1.3184e-03 8.9920e-08 3.5368e-15
5.6947e+03 1.4718e-26 1.9073e-18 7.0927e-12 1.6662e-06 9.6246e-03 6.5574e-01 3.3341e-01 1.2260e-03 7.8419e-08 2.7957e-15
6.0522e+03 2.2772e-26 2.9963e-18 1.1191e-11 2.4440e-06 1.2400e-02 7.0464e-01 2.8218e-01 7.7123e-04 3.5248e-08 8.0911e-16
6.4323e+03 6.7742e-26 8.8268e-18 3.2097e-11 5.7450e-06 2.1288e-02 7.9351e-01 1.8493e-01 2.6068e-04 5.6572e-09 4.9525e-17
6.8362e+03 3.4058e-25 4.3016e-17 1.4972e-10 1.9413e-05 4.4255e-02 8.6676e-01 8.8918e-02 4.6174e-05 3.2623e-10 6.6965e-19
7.2654e+03 2.3484e-24 2.7877e-16 9.1283e-10 7.7873e-05 9.7298e-02 8.6956e-01 3.3061e-02 5.1686e-06 9.4909e-12 3.4267e-21
7.7216e+03 2.4032e-23 2.6082e-15 7.9555e-09 3.9257e-04 2.2882e-01 7.6243e-01 8.3579e-03 2.9197e-07 9.9595e-14 4.0998e-24
8.2065e+03 5.4884e-22 5.1517e-14 1.4282e-07 3.0361e-03 5.6386e-01 4.3236e-01 7.4751e-04 2.8444e-09 8.0064e-17 1.3170e-28
8.7177e+03 6.7535e-20 4.7230e-12 1.1022e-05 4.4646e-02 9.1325e-01 4.2090e-02 2.1389e-06 1.2051e-13 2.9108e-23 1.0296e-37
9.2147e+03 6.1113e-17 2.3948e-09 3.7852e-03 7.2497e-01 2.7116e-01 8.0179e-05 7.3730e-12 2.3364e-22 1.1446e-35 0.0000e+00
9.6291e+03 1.1340e-14 2.3500e-07 2.1471e-01 7.8368e-01 1.6026e-03 6.7236e-10 1.6456e-20 3.1777e-35 0.0000e+00 0.0000e+00
9.9539e+03 1.4057e-13 1.8838e-06 9.5655e-01 4.3445e-02 2.5971e-07 6.8339e-17 1.4760e-31 0.0000e+00 0.0000e+00 0.0000e+00
1.0246e+04 5.0407e-13 4.5848e-06 9.9973e-01 2.6316e-04 1.6629e-12 7.7196e-26 2.8026e-45 0.0000e+00 0.0000e+00 0.0000e+00
1.0542e+04 2.0847e-12 1.4195e-05 9.9999e-01 3.9678e-07 4.2954e-19 3.5152e-37 0.0000e+00 0.0000e+00 0.0000e+00 0.0000e+00
1.0840e+04 2.4632e-11 8.5772e-05 9.9991e-01 1.2962e-10 3.5585e-27 0.0000e+00 0.0000e+00 0.0000e+00 0.0000e+00 0.0000e+00
1.1119e+04 4.0526e-10 6.4309e-04 9.9936e-01 2.2420e-14 6.8533e-36 0.0000e+00 0.0000e+00 0.0000e+00 0.0000e+00 0.0000e+00
1.1356e+04 6.2692e-09 4.3014e-03 9.9570e-01 8.6497e-18 8.6881e-44 0.0000e+00 0.0000e+00 0.0000e+00 0.0000e+00 0.0000e+00
1.1540e+04 8.6722e-08 2.5467e-02 9.7453e-01 5.3842e-21 0.0000e+00 0.0000e+00 0.0000e+00 0.0000e+00 0.0000e+00 0.0000e+00
1.1677e+04 6.4241e-07 1.0419e-01 8.9580e-01 4.5841e-24 0.0000e+00 0.0000e+00 0.0000e+00 0.0000e+00 0.0000e+00 0.0000e+00
1.1784e+04 2.5616e-06 2.8046e-01 7.1953e-01 6.2936e-27 0.0000e+00 0.0000e+00 0.0000e+00 0.0000e+00 0.0000e+00 0.0000e+00
1.1876e+04 6.8751e-06 5.1695e-01 4.8304e-01 2.5328e-29 0.0000e+00 0.0000e+00 0.0000e+00 0.0000e+00 0.0000e+00 0.0000e+00
1.1964e+04 1.4091e-05 7.3199e-01 2.6800e-01 1.3235e-31 0.0000e+00 0.0000e+00 0.0000e+00 0.0000e+00 0.0000e+00 0.0000e+00
1.2056e+04 1.9253e-05 8.4073e-01 1.5926e-01 1.6198e-33 0.0000e+00 0.0000e+00 0.0000e+00 0.0000e+00 0.0000e+00 0.0000e+00
1.2170e+04 2.5882e-05 9.1220e-01 8.7772e-02 2.0481e-35 0.0000e+00 0.0000e+00 0.0000e+00 0.0000e+00 0.0000e+00 0.0000e+00
1.2360e+04 3.9062e-05 9.6464e-01 3.5323e-02 5.1576e-38 0.0000e+00 0.0000e+00 0.0000e+00 0.0000e+00 0.0000e+00 0.0000e+00
1.2670e+04 7.4414e-05 9.9234e-01 7.5835e-03 3.7008e-42 0.0000e+00 0.0000e+00 0.0000e+00 0.0000e+00 0.0000e+00 0.0000e+00
1.3075e+04 1.6396e-04 9.9866e-01 1.1783e-03 0.0000e+00 0.0000e+00 0.0000e+00 0.0000e+00 0.0000e+00 0.0000e+00 0.0000e+00
1.3530e+04 3.4639e-04 9.9946e-01 1.9570e-04 0.0000e+00 0.0000e+00 0.0000e+00 0.0000e+00 0.0000e+00 0.0000e+00 0.0000e+00
1.4013e+04 8.5866e-04 9.9912e-01 2.2665e-05 0.0000e+00 0.0000e+00 0.0000e+00 0.0000e+00 0.0000e+00 0.0000e+00 0.0000e+00
1.4509e+04 1.6511e-03 9.9834e-01 4.4218e-06 0.0000e+00 0.0000e+00 0.0000e+00 0.0000e+00 0.0000e+00 0.0000e+00 0.0000e+00
1.5002e+04 3.1961e-03 9.9680e-01 8.4308e-07 0.0000e+00 0.0000e+00 0.0000e+00 0.0000e+00 0.0000e+00 0.0000e+00 0.0000e+00
1.5476e+04 5.5035e-03 9.9450e-01 1.9104e-07 0.0000e+00 0.0000e+00 0.0000e+00 0.0000e+00 0.0000e+00 0.0000e+00 0.0000e+00
1.5924e+04 7.5968e-03 9.9240e-01 6.2572e-08 0.0000e+00 0.0000e+00 0.0000e+00 0.0000e+00 0.0000e+00 0.0000e+00 0.0000e+00
1.6356e+04 9.6055e-03 9.9039e-01 2.3871e-08 0.0000e+00 0.0000e+00 0.0000e+00 0.0000e+00 0.0000e+00 0.0000e+00 0.0000e+00
1.6776e+04 1.1482e-02 9.8852e-01 1.1172e-08 0.0000e+00 0.0000e+00 0.0000e+00 0.0000e+00 0.0000e+00 0.0000e+00 0.0000e+00
1.7184e+04 1.3441e-02 9.8656e-01 5.7147e-09 0.0000e+00 0.0000e+00 0.0000e+00 0.0000e+00 0.0000e+00 0.0000e+00 0.0000e+00
1.7580e+04 1.4914e-02 9.8509e-01 3.2702e-09 0.0000e+00 0.0000e+00 0.0000e+00 0.0000e+00 0.0000e+00 0.0000e+00 0.0000e+00
1.7990e+04 1.6465e-02 9.8354e-01 1.8304e-09 0.0000e+00 0.0000e+00 0.0000e+00 0.0000e+00 0.0000e+00 0.0000e+00 0.0000e+00
1.8458e+04 1.7486e-02 9.8251e-01 1.1328e-09 0.0000e+00 0.0000e+00 0.0000e+00 0.0000e+00 0.0000e+00 0.0000e+00 0.0000e+00
1.9085e+04 1.8737e-02 9.8126e-01 6.2149e-10 0.0000e+00 0.0000e+00 0.0000e+00 0.0000e+00 0.0000e+00 0.0000e+00 0.0000e+00
2.0000e+04 1.3041e-02 9.8696e-01 5.4063e-10 0.0000e+00 0.0000e+00 0.0000e+00 0.0000e+00 0.0000e+00 0.0000e+00 0.0000e+00
2.1194e+04 5.6644e-03 9.9434e-01 8.2993e-10 0.0000e+00 0.0000e+00 0.0000e+00 0.0000e+00 0.0000e+00 0.0000e+00 0.0000e+00
2.2528e+04 3.1804e-03 9.9682e-01 7.9727e-10 0.0000e+00 0.0000e+00 0.0000e+00 0.0000e+00 0.0000e+00 0.0000e+00 0.0000e+00
2.3943e+04 8.9770e-04 9.9910e-01 4.2296e-09 0.0000e+00 0.0000e+00 0.0000e+00 0.0000e+00 0.0000e+00 0.0000e+00 0.0000e+00
2.5446e+04 6.6213e-04 9.9934e-01 3.8621e-09 0.0000e+00 0.0000e+00 0.0000e+00 0.0000e+00 0.0000e+00 0.0000e+00 0.0000e+00
2.7044e+04 1.8333e-04 9.9982e-01 3.3973e-08 0.0000e+00 0.0000e+00 0.0000e+00 0.0000e+00 0.0000e+00 0.0000e+00 0.0000e+00
2.8744e+04 1.6624e-04 9.9983e-01 1.9530e-08 0.0000e+00 0.0000e+00 0.0000e+00 0.0000e+00 0.0000e+00 0.0000e+00 0.0000e+00
3.0520e+04 4.2402e-05 9.9996e-01 1.7283e-07 0.0000e+00 0.0000e+00 0.0000e+00 0.0000e+00 0.0000e+00 0.0000e+00 0.0000e+00
3.2244e+04 4.8249e-05 9.9995e-01 8.5216e-08 0.0000e+00 0.0000e+00 0.0000e+00 0.0000e+00 0.0000e+00 0.0000e+00 0.0000e+00
3.3773e+04 2.6458e-05 9.9997e-01 2.0545e-07 0.0000e+00 0.0000e+00 0.0000e+00 0.0000e+00 0.0000e+00 0.0000e+00 0.0000e+00
3.5108e+04 9.1906e-06 9.9999e-01 1.1282e-06 0.0000e+00 0.0000e+00 0.0000e+00 0.0000e+00 0.0000e+00 0.0000e+00 0.0000e+00
3.6326e+04 2.5026e-04 9.9975e-01 6.5588e-10 0.0000e+00 0.0000e+00 0.0000e+00 0.0000e+00 0.0000e+00 0.0000e+00 0.0000e+00
3.7486e+04 4.8163e-06 9.9999e-01 1.5884e-06 0.0000e+00 0.0000e+00 0.0000e+00 0.0000e+00 0.0000e+00 0.0000e+00 0.0000e+00
3.8628e+04 2.6191e-05 9.9997e-01 3.4134e-08 0.0000e+00 0.0000e+00 0.0000e+00 0.0000e+00 0.0000e+00 0.0000e+00 0.0000e+00
3.9769e+04 4.1397e-05 9.9996e-01 8.7833e-09 0.0000e+00 0.0000e+00 0.0000e+00 0.0000e+00 0.0000e+00 0.0000e+00 0.0000e+00
4.0916e+04 1.4669e-07 9.9783e-01 2.1679e-03 0.0000e+00 0.0000e+00 0.0000e+00 0.0000e+00 0.0000e+00 0.0000e+00 0.0000e+00
4.2074e+04 2.6498e-06 1.0000e+00 1.0477e-06 0.0000e+00 0.0000e+00 0.0000e+00 0.0000e+00 0.0000e+00 0.0000e+00 0.0000e+00
4.3252e+04 5.7931e-06 9.9999e-01 1.5308e-07 0.0000e+00 0.0000e+00 0.0000e+00 0.0000e+00 0.0000e+00 0.0000e+00 0.0000e+00
4.4454e+04 3.8990e-08 9.0009e-01 9.9912e-02 0.0000e+00 0.0000e+00 0.0000e+00 0.0000e+00 0.0000e+00 0.0000e+00 0.0000e+00
4.5683e+04 8.1310e-08 9.9905e-01 9.4573e-04 0.0000e+00 0.0000e+00 0.0000e+00 0.0000e+00 0.0000e+00 0.0000e+00 0.0000e+00
4.6942e+04 2.6680e-05 9.9997e-01 2.1274e-09 0.0000e+00 0.0000e+00 0.0000e+00 0.0000e+00 0.0000e+00 0.0000e+00 0.0000e+00
4.8231e+04 5.6449e-08 9.9907e-01 9.3310e-04 0.0000e+00 0.0000e+00 0.0000e+00 0.0000e+00 0.0000e+00 0.0000e+00 0.0000e+00
4.9550e+04 3.1802e-08 9.8981e-01 1.0189e-02 0.0000e+00 0.0000e+00 0.0000e+00 0.0000e+00 0.0000e+00 0.0000e+00 0.0000e+00
5.0900e+04 1.1120e-07 9.9996e-01 4.0059e-05 0.0000e+00 0.0000e+00 0.0000e+00 0.0000e+00 0.0000e+00 0.0000e+00 0.0000e+00
5.2277e+04 1.5597e-07 9.9999e-01 1.3408e-05 0.0000e+00 0.0000e+00 0.0000e+00 0.0000e+00 0.0000e+00 0.0000e+00 0.0000e+00
5.3682e+04 1.8492e-05 9.9998e-01 6.8729e-10 0.0000e+00 0.0000e+00 0.0000e+00 0.0000e+00 0.0000e+00 0.0000e+00 0.0000e+00
5.5110e+04 2.9316e-08 9.9968e-01 3.2126e-04 0.0000e+00 0.0000e+00 0.0000e+00 0.0000e+00 0.0000e+00 0.0000e+00 0.0000e+00
5.6562e+04 9.0239e-07 1.0000e+00 1.5189e-07 0.0000e+00 0.0000e+00 0.0000e+00 0.0000e+00 0.0000e+00 0.0000e+00 0.0000e+00
5.8030e+04 8.5805e-08 9.9999e-01 1.0175e-05 0.0000e+00 0.0000e+00 0.0000e+00 0.0000e+00 0.0000e+00 0.0000e+00 0.0000e+00
5.9510e+04 5.3241e-08 9.9998e-01 1.8609e-05 0.0000e+00 0.0000e+00 0.0000e+00 0.0000e+00 0.0000e+00 0.0000e+00 0.0000e+00
6.0994e+04 3.9897e-07 1.0000e+00 2.6424e-07 0.0000e+00 0.0000e+00 0.0000e+00 0.0000e+00 0.0000e+00 0.0000e+00 0.0000e+00
6.2466e+04 1.0748e-08 9.9942e-01 5.7799e-04 0.0000e+00 0.0000e+00 0.0000e+00 0.0000e+00 0.0000e+00 0.0000e+00 0.0000e+00
6.3912e+04 1.3755e-09 6.4985e-01 3.5015e-01 0.0000e+00 0.0000e+00 0.0000e+00 0.0000e+00 0.0000e+00 0.0000e+00 0.0000e+00
6.5312e+04 5.7949e-09 9.9649e-01 3.5090e-03 0.0000e+00 0.0000e+00 0.0000e+00 0.0000e+00 0.0000e+00 0.0000e+00 0.0000e+00
6.6639e+04 6.8849e-09 9.9941e-01 5.8638e-04 0.0000e+00 0.0000e+00 0.0000e+00 0.0000e+00 0.0000e+00 0.0000e+00 0.0000e+00
6.7870e+04 3.0266e-08 9.9999e-01 8.8988e-06 0.0000e+00 0.0000e+00 0.0000e+00 0.0000e+00 0.0000e+00 0.0000e+00 0.0000e+00
6.8864e+04 5.2178e-08 1.0000e+00 2.4516e-06 0.0000e+00 0.0000e+00 0.0000e+00 0.0000e+00 0.0000e+00 0.0000e+00 0.0000e+00
6.9460e+04 1.6248e-06 1.0000e+00 2.7172e-09 0.0000e+00 0.0000e+00 0.0000e+00 0.0000e+00 0.0000e+00 0.0000e+00 0.0000e+00
6.9745e+04 1.0179e-05 9.9999e-01 5.8246e-11 0.0000e+00 0.0000e+00 0.0000e+00 0.0000e+00 0.0000e+00 0.0000e+00 0.0000e+00
6.9888e+04 7.2276e-06 9.9999e-01 1.1595e-10 0.0000e+00 0.0000e+00 0.0000e+00 0.0000e+00 0.0000e+00 0.0000e+00 0.0000e+00
6.9960e+04 2.5480e-06 1.0000e+00 9.9213e-10 0.0000e+00 0.0000e+00 0.0000e+00 0.0000e+00 0.0000e+00 0.0000e+00 0.0000e+00
6.9991e+04 2.6014e-06 1.0000e+00 9.4164e-10 0.0000e+00 0.0000e+00 0.0000e+00 0.0000e+00 0.0000e+00 0.0000e+00 0.0000e+00
7.0000e+04 1.2435e-06 1.0000e+00 1.8057e-09 0.0000e+00 0.0000e+00 0.0000e+00 0.0000e+00 0.0000e+00 0.0000e+00 0.0000e+00
#
#TIME: 1.3688
#NVEL: 115
#vel_mid[km/s] ca0 ca1 ca2 ca3 ca4 ca5 ca6 ca7 ca8 ca9
4.2577e+02 3.1319e-42 1.6770e-32 4.2189e-24 1.3521e-16 3.0605e-10 1.9716e-05 2.4219e-02 5.5713e-01 4.1777e-01 8.5864e-04
8.5779e+02 1.2593e-29 8.6451e-22 2.8920e-15 1.2411e-09 3.9541e-05 3.7356e-02 7.0184e-01 2.5760e-01 3.1680e-03 1.1395e-07
8.7843e+02 1.5254e-29 1.0389e-21 3.4141e-15 1.4369e-09 4.4302e-05 4.0062e-02 7.1239e-01 2.4470e-01 2.7957e-03 9.1821e-08
9.1772e+02 1.4790e-29 1.0084e-21 3.3232e-15 1.4030e-09 4.3485e-05 3.9606e-02 7.1069e-01 2.4681e-01 2.8544e-03 9.5175e-08
9.7304e+02 1.3845e-29 9.4702e-22 3.1408e-15 1.3352e-09 4.1854e-05 3.8689e-02 7.0720e-01 2.5110e-01 2.9761e-03 1.0227e-07
1.0350e+03 1.3076e-29 8.9638e-22 2.9885e-15 1.2778e-09 4.0447e-05 3.7883e-02 7.0399e-01 2.5500e-01 3.0901e-03 1.0914e-07
1.1000e+03 9.8985e-30 6.8681e-22 2.3504e-15 1.0339e-09 3.4312e-05 3.4220e-02 6.8806e-01 2.7400e-01 3.6888e-03 1.4832e-07
1.1690e+03 4.6985e-30 3.3654e-22 1.2350e-15 5.8541e-10 2.1997e-05 2.5889e-02 6.4069e-01 3.2758e-01 5.8204e-03 3.2933e-07
1.2425e+03 9.1729e-31 6.9556e-23 2.9535e-16 1.6292e-10 7.9488e-06 1.3333e-02 5.1687e-01 4.5498e-01 1.4802e-02 1.7662e-06
1.3205e+03 6.0540e-32 4.8899e-24 2.5987e-17 1.7857e-11 1.2981e-06 3.8019e-03 3.0208e-01 6.3872e-01 5.5374e-02 2.2180e-05
1.4033e+03 1.8317e-33 1.5854e-25 1.1126e-18 9.8743e-13 1.1324e-07 6.3384e-04 1.1681e-01 6.9192e-01 1.9033e-01 3.1477e-04
1.4915e+03 5.0821e-35 4.7318e-27 4.3854e-20 4.9937e-14 8.6782e-09 8.7868e-05 3.5099e-02 5.3589e-01 4.2635e-01 2.5666e-03
1.5852e+03 1.6033e-36 1.6174e-28 1.9524e-21 2.8212e-15 7.0647e-10 1.1982e-05 9.3903e-03 3.2622e-01 6.5247e-01 1.1912e-02
1.6847e+03 3.8527e-38 4.2673e-30 6.8239e-23 1.2761e-16 4.6200e-11 1.3102e-06 2.0131e-03 1.5871e-01 7.9582e-01 4.3460e-02
1.7904e+03 6.8317e-40 8.4991e-32 1.8456e-24 4.6029e-18 2.4441e-12 1.1668e-07 3.5413e-04 6.3712e-02 8.0519e-01 1.3074e-01
1.9028e+03 9.0061e-42 1.2937e-33 3.9093e-26 1.3417e-19 1.0621e-13 8.5644e-09 5.1380e-05 2.1002e-02 6.6466e-01 3.1429e-01
2.0223e+03 9.6690e-44 1.5962e-35 6.7073e-28 3.1891e-21 3.7509e-15 5.0385e-10 5.9000e-06 5.4091e-03 4.2355e-01 5.7104e-01
2.1493e+03 1.4013e-45 1.6590e-37 9.6796e-30 6.4149e-23 1.1187e-16 2.4637e-11 5.5301e-07 1.1142e-03 2.1145e-01 7.8743e-01
2.2843e+03 0.0000e+00 2.3040e-39 1.8060e-31 1.6245e-24 4.0557e-18 1.3875e-12 5.5850e-08 2.2904e-04 9.7007e-02 9.0276e-01
2.4277e+03 0.0000e+00 6.9314e-41 6.9298e-33 8.0512e-26 2.7055e-19 1.3192e-13 8.4696e-09 6.1301e-05 4.9360e-02 9.5058e-01
2.5802e+03 0.0000e+00 6.3591e-42 7.5673e-34 1.0569e-26 4.3827e-20 2.7256e-14 2.3944e-09 2.5297e-05 3.1197e-02 9.6878e-01
2.7422e+03 0.0000e+00 2.6176e-42 3.3804e-34 5.1373e-27 2.3324e-20 1.5998e-14 1.5756e-09 1.8947e-05 2.6900e-02 9.7308e-01
2.9144e+03 0.0000e+00 6.5539e-42 8.2110e-34 1.2020e-26 5.1647e-20 3.2810e-14 2.8552e-09 2.9042e-05 3.3758e-02 9.6621e-01
3.0973e+03 0.0000e+00 1.4797e-40 1.5767e-32 1.9322e-25 6.6266e-19 3.1516e-13 1.8038e-08 1.0733e-04 6.6926e-02 9.3297e-01
3.2918e+03 0.0000e+00 4.8511e-38 3.8284e-30 3.4216e-23 7.7913e-17 2.1269e-11 5.4444e-07 1.1630e-03 2.2206e-01 7.7678e-01
3.4986e+03 6.5020e-43 1.6198e-34 7.5929e-27 4.0660e-20 4.7947e-14 5.3531e-09 4.0485e-05 1.9203e-02 6.6545e-01 3.1530e-01
3.7182e+03 4.9115e-39 8.7531e-31 2.0308e-23 5.5782e-17 2.7969e-11 1.0150e-06 1.8283e-03 1.5599e-01 8.0142e-01 4.0757e-02
3.9517e+03 3.7753e-35 5.1981e-27 6.0208e-20 8.7759e-14 1.7066e-08 1.6734e-04 5.5835e-02 6.1825e-01 3.2468e-01 1.0703e-03
4.1999e+03 7.9021e-31 1.1298e-22 6.9977e-16 5.3923e-10 2.6095e-05 3.2651e-02 7.0579e-01 2.5864e-01 2.8955e-03 7.6088e-08
4.4636e+03 1.0224e-27 1.3268e-19 5.3486e-13 1.8686e-07 2.1306e-03 3.6738e-01 6.2050e-01 9.9875e-03 3.3649e-06 1.0268e-12
4.7438e+03 2.1567e-26 2.5416e-18 8.6198e-12 1.8798e-06 1.0217e-02 6.6309e-01 3.2552e-01 1.1717e-03 7.4038e-08 2.6723e-15
5.0416e+03 4.3908e-26 5.1359e-18 1.7041e-11 3.2863e-06 1.4662e-02 7.2982e-01 2.5491e-01 6.0500e-04 2.3940e-08 4.7209e-16
5.3582e+03 3.4628e-26 4.2633e-18 1.4880e-11 3.0038e-06 1.3979e-02 7.2354e-01 2.6184e-01 6.4158e-04 2.6147e-08 5.2759e-16
5.6947e+03 3.1402e-26 4.0681e-18 1.4893e-11 3.0699e-06 1.4318e-02 7.2988e-01 2.5521e-01 5.9257e-04 2.2583e-08 4.1144e-16
6.0522e+03 4.8547e-26 6.3816e-18 2.3505e-11 4.4797e-06 1.8250e-02 7.7084e-01 2.1054e-01 3.5985e-04 9.6923e-09 1.1204e-16
6.4323e+03 1.4130e-25 1.8395e-17 6.6299e-11 1.0283e-05 3.0424e-02 8.3741e-01 1.3204e-01 1.1530e-04 1.4585e-09 6.3309e-18
6.8362e+03 7.0107e-25 8.8466e-17 3.0719e-10 3.4126e-05 6.1482e-02 8.7842e-01 6.0041e-02 1.8971e-05 7.6514e-11 7.5673e-20
7.2654e+03 4.8108e-24 5.7056e-16 1.8759e-09 1.3533e-04 1.3194e-01 8.4689e-01 2.1037e-02 1.9556e-06 1.9956e-12 3.3470e-22
7.7216e+03 4.8462e-23 5.2500e-15 1.6162e-08 6.6394e-04 2.9713e-01 6.9733e-01 4.8735e-03 9.8392e-08 1.8040e-14 3.2992e-25
8.2065e+03 1.0334e-21 9.6506e-14 2.7071e-07 4.6870e-03 6.5250e-01 3.4244e-01 3.6429e-04 7.6919e-10 1.1095e-17 7.6156e-30
8.7177e+03 1.1958e-19 8.2982e-12 1.9628e-05 6.2298e-02 9.1061e-01 2.7075e-02 7.8563e-07 2.2526e-14 2.5165e-24 3.2500e-39
9.2147e+03 9.1322e-17 3.5344e-09 5.6056e-03 7.9624e-01 1.9812e-01 3.4613e-05 1.6262e-12 2.3099e-23 4.4958e-37 0.0000e+00
9.6291e+03 1.4880e-14 3.0825e-07 2.8077e-01 7.1833e-01 9.0255e-04 2.0207e-10 2.2105e-21 1.6380e-36 0.0000e+00 0.0000e+00
9.9539e+03 1.4800e-13 1.9797e-06 9.7177e-01 2.8224e-02 9.1854e-08 1.1102e-17 8.8424e-33 0.0000e+00 0.0000e+00 0.0000e+00
1.0246e+04 5.2345e-13 4.8320e-06 9.9984e-01 1.5284e-04 4.6058e-13 8.2929e-27 0.0000e+00 0.0000e+00 0.0000e+00 0.0000e+00
1.0542e+04 2.3380e-12 1.5837e-05 9.9998e-01 1.9533e-07 8.1485e-20 1.9906e-38 0.0000e+00 0.0000e+00 0.0000e+00 0.0000e+00
1.0840e+04 2.8704e-11 9.8620e-05 9.9990e-01 5.7141e-11 5.2268e-28 0.0000e+00 0.0000e+00 0.0000e+00 0.0000e+00 0.0000e+00
1.1119e+04 5.1608e-10 7.8476e-04 9.9922e-01 7.7762e-15 5.7784e-37 0.0000e+00 0.0000e+00 0.0000e+00 0.0000e+00 0.0000e+00
1.1356e+04 8.5495e-09 5.5170e-03 9.9448e-01 2.2770e-18 4.2039e-45 0.0000e+00 0.0000e+00 0.0000e+00 0.0000e+00 0.0000e+00
1.1540e+04 1.2924e-07 3.4932e-02 9.6507e-01 8.9368e-22 0.0000e+00 0.0000e+00 0.0000e+00 0.0000e+00 0.0000e+00 0.0000e+00
1.1677e+04 9.4219e-07 1.4282e-01 8.5718e-01 4.9282e-25 0.0000e+00 0.0000e+00 0.0000e+00 0.0000e+00 0.0000e+00 0.0000e+00
1.1784e+04 3.9546e-06 3.7982e-01 6.2017e-01 4.3626e-28 0.0000e+00 0.0000e+00 0.0000e+00 0.0000e+00 0.0000e+00 0.0000e+00
1.1876e+04 1.1167e-05 6.6070e-01 3.3929e-01 9.2815e-31 0.0000e+00 0.0000e+00 0.0000e+00 0.0000e+00 0.0000e+00 0.0000e+00
1.1964e+04 2.2682e-05 8.4986e-01 1.5012e-01 2.4791e-33 0.0000e+00 0.0000e+00 0.0000e+00 0.0000e+00 0.0000e+00 0.0000e+00
1.2056e+04 2.8945e-05 9.1454e-01 8.5436e-02 3.3036e-35 0.0000e+00 0.0000e+00 0.0000e+00 0.0000e+00 0.0000e+00 0.0000e+00
1.2170e+04 3.7404e-05 9.5435e-01 4.5611e-02 4.2005e-37 0.0000e+00 0.0000e+00 0.0000e+00 0.0000e+00 0.0000e+00 0.0000e+00
1.2360e+04 5.6263e-05 9.8279e-01 1.7158e-02 8.3048e-40 0.0000e+00 0.0000e+00 0.0000e+00 0.0000e+00 0.0000e+00 0.0000e+00
1.2670e+04 1.0678e-04 9.9631e-01 3.5824e-03 5.6052e-44 0.0000e+00 0.0000e+00 0.0000e+00 0.0000e+00 0.0000e+00 0.0000e+00
1.3075e+04 2.4028e-04 9.9924e-01 5.2220e-04 0.0000e+00 0.0000e+00 0.0000e+00 0.0000e+00 0.0000e+00 0.0000e+00 0.0000e+00
1.3530e+04 5.8266e-04 9.9935e-01 6.3620e-05 0.0000e+00 0.0000e+00 0.0000e+00 0.0000e+00 0.0000e+00 0.0000e+00 0.0000e+00
1.4013e+04 1.7834e-03 9.9821e-01 4.6852e-06 0.0000e+00 0.0000e+00 0.0000e+00 0.0000e+00 0.0000e+00 0.0000e+00 0.0000e+00
1.4509e+04 3.3169e-03 9.9668e-01 9.3192e-07 0.0000e+00 0.0000e+00 0.0000e+00 0.0000e+00 0.0000e+00 0.0000e+00 0.0000e+00
1.5002e+04 5.8413e-03 9.9416e-01 1.9579e-07 0.0000e+00 0.0000e+00 0.0000e+00 0.0000e+00 0.0000e+00 0.0000e+00 0.0000e+00
1.5476e+04 9.4880e-03 9.9051e-01 4.5606e-08 0.0000e+00 0.0000e+00 0.0000e+00 0.0000e+00 0.0000e+00 0.0000e+00 0.0000e+00
1.5924e+04 1.2736e-02 9.8726e-01 1.5209e-08 0.0000e+00 0.0000e+00 0.0000e+00 0.0000e+00 0.0000e+00 0.0000e+00 0.0000e+00
1.6356e+04 1.5334e-02 9.8467e-01 6.5211e-09 0.0000e+00 0.0000e+00 0.0000e+00 0.0000e+00 0.0000e+00 0.0000e+00 0.0000e+00
1.6776e+04 1.7513e-02 9.8249e-01 3.4941e-09 0.0000e+00 0.0000e+00 0.0000e+00 0.0000e+00 0.0000e+00 0.0000e+00 0.0000e+00
1.7184e+04 2.0497e-02 9.7950e-01 1.8547e-09 0.0000e+00 0.0000e+00 0.0000e+00 0.0000e+00 0.0000e+00 0.0000e+00 0.0000e+00
1.7580e+04 2.2732e-02 9.7727e-01 1.1150e-09 0.0000e+00 0.0000e+00 0.0000e+00 0.0000e+00 0.0000e+00 0.0000e+00 0.0000e+00
1.7990e+04 2.3855e-02 9.7614e-01 7.3643e-10 0.0000e+00 0.0000e+00 0.0000e+00 0.0000e+00 0.0000e+00 0.0000e+00 0.0000e+00
1.8458e+04 2.2585e-02 9.7741e-01 6.0691e-10 0.0000e+00 0.0000e+00 0.0000e+00 0.0000e+00 0.0000e+00 0.0000e+00 0.0000e+00
1.9085e+04 2.4232e-02 9.7577e-01 3.3887e-10 0.0000e+00 0.0000e+00 0.0000e+00 0.0000e+00 0.0000e+00 0.0000e+00 0.0000e+00
2.0000e+04 1.9763e-02 9.8024e-01 2.1426e-10 0.0000e+00 0.0000e+00 0.0000e+00 0.0000e+00 0.0000e+00 0.0000e+00 0.0000e+00
2.1194e+04 1.1061e-02 9.8894e-01 1.9398e-10 0.0000e+00 0.0000e+00 0.0000e+00 0.0000e+00 0.0000e+00 0.0000e+00 0.0000e+00
2.2528e+04 4.4405e-03 9.9556e-01 3.6576e-10 0.0000e+00 0.0000e+00 0.0000e+00 0.0000e+00 0.0000e+00 0.0000e+00 0.0000e+00
2.3943e+04 2.2801e-03 9.9772e-01 4.6601e-10 0.0000e+00 0.0000e+00 0.0000e+00 0.0000e+00 0.0000e+00 0.0000e+00 0.0000e+00
2.5446e+04 1.4914e-03 9.9851e-01 5.2139e-10 0.0000e+00 0.0000e+00 0.0000e+00 0.0000e+00 0.0000e+00 0.0000e+00 0.0000e+00
2.7044e+04 6.7191e-04 9.9933e-01 1.6990e-09 0.0000e+00 0.0000e+00 0.0000e+00 0.0000e+00 0.0000e+00 0.0000e+00 0.0000e+00
2.8744e+04 5.0997e-04 9.9949e-01 1.4589e-09 0.0000e+00 0.0000e+00 0.0000e+00 0.0000e+00 0.0000e+00 0.0000e+00 0.0000e+00
3.0520e+04 3.0128e-04 9.9970e-01 2.4423e-09 0.0000e+00 0.0000e+00 0.0000e+00 0.0000e+00 0.0000e+00 0.0000e+00 0.0000e+00
3.2244e+04 2.8738e-04 9.9971e-01 1.7096e-09 0.0000e+00 0.0000e+00 0.0000e+00 0.0000e+00 0.0000e+00 0.0000e+00 0.0000e+00
3.3773e+04 1.5186e-04 9.9985e-01 4.9652e-09 0.0000e+00 0.0000e+00 0.0000e+00 0.0000e+00 0.0000e+00 0.0000e+00 0.0000e+00
3.5108e+04 6.2474e-05 9.9994e-01 2.1349e-08 0.0000e+00 0.0000e+00 0.0000e+00 0.0000e+00 0.0000e+00 0.0000e+00 0.0000e+00
3.6326e+04 4.6643e-07 9.9957e-01 4.2832e-04 0.0000e+00 0.0000e+00 0.0000e+00 0.0000e+00 0.0000e+00 0.0000e+00 0.0000e+00
3.7486e+04 6.1188e-05 9.9994e-01 8.5178e-09 0.0000e+00 0.0000e+00 0.0000e+00 0.0000e+00 0.0000e+00 0.0000e+00 0.0000e+00
