#NTIMES: 50
#NSTAGES 4
#TIMES[d]: 199.16 202.03 204.93 207.87 210.86 213.89 216.97 220.09 223.25 226.46 229.71 233.01 236.36 239.76 243.21 246.70 250.25 253.85 257.50 261.20 264.95 268.76 272.62 276.54 280.51 284.55 288.64 292.79 296.99 301.26 305.59 309.99 314.44 318.96 323.55 328.19 332.91 337.70 342.55 347.48 352.47 357.54 362.68 367.89 373.18 378.54 383.98 389.50 395.10 400.78
#
#TIME: 199.16
#NVEL 115
#vel_mid[km/s] ar0 ar1 ar2 ar3
425.78 2.2462e-02 6.5333e-01 2.9945e-01 2.4754e-02
857.79 7.0102e-02 6.4004e-01 2.6804e-01 2.1816e-02
878.44 5.4957e-02 6.5924e-01 2.6458e-01 2.1219e-02
917.72 5.7427e-02 6.5601e-01 2.6482e-01 2.1744e-02
973.04 1.1982e-02 6.7465e-01 2.9072e-01 2.2640e-02
1034.98 7.3830e-02 6.3134e-01 2.7240e-01 2.2429e-02
1099.97 4.6951e-02 6.6112e-01 2.6966e-01 2.2268e-02
1169.04 3.9817e-02 6.5899e-01 2.7851e-01 2.2687e-02
1242.44 2.8089e-02 6.7668e-01 2.7295e-01 2.2277e-02
1320.45 3.7867e-02 6.7912e-01 2.6231e-01 2.0703e-02
1403.37 5.2616e-02 6.6132e-01 2.6521e-01 2.0856e-02
1491.49 5.1834e-02 6.7142e-01 2.5713e-01 1.9623e-02
1585.14 5.4639e-02 6.6776e-01 2.5820e-01 1.9410e-02
1684.67 5.0625e-02 6.7665e-01 2.5377e-01 1.8957e-02
1790.45 4.8691e-02 6.7112e-01 2.6039e-01 1.9800e-02
1902.87 5.7949e-02 6.6087e-01 2.6106e-01 2.0122e-02
2022.36 2.0514e-02 6.4907e-01 3.0548e-01 2.4933e-02
2149.34 2.8076e-02 6.7153e-01 2.7772e-01 2.2672e-02
2284.30 2.2146e-02 6.5799e-01 2.9458e-01 2.5280e-02
2427.74 1.8220e-02 6.4063e-01 3.1293e-01 2.8227e-02
2580.18 1.8034e-02 6.2019e-01 3.3044e-01 3.1332e-02
2742.19 1.5178e-02 5.9347e-01 3.5654e-01 3.4807e-02
2914.37 1.4557e-02 5.6777e-01 3.7974e-01 3.7940e-02
3097.37 1.2102e-02 5.2485e-01 4.2138e-01 4.1676e-02
3291.85 9.4930e-03 4.6294e-01 4.8038e-01 4.7191e-02
3498.55 7.8663e-03 4.2740e-01 5.1851e-01 4.6224e-02
3718.23 1.4785e-02 4.8157e-01 4.7062e-01 3.3030e-02
3951.70 2.1472e-02 5.0981e-01 4.4082e-01 2.7897e-02
4199.83 1.2502e-02 4.4520e-01 5.0279e-01 3.9506e-02
4463.54 1.1851e-02 4.5411e-01 4.8924e-01 4.4794e-02
4743.81 1.5913e-02 4.9781e-01 4.4334e-01 4.2941e-02
5041.68 1.9082e-02 5.5991e-01 3.8434e-01 3.6669e-02
5358.25 2.4297e-02 5.9459e-01 3.4807e-01 3.3043e-02
5694.70 2.2567e-02 6.0463e-01 3.4041e-01 3.2389e-02
6052.28 2.5038e-02 6.1692e-01 3.2739e-01 3.0646e-02
6432.31 2.5036e-02 6.2728e-01 3.1831e-01 2.9376e-02
6836.20 2.5145e-02 6.2535e-01 3.1950e-01 3.0008e-02
7265.45 2.8176e-02 6.3032e-01 3.1241e-01 2.9085e-02
7721.65 3.1635e-02 6.3385e-01 3.0663e-01 2.7886e-02
8206.56 3.2317e-02 6.3585e-01 3.0450e-01 2.7331e-02
8717.73 3.6770e-02 6.3737e-01 3.0087e-01 2.4986e-02
9214.74 3.6898e-02 6.1894e-01 3.1925e-01 2.4913e-02
9629.11 3.5291e-02 5.9704e-01 3.4251e-01 2.5165e-02
9954.11 3.8193e-02 5.8536e-01 3.5269e-01 2.3757e-02
10245.64 2.5032e-02 5.1320e-01 4.3298e-01 2.8790e-02
10541.49 1.9852e-02 4.6192e-01 4.8654e-01 3.1691e-02
10839.94 2.3231e-02 4.6667e-01 4.8476e-01 2.5333e-02
11119.11 2.6331e-02 4.8951e-01 4.6299e-01 2.1167e-02
11355.83 4.4987e-02 5.6910e-01 3.7221e-01 1.3704e-02
11539.81 6.6679e-02 6.2462e-01 2.9957e-01 9.1364e-03
11677.16 1.0006e-01 6.4210e-01 2.5121e-01 6.6391e-03
11784.05 1.1448e-01 6.5989e-01 2.2050e-01 5.1295e-03
11875.85 1.3575e-01 6.6292e-01 1.9675e-01 4.5781e-03
11963.37 9.8789e-02 6.6782e-01 2.2787e-01 5.5150e-03
12055.39 8.5217e-02 6.2390e-01 2.8310e-01 7.7796e-03
12170.41 4.2287e-02 5.4343e-01 4.0123e-01 1.3046e-02
12360.89 2.5062e-02 4.8948e-01 4.7055e-01 1.4909e-02
12670.46 8.5562e-03 3.0986e-01 6.5817e-01 2.3412e-02
13075.34 3.4340e-03 2.0608e-01 7.5798e-01 3.2509e-02
13530.52 2.7273e-03 1.8374e-01 7.7286e-01 4.0668e-02
14012.75 6.6599e-04 1.1262e-01 8.3816e-01 4.8561e-02
14508.81 6.6015e-04 1.2797e-01 8.1346e-01 5.7912e-02
15002.30 8.8540e-04 1.1505e-01 8.1855e-01 6.5513e-02
15475.29 1.5515e-03 1.6672e-01 7.7009e-01 6.1634e-02
15923.68 2.3665e-03 2.6036e-01 6.7865e-01 5.8626e-02
16355.64 1.8942e-03 2.8248e-01 6.5515e-01 6.0476e-02
16776.27 1.8104e-03 3.5457e-01 5.9062e-01 5.2998e-02
17183.14 4.6259e-03 3.6244e-01 5.8184e-01 5.1101e-02
17580.45 2.4264e-03 3.6858e-01 5.8332e-01 4.5671e-02
17990.34 1.7447e-03 4.1708e-01 5.3223e-01 4.8945e-02
18458.06 2.8638e-03 4.4372e-01 5.0452e-01 4.8891e-02
19084.69 1.3059e-03 3.4443e-01 5.8902e-01 6.5239e-02
19999.79 8.5297e-04 3.0726e-01 5.9623e-01 9.5657e-02
21193.46 6.4311e-04 2.8848e-01 5.4886e-01 1.6202e-01
22528.72 2.0021e-04 1.4470e-01 5.8380e-01 2.7131e-01
23943.32 1.1091e-04 1.0575e-01 5.6235e-01 3.3179e-01
25446.74 3.0023e-05 1.9318e-02 5.3359e-01 4.4707e-01
27044.57 1.0053e-06 4.1713e-03 4.8174e-01 5.1409e-01
28744.18 2.1887e-06 2.1019e-02 2.9358e-01 6.8540e-01
30520.16 5.3762e-07 9.3994e-03 2.1606e-01 7.7454e-01
32243.50 2.2998e-07 5.6814e-03 1.7540e-01 8.1892e-01
33773.01 2.2917e-07 3.8829e-03 1.4826e-01 8.4785e-01
35108.48 3.6763e-07 2.1908e-03 1.1443e-01 8.8338e-01
36326.30 1.4935e-08 1.0970e-03 8.3014e-02 9.1589e-01
37486.70 1.6966e-08 5.4042e-04 5.9000e-02 9.4046e-01
38628.25 1.0974e-09 2.2885e-05 4.4137e-02 9.5584e-01
39768.62 5.2886e-11 4.1374e-06 3.1606e-02 9.6839e-01
40915.31 1.9998e-11 2.1526e-06 2.2795e-02 9.7720e-01
42074.51 5.7643e-11 3.1523e-06 1.6578e-02 9.8342e-01
43252.44 1.9929e-10 2.4265e-05 1.2143e-02 9.8783e-01
44454.05 1.1964e-10 1.2859e-05 8.7504e-03 9.9124e-01
45683.04 7.0177e-11 6.7905e-06 6.3024e-03 9.9369e-01
46941.68 5.8267e-11 3.5771e-06 4.5319e-03 9.9546e-01
48230.81 5.4920e-11 1.8794e-06 3.2581e-03 9.9674e-01
49550.29 3.3342e-11 9.8555e-07 2.3466e-03 9.9765e-01
50899.37 1.1414e-11 5.2436e-07 1.6920e-03 9.9831e-01
52276.86 3.7518e-12 2.7917e-07 1.2242e-03 9.9878e-01
53681.16 2.4850e-14 1.4935e-07 8.8381e-04 9.9912e-01
55110.21 8.9531e-15 8.0344e-08 6.4349e-04 9.9936e-01
56561.17 1.7529e-14 4.3673e-08 4.7271e-04 9.9953e-01
58030.00 1.1635e-13 2.3880e-08 3.4751e-04 9.9965e-01
59510.42 5.4257e-14 1.3234e-08 2.5697e-04 9.9974e-01
60993.45 2.5891e-14 7.4190e-09 1.9171e-04 9.9981e-01
62466.44 1.1541e-14 4.2459e-09 1.4431e-04 9.9986e-01
63912.69 5.2612e-15 2.4881e-09 1.1001e-04 9.9989e-01
65311.62 2.4080e-15 1.4336e-09 8.5106e-05 9.9991e-01
66639.26 1.2661e-15 9.3624e-10 6.7191e-05 9.9993e-01
67870.77 8.5826e-16 5.9320e-10 5.4178e-05 9.9995e-01
68864.47 3.7330e-16 4.0376e-10 4.4555e-05 9.9996e-01
69459.55 2.9617e-16 3.4465e-10 4.1105e-05 9.9996e-01
69744.99 2.6949e-16 3.1811e-10 3.9464e-05 9.9996e-01
69888.26 2.5048e-16 3.0748e-10 3.8671e-05 9.9996e-01
69959.62 2.4486e-16 3.0277e-10 3.8282e-05 9.9996e-01
69991.15 2.4156e-16 2.9976e-10 3.8090e-05 9.9996e-01
69999.53 2.3979e-16 2.9984e-10 3.8101e-05 9.9996e-01
#TIME: 202.03
#NVEL 115
#vel_mid[km/s] ar0 ar1 ar2 ar3
425.78 6.7378e-02 6.4713e-01 2.6408e-01 2.1413e-02
857.79 5.7624e-02 6.5534e-01 2.6657e-01 2.0466e-02
878.44 3.7394e-02 6.5010e-01 2.8986e-01 2.2646e-02
917.72 1.8897e-02 6.4252e-01 3.1279e-01 2.5798e-02
973.04 5.7487e-02 6.4562e-01 2.7467e-01 2.2222e-02
1034.98 1.6248e-02 6.7797e-01 2.8223e-01 2.3550e-02
1099.97 4.2081e-02 6.7158e-01 2.6462e-01 2.1721e-02
1169.04 1.9601e-02 6.4737e-01 3.0739e-01 2.5635e-02
1242.44 9.3880e-03 6.6047e-01 3.0504e-01 2.5103e-02
1320.45 2.2214e-02 6.6699e-01 2.8792e-01 2.2877e-02
1403.37 5.2758e-02 6.6879e-01 2.5821e-01 2.0237e-02
1491.49 6.4822e-02 6.6667e-01 2.4966e-01 1.8847e-02
1585.14 5.6204e-02 6.7377e-01 2.5126e-01 1.8768e-02
1684.67 3.9859e-02 6.8522e-01 2.5579e-01 1.9139e-02
1790.45 4.4797e-02 6.7984e-01 2.5609e-01 1.9274e-02
1902.87 5.0963e-02 6.6421e-01 2.6405e-01 2.0781e-02
2022.36 6.5625e-02 6.4673e-01 2.6623e-01 2.1417e-02
2149.34 2.3461e-02 6.7513e-01 2.7866e-01 2.2744e-02
2284.30 2.3009e-02 6.5577e-01 2.9589e-01 2.5331e-02
2427.74 1.9666e-02 6.4409e-01 3.0856e-01 2.7685e-02
2580.18 1.5386e-02 6.2064e-01 3.3254e-01 3.1430e-02
2742.19 1.5199e-02 5.9937e-01 3.5099e-01 3.4435e-02
2914.37 1.4342e-02 5.6331e-01 3.8393e-01 3.8417e-02
3097.37 1.2066e-02 5.2373e-01 4.2236e-01 4.1845e-02
3291.85 8.7313e-03 4.5959e-01 4.8429e-01 4.7389e-02
3498.55 8.2439e-03 4.2337e-01 5.2182e-01 4.6560e-02
3718.23 1.4235e-02 4.7659e-01 4.7576e-01 3.3413e-02
3951.70 2.1914e-02 5.1484e-01 4.3553e-01 2.7718e-02
4199.83 1.1699e-02 4.3409e-01 5.1375e-01 4.0461e-02
4463.54 1.1473e-02 4.4710e-01 4.9611e-01 4.5318e-02
4743.81 1.5076e-02 4.9823e-01 4.4386e-01 4.2833e-02
5041.68 2.0058e-02 5.5928e-01 3.8352e-01 3.7135e-02
5358.25 2.5809e-02 5.9340e-01 3.4753e-01 3.3267e-02
5694.70 2.3535e-02 6.0401e-01 3.4009e-01 3.2364e-02
6052.28 2.6749e-02 6.1953e-01 3.2336e-01 3.0368e-02
6432.31 2.5846e-02 6.2484e-01 3.1964e-01 2.9672e-02
6836.20 2.7270e-02 6.2587e-01 3.1705e-01 2.9818e-02
7265.45 3.0713e-02 6.3698e-01 3.0492e-01 2.7381e-02
7721.65 3.2658e-02 6.4253e-01 2.9856e-01 2.6257e-02
8206.56 3.5356e-02 6.4442e-01 2.9486e-01 2.5368e-02
8717.73 3.9274e-02 6.2968e-01 3.0531e-01 2.5734e-02
9214.74 3.8994e-02 6.3116e-01 3.0602e-01 2.3831e-02
9629.11 3.7050e-02 6.0989e-01 3.2993e-01 2.3130e-02
9954.11 3.7889e-02 5.9854e-01 3.3982e-01 2.3742e-02
10245.64 2.6441e-02 5.3588e-01 4.1014e-01 2.7539e-02
10541.49 1.9536e-02 4.6026e-01 4.8987e-01 3.0334e-02
10839.94 2.2604e-02 4.6892e-01 4.8279e-01 2.5686e-02
11119.11 2.6990e-02 5.0321e-01 4.4971e-01 2.0096e-02
11355.83 4.5872e-02 5.7806e-01 3.6267e-01 1.3401e-02
11539.81 6.5861e-02 6.1691e-01 3.0854e-01 8.6961e-03
11677.16 1.0153e-01 6.4815e-01 2.4431e-01 6.0126e-03
11784.05 1.1892e-01 6.6696e-01 2.0934e-01 4.7803e-03
11875.85 1.2466e-01 6.5812e-01 2.1203e-01 5.1926e-03
11963.37 9.7133e-02 6.4488e-01 2.5157e-01 6.4236e-03
12055.39 8.0024e-02 6.1268e-01 2.9933e-01 7.9677e-03
12170.41 3.8461e-02 5.2690e-01 4.2176e-01 1.2877e-02
12360.89 2.2339e-02 4.3949e-01 5.2214e-01 1.6023e-02
12670.46 9.0844e-03 3.0387e-01 6.6302e-01 2.4030e-02
13075.34 4.6912e-03 2.4002e-01 7.2376e-01 3.1528e-02
13530.52 1.7824e-03 1.6008e-01 7.9896e-01 3.9178e-02
14012.75 9.4512e-04 1.6193e-01 7.8974e-01 4.7384e-02
14508.81 5.9457e-04 1.1746e-01 8.2726e-01 5.4683e-02
15002.30 1.4778e-03 1.9920e-01 7.4189e-01 5.7434e-02
15475.29 1.6657e-03 2.0409e-01 7.3625e-01 5.7995e-02
15923.68 3.1040e-03 2.9592e-01 6.4567e-01 5.5315e-02
16355.64 2.4041e-03 2.7443e-01 6.6252e-01 6.0649e-02
16776.27 1.2605e-03 2.6191e-01 6.7928e-01 5.7552e-02
17183.14 2.7989e-03 3.4419e-01 6.0378e-01 4.9232e-02
17580.45 3.1101e-03 4.2328e-01 5.3187e-01 4.1734e-02
17990.34 1.5223e-03 3.8000e-01 5.6709e-01 5.1389e-02
18458.06 1.5443e-03 3.9628e-01 5.4889e-01 5.3279e-02
19084.69 1.3131e-03 3.6280e-01 5.7196e-01 6.3932e-02
19999.79 4.1881e-04 1.8722e-01 7.0301e-01 1.0935e-01
21193.46 4.9483e-03 1.9522e-01 6.3391e-01 1.6592e-01
22528.72 3.3899e-03 2.2041e-01 5.3471e-01 2.4149e-01
23943.32 4.7553e-04 5.4163e-02 5.6946e-01 3.7590e-01
25446.74 9.0451e-06 1.4883e-02 5.3826e-01 4.4684e-01
27044.57 5.1765e-07 3.2158e-03 4.5725e-01 5.3954e-01
28744.18 1.0075e-06 2.8695e-03 3.4811e-01 6.4902e-01
30520.16 4.1113e-07 5.5211e-03 2.4024e-01 7.5423e-01
32243.50 2.8022e-07 5.8468e-03 1.7655e-01 8.1760e-01
33773.01 2.5245e-07 3.9307e-03 1.4858e-01 8.4748e-01
35108.48 7.1169e-08 2.2195e-03 1.1475e-01 8.8303e-01
36326.30 1.2718e-08 1.1174e-03 8.3245e-02 9.1564e-01
37486.70 3.4915e-09 5.5101e-04 5.9071e-02 9.4038e-01
38628.25 1.3669e-08 2.8476e-04 4.2476e-02 9.5724e-01
39768.62 4.2172e-09 1.5091e-04 3.0821e-02 9.6903e-01
40915.31 1.5344e-09 8.8005e-05 2.3369e-02 9.7654e-01
42074.51 1.7274e-11 1.6892e-06 1.6598e-02 9.8340e-01
43252.44 2.9151e-12 5.7124e-07 1.1718e-02 9.8828e-01
44454.05 1.1601e-12 3.0040e-07 8.3918e-03 9.9161e-01
45683.04 7.8989e-11 6.9456e-06 6.3302e-03 9.9366e-01
46941.68 3.4185e-11 3.6656e-06 4.5557e-03 9.9544e-01
48230.81 2.1107e-11 1.9342e-06 3.2799e-03 9.9672e-01
49550.29 1.3434e-11 1.0210e-06 2.3639e-03 9.9764e-01
50899.37 1.1102e-11 5.3911e-07 1.7057e-03 9.9829e-01
52276.86 5.5525e-12 2.8537e-07 1.2341e-03 9.9877e-01
53681.16 2.0294e-12 1.5310e-07 8.9522e-04 9.9910e-01
55110.21 7.7860e-13 8.2617e-08 6.5248e-04 9.9935e-01
56561.17 4.7936e-15 4.4727e-08 4.7576e-04 9.9952e-01
58030.00 1.6261e-15 2.4269e-08 3.4741e-04 9.9965e-01
59510.42 2.2287e-15 1.3590e-08 2.5968e-04 9.9974e-01
60993.45 2.5569e-14 7.6308e-09 1.9363e-04 9.9981e-01
62466.44 1.1686e-14 4.3663e-09 1.4575e-04 9.9985e-01
63912.69 5.5193e-15 2.5587e-09 1.1115e-04 9.9989e-01
65311.62 1.8068e-15 1.4931e-09 8.6002e-05 9.9991e-01
66639.26 1.3419e-15 9.7064e-10 6.7848e-05 9.9993e-01
67870.77 6.9585e-16 6.1418e-10 5.4679e-05 9.9995e-01
68864.47 4.1038e-16 4.3454e-10 4.4982e-05 9.9996e-01
69459.55 3.2507e-16 3.7100e-10 4.1500e-05 9.9996e-01
69744.99 2.8535e-16 3.3003e-10 3.9859e-05 9.9996e-01
69888.26 2.6222e-16 3.1650e-10 3.9055e-05 9.9996e-01
69959.62 2.5559e-16 3.1052e-10 3.8649e-05 9.9996e-01
69991.15 2.5180e-16 3.0733e-10 3.8439e-05 9.9996e-01
69999.53 2.5269e-16 3.0752e-10 3.8462e-05 9.9996e-01
#TIME: 204.93
#NVEL 115
#vel_mid[km/s] ar0 ar1 ar2 ar3
425.78 2.7538e-02 6.7414e-01 2.7564e-01 2.2688e-02
857.79 7.0477e-02 6.5185e-01 2.5702e-01 2.0645e-02
878.44 8.4424e-02 6.1843e-01 2.7457e-01 2.2582e-02
917.72 6.2120e-02 6.4928e-01 2.6717e-01 2.1426e-02
973.04 4.7717e-02 6.5607e-01 2.7356e-01 2.2649e-02
1034.98 2.8027e-02 6.6927e-01 2.7949e-01 2.3215e-02
1099.97 2.2449e-02 6.2582e-01 3.2424e-01 2.7489e-02
1169.04 6.1345e-02 6.4358e-01 2.7264e-01 2.2427e-02
1242.44 6.3742e-02 6.4874e-01 2.6544e-01 2.2075e-02
1320.45 5.4059e-02 6.5331e-01 2.7100e-01 2.1630e-02
1403.37 3.8067e-02 6.8069e-01 2.6106e-01 2.0186e-02
1491.49 5.0098e-02 6.8111e-01 2.5022e-01 1.8572e-02
1585.14 5.1413e-02 6.7696e-01 2.5284e-01 1.8786e-02
1684.67 4.6566e-02 6.8813e-01 2.4721e-01 1.8096e-02
1790.45 4.1456e-02 6.8556e-01 2.5408e-01 1.8906e-02
1902.87 3.5869e-02 6.7912e-01 2.6449e-01 2.0514e-02
2022.36 4.8854e-02 6.5904e-01 2.7011e-01 2.1995e-02
2149.34 2.5242e-02 6.7398e-01 2.7820e-01 2.2576e-02
2284.30 2.5299e-02 6.6005e-01 2.8980e-01 2.4844e-02
2427.74 2.1528e-02 6.4321e-01 3.0749e-01 2.7773e-02
2580.18 1.6391e-02 6.2196e-01 3.3039e-01 3.1257e-02
2742.19 1.6311e-02 5.9557e-01 3.5337e-01 3.4755e-02
2914.37 1.4078e-02 5.6593e-01 3.8184e-01 3.8147e-02
3097.37 1.1726e-02 5.3559e-01 4.1190e-01 4.0782e-02
3291.85 9.1802e-03 4.6200e-01 4.8154e-01 4.7285e-02
3498.55 8.3260e-03 4.3280e-01 5.1295e-01 4.5920e-02
3718.23 1.5136e-02 4.8314e-01 4.6879e-01 3.2941e-02
3951.70 2.2684e-02 5.1603e-01 4.3366e-01 2.7626e-02
4199.83 1.2991e-02 4.4161e-01 5.0539e-01 4.0013e-02
4463.54 1.1565e-02 4.4337e-01 4.9919e-01 4.5868e-02
4743.81 1.6326e-02 5.0903e-01 4.3261e-01 4.2036e-02
5041.68 1.9975e-02 5.6325e-01 3.8012e-01 3.6659e-02
5358.25 2.4468e-02 6.1146e-01 3.3238e-01 3.1688e-02
5694.70 2.3982e-02 6.0080e-01 3.4232e-01 3.2898e-02
6052.28 2.4421e-02 6.0921e-01 3.3472e-01 3.1644e-02
6432.31 2.6710e-02 6.2650e-01 3.1720e-01 2.9592e-02
6836.20 2.8293e-02 6.3267e-01 3.1016e-01 2.8880e-02
7265.45 3.0096e-02 6.3048e-01 3.1041e-01 2.9014e-02
7721.65 3.3759e-02 6.3863e-01 3.0104e-01 2.6574e-02
8206.56 3.2813e-02 6.4121e-01 2.9944e-01 2.6543e-02
8717.73 3.7823e-02 6.4066e-01 2.9595e-01 2.5575e-02
9214.74 4.0492e-02 6.3548e-01 3.0070e-01 2.3333e-02
9629.11 4.0471e-02 6.0197e-01 3.3355e-01 2.4006e-02
9954.11 3.1983e-02 5.5549e-01 3.8516e-01 2.7372e-02
10245.64 3.1170e-02 5.6594e-01 3.7741e-01 2.5479e-02
10541.49 1.9583e-02 4.8334e-01 4.6748e-01 2.9598e-02
10839.94 3.1359e-02 5.3024e-01 4.1648e-01 2.1921e-02
11119.11 2.9741e-02 4.8967e-01 4.6008e-01 2.0504e-02
11355.83 4.7076e-02 5.7468e-01 3.6519e-01 1.3060e-02
11539.81 7.1536e-02 6.1750e-01 3.0232e-01 8.6412e-03
11677.16 1.0542e-01 6.6295e-01 2.2595e-01 5.6771e-03
11784.05 1.1598e-01 6.5866e-01 2.1988e-01 5.4862e-03
11875.85 1.2727e-01 6.7368e-01 1.9453e-01 4.5172e-03
11963.37 1.1171e-01 6.5560e-01 2.2740e-01 5.2863e-03
12055.39 9.5059e-02 6.5874e-01 2.3979e-01 6.4170e-03
12170.41 5.8216e-02 5.7873e-01 3.5189e-01 1.1168e-02
12360.89 2.4632e-02 4.6192e-01 4.9847e-01 1.4981e-02
12670.46 9.6420e-03 3.1670e-01 6.5046e-01 2.3203e-02
13075.34 4.8810e-03 2.6115e-01 7.0427e-01 2.9697e-02
13530.52 2.0016e-03 1.7415e-01 7.8419e-01 3.9658e-02
14012.75 8.9186e-04 1.2824e-01 8.2136e-01 4.9507e-02
14508.81 5.6291e-04 1.1845e-01 8.2448e-01 5.6500e-02
15002.30 6.6092e-04 1.0205e-01 8.3626e-01 6.1022e-02
15475.29 1.5310e-03 2.2470e-01 7.1789e-01 5.5876e-02
15923.68 1.8620e-03 2.1886e-01 7.2088e-01 5.8404e-02
16355.64 6.9814e-04 2.7520e-01 6.6734e-01 5.6765e-02
16776.27 1.4526e-03 2.7169e-01 6.7103e-01 5.5826e-02
17183.14 6.8494e-03 3.6643e-01 5.7827e-01 4.8455e-02
17580.45 3.0127e-03 3.5791e-01 5.9209e-01 4.6988e-02
17990.34 2.0831e-03 2.9192e-01 6.5323e-01 5.2762e-02
18458.06 1.3786e-03 3.9248e-01 5.5196e-01 5.4185e-02
19084.69 1.0581e-03 4.1686e-01 5.2359e-01 5.8498e-02
19999.79 3.6491e-04 2.1886e-01 6.7415e-01 1.0663e-01
21193.46 3.3567e-04 2.3071e-01 6.0753e-01 1.6142e-01
22528.72 2.2861e-03 2.1932e-01 5.3912e-01 2.3928e-01
23943.32 2.2722e-04 7.5083e-02 5.7681e-01 3.4788e-01
25446.74 2.2032e-05 3.2468e-02 5.5452e-01 4.1299e-01
27044.57 1.1075e-05 6.6485e-02 4.2418e-01 5.0933e-01
28744.18 2.8095e-06 2.0891e-02 3.1380e-01 6.6530e-01
30520.16 3.0634e-07 1.4415e-03 2.2669e-01 7.7187e-01
32243.50 4.5991e-08 4.0571e-04 1.2223e-01 8.7736e-01
33773.01 5.6337e-08 9.9021e-04 1.1132e-01 8.8769e-01
35108.48 5.9234e-08 2.2341e-03 1.1420e-01 8.8356e-01
36326.30 1.7333e-07 1.1321e-03 8.3161e-02 9.1571e-01
37486.70 6.0050e-09 5.5933e-04 5.9115e-02 9.4033e-01
38628.25 1.2761e-09 2.8870e-04 4.2500e-02 9.5721e-01
39768.62 1.3869e-09 1.5379e-04 3.0850e-02 9.6900e-01
40915.31 7.3118e-10 8.9582e-05 2.3384e-02 9.7653e-01
42074.51 1.7983e-09 4.7786e-05 1.6941e-02 9.8301e-01
43252.44 5.8883e-10 2.5348e-05 1.2245e-02 9.8773e-01
44454.05 2.6657e-10 5.1517e-06 8.8205e-03 9.9117e-01
45683.04 4.4084e-13 1.5581e-07 6.2112e-03 9.9379e-01
46941.68 1.6682e-13 8.0244e-08 4.4657e-03 9.9553e-01
48230.81 2.8552e-13 9.0540e-08 3.2307e-03 9.9677e-01
49550.29 1.0990e-11 1.0468e-06 2.3818e-03 9.9762e-01
50899.37 5.8244e-12 5.5498e-07 1.7196e-03 9.9828e-01
52276.86 4.0587e-12 2.9449e-07 1.2451e-03 9.9875e-01
53681.16 2.0770e-12 1.5757e-07 9.0428e-04 9.9910e-01
55110.21 9.4221e-13 8.4245e-08 6.5902e-04 9.9934e-01
56561.17 3.6740e-13 4.5958e-08 4.8191e-04 9.9952e-01
58030.00 3.7766e-14 2.5005e-08 3.5401e-04 9.9965e-01
59510.42 9.9277e-16 1.3947e-08 2.6195e-04 9.9974e-01
60993.45 3.2324e-16 7.7646e-09 1.9408e-04 9.9981e-01
62466.44 3.3126e-16 4.4933e-09 1.4741e-04 9.9985e-01
63912.69 5.7632e-15 2.6390e-09 1.1237e-04 9.9989e-01
65311.62 2.7937e-15 1.5944e-09 8.6938e-05 9.9991e-01
66639.26 1.4112e-15 9.9840e-10 6.8613e-05 9.9993e-01
67870.77 7.5872e-16 6.5534e-10 5.5297e-05 9.9994e-01
68864.47 4.3065e-16 4.4660e-10 4.5483e-05 9.9995e-01
69459.55 4.8305e-16 3.6910e-10 4.1961e-05 9.9996e-01
69744.99 2.9574e-16 3.3595e-10 4.0265e-05 9.9996e-01
69888.26 2.7422e-16 3.2283e-10 3.9450e-05 9.9996e-01
69959.62 2.6580e-16 3.1626e-10 3.9051e-05 9.9996e-01
69991.15 2.6082e-16 3.1328e-10 3.8854e-05 9.9996e-01
69999.53 2.6163e-16 3.1331e-10 3.8866e-05 9.9996e-01
#TIME: 207.87
#NVEL 115
#vel_mid[km/s] ar0 ar1 ar2 ar3
425.78 3.2770e-02 6.7413e-01 2.7112e-01 2.1982e-02
857.79 5.1757e-02 6.5449e-01 2.7100e-01 2.2757e-02
878.44 5.9045e-02 6.4324e-01 2.7480e-01 2.2907e-02
917.72 6.4491e-02 6.3446e-01 2.7802e-01 2.3026e-02
973.04 4.4699e-02 6.6031e-01 2.7235e-01 2.2648e-02
1034.98 3.3070e-02 6.7211e-01 2.7232e-01 2.2494e-02
1099.97 5.6200e-02 6.3716e-01 2.8311e-01 2.3527e-02
1169.04 5.5344e-02 6.3686e-01 2.8387e-01 2.3919e-02
1242.44 2.9458e-02 6.7902e-01 2.7057e-01 2.0956e-02
1320.45 5.1937e-02 6.5377e-01 2.7215e-01 2.2135e-02
1403.37 4.6475e-02 6.7758e-01 2.5644e-01 1.9505e-02
1491.49 4.3545e-02 6.8482e-01 2.5307e-01 1.8572e-02
1585.14 5.2510e-02 6.7827e-01 2.5080e-01 1.8423e-02
1684.67 5.0112e-02 6.8618e-01 2.4580e-01 1.7909e-02
1790.45 3.7724e-02 6.8956e-01 2.5393e-01 1.8785e-02
1902.87 4.8937e-02 6.7300e-01 2.5814e-01 1.9931e-02
2022.36 3.7116e-02 6.6809e-01 2.7272e-01 2.2065e-02
2149.34 1.6173e-02 6.3775e-01 3.1906e-01 2.7015e-02
2284.30 2.1670e-02 6.6420e-01 2.8949e-01 2.4645e-02
2427.74 2.1214e-02 6.4118e-01 3.0966e-01 2.7944e-02
2580.18 1.7811e-02 6.2248e-01 3.2855e-01 3.1160e-02
2742.19 1.5852e-02 5.9691e-01 3.5254e-01 3.4693e-02
2914.37 1.2925e-02 5.6354e-01 3.8502e-01 3.8507e-02
3097.37 1.2495e-02 5.3133e-01 4.1497e-01 4.1202e-02
3291.85 9.4047e-03 4.6641e-01 4.7718e-01 4.7009e-02
3498.55 8.0372e-03 4.2634e-01 5.1933e-01 4.6299e-02
3718.23 1.5030e-02 4.8567e-01 4.6654e-01 3.2757e-02
3951.70 2.2254e-02 5.2126e-01 4.2917e-01 2.7314e-02
4199.83 1.3161e-02 4.4982e-01 4.9763e-01 3.9388e-02
4463.54 1.1144e-02 4.3245e-01 5.0959e-01 4.6810e-02
4743.81 1.6474e-02 5.0736e-01 4.3427e-01 4.1896e-02
5041.68 1.9796e-02 5.5526e-01 3.8741e-01 3.7533e-02
5358.25 2.3869e-02 5.9505e-01 3.4793e-01 3.3157e-02
5694.70 2.4494e-02 6.1321e-01 3.3105e-01 3.1243e-02
6052.28 2.5780e-02 6.1062e-01 3.3229e-01 3.1303e-02
6432.31 2.4989e-02 6.2698e-01 3.1831e-01 2.9727e-02
6836.20 2.7953e-02 6.2354e-01 3.1931e-01 2.9199e-02
7265.45 2.8994e-02 6.3085e-01 3.1134e-01 2.8826e-02
7721.65 3.0681e-02 6.3046e-01 3.1049e-01 2.8365e-02
8206.56 3.6221e-02 6.3925e-01 2.9884e-01 2.5684e-02
8717.73 3.7802e-02 6.3283e-01 3.0403e-01 2.5343e-02
9214.74 4.0333e-02 6.2887e-01 3.0688e-01 2.3922e-02
9629.11 3.7049e-02 6.0323e-01 3.3548e-01 2.4244e-02
9954.11 3.9265e-02 6.0455e-01 3.3372e-01 2.2468e-02
10245.64 3.1107e-02 5.4883e-01 3.9368e-01 2.6381e-02
10541.49 2.4125e-02 4.8623e-01 4.6204e-01 2.7610e-02
10839.94 2.6727e-02 5.0285e-01 4.4626e-01 2.4159e-02
11119.11 3.3621e-02 5.1614e-01 4.3074e-01 1.9500e-02
11355.83 5.8962e-02 6.0370e-01 3.2540e-01 1.1938e-02
11539.81 8.2745e-02 6.3405e-01 2.7516e-01 8.0419e-03
11677.16 1.1139e-01 6.4384e-01 2.3843e-01 6.3421e-03
11784.05 1.1036e-01 6.5933e-01 2.2461e-01 5.6957e-03
11875.85 1.5478e-01 6.7054e-01 1.7055e-01 4.1261e-03
11963.37 1.1623e-01 6.6892e-01 2.0974e-01 5.1148e-03
12055.39 8.9846e-02 6.3441e-01 2.6818e-01 7.5735e-03
12170.41 4.2785e-02 5.4287e-01 4.0134e-01 1.3006e-02
12360.89 2.7988e-02 4.6002e-01 4.9647e-01 1.5516e-02
12670.46 1.2817e-02 3.6052e-01 6.0487e-01 2.1797e-02
13075.34 3.1444e-03 1.9648e-01 7.6825e-01 3.2124e-02
13530.52 2.0507e-03 1.8922e-01 7.6993e-01 3.8801e-02
14012.75 1.3835e-03 1.7463e-01 7.7710e-01 4.6884e-02
14508.81 7.4805e-04 1.3200e-01 8.1153e-01 5.5722e-02
15002.30 9.7983e-04 1.3841e-01 8.0033e-01 6.0287e-02
15475.29 1.3951e-03 1.4326e-01 7.9441e-01 6.0936e-02
15923.68 2.6414e-03 2.5972e-01 6.8034e-01 5.7307e-02
16355.64 1.1972e-03 1.6134e-01 7.6964e-01 6.7821e-02
16776.27 1.3932e-03 2.3305e-01 7.0516e-01 6.0398e-02
17183.14 1.9253e-03 4.0293e-01 5.4982e-01 4.5326e-02
17580.45 2.1559e-03 4.2872e-01 5.2767e-01 4.1453e-02
17990.34 1.6126e-03 3.4054e-01 6.0573e-01 5.2123e-02
18458.06 5.6683e-04 3.2602e-01 6.1622e-01 5.7194e-02
19084.69 5.5944e-04 3.3024e-01 6.0305e-01 6.6154e-02
19999.79 6.6603e-04 3.6877e-01 5.4109e-01 8.9467e-02
21193.46 3.3932e-04 1.3837e-01 6.9092e-01 1.7037e-01
22528.72 7.1879e-05 1.0389e-01 6.4285e-01 2.5319e-01
23943.32 1.4469e-04 4.9377e-02 5.9398e-01 3.5650e-01
25446.74 1.4285e-06 2.7547e-03 5.7650e-01 4.2074e-01
27044.57 1.3456e-06 6.1099e-03 4.4129e-01 5.5260e-01
28744.18 5.1173e-06 2.7834e-02 3.2418e-01 6.4798e-01
30520.16 6.8459e-07 1.0198e-02 2.2175e-01 7.6805e-01
32243.50 1.7646e-07 1.2141e-03 1.8725e-01 8.1153e-01
33773.01 7.1975e-08 4.0700e-04 1.3703e-01 8.6256e-01
35108.48 5.5849e-08 2.4391e-04 7.1138e-02 9.2862e-01
36326.30 4.5693e-09 1.5119e-04 4.8731e-02 9.5112e-01
37486.70 2.4334e-09 1.3653e-04 4.1687e-02 9.5818e-01
38628.25 2.2404e-09 2.9301e-04 4.2412e-02 9.5730e-01
39768.62 6.4103e-10 1.5628e-04 3.0906e-02 9.6894e-01
40915.31 1.1394e-09 9.1359e-05 2.3451e-02 9.7646e-01
42074.51 2.4306e-10 4.8692e-05 1.6993e-02 9.8296e-01
43252.44 9.4968e-11 2.5848e-05 1.2295e-02 9.8768e-01
44454.05 5.0924e-11 1.3759e-05 8.8852e-03 9.9110e-01
45683.04 2.4466e-10 7.2870e-06 6.4132e-03 9.9358e-01
46941.68 1.0598e-10 3.8485e-06 4.6217e-03 9.9537e-01
48230.81 2.5139e-13 8.6193e-08 3.2567e-03 9.9674e-01
49550.29 2.9283e-14 2.5119e-08 2.3185e-03 9.9768e-01
50899.37 1.6872e-14 1.6864e-08 1.7036e-03 9.9830e-01
52276.86 3.4162e-12 3.0344e-07 1.2572e-03 9.9874e-01
53681.16 1.9153e-12 1.6210e-07 9.1253e-04 9.9909e-01
55110.21 8.8235e-13 8.7080e-08 6.6534e-04 9.9933e-01
56561.17 3.8520e-13 4.7313e-08 4.8722e-04 9.9951e-01
58030.00 1.6770e-13 2.5862e-08 3.5856e-04 9.9964e-01
59510.42 6.9382e-14 1.4342e-08 2.6529e-04 9.9973e-01
60993.45 3.5174e-15 8.0498e-09 1.9773e-04 9.9980e-01
62466.44 2.3215e-16 4.6159e-09 1.4880e-04 9.9985e-01
63912.69 7.0553e-17 2.7123e-09 1.1359e-04 9.9989e-01
65311.62 6.5482e-17 1.6418e-09 8.7970e-05 9.9991e-01
66639.26 1.5233e-16 1.0294e-09 6.9411e-05 9.9993e-01
67870.77 7.8246e-16 6.4889e-10 5.5929e-05 9.9994e-01
68864.47 4.3983e-16 4.4171e-10 4.6024e-05 9.9995e-01
69459.55 3.5559e-16 3.9154e-10 4.2419e-05 9.9996e-01
69744.99 3.2340e-16 3.6169e-10 4.0726e-05 9.9996e-01
69888.26 3.0317e-16 3.4730e-10 3.9901e-05 9.9996e-01
69959.62 2.8983e-16 3.4057e-10 3.9497e-05 9.9996e-01
69991.15 2.8804e-16 3.3719e-10 3.9328e-05 9.9996e-01
69999.53 2.8757e-16 3.3730e-10 3.9308e-05 9.9996e-01
#TIME: 210.86
#NVEL 115
#vel_mid[km/s] ar0 ar1 ar2 ar3
425.78 5.2116e-02 6.6320e-01 2.6355e-01 2.1130e-02
857.79 6.9126e-02 6.5076e-01 2.5903e-01 2.1088e-02
878.44 1.6683e-02 6.8418e-01 2.7815e-01 2.0989e-02
917.72 5.3117e-02 6.5242e-01 2.7196e-01 2.2507e-02
973.04 1.8453e-02 6.5600e-01 3.0109e-01 2.4458e-02
1034.98 2.6281e-02 6.8063e-01 2.7146e-01 2.1634e-02
1099.97 5.2725e-02 6.4966e-01 2.7476e-01 2.2852e-02
1169.04 4.5626e-02 6.5551e-01 2.7646e-01 2.2404e-02
1242.44 3.9764e-02 6.6543e-01 2.7243e-01 2.2375e-02
1320.45 3.4156e-02 6.7361e-01 2.7060e-01 2.1637e-02
1403.37 5.2874e-02 6.6956e-01 2.5786e-01 1.9702e-02
1491.49 4.9811e-02 6.8085e-01 2.5102e-01 1.8313e-02
1585.14 5.8871e-02 6.7962e-01 2.4375e-01 1.7760e-02
1684.67 5.3802e-02 6.8741e-01 2.4148e-01 1.7309e-02
1790.45 4.3142e-02 6.8998e-01 2.4874e-01 1.8132e-02
1902.87 4.7990e-02 6.7576e-01 2.5675e-01 1.9505e-02
2022.36 3.3388e-02 6.7305e-01 2.7182e-01 2.1743e-02
2149.34 6.1755e-02 6.3709e-01 2.7795e-01 2.3203e-02
2284.30 2.3273e-02 6.6189e-01 2.9019e-01 2.4644e-02
2427.74 1.8854e-02 6.4480e-01 3.0873e-01 2.7620e-02
2580.18 1.9199e-02 6.2099e-01 3.2860e-01 3.1206e-02
2742.19 1.6427e-02 6.0024e-01 3.4896e-01 3.4372e-02
2914.37 1.4426e-02 5.6875e-01 3.7888e-01 3.7947e-02
3097.37 1.2245e-02 5.2626e-01 4.1991e-01 4.1581e-02
3291.85 8.8833e-03 4.6545e-01 4.7847e-01 4.7196e-02
3498.55 7.8049e-03 4.2479e-01 5.2084e-01 4.6563e-02
3718.23 1.5144e-02 4.8326e-01 4.6857e-01 3.3028e-02
3951.70 2.2898e-02 5.2098e-01 4.2874e-01 2.7377e-02
4199.83 1.2399e-02 4.4268e-01 5.0519e-01 3.9730e-02
4463.54 1.0638e-02 4.3298e-01 5.0985e-01 4.6531e-02
4743.81 1.6189e-02 5.1296e-01 4.2916e-01 4.1694e-02
5041.68 1.9027e-02 5.5040e-01 3.9296e-01 3.7610e-02
5358.25 2.5459e-02 6.0260e-01 3.3939e-01 3.2549e-02
5694.70 2.4636e-02 6.1326e-01 3.3114e-01 3.0971e-02
6052.28 2.4745e-02 6.1077e-01 3.3297e-01 3.1515e-02
6432.31 2.5097e-02 6.2487e-01 3.2034e-01 2.9694e-02
6836.20 3.0226e-02 6.3257e-01 3.0864e-01 2.8560e-02
7265.45 2.8049e-02 6.3649e-01 3.0784e-01 2.7622e-02
7721.65 3.2212e-02 6.4396e-01 2.9768e-01 2.6148e-02
8206.56 3.4227e-02 6.3659e-01 3.0310e-01 2.6083e-02
8717.73 3.6588e-02 6.2692e-01 3.1045e-01 2.6045e-02
9214.74 4.5288e-02 6.3183e-01 2.9959e-01 2.3295e-02
9629.11 3.3498e-02 5.7451e-01 3.6490e-01 2.7091e-02
9954.11 3.5113e-02 5.6410e-01 3.7429e-01 2.6495e-02
10245.64 3.5936e-02 5.7049e-01 3.6868e-01 2.4898e-02
10541.49 2.7100e-02 5.2010e-01 4.2590e-01 2.6901e-02
10839.94 2.3648e-02 4.8780e-01 4.6402e-01 2.4529e-02
11119.11 3.7224e-02 5.6230e-01 3.8329e-01 1.7190e-02
11355.83 4.1215e-02 5.3967e-01 4.0525e-01 1.3857e-02
11539.81 7.5626e-02 6.2405e-01 2.9167e-01 8.6512e-03
11677.16 1.0260e-01 6.5971e-01 2.3201e-01 5.6795e-03
11784.05 1.1130e-01 6.5410e-01 2.2932e-01 5.2805e-03
11875.85 1.5435e-01 6.6018e-01 1.8099e-01 4.4769e-03
11963.37 1.0988e-01 6.4155e-01 2.4273e-01 5.8354e-03
12055.39 8.1322e-02 6.1890e-01 2.9180e-01 7.9782e-03
12170.41 4.7004e-02 5.6813e-01 3.7393e-01 1.0935e-02
12360.89 3.3041e-02 5.1098e-01 4.4219e-01 1.3787e-02
12670.46 1.1869e-02 3.6138e-01 6.0673e-01 2.0022e-02
13075.34 5.5720e-03 2.7516e-01 6.8980e-01 2.9468e-02
13530.52 2.2032e-03 1.8383e-01 7.7758e-01 3.6386e-02
14012.75 1.3586e-03 1.3686e-01 8.1331e-01 4.8476e-02
14508.81 1.5215e-03 1.5999e-01 7.8370e-01 5.4792e-02
15002.30 1.4115e-03 2.1075e-01 7.3266e-01 5.5186e-02
15475.29 2.3197e-03 2.0782e-01 7.3298e-01 5.6873e-02
15923.68 3.7407e-03 2.4292e-01 6.9504e-01 5.8299e-02
16355.64 1.9134e-03 1.8793e-01 7.4487e-01 6.5286e-02
16776.27 2.9537e-03 3.4808e-01 5.9682e-01 5.2141e-02
17183.14 1.5071e-03 3.1154e-01 6.3423e-01 5.2722e-02
17580.45 1.4069e-03 3.0296e-01 6.4628e-01 4.9352e-02
17990.34 1.4252e-03 3.6104e-01 5.8698e-01 5.0562e-02
18458.06 7.3420e-03 4.8209e-01 4.6564e-01 4.4929e-02
19084.69 9.3048e-04 2.9259e-01 6.4053e-01 6.5954e-02
19999.79 5.8814e-04 2.7622e-01 6.2943e-01 9.3761e-02
21193.46 8.2449e-04 2.2517e-01 6.0704e-01 1.6697e-01
22528.72 1.0036e-04 7.1554e-02 6.6499e-01 2.6336e-01
23943.32 5.9447e-06 1.7299e-02 6.4223e-01 3.4046e-01
25446.74 2.3092e-05 7.1392e-02 5.3067e-01 3.9792e-01
27044.57 1.6655e-06 2.9151e-03 4.6205e-01 5.3503e-01
28744.18 1.7408e-05 2.2859e-02 3.0167e-01 6.7546e-01
30520.16 1.3374e-06 1.0060e-02 2.1988e-01 7.7006e-01
32243.50 3.5478e-07 5.9406e-03 1.7593e-01 8.1813e-01
33773.01 2.2414e-07 4.0060e-03 1.4750e-01 8.4849e-01
35108.48 1.3498e-07 2.2936e-03 1.1437e-01 8.8334e-01
36326.30 7.1817e-08 1.1687e-03 8.3255e-02 9.1558e-01
37486.70 3.0176e-08 1.3594e-04 4.0983e-02 9.5888e-01
38628.25 3.1094e-09 3.0685e-05 2.2118e-02 9.7785e-01
39768.62 1.4783e-10 1.5307e-05 1.5645e-02 9.8434e-01
40915.31 4.3367e-11 1.6221e-05 1.4617e-02 9.8537e-01
42074.51 1.0333e-10 4.9788e-05 1.7052e-02 9.8290e-01
43252.44 1.5556e-09 2.6478e-05 1.2350e-02 9.8762e-01
44454.05 1.3458e-10 1.4075e-05 8.9389e-03 9.9105e-01
45683.04 1.5422e-11 7.4702e-06 6.4554e-03 9.9354e-01
46941.68 6.0177e-12 3.9546e-06 4.6561e-03 9.9534e-01
48230.81 4.9903e-12 2.0880e-06 3.3592e-03 9.9664e-01
49550.29 3.3052e-11 1.1037e-06 2.4260e-03 9.9757e-01
50899.37 5.1234e-13 9.9187e-08 1.7421e-03 9.9826e-01
52276.86 6.1339e-15 9.5282e-09 1.2307e-03 9.9877e-01
53681.16 4.0641e-15 8.5775e-09 9.0615e-04 9.9909e-01
55110.21 1.8426e-13 8.8696e-08 6.6402e-04 9.9934e-01
56561.17 3.9092e-13 4.8738e-08 4.9275e-04 9.9951e-01
58030.00 1.6822e-13 2.6658e-08 3.6258e-04 9.9964e-01
59510.42 7.3295e-14 1.4735e-08 2.6842e-04 9.9973e-01
60993.45 3.2036e-14 8.3075e-09 2.0027e-04 9.9980e-01
62466.44 1.4139e-14 4.7551e-09 1.5083e-04 9.9985e-01
63912.69 6.6204e-16 2.7956e-09 1.1498e-04 9.9989e-01
65311.62 5.9234e-17 1.6878e-09 8.8932e-05 9.9991e-01
66639.26 1.7917e-17 1.0595e-09 7.0220e-05 9.9993e-01
67870.77 1.8508e-17 6.9436e-10 5.6616e-05 9.9994e-01
68864.47 1.0448e-17 4.7279e-10 4.6579e-05 9.9995e-01
69459.55 1.5681e-17 4.0336e-10 4.2963e-05 9.9996e-01
69744.99 3.4080e-16 3.7218e-10 4.1247e-05 9.9996e-01
69888.26 3.0929e-16 3.4656e-10 4.0392e-05 9.9996e-01
69959.62 3.0684e-16 3.5064e-10 3.9985e-05 9.9996e-01
69991.15 1.6504e-15 3.4706e-10 3.9798e-05 9.9996e-01
69999.53 3.0124e-16 3.4718e-10 3.9777e-05 9.9996e-01
#TIME: 213.89
#NVEL 115
#vel_mid[km/s] ar0 ar1 ar2 ar3
425.78 3.9205e-02 6.7604e-01 2.6388e-01 2.0874e-02
857.79 4.6111e-02 6.6572e-01 2.6700e-01 2.1171e-02
878.44 4.6778e-02 6.6707e-01 2.6479e-01 2.1363e-02
917.72 5.8352e-02 6.5848e-01 2.6182e-01 2.1348e-02
973.04 6.0298e-02 6.6374e-01 2.5589e-01 2.0075e-02
1034.98 2.2538e-02 6.7717e-01 2.7802e-01 2.2272e-02
1099.97 2.9066e-02 6.7163e-01 2.7629e-01 2.3010e-02
1169.04 5.2494e-02 6.5845e-01 2.6717e-01 2.1880e-02
1242.44 5.2212e-02 6.5794e-01 2.6750e-01 2.2347e-02
1320.45 6.4983e-02 6.4972e-01 2.6397e-01 2.1330e-02
1403.37 2.6423e-02 7.0210e-01 2.5281e-01 1.8671e-02
1491.49 5.9053e-02 6.8316e-01 2.4050e-01 1.7293e-02
1585.14 3.6993e-02 6.9905e-01 2.4630e-01 1.7656e-02
1684.67 4.9142e-02 6.8931e-01 2.4416e-01 1.7391e-02
1790.45 4.0167e-02 6.9442e-01 2.4754e-01 1.7882e-02
1902.87 4.5838e-02 6.8099e-01 2.5408e-01 1.9096e-02
2022.36 4.2823e-02 6.6985e-01 2.6623e-01 2.1095e-02
2149.34 3.8895e-02 6.6422e-01 2.7468e-01 2.2200e-02
2284.30 2.1035e-02 6.6470e-01 2.8965e-01 2.4612e-02
2427.74 1.6824e-02 6.4674e-01 3.0875e-01 2.7688e-02
2580.18 1.7762e-02 6.2330e-01 3.2801e-01 3.0920e-02
2742.19 1.6107e-02 5.9593e-01 3.5327e-01 3.4691e-02
2914.37 1.3746e-02 5.6875e-01 3.7954e-01 3.7959e-02
3097.37 1.2101e-02 5.2987e-01 4.1668e-01 4.1347e-02
3291.85 9.0822e-03 4.5843e-01 4.8467e-01 4.7819e-02
3498.55 8.2465e-03 4.3122e-01 5.1457e-01 4.5963e-02
3718.23 1.4941e-02 4.8585e-01 4.6639e-01 3.2816e-02
3951.70 2.2354e-02 5.1302e-01 4.3686e-01 2.7772e-02
4199.83 1.3027e-02 4.3377e-01 5.1258e-01 4.0625e-02
4463.54 1.2673e-02 4.5398e-01 4.8793e-01 4.5419e-02
4743.81 1.5694e-02 5.0285e-01 4.3931e-01 4.2146e-02
5041.68 2.1174e-02 5.7261e-01 3.7069e-01 3.5531e-02
5358.25 2.4239e-02 6.0451e-01 3.3880e-01 3.2448e-02
5694.70 2.5715e-02 6.0753e-01 3.3579e-01 3.0964e-02
6052.28 2.4798e-02 6.1985e-01 3.2477e-01 3.0577e-02
6432.31 2.4096e-02 6.2284e-01 3.2299e-01 3.0071e-02
6836.20 2.9436e-02 6.1826e-01 3.2127e-01 3.1032e-02
7265.45 3.3175e-02 6.2921e-01 3.0950e-01 2.8122e-02
7721.65 3.1730e-02 6.3001e-01 3.0985e-01 2.8414e-02
8206.56 3.1409e-02 6.2869e-01 3.1210e-01 2.7808e-02
8717.73 4.1039e-02 6.3218e-01 3.0143e-01 2.5356e-02
9214.74 4.4527e-02 6.2304e-01 3.0849e-01 2.3939e-02
9629.11 4.2264e-02 6.3011e-01 3.0635e-01 2.1280e-02
9954.11 3.4655e-02 5.8438e-01 3.5685e-01 2.4119e-02
10245.64 2.9149e-02 5.2003e-01 4.2178e-01 2.9044e-02
10541.49 2.8727e-02 5.1864e-01 4.2676e-01 2.5875e-02
10839.94 3.1125e-02 5.3821e-01 4.1032e-01 2.0346e-02
11119.11 3.1193e-02 5.2184e-01 4.2707e-01 1.9900e-02
11355.83 4.3612e-02 5.6413e-01 3.7855e-01 1.3705e-02
11539.81 8.1430e-02 6.3480e-01 2.7579e-01 7.9852e-03
11677.16 1.0848e-01 6.6381e-01 2.2221e-01 5.4888e-03
11784.05 1.2845e-01 6.7102e-01 1.9599e-01 4.5409e-03
11875.85 1.2314e-01 6.5432e-01 2.1717e-01 5.3737e-03
11963.37 1.1474e-01 6.6349e-01 2.1668e-01 5.0925e-03
12055.39 9.4105e-02 6.3932e-01 2.5960e-01 6.9744e-03
12170.41 4.7947e-02 5.5616e-01 3.8356e-01 1.2334e-02
12360.89 3.2465e-02 5.0618e-01 4.4742e-01 1.3942e-02
12670.46 1.1039e-02 3.4579e-01 6.2169e-01 2.1482e-02
13075.34 4.6032e-03 2.2060e-01 7.4313e-01 3.1660e-02
13530.52 2.9816e-03 1.9831e-01 7.6050e-01 3.8208e-02
14012.75 2.0861e-03 1.9618e-01 7.5730e-01 4.4439e-02
14508.81 2.7584e-03 2.0104e-01 7.4380e-01 5.2402e-02
15002.30 1.8300e-03 2.0454e-01 7.3852e-01 5.5110e-02
15475.29 2.9539e-03 2.6292e-01 6.8117e-01 5.2957e-02
15923.68 1.8082e-03 2.0357e-01 7.3423e-01 6.0394e-02
16355.64 1.2154e-03 2.5651e-01 6.8255e-01 5.9722e-02
16776.27 1.5976e-03 2.4292e-01 6.9492e-01 6.0562e-02
17183.14 1.8648e-03 4.0058e-01 5.5204e-01 4.5507e-02
17580.45 8.6713e-03 3.3649e-01 6.0441e-01 5.0426e-02
17990.34 9.8000e-04 4.4242e-01 5.1228e-01 4.4319e-02
18458.06 2.6484e-03 4.4675e-01 5.0227e-01 4.8327e-02
19084.69 2.1157e-03 4.3386e-01 5.0888e-01 5.5145e-02
19999.79 9.8596e-04 3.2679e-01 5.7906e-01 9.3166e-02
21193.46 2.0425e-04 1.8714e-01 6.4644e-01 1.6621e-01
22528.72 2.2881e-04 7.9408e-02 6.4520e-01 2.7517e-01
23943.32 1.1212e-05 2.0615e-02 6.1479e-01 3.6458e-01
25446.74 8.2781e-06 5.2866e-02 5.1074e-01 4.3638e-01
27044.57 7.7072e-06 5.5957e-02 4.0748e-01 5.3655e-01
28744.18 2.1889e-06 2.2271e-02 2.9827e-01 6.7946e-01
30520.16 1.0456e-06 1.0176e-02 2.2030e-01 7.6952e-01
32243.50 1.1163e-06 6.1812e-03 1.7841e-01 8.1541e-01
33773.01 9.0975e-07 4.1470e-03 1.4918e-01 8.4667e-01
35108.48 8.3568e-08 2.3579e-03 1.1522e-01 8.8242e-01
36326.30 2.8575e-08 1.1929e-03 8.3604e-02 9.1520e-01
37486.70 2.1245e-08 5.8850e-04 5.9214e-02 9.4020e-01
38628.25 1.3977e-08 3.0608e-04 4.2725e-02 9.5697e-01
39768.62 3.7587e-09 1.6331e-04 3.1101e-02 9.6874e-01
40915.31 1.9076e-09 2.0475e-05 1.5806e-02 9.8417e-01
42074.51 5.5438e-11 4.1003e-06 8.0351e-03 9.9196e-01
43252.44 3.0348e-12 2.0816e-06 5.7110e-03 9.9429e-01
44454.05 3.5476e-12 2.5612e-06 5.6378e-03 9.9436e-01
45683.04 1.9523e-11 7.6429e-06 6.4699e-03 9.9352e-01
46941.68 1.7728e-10 4.0523e-06 4.6966e-03 9.9530e-01
48230.81 4.5236e-12 2.1483e-06 3.3900e-03 9.9661e-01
49550.29 9.6656e-13 1.1379e-06 2.4488e-03 9.9755e-01
50899.37 3.8225e-13 6.0385e-07 1.7721e-03 9.9823e-01
52276.86 4.1573e-12 3.2079e-07 1.2847e-03 9.9871e-01
53681.16 2.3714e-12 1.7213e-07 9.3372e-04 9.9907e-01
55110.21 3.8424e-14 9.1548e-08 6.7175e-04 9.9933e-01
56561.17 1.3631e-14 4.9924e-08 4.9451e-04 9.9951e-01
58030.00 1.5347e-14 2.7003e-08 3.5982e-04 9.9964e-01
59510.42 7.6754e-14 1.5230e-08 2.7166e-04 9.9973e-01
60993.45 3.3441e-14 8.5723e-09 2.0276e-04 9.9980e-01
62466.44 1.4975e-14 4.9106e-09 1.5264e-04 9.9985e-01
63912.69 7.2612e-15 2.8821e-09 1.1647e-04 9.9988e-01
65311.62 3.2744e-15 1.7361e-09 9.0116e-05 9.9991e-01
66639.26 1.0130e-15 1.0905e-09 7.1111e-05 9.9993e-01
67870.77 1.6869e-17 7.1444e-10 5.7307e-05 9.9994e-01
68864.47 9.5374e-18 4.8696e-10 4.7146e-05 9.9995e-01
69459.55 5.3490e-18 4.1578e-10 4.3503e-05 9.9996e-01
69744.99 4.2156e-18 3.8330e-10 4.1742e-05 9.9996e-01
69888.26 3.3227e-16 3.5718e-10 4.0891e-05 9.9996e-01
69959.62 3.7032e-18 3.5002e-10 4.0480e-05 9.9996e-01
69991.15 3.6369e-18 3.4659e-10 4.0273e-05 9.9996e-01
69999.53 3.2321e-18 3.4668e-10 4.0288e-05 9.9996e-01
#TIME: 216.97
#NVEL 115
#vel_mid[km/s] ar0 ar1 ar2 ar3
425.78 4.2342e-02 6.7972e-01 2.5769e-01 2.0245e-02
857.79 8.3597e-02 6.1363e-01 2.8020e-01 2.2573e-02
878.44 4.4654e-02 6.4604e-01 2.8622e-01 2.3083e-02
917.72 7.5714e-02 6.4666e-01 2.5675e-01 2.0876e-02
973.04 3.2648e-02 6.8134e-01 2.6630e-01 1.9703e-02
1034.98 1.9662e-02 6.9003e-01 2.6916e-01 2.1144e-02
1099.97 4.9685e-02 6.5927e-01 2.6921e-01 2.1837e-02
1169.04 6.1521e-02 6.4699e-01 2.6939e-01 2.2104e-02
1242.44 5.9882e-02 6.4997e-01 2.6820e-01 2.1950e-02
1320.45 4.3787e-02 6.7325e-01 2.6241e-01 2.0548e-02
1403.37 5.2542e-02 6.7910e-01 2.4993e-01 1.8420e-02
1491.49 5.5553e-02 6.9109e-01 2.3668e-01 1.6679e-02
1585.14 3.8849e-02 6.9690e-01 2.4660e-01 1.7649e-02
1684.67 3.2399e-02 7.0954e-01 2.4109e-01 1.6979e-02
1790.45 4.3081e-02 6.9527e-01 2.4412e-01 1.7523e-02
1902.87 4.0155e-02 6.8548e-01 2.5531e-01 1.9052e-02
2022.36 2.7995e-02 6.8624e-01 2.6501e-01 2.0758e-02
2149.34 3.7523e-02 6.5867e-01 2.8034e-01 2.3465e-02
2284.30 1.8460e-02 6.2212e-01 3.3012e-01 2.9295e-02
2427.74 1.8546e-02 6.4694e-01 3.0713e-01 2.7386e-02
2580.18 1.8512e-02 6.2279e-01 3.2766e-01 3.1036e-02
2742.19 1.6746e-02 5.9758e-01 3.5107e-01 3.4609e-02
2914.37 1.4689e-02 5.6850e-01 3.7890e-01 3.7910e-02
3097.37 1.2181e-02 5.2877e-01 4.1772e-01 4.1325e-02
3291.85 9.1158e-03 4.7110e-01 4.7303e-01 4.6755e-02
3498.55 8.3061e-03 4.1796e-01 5.2679e-01 4.6944e-02
3718.23 1.4514e-02 4.7292e-01 4.7887e-01 3.3703e-02
3951.70 2.3009e-02 5.2319e-01 4.2657e-01 2.7226e-02
4199.83 1.2627e-02 4.3738e-01 5.1001e-01 3.9984e-02
4463.54 1.1512e-02 4.3912e-01 5.0315e-01 4.6216e-02
4743.81 1.5891e-02 5.0331e-01 4.3863e-01 4.2164e-02
5041.68 1.9875e-02 5.4907e-01 3.9343e-01 3.7623e-02
5358.25 2.3482e-02 5.9749e-01 3.4581e-01 3.3220e-02
5694.70 2.8321e-02 6.1585e-01 3.2533e-01 3.0496e-02
6052.28 2.6519e-02 6.2186e-01 3.2136e-01 3.0257e-02
6432.31 2.5844e-02 6.2441e-01 3.1992e-01 2.9823e-02
6836.20 2.5949e-02 6.1941e-01 3.2387e-01 3.0772e-02
7265.45 2.9765e-02 6.2673e-01 3.1405e-01 2.9464e-02
7721.65 3.2553e-02 6.3790e-01 3.0279e-01 2.6749e-02
8206.56 3.2224e-02 6.3298e-01 3.0809e-01 2.6701e-02
8717.73 3.7282e-02 6.3735e-01 2.9945e-01 2.5920e-02
9214.74 4.2604e-02 6.3177e-01 3.0169e-01 2.3933e-02
9629.11 3.8480e-02 5.9289e-01 3.4330e-01 2.5331e-02
9954.11 3.3599e-02 5.7761e-01 3.6364e-01 2.5156e-02
10245.64 2.9908e-02 5.1570e-01 4.2654e-01 2.7858e-02
10541.49 2.0838e-02 4.6180e-01 4.8655e-01 3.0813e-02
10839.94 2.5498e-02 4.8455e-01 4.6496e-01 2.4992e-02
11119.11 3.2989e-02 5.1932e-01 4.2914e-01 1.8547e-02
11355.83 5.1863e-02 5.6745e-01 3.6743e-01 1.3262e-02
11539.81 7.9228e-02 6.2244e-01 2.8986e-01 8.4761e-03
11677.16 1.0511e-01 6.4224e-01 2.4663e-01 6.0226e-03
11784.05 1.2686e-01 6.4462e-01 2.2331e-01 5.2168e-03
11875.85 1.2346e-01 6.7099e-01 2.0104e-01 4.5110e-03
11963.37 1.2902e-01 6.6940e-01 1.9696e-01 4.6111e-03
12055.39 9.4666e-02 6.3053e-01 2.6705e-01 7.7462e-03
12170.41 5.1545e-02 5.5622e-01 3.8102e-01 1.1215e-02
