#NTIMES 50
#NSTAGES 4
#TIMES[d] 199.16 202.02 204.93 207.87 210.86 213.89 216.97 220.09 223.25 226.46 229.71 233.01 236.36 239.76 243.21 246.70 250.25 253.85 257.49 261.20 264.95 268.76 272.62 276.54 280.51 284.55 288.64 292.79 296.99 301.26 305.59 309.99 314.44 318.96 323.54 328.20 332.91 337.70 342.55 347.48 352.47 357.54 362.67 367.89 373.18 378.54 383.98 389.50 395.10 400.78
#
#TIME: 199.16
#NVEL 78
#vel_mid[km/s] si0 si1 si2 si3
1060.83 2.3465e-04 9.1663e-01 8.0570e-02 2.5628e-03
1919.29 2.1332e-04 9.2159e-01 7.6031e-02 2.1629e-03
2581.60 1.2651e-04 8.8626e-01 1.0953e-01 4.0854e-03
3084.17 9.3555e-05 8.2604e-01 1.6596e-01 7.9062e-03
3472.46 5.3611e-05 7.1733e-01 2.6642e-01 1.6200e-02
3909.64 2.5091e-05 6.1212e-01 3.5926e-01 2.8595e-02
4148.46 2.3349e-05 6.2283e-01 3.4876e-01 2.8388e-02
4670.75 2.2097e-05 6.5108e-01 3.2302e-01 2.5869e-02
4956.05 1.2169e-05 5.4923e-01 4.1373e-01 3.7032e-02
5258.79 5.4194e-06 3.6324e-01 5.7403e-01 6.2732e-02
5580.02 1.5581e-06 1.6786e-01 7.3855e-01 9.3589e-02
5920.87 6.3110e-07 8.8048e-02 7.9725e-01 1.1470e-01
6282.54 3.4403e-07 5.7701e-02 8.1021e-01 1.3209e-01
6666.30 2.9220e-07 5.2531e-02 8.0825e-01 1.3922e-01
7073.50 2.8073e-07 5.2846e-02 8.0273e-01 1.4442e-01
7505.58 2.4164e-07 4.8527e-02 7.9967e-01 1.5181e-01
7964.05 3.2480e-07 5.9467e-02 7.9173e-01 1.4880e-01
8450.53 7.3493e-07 1.0678e-01 7.6366e-01 1.2956e-01
8966.72 1.9102e-06 2.1054e-01 6.8374e-01 1.0572e-01
9514.44 4.1400e-06 3.3203e-01 5.8491e-01 8.3061e-02
10095.62 9.5961e-06 4.6904e-01 4.7203e-01 5.8929e-02
10712.30 1.6479e-05 5.7227e-01 3.8283e-01 4.4883e-02
11366.65 2.3508e-05 6.0940e-01 3.5126e-01 3.9318e-02
12061.10 2.6089e-05 6.3958e-01 3.2401e-01 3.6390e-02
12793.43 2.8148e-05 6.2322e-01 3.3798e-01 3.8767e-02
13528.61 2.4798e-05 6.2448e-01 3.3615e-01 3.9345e-02
14194.74 1.9354e-05 5.9820e-01 3.5717e-01 4.4610e-02
14757.77 1.8529e-05 6.0976e-01 3.4516e-01 4.5061e-02
15240.48 2.1386e-05 6.5146e-01 3.1418e-01 3.4340e-02
15646.99 2.8425e-05 6.5192e-01 3.2382e-01 2.4226e-02
15960.30 5.9683e-05 7.6241e-01 2.2631e-01 1.1222e-02
16187.41 5.6441e-05 7.3810e-01 2.5165e-01 1.0195e-02
16354.17 5.6118e-05 7.9123e-01 2.0064e-01 8.0705e-03
16484.18 5.4444e-05 7.3891e-01 2.5015e-01 1.0876e-02
16593.12 3.1401e-05 5.5017e-01 4.3209e-01 1.7712e-02
16691.99 2.8591e-05 5.3802e-01 4.3972e-01 2.2231e-02
16788.59 1.6945e-05 5.0019e-01 4.7356e-01 2.6240e-02
16888.37 2.3741e-05 4.0461e-01 5.6272e-01 3.2647e-02
16998.79 2.2945e-05 4.7449e-01 4.8797e-01 3.7512e-02
17146.37 2.1629e-05 4.0717e-01 5.5883e-01 3.3981e-02
17415.23 6.9520e-06 2.3329e-01 7.1140e-01 5.5306e-02
17888.12 9.0073e-06 3.1320e-01 6.2675e-01 6.0041e-02
18532.37 4.8915e-06 2.2966e-01 6.9735e-01 7.2987e-02
19260.76 3.5670e-06 1.7018e-01 7.2928e-01 1.0053e-01
20034.10 1.7043e-06 1.2054e-01 7.5052e-01 1.2894e-01
20838.00 1.4172e-06 9.6391e-02 7.6964e-01 1.3397e-01
21647.97 2.1625e-06 1.6543e-01 6.8549e-01 1.4907e-01
22447.94 1.1141e-06 1.0798e-01 7.0197e-01 1.9005e-01
23245.88 1.0229e-06 1.2186e-01 6.4482e-01 2.3332e-01
24052.47 1.2481e-06 1.7530e-01 5.8490e-01 2.3980e-01
24867.72 5.1710e-07 8.3113e-02 5.5517e-01 3.6171e-01
25698.86 3.8422e-07 6.8030e-02 5.8004e-01 3.5193e-01
26587.16 1.8045e-07 4.9849e-02 5.5886e-01 3.9129e-01
27637.54 9.8054e-08 2.5735e-02 5.2933e-01 4.4494e-01
28986.97 7.0561e-08 2.0421e-02 3.2509e-01 6.5449e-01
#TIME: 202.02
#NVEL 78
#vel_mid[km/s] si0 si1 si2 si3
1060.83 2.4589e-04 9.1941e-01 7.7854e-02 2.4877e-03
1919.29 2.3909e-04 9.2211e-01 7.5432e-02 2.2170e-03
2581.60 1.2638e-04 8.8893e-01 1.0697e-01 3.9784e-03
3084.17 9.5513e-05 8.2474e-01 1.6721e-01 7.9514e-03
3472.46 5.2146e-05 7.1970e-01 2.6434e-01 1.5909e-02
3909.64 2.7943e-05 6.3119e-01 3.4145e-01 2.7333e-02
4148.46 2.4558e-05 6.1992e-01 3.5143e-01 2.8634e-02
4670.75 2.2448e-05 6.6144e-01 3.1328e-01 2.5258e-02
4956.05 1.3023e-05 5.5585e-01 4.0685e-01 3.7286e-02
5258.79 5.0875e-06 3.4214e-01 5.9283e-01 6.5021e-02
5580.02 1.6831e-06 1.6951e-01 7.3518e-01 9.5313e-02
5920.87 6.2546e-07 8.3499e-02 8.0167e-01 1.1483e-01
6282.54 3.5790e-07 5.8076e-02 8.1118e-01 1.3074e-01
6666.30 2.6347e-07 4.8434e-02 8.1290e-01 1.3866e-01
7073.50 2.8573e-07 5.2983e-02 8.0930e-01 1.3772e-01
7505.58 2.8516e-07 5.5833e-02 7.9941e-01 1.4476e-01
7964.05 3.2445e-07 5.9819e-02 7.9130e-01 1.4888e-01
8450.53 7.5824e-07 1.0924e-01 7.6391e-01 1.2685e-01
8966.72 1.8927e-06 2.0869e-01 6.8700e-01 1.0430e-01
9514.44 4.2356e-06 3.3558e-01 5.8219e-01 8.2230e-02
10095.62 9.2418e-06 4.6496e-01 4.7370e-01 6.1327e-02
10712.30 1.6883e-05 5.7567e-01 3.7944e-01 4.4880e-02
11366.65 2.3412e-05 6.2917e-01 3.3329e-01 3.7514e-02
12061.10 2.6220e-05 6.2720e-01 3.3544e-01 3.7333e-02
12793.43 2.9446e-05 6.2514e-01 3.3687e-01 3.7962e-02
13528.61 2.7210e-05 6.3867e-01 3.2276e-01 3.8552e-02
14194.74 2.1978e-05 6.0936e-01 3.4703e-01 4.3592e-02
14757.77 1.8529e-05 5.8449e-01 3.6923e-01 4.6266e-02
15240.48 2.0775e-05 6.3354e-01 3.3017e-01 3.6273e-02
15646.99 2.9728e-05 6.5642e-01 3.1977e-01 2.3775e-02
15960.30 6.3345e-05 7.5291e-01 2.3557e-01 1.1457e-02
16187.41 6.7752e-05 7.3937e-01 2.5031e-01 1.0260e-02
16354.17 5.9597e-05 6.9826e-01 2.9144e-01 1.0240e-02
16484.18 4.9925e-05 6.8224e-01 3.0528e-01 1.2433e-02
16593.12 5.1518e-05 6.3059e-01 3.5296e-01 1.6400e-02
16691.99 3.0046e-05 5.2973e-01 4.4753e-01 2.2710e-02
16788.59 2.9447e-05 5.0487e-01 4.6918e-01 2.5923e-02
16888.37 2.5608e-05 4.6720e-01 4.9524e-01 3.7527e-02
16998.79 2.2281e-05 5.5940e-01 4.1152e-01 2.9057e-02
17146.37 1.9288e-05 4.8015e-01 4.8697e-01 3.2856e-02
17415.23 1.0133e-05 2.9919e-01 6.5338e-01 4.7420e-02
17888.12 8.3130e-06 2.7422e-01 6.6177e-01 6.4004e-02
18532.37 5.2217e-06 2.3221e-01 6.8841e-01 7.9375e-02
19260.76 3.6926e-06 1.6863e-01 7.3980e-01 9.1563e-02
20034.10 2.3045e-06 1.4668e-01 7.3819e-01 1.1513e-01
20838.00 1.5351e-06 1.2071e-01 7.3846e-01 1.4082e-01
21647.97 1.2562e-06 1.0479e-01 7.2629e-01 1.6891e-01
22447.94 8.0965e-07 7.2767e-02 7.2452e-01 2.0271e-01
23245.88 5.8747e-07 7.9250e-02 6.7971e-01 2.4104e-01
24052.47 3.7774e-07 5.7636e-02 6.5531e-01 2.8706e-01
24867.72 5.9919e-07 9.5727e-02 4.8980e-01 4.1447e-01
25698.86 1.0800e-07 2.1517e-02 5.9644e-01 3.8204e-01
26587.16 1.2081e-07 2.2085e-02 4.1932e-01 5.5859e-01
27637.54 4.8716e-07 1.0662e-01 5.0421e-01 3.8917e-01
28986.97 1.5747e-07 4.6326e-02 4.1011e-01 5.4357e-01
#TIME: 204.93
#NVEL 78
#vel_mid[km/s] si0 si1 si2 si3
1060.83 2.2822e-04 9.1969e-01 7.7709e-02 2.3691e-03
1919.29 2.3480e-04 9.2203e-01 7.5532e-02 2.2059e-03
2581.60 1.2630e-04 8.8598e-01 1.0982e-01 4.0689e-03
3084.17 8.9328e-05 8.2409e-01 1.6784e-01 7.9818e-03
3472.46 5.5002e-05 7.2883e-01 2.5553e-01 1.5586e-02
3909.64 2.7660e-05 6.3554e-01 3.3752e-01 2.6909e-02
4148.46 2.6094e-05 6.3407e-01 3.3799e-01 2.7910e-02
4670.75 2.3014e-05 6.5598e-01 3.1876e-01 2.5241e-02
4956.05 1.3372e-05 5.6218e-01 4.0130e-01 3.6511e-02
5258.79 5.2364e-06 3.5306e-01 5.8362e-01 6.3308e-02
5580.02 1.7921e-06 1.7504e-01 7.3082e-01 9.4141e-02
5920.87 6.3439e-07 8.3858e-02 7.9809e-01 1.1805e-01
6282.54 3.4201e-07 5.4603e-02 8.1066e-01 1.3473e-01
6666.30 2.9567e-07 5.0896e-02 8.1035e-01 1.3875e-01
7073.50 2.7793e-07 5.0736e-02 8.1093e-01 1.3834e-01
7505.58 3.0515e-07 5.7683e-02 7.9603e-01 1.4629e-01
7964.05 3.3036e-07 6.0417e-02 7.9056e-01 1.4902e-01
8450.53 7.7388e-07 1.1088e-01 7.6087e-01 1.2825e-01
8966.72 1.9825e-06 2.1045e-01 6.8530e-01 1.0424e-01
9514.44 4.2427e-06 3.2857e-01 5.8773e-01 8.3701e-02
10095.62 9.3921e-06 4.6843e-01 4.7176e-01 5.9801e-02
10712.30 1.6465e-05 5.6588e-01 3.8857e-01 4.5530e-02
11366.65 2.4622e-05 6.2640e-01 3.3597e-01 3.7602e-02
12061.10 2.9795e-05 6.3167e-01 3.3101e-01 3.7283e-02
12793.43 2.8805e-05 6.3704e-01 3.2533e-01 3.7597e-02
13528.61 2.5354e-05 6.4763e-01 3.1486e-01 3.7486e-02
14194.74 2.4634e-05 6.0898e-01 3.4759e-01 4.3409e-02
14757.77 2.0695e-05 6.0933e-01 3.4563e-01 4.5017e-02
15240.48 2.0676e-05 6.2758e-01 3.3606e-01 3.6338e-02
15646.99 3.4566e-05 6.7473e-01 3.0255e-01 2.2686e-02
15960.30 5.7381e-05 7.7046e-01 2.1875e-01 1.0735e-02
16187.41 7.7899e-05 7.7508e-01 2.1606e-01 8.7768e-03
16354.17 6.5543e-05 7.5845e-01 2.3246e-01 9.0212e-03
16484.18 6.1249e-05 7.1584e-01 2.7299e-01 1.1108e-02
16593.12 3.7832e-05 5.6060e-01 4.2129e-01 1.8071e-02
16691.99 4.1410e-05 6.5323e-01 3.2945e-01 1.7273e-02
16788.59 2.3187e-05 4.6695e-01 5.0773e-01 2.5300e-02
16888.37 2.3897e-05 4.5025e-01 5.2019e-01 2.9540e-02
16998.79 2.7833e-05 5.5885e-01 4.1409e-01 2.7033e-02
17146.37 2.5228e-05 5.3572e-01 4.3175e-01 3.2511e-02
17415.23 1.0640e-05 2.9164e-01 6.6059e-01 4.7753e-02
17888.12 8.3618e-06 2.9585e-01 6.4609e-01 5.8055e-02
18532.37 5.7240e-06 2.3214e-01 6.9531e-01 7.2545e-02
19260.76 4.0645e-06 1.9268e-01 7.1942e-01 8.7897e-02
20034.10 2.4167e-06 1.3248e-01 7.5214e-01 1.1538e-01
20838.00 1.5205e-06 1.0857e-01 7.5273e-01 1.3869e-01
21647.97 1.6263e-06 1.2611e-01 7.1673e-01 1.5715e-01
22447.94 7.8632e-07 7.3600e-02 7.1956e-01 2.0684e-01
23245.88 1.6115e-06 2.1246e-01 5.8709e-01 2.0045e-01
24052.47 2.2338e-07 3.6691e-02 6.7254e-01 2.9077e-01
24867.72 6.3372e-07 1.0513e-01 6.0132e-01 2.9355e-01
25698.86 9.7865e-07 1.7629e-01 5.3104e-01 2.9267e-01
26587.16 1.5406e-07 4.0039e-02 5.0396e-01 4.5600e-01
27637.54 2.0955e-07 5.5369e-02 4.6983e-01 4.7480e-01
28986.97 2.0986e-07 4.9452e-02 4.5728e-01 4.9327e-01
#TIME: 207.87
#NVEL 78
#vel_mid[km/s] si0 si1 si2 si3
1060.83 2.0353e-04 9.2087e-01 7.6565e-02 2.3638e-03
1919.29 2.4199e-04 9.2404e-01 7.3594e-02 2.1276e-03
2581.60 1.3079e-04 8.8703e-01 1.0885e-01 3.9931e-03
3084.17 9.2712e-05 8.2639e-01 1.6566e-01 7.8568e-03
3472.46 5.6061e-05 7.2781e-01 2.5677e-01 1.5364e-02
3909.64 3.1773e-05 6.2730e-01 3.4532e-01 2.7339e-02
4148.46 2.5627e-05 6.3432e-01 3.3789e-01 2.7768e-02
4670.75 2.2489e-05 6.5400e-01 3.2049e-01 2.5481e-02
4956.05 1.4475e-05 5.5830e-01 4.0498e-01 3.6706e-02
5258.79 5.6006e-06 3.7697e-01 5.6145e-01 6.1573e-02
5580.02 1.7454e-06 1.6910e-01 7.3843e-01 9.2462e-02
5920.87 6.2672e-07 8.0714e-02 8.0281e-01 1.1648e-01
6282.54 3.6007e-07 5.6043e-02 8.0914e-01 1.3482e-01
6666.30 3.1092e-07 5.3158e-02 8.0889e-01 1.3795e-01
7073.50 2.8637e-07 5.1609e-02 8.1006e-01 1.3833e-01
7505.58 3.0474e-07 5.5900e-02 7.9364e-01 1.5046e-01
7964.05 3.1065e-07 5.5561e-02 7.9570e-01 1.4874e-01
8450.53 7.4310e-07 1.0361e-01 7.6689e-01 1.2949e-01
8966.72 1.9088e-06 2.0392e-01 6.9108e-01 1.0499e-01
9514.44 4.4175e-06 3.4746e-01 5.7188e-01 8.0652e-02
10095.62 9.0541e-06 4.6304e-01 4.7624e-01 6.0705e-02
10712.30 1.5759e-05 5.6945e-01 3.8549e-01 4.5048e-02
11366.65 2.4907e-05 6.2881e-01 3.3358e-01 3.7578e-02
12061.10 2.7871e-05 6.1891e-01 3.4273e-01 3.8333e-02
12793.43 2.9792e-05 6.4477e-01 3.1915e-01 3.6044e-02
13528.61 2.7072e-05 6.3552e-01 3.2659e-01 3.7867e-02
14194.74 2.4311e-05 6.1830e-01 3.4026e-01 4.1408e-02
14757.77 1.8761e-05 5.6984e-01 3.8213e-01 4.8006e-02
15240.48 2.3757e-05 6.2310e-01 3.4175e-01 3.5118e-02
15646.99 3.7350e-05 7.2227e-01 2.5815e-01 1.9537e-02
15960.30 5.7940e-05 7.7774e-01 2.1187e-01 1.0333e-02
16187.41 6.0695e-05 8.0288e-01 1.8937e-01 7.6901e-03
16354.17 6.5744e-05 7.6105e-01 2.2931e-01 9.5752e-03
16484.18 5.4586e-05 7.0366e-01 2.8418e-01 1.2106e-02
16593.12 4.8249e-05 6.4841e-01 3.3388e-01 1.7667e-02
16691.99 3.2633e-05 5.7397e-01 4.0545e-01 2.0551e-02
16788.59 2.0939e-05 5.2930e-01 4.4299e-01 2.7688e-02
16888.37 1.8909e-05 4.8343e-01 4.8860e-01 2.7957e-02
16998.79 2.4421e-05 5.4942e-01 4.2333e-01 2.7220e-02
17146.37 2.2382e-05 5.8493e-01 3.8909e-01 2.5957e-02
17415.23 1.5043e-05 4.6038e-01 5.0219e-01 3.7414e-02
17888.12 9.7843e-06 2.9489e-01 6.4457e-01 6.0534e-02
18532.37 6.1252e-06 2.4936e-01 6.7429e-01 7.6351e-02
19260.76 5.9706e-06 2.6198e-01 6.5793e-01 8.0081e-02
20034.10 3.1324e-06 1.9562e-01 6.9572e-01 1.0865e-01
20838.00 2.5459e-06 1.6075e-01 6.5411e-01 1.8513e-01
21647.97 1.4894e-06 1.1671e-01 7.2407e-01 1.5923e-01
22447.94 8.3318e-07 8.5554e-02 7.2756e-01 1.8689e-01
23245.88 4.2204e-07 5.2558e-02 7.0382e-01 2.4362e-01
24052.47 7.4086e-07 1.1401e-01 6.1430e-01 2.7169e-01
24867.72 8.2189e-07 1.4999e-01 5.6456e-01 2.8545e-01
25698.86 3.5248e-07 6.0405e-02 6.1429e-01 3.2531e-01
26587.16 3.6368e-07 8.1011e-02 5.4612e-01 3.7286e-01
27637.54 1.3054e-07 3.5395e-02 5.1558e-01 4.4903e-01
28986.97 6.2637e-08 1.8552e-02 4.9141e-01 4.9004e-01
#TIME: 210.86
#NVEL 78
#vel_mid[km/s] si0 si1 si2 si3
1060.83 2.5409e-04 9.2220e-01 7.5293e-02 2.2539e-03
1919.29 2.3234e-04 9.2368e-01 7.3977e-02 2.1119e-03
2581.60 1.2925e-04 8.9177e-01 1.0426e-01 3.8461e-03
3084.17 9.1406e-05 8.2599e-01 1.6607e-01 7.8506e-03
3472.46 5.4142e-05 7.1919e-01 2.6481e-01 1.5950e-02
3909.64 2.9604e-05 6.1138e-01 3.6016e-01 2.8436e-02
4148.46 2.7194e-05 6.2934e-01 3.4287e-01 2.7758e-02
4670.75 2.4189e-05 6.5444e-01 3.2029e-01 2.5246e-02
4956.05 1.4290e-05 5.6559e-01 3.9814e-01 3.6258e-02
5258.79 6.0577e-06 3.6948e-01 5.6875e-01 6.1769e-02
5580.02 1.8728e-06 1.7558e-01 7.3061e-01 9.3810e-02
5920.87 6.3237e-07 7.9278e-02 8.0522e-01 1.1550e-01
6282.54 3.8836e-07 5.9368e-02 8.0705e-01 1.3358e-01
6666.30 3.1678e-07 5.3104e-02 8.0592e-01 1.4098e-01
7073.50 3.1285e-07 5.4085e-02 8.0334e-01 1.4258e-01
7505.58 3.0186e-07 5.3408e-02 7.9383e-01 1.5277e-01
7964.05 3.5595e-07 6.1291e-02 7.9135e-01 1.4736e-01
8450.53 8.2818e-07 1.1091e-01 7.5887e-01 1.3022e-01
8966.72 1.9097e-06 1.9698e-01 6.9440e-01 1.0862e-01
9514.44 4.4011e-06 3.4350e-01 5.7499e-01 8.1501e-02
10095.62 9.7771e-06 4.7125e-01 4.6919e-01 5.9557e-02
10712.30 1.6365e-05 5.5763e-01 3.9590e-01 4.6456e-02
11366.65 2.5693e-05 6.3434e-01 3.2892e-01 3.6718e-02
12061.10 2.8804e-05 6.4151e-01 3.2204e-01 3.6426e-02
12793.43 2.9935e-05 6.4027e-01 3.2313e-01 3.6565e-02
13528.61 2.5658e-05 6.6571e-01 2.9861e-01 3.5656e-02
14194.74 2.3288e-05 6.3894e-01 3.2106e-01 3.9970e-02
14757.77 1.8185e-05 5.6899e-01 3.8393e-01 4.7062e-02
15240.48 2.5213e-05 6.2258e-01 3.4164e-01 3.5757e-02
15646.99 3.9159e-05 6.6544e-01 3.1398e-01 2.0539e-02
15960.30 5.3418e-05 7.6253e-01 2.2635e-01 1.1071e-02
16187.41 6.8796e-05 7.7160e-01 2.1964e-01 8.6930e-03
16354.17 7.9893e-05 7.7587e-01 2.1565e-01 8.4014e-03
16484.18 5.2452e-05 7.3844e-01 2.5137e-01 1.0140e-02
16593.12 3.2123e-05 5.7240e-01 4.0964e-01 1.7931e-02
16691.99 2.4316e-05 5.6943e-01 4.1005e-01 2.0502e-02
16788.59 4.0808e-05 6.7294e-01 3.0961e-01 1.7404e-02
16888.37 1.7902e-05 4.5252e-01 5.0547e-01 4.1998e-02
16998.79 2.7814e-05 5.2297e-01 4.4979e-01 2.7205e-02
17146.37 2.5967e-05 5.8991e-01 3.8408e-01 2.5987e-02
17415.23 1.2285e-05 3.4177e-01 6.1610e-01 4.2115e-02
17888.12 1.0240e-05 3.0661e-01 6.3396e-01 5.9424e-02
18532.37 5.5293e-06 2.2384e-01 6.8942e-01 8.6730e-02
19260.76 4.1920e-06 1.9431e-01 7.1888e-01 8.6800e-02
20034.10 3.0280e-06 1.5860e-01 7.3577e-01 1.0562e-01
20838.00 1.8041e-06 1.0822e-01 7.5653e-01 1.3524e-01
21647.97 1.1013e-06 8.9175e-02 7.2515e-01 1.8567e-01
22447.94 1.3508e-06 1.3162e-01 6.8465e-01 1.8373e-01
23245.88 1.0090e-06 1.3235e-01 6.3895e-01 2.2869e-01
24052.47 7.1599e-07 9.9119e-02 6.1488e-01 2.8600e-01
24867.72 9.2678e-07 1.8312e-01 5.3678e-01 2.8010e-01
25698.86 3.1030e-07 6.4258e-02 4.8427e-01 4.5147e-01
26587.16 3.3256e-07 5.5377e-02 4.5064e-01 4.9399e-01
27637.54 5.6943e-07 1.3299e-01 4.6385e-01 4.0316e-01
28986.97 1.9864e-07 5.7568e-02 4.8764e-01 4.5480e-01
#TIME: 213.89
#NVEL 78
#vel_mid[km/s] si0 si1 si2 si3
1060.83 2.9737e-04 9.1902e-01 7.8285e-02 2.3954e-03
1919.29 2.4840e-04 9.2482e-01 7.2856e-02 2.0745e-03
2581.60 1.3062e-04 8.9255e-01 1.0350e-01 3.8246e-03
3084.17 9.2206e-05 8.2770e-01 1.6444e-01 7.7704e-03
3472.46 5.8553e-05 7.3532e-01 2.4960e-01 1.5025e-02
3909.64 3.1938e-05 6.1610e-01 3.5581e-01 2.8055e-02
4148.46 2.7691e-05 6.3106e-01 3.4107e-01 2.7840e-02
4670.75 2.5420e-05 6.6088e-01 3.1414e-01 2.4955e-02
4956.05 1.5149e-05 5.7775e-01 3.8662e-01 3.5622e-02
5258.79 5.8573e-06 3.6743e-01 5.7040e-01 6.2162e-02
5580.02 2.0352e-06 1.8016e-01 7.2836e-01 9.1469e-02
5920.87 6.2922e-07 7.9921e-02 8.0098e-01 1.1909e-01
6282.54 3.8442e-07 5.9036e-02 8.0555e-01 1.3542e-01
6666.30 3.0532e-07 4.8539e-02 8.1105e-01 1.4041e-01
7073.50 3.3995e-07 5.4964e-02 8.0017e-01 1.4486e-01
7505.58 2.8976e-07 5.2059e-02 7.9955e-01 1.4839e-01
7964.05 3.6391e-07 6.1038e-02 7.8842e-01 1.5055e-01
8450.53 8.9885e-07 1.1456e-01 7.5534e-01 1.3010e-01
8966.72 2.1332e-06 2.1209e-01 6.8159e-01 1.0632e-01
9514.44 4.7254e-06 3.4747e-01 5.7166e-01 8.0869e-02
10095.62 9.6786e-06 4.6429e-01 4.7570e-01 5.9998e-02
10712.30 1.8068e-05 5.7511e-01 3.8023e-01 4.4650e-02
11366.65 2.5557e-05 6.2498e-01 3.3728e-01 3.7715e-02
12061.10 2.9546e-05 6.5735e-01 3.0753e-01 3.5095e-02
12793.43 2.8612e-05 6.4769e-01 3.1600e-01 3.6286e-02
13528.61 2.7804e-05 6.6130e-01 3.0328e-01 3.5389e-02
14194.74 2.6033e-05 6.4043e-01 3.2030e-01 3.9240e-02
14757.77 2.0448e-05 5.9918e-01 3.5680e-01 4.3996e-02
15240.48 2.2353e-05 6.5483e-01 3.1188e-01 3.3267e-02
15646.99 3.6499e-05 7.2031e-01 2.6028e-01 1.9382e-02
15960.30 6.0023e-05 7.7889e-01 2.1098e-01 1.0073e-02
16187.41 6.5524e-05 7.6493e-01 2.2595e-01 9.0590e-03
16354.17 6.8885e-05 7.5807e-01 2.3388e-01 7.9854e-03
16484.18 6.1969e-05 7.5277e-01 2.3761e-01 9.5559e-03
16593.12 4.0010e-05 5.9010e-01 3.9148e-01 1.8380e-02
16691.99 3.6070e-05 6.4412e-01 3.3865e-01 1.7188e-02
16788.59 2.5416e-05 5.6841e-01 4.0760e-01 2.3962e-02
16888.37 1.8984e-05 3.8454e-01 5.8344e-01 3.2000e-02
16998.79 2.4882e-05 4.9794e-01 4.7351e-01 2.8532e-02
17146.37 2.2456e-05 4.5799e-01 5.0158e-01 4.0412e-02
17415.23 1.2346e-05 3.5965e-01 5.9511e-01 4.5222e-02
17888.12 1.2376e-05 3.5249e-01 5.9498e-01 5.2517e-02
18532.37 7.1413e-06 2.7701e-01 6.5599e-01 6.6990e-02
19260.76 4.3244e-06 1.7410e-01 7.3829e-01 8.7608e-02
20034.10 3.2561e-06 1.8309e-01 7.1574e-01 1.0116e-01
20838.00 2.1312e-06 1.3226e-01 7.1457e-01 1.5317e-01
21647.97 2.7356e-06 1.8261e-01 6.6260e-01 1.5478e-01
22447.94 9.6349e-07 8.8953e-02 6.2755e-01 2.8349e-01
23245.88 9.0162e-07 1.0052e-01 6.8968e-01 2.0979e-01
24052.47 1.0722e-06 1.4754e-01 6.0236e-01 2.5010e-01
24867.72 1.4164e-06 2.1141e-01 5.3459e-01 2.5400e-01
25698.86 3.7403e-07 7.6335e-02 5.7847e-01 3.4519e-01
26587.16 3.6664e-07 8.3331e-02 5.4252e-01 3.7415e-01
27637.54 2.2442e-07 6.6871e-02 4.9423e-01 4.3890e-01
28986.97 2.9463e-07 7.6001e-02 4.5079e-01 4.7321e-01
#TIME: 216.97
#NVEL 78
#vel_mid[km/s] si0 si1 si2 si3
1060.83 2.9872e-04 9.2346e-01 7.3970e-02 2.2693e-03
1919.29 2.4207e-04 9.2620e-01 7.1535e-02 2.0184e-03
2581.60 1.3437e-04 8.9486e-01 1.0128e-01 3.7267e-03
3084.17 1.0218e-04 8.2552e-01 1.6657e-01 7.8074e-03
3472.46 6.0307e-05 7.3233e-01 2.5245e-01 1.5163e-02
3909.64 3.1636e-05 6.1392e-01 3.5804e-01 2.8006e-02
4148.46 2.9219e-05 6.3717e-01 3.3549e-01 2.7307e-02
4670.75 2.6493e-05 6.5486e-01 3.1973e-01 2.5386e-02
4956.05 1.3852e-05 5.5315e-01 4.0974e-01 3.7096e-02
5258.79 6.5454e-06 3.8737e-01 5.5278e-01 5.9842e-02
5580.02 2.0006e-06 1.8089e-01 7.2763e-01 9.1483e-02
5920.87 6.5986e-07 7.6070e-02 8.0691e-01 1.1702e-01
6282.54 4.5028e-07 6.1402e-02 8.0407e-01 1.3453e-01
6666.30 3.6099e-07 5.5946e-02 8.0422e-01 1.3983e-01
7073.50 3.2653e-07 5.3408e-02 8.0336e-01 1.4323e-01
7505.58 3.4111e-07 5.6766e-02 7.9626e-01 1.4698e-01
7964.05 4.1090e-07 6.4357e-02 7.8743e-01 1.4822e-01
8450.53 9.7423e-07 1.2073e-01 7.5016e-01 1.2911e-01
8966.72 2.1024e-06 2.0697e-01 6.8644e-01 1.0658e-01
9514.44 4.9809e-06 3.4983e-01 5.6894e-01 8.1222e-02
10095.62 1.0179e-05 4.6896e-01 4.7120e-01 5.9828e-02
10712.30 1.8643e-05 5.8142e-01 3.7474e-01 4.3827e-02
11366.65 2.6274e-05 6.2027e-01 3.4231e-01 3.7391e-02
12061.10 2.6346e-05 6.4927e-01 3.1546e-01 3.5249e-02
12793.43 3.1110e-05 6.4448e-01 3.1960e-01 3.5897e-02
13528.61 2.9468e-05 6.7101e-01 2.9455e-01 3.4412e-02
14194.74 2.4557e-05 6.4340e-01 3.1823e-01 3.8344e-02
14757.77 1.9560e-05 6.0277e-01 3.5347e-01 4.3749e-02
15240.48 2.2259e-05 6.6810e-01 2.9946e-01 3.2422e-02
15646.99 3.6681e-05 6.6659e-01 3.1180e-01 2.1576e-02
15960.30 5.6524e-05 7.4043e-01 2.4799e-01 1.1520e-02
16187.41 5.8579e-05 7.3576e-01 2.5480e-01 9.3815e-03
16354.17 7.5700e-05 7.4567e-01 2.4522e-01 9.0374e-03
16484.18 7.1403e-05 6.8284e-01 3.0556e-01 1.1537e-02
16593.12 5.3333e-05 6.6133e-01 3.2350e-01 1.5113e-02
16691.99 4.7296e-05 7.1504e-01 2.7099e-01 1.3920e-02
16788.59 3.4811e-05 5.7414e-01 4.0566e-01 2.0165e-02
16888.37 2.7616e-05 6.0098e-01 3.7673e-01 2.2264e-02
16998.79 2.9933e-05 6.5821e-01 3.1943e-01 2.2333e-02
17146.37 1.8543e-05 4.0452e-01 5.5827e-01 3.7189e-02
17415.23 1.2704e-05 4.2772e-01 5.3372e-01 3.8553e-02
17888.12 8.9947e-06 2.3896e-01 7.0616e-01 5.4869e-02
18532.37 5.2652e-06 2.3042e-01 6.9950e-01 7.0080e-02
19260.76 4.5957e-06 2.0646e-01 7.1686e-01 7.6680e-02
20034.10 2.2583e-06 1.5136e-01 7.3997e-01 1.0867e-01
20838.00 2.4762e-06 1.6359e-01 7.0924e-01 1.2717e-01
21647.97 2.8468e-06 1.7695e-01 6.1585e-01 2.0720e-01
22447.94 3.5091e-06 2.9227e-01 5.6207e-01 1.4566e-01
23245.88 1.5341e-06 1.8184e-01 6.1000e-01 2.0815e-01
24052.47 2.5614e-06 3.2520e-01 4.7249e-01 2.0230e-01
24867.72 3.7535e-07 7.2584e-02 6.1143e-01 3.1598e-01
25698.86 5.6880e-07 1.0150e-01 5.8565e-01 3.1285e-01
26587.16 1.2184e-06 2.4994e-01 4.5600e-01 2.9406e-01
27637.54 5.5837e-07 1.4328e-01 4.5785e-01 3.9887e-01
28986.97 2.1328e-07 5.9013e-02 4.5189e-01 4.8909e-01
#TIME: 220.09
#NVEL 78
#vel_mid[km/s] si0 si1 si2 si3
1060.83 2.7245e-04 9.2931e-01 6.8419e-02 1.9959e-03
1919.29 2.4135e-04 9.2812e-01 6.9687e-02 1.9552e-03
2581.60 1.4671e-04 8.9441e-01 1.0175e-01 3.6972e-03
3084.17 1.0489e-04 8.3064e-01 1.6167e-01 7.5870e-03
3472.46 6.0171e-05 7.4130e-01 2.4407e-01 1.4568e-02
3909.64 3.1512e-05 6.0941e-01 3.6200e-01 2.8559e-02
4148.46 3.1993e-05 6.4495e-01 3.2868e-01 2.6334e-02
4670.75 2.6504e-05 6.4562e-01 3.2837e-01 2.5985e-02
4956.05 1.5120e-05 5.5474e-01 4.0851e-01 3.6733e-02
5258.79 7.0491e-06 3.8897e-01 5.5129e-01 5.9735e-02
5580.02 2.0662e-06 1.7589e-01 7.3158e-01 9.2529e-02
5920.87 6.5205e-07 7.4250e-02 8.0659e-01 1.1916e-01
6282.54 4.1963e-07 5.7772e-02 8.0599e-01 1.3623e-01
6666.30 3.6566e-07 5.5965e-02 8.0669e-01 1.3734e-01
7073.50 3.0899e-07 4.9309e-02 8.0532e-01 1.4537e-01
7505.58 3.3091e-07 5.5133e-02 7.9236e-01 1.5251e-01
7964.05 4.1329e-07 6.4867e-02 7.8878e-01 1.4635e-01
8450.53 9.5611e-07 1.1600e-01 7.5366e-01 1.3034e-01
8966.72 2.0996e-06 2.0228e-01 6.9060e-01 1.0713e-01
9514.44 5.0147e-06 3.4077e-01 5.7688e-01 8.2346e-02
10095.62 1.0455e-05 4.6698e-01 4.7223e-01 6.0779e-02
10712.30 1.8260e-05 5.6712e-01 3.8794e-01 4.4924e-02
11366.65 2.5579e-05 6.2225e-01 3.3989e-01 3.7839e-02
12061.10 2.8444e-05 6.6243e-01 3.0315e-01 3.4392e-02
12793.43 2.9288e-05 6.5239e-01 3.1311e-01 3.4469e-02
13528.61 3.2744e-05 6.6263e-01 3.0279e-01 3.4541e-02
14194.74 2.5379e-05 6.3846e-01 3.2258e-01 3.8937e-02
14757.77 2.0620e-05 5.9512e-01 3.6026e-01 4.4604e-02
15240.48 2.4768e-05 6.7702e-01 2.9202e-01 3.0934e-02
15646.99 3.6480e-05 6.8221e-01 2.9660e-01 2.1148e-02
15960.30 5.6415e-05 7.5336e-01 2.3554e-01 1.1038e-02
16187.41 7.2841e-05 7.6670e-01 2.2429e-01 8.9399e-03
16354.17 6.8430e-05 7.5461e-01 2.3622e-01 9.0962e-03
16484.18 6.3752e-05 6.9680e-01 2.9191e-01 1.1231e-02
16593.12 3.7328e-05 6.3003e-01 3.5519e-01 1.4743e-02
16691.99 4.9250e-05 7.2180e-01 2.6579e-01 1.2361e-02
16788.59 5.9154e-05 7.1538e-01 2.6993e-01 1.4628e-02
16888.37 4.1407e-05 6.9198e-01 2.9030e-01 1.7685e-02
16998.79 2.3552e-05 5.0082e-01 4.7337e-01 2.5786e-02
17146.37 1.5878e-05 4.1160e-01 5.5657e-01 3.1817e-02
17415.23 1.6735e-05 4.4193e-01 5.1932e-01 3.8732e-02
17888.12 8.4855e-06 2.7690e-01 6.3901e-01 8.4079e-02
18532.37 6.4049e-06 2.2538e-01 7.0814e-01 6.6470e-02
19260.76 5.0186e-06 2.3394e-01 6.8565e-01 8.0410e-02
20034.10 2.7304e-06 1.7191e-01 7.2220e-01 1.0588e-01
20838.00 1.9914e-06 1.3968e-01 7.3281e-01 1.2751e-01
21647.97 1.0149e-06 8.1965e-02 7.6241e-01 1.5562e-01
22447.94 2.4301e-06 2.0062e-01 6.3049e-01 1.6889e-01
23245.88 9.6511e-07 1.0822e-01 6.7282e-01 2.1896e-01
24052.47 1.1122e-06 1.4713e-01 6.0146e-01 2.5140e-01
24867.72 1.5351e-06 2.6787e-01 4.7972e-01 2.5241e-01
25698.86 7.4333e-07 1.2551e-01 5.4055e-01 3.3394e-01
26587.16 1.0572e-06 1.8381e-01 4.5337e-01 3.6282e-01
27637.54 6.2303e-07 1.5741e-01 4.3322e-01 4.0937e-01
28986.97 4.7710e-07 1.2338e-01 4.3706e-01 4.3956e-01
#TIME: 223.25
#NVEL 78
#vel_mid[km/s] si0 si1 si2 si3
1060.83 3.3219e-04 9.2628e-01 7.1257e-02 2.1292e-03
1919.29 2.5716e-04 9.2826e-01 6.9547e-02 1.9315e-03
2581.60 1.4988e-04 8.9484e-01 1.0135e-01 3.6609e-03
3084.17 1.0327e-04 8.3526e-01 1.5724e-01 7.4010e-03
3472.46 6.1095e-05 7.3070e-01 2.5413e-01 1.5108e-02
3909.64 3.6379e-05 6.3114e-01 3.4210e-01 2.6722e-02
4148.46 3.2166e-05 6.4205e-01 3.3105e-01 2.6872e-02
4670.75 2.7065e-05 6.6171e-01 3.1373e-01 2.4530e-02
4956.05 1.6903e-05 5.9402e-01 3.7216e-01 3.3802e-02
5258.79 7.5662e-06 3.9481e-01 5.4655e-01 5.8635e-02
5580.02 2.1513e-06 1.7509e-01 7.3178e-01 9.3127e-02
5920.87 7.3891e-07 7.9484e-02 8.0334e-01 1.1718e-01
6282.54 4.6735e-07 6.0784e-02 8.0217e-01 1.3705e-01
6666.30 3.8261e-07 5.5751e-02 8.0577e-01 1.3848e-01
7073.50 3.4181e-07 5.3319e-02 7.9865e-01 1.4803e-01
7505.58 3.3398e-07 5.5346e-02 7.8886e-01 1.5579e-01
7964.05 4.1327e-07 6.3506e-02 7.8886e-01 1.4763e-01
8450.53 8.8952e-07 1.1110e-01 7.5780e-01 1.3110e-01
8966.72 2.2003e-06 2.0692e-01 6.8439e-01 1.0869e-01
9514.44 4.9004e-06 3.3701e-01 5.7999e-01 8.3001e-02
10095.62 1.0416e-05 4.7326e-01 4.6694e-01 5.9797e-02
10712.30 1.8238e-05 5.8149e-01 3.7455e-01 4.3943e-02
11366.65 2.5913e-05 6.2994e-01 3.3273e-01 3.7307e-02
12061.10 3.0767e-05 6.6103e-01 3.0472e-01 3.4212e-02
12793.43 3.0818e-05 6.5541e-01 3.1010e-01 3.4464e-02
13528.61 3.5656e-05 6.4859e-01 3.1577e-01 3.5599e-02
14194.74 3.0636e-05 6.5636e-01 3.0655e-01 3.7058e-02
14757.77 2.1842e-05 6.0355e-01 3.5360e-01 4.2826e-02
15240.48 2.4354e-05 6.7108e-01 2.9758e-01 3.1315e-02
15646.99 3.5146e-05 7.0920e-01 2.7138e-01 1.9389e-02
15960.30 5.5126e-05 7.6531e-01 2.2394e-01 1.0690e-02
16187.41 7.6286e-05 7.6923e-01 2.2223e-01 8.4631e-03
16354.17 7.5840e-05 7.9157e-01 2.0098e-01 7.3757e-03
16484.18 4.8330e-05 7.5284e-01 2.3770e-01 9.4134e-03
16593.12 4.1355e-05 6.4520e-01 3.3985e-01 1.4915e-02
16691.99 4.0031e-05 6.8305e-01 3.0287e-01 1.4037e-02
16788.59 3.2659e-05 6.4679e-01 3.3485e-01 1.8324e-02
16888.37 3.6898e-05 5.8692e-01 3.9122e-01 2.1823e-02
16998.79 2.7637e-05 6.2593e-01 3.5274e-01 2.1297e-02
17146.37 1.4995e-05 4.1063e-01 5.5554e-01 3.3810e-02
17415.23 1.5852e-05 4.0949e-01 5.4936e-01 4.1127e-02
17888.12 9.0681e-06 3.0589e-01 6.2361e-01 7.0494e-02
18532.37 5.0976e-06 2.1054e-01 7.1754e-01 7.1919e-02
19260.76 4.6904e-06 1.8796e-01 7.3386e-01 7.8173e-02
20034.10 2.6848e-06 1.5219e-01 7.3255e-01 1.1526e-01
20838.00 2.1915e-06 1.4777e-01 7.2285e-01 1.2938e-01
21647.97 2.6615e-06 1.9438e-01 6.7613e-01 1.2949e-01
22447.94 1.2235e-06 1.0972e-01 7.1357e-01 1.7671e-01
23245.88 1.4175e-06 1.7939e-01 5.4434e-01 2.7627e-01
24052.47 1.1051e-06 1.4520e-01 6.0277e-01 2.5203e-01
24867.72 6.7900e-07 1.0637e-01 6.1002e-01 2.8360e-01
25698.86 7.6649e-07 1.1584e-01 5.6498e-01 3.1919e-01
26587.16 7.8240e-07 1.4313e-01 5.1577e-01 3.4110e-01
27637.54 6.9360e-07 1.7898e-01 4.4678e-01 3.7424e-01
28986.97 4.7112e-07 1.1508e-01 4.3575e-01 4.4917e-01
#TIME: 226.46
#NVEL 78
#vel_mid[km/s] si0 si1 si2 si3
1060.83 2.8233e-04 9.2430e-01 7.3238e-02 2.1785e-03
1919.29 2.4431e-04 9.3094e-01 6.6973e-02 1.8457e-03
2581.60 1.4677e-04 8.9825e-01 9.8059e-02 3.5467e-03
3084.17 1.0097e-04 8.3793e-01 1.5475e-01 7.2152e-03
3472.46 6.2425e-05 7.4280e-01 2.4263e-01 1.4507e-02
3909.64 3.9533e-05 6.6308e-01 3.1253e-01 2.4347e-02
4148.46 3.1173e-05 6.5681e-01 3.1735e-01 2.5810e-02
4670.75 2.9271e-05 6.7381e-01 3.0227e-01 2.3890e-02
4956.05 1.7155e-05 6.0051e-01 3.6587e-01 3.3608e-02
5258.79 8.1762e-06 4.0383e-01 5.3929e-01 5.6874e-02
5580.02 2.0893e-06 1.7094e-01 7.3666e-01 9.2393e-02
5920.87 7.5023e-07 7.9763e-02 8.0160e-01 1.1864e-01
6282.54 5.0499e-07 6.3364e-02 8.0319e-01 1.3344e-01
6666.30 4.0642e-07 5.7871e-02 8.0474e-01 1.3739e-01
7073.50 3.9269e-07 5.7750e-02 8.0165e-01 1.4059e-01
7505.58 3.4598e-07 5.4448e-02 7.9515e-01 1.5040e-01
7964.05 4.5488e-07 6.7407e-02 7.8668e-01 1.4591e-01
8450.53 9.3925e-07 1.1249e-01 7.5763e-01 1.2989e-01
8966.72 2.1982e-06 2.0600e-01 6.8601e-01 1.0798e-01
9514.44 4.8074e-06 3.4329e-01 5.7461e-01 8.2094e-02
10095.62 1.0555e-05 4.8156e-01 4.5931e-01 5.9124e-02
10712.30 1.7511e-05 5.7295e-01 3.8218e-01 4.4849e-02
11366.65 2.4787e-05 6.3647e-01 3.2722e-01 3.6291e-02
12061.10 2.8813e-05 6.4414e-01 3.2063e-01 3.5197e-02
12793.43 2.9727e-05 6.5757e-01 3.0811e-01 3.4298e-02
13528.61 3.2585e-05 6.7276e-01 2.9366e-01 3.3549e-02
14194.74 2.7585e-05 6.2269e-01 3.3796e-01 3.9317e-02
14757.77 2.7060e-05 6.4018e-01 3.1957e-01 4.0222e-02
15240.48 2.5269e-05 6.5392e-01 3.1433e-01 3.1724e-02
15646.99 3.8075e-05 7.1069e-01 2.7005e-01 1.9228e-02
15960.30 6.4825e-05 7.6646e-01 2.2343e-01 1.0047e-02
16187.41 7.4147e-05 7.8456e-01 2.0761e-01 7.7585e-03
16354.17 8.7714e-05 7.8412e-01 2.0844e-01 7.3558e-03
16484.18 5.5269e-05 7.6036e-01 2.3072e-01 8.8678e-03
16593.12 5.3474e-05 7.1551e-01 2.7245e-01 1.1983e-02
16691.99 3.6884e-05 6.8791e-01 2.9709e-01 1.4966e-02
16788.59 4.8031e-05 6.6659e-01 3.1668e-01 1.6681e-02
16888.37 3.3495e-05 6.2966e-01 3.5227e-01 1.8039e-02
16998.79 2.5416e-05 5.0282e-01 4.7136e-01 2.5790e-02
17146.37 2.0131e-05 4.8794e-01 4.8251e-01 2.9532e-02
17415.23 1.5217e-05 4.0973e-01 5.4949e-01 4.0766e-02
17888.12 1.0130e-05 3.2142e-01 6.2593e-01 5.2635e-02
18532.37 5.8999e-06 2.2685e-01 6.8635e-01 8.6797e-02
19260.76 3.8161e-06 1.6609e-01 7.2262e-01 1.1129e-01
20034.10 3.5707e-06 1.9964e-01 7.0034e-01 1.0001e-01
20838.00 2.0752e-06 1.4144e-01 7.3732e-01 1.2124e-01
21647.97 2.3763e-06 1.6281e-01 6.9547e-01 1.4171e-01
22447.94 1.2585e-06 1.1325e-01 7.0674e-01 1.8001e-01
23245.88 1.4450e-06 1.5620e-01 6.3138e-01 2.1241e-01
24052.47 1.3545e-06 1.9661e-01 5.7186e-01 2.3152e-01
24867.72 1.7321e-06 2.7913e-01 4.8465e-01 2.3622e-01
25698.86 9.7502e-07 1.5271e-01 5.0866e-01 3.3863e-01
26587.16 4.0219e-07 6.5755e-02 5.3771e-01 3.9653e-01
27637.54 4.3251e-07 8.8039e-02 5.2751e-01 3.8445e-01
28986.97 3.3294e-07 8.8357e-02 4.5446e-01 4.5718e-01
#TIME: 229.71
#NVEL 78
#vel_mid[km/s] si0 si1 si2 si3
1060.83 2.6707e-04 9.2709e-01 7.0575e-02 2.0691e-03
1919.29 1.5913e-04 8.9136e-01 1.0534e-01 3.1403e-03
2581.60 1.4934e-04 8.9862e-01 9.7725e-02 3.5029e-03
3084.17 9.6102e-05 8.3470e-01 1.5782e-01 7.3866e-03
3472.46 6.7369e-05 7.4527e-01 2.4033e-01 1.4325e-02
3909.64 4.4081e-05 6.6225e-01 3.1348e-01 2.4229e-02
4148.46 3.2443e-05 6.5858e-01 3.1583e-01 2.5556e-02
4670.75 2.8188e-05 6.6597e-01 3.0966e-01 2.4338e-02
4956.05 1.7712e-05 5.8837e-01 3.7851e-01 3.3102e-02
5258.79 8.1123e-06 3.9331e-01 5.4780e-01 5.8885e-02
5580.02 2.3521e-06 1.8280e-01 7.2561e-01 9.1590e-02
5920.87 7.9174e-07 8.2318e-02 8.0052e-01 1.1717e-01
6282.54 5.0940e-07 6.2773e-02 8.0505e-01 1.3217e-01
6666.30 4.1875e-07 5.6089e-02 8.0407e-01 1.3984e-01
7073.50 4.0198e-07 5.6263e-02 7.9830e-01 1.4544e-01
7505.58 3.8449e-07 5.6274e-02 7.8935e-01 1.5437e-01
7964.05 4.8646e-07 6.9095e-02 7.8227e-01 1.4863e-01
8450.53 9.9657e-07 1.1422e-01 7.5332e-01 1.3245e-01
8966.72 2.1669e-06 2.0408e-01 6.8917e-01 1.0675e-01
9514.44 4.6767e-06 3.4144e-01 5.7455e-01 8.4003e-02
10095.62 1.0070e-05 4.7752e-01 4.6246e-01 6.0007e-02
10712.30 1.6904e-05 5.8450e-01 3.7169e-01 4.3784e-02
11366.65 2.4385e-05 6.2584e-01 3.3736e-01 3.6782e-02
12061.10 2.6574e-05 6.5381e-01 3.1170e-01 3.4462e-02
12793.43 2.9613e-05 6.6249e-01 3.0401e-01 3.3475e-02
13528.61 3.2478e-05 6.7046e-01 2.9599e-01 3.3515e-02
14194.74 2.5459e-05 6.3657e-01 3.2456e-01 3.8837e-02
14757.77 2.6951e-05 6.2995e-01 3.3022e-01 3.9808e-02
15240.48 2.8957e-05 6.7961e-01 2.9066e-01 2.9702e-02
15646.99 4.3790e-05 7.5379e-01 2.2959e-01 1.6581e-02
15960.30 7.1059e-05 7.7638e-01 2.1402e-01 9.5292e-03
16187.41 9.0146e-05 8.0528e-01 1.8752e-01 7.1126e-03
16354.17 8.2490e-05 7.8032e-01 2.1188e-01 7.7135e-03
16484.18 5.6705e-05 7.3413e-01 2.5565e-01 1.0161e-02
16593.12 5.4832e-05 7.0301e-01 2.8460e-01 1.2335e-02
16691.99 4.0613e-05 6.9948e-01 2.8631e-01 1.4166e-02
16788.59 3.6618e-05 6.0717e-01 3.7214e-01 2.0660e-02
16888.37 3.3734e-05 5.7716e-01 4.0161e-01 2.1203e-02
16998.79 2.5321e-05 5.4919e-01 4.2601e-01 2.4769e-02
17146.37 2.3296e-05 4.9261e-01 4.7691e-01 3.0465e-02
17415.23 1.5677e-05 4.1776e-01 5.4468e-01 3.7542e-02
17888.12 1.0402e-05 3.1025e-01 6.3621e-01 5.3526e-02
18532.37 6.4586e-06 2.5168e-01 6.7287e-01 7.5441e-02
19260.76 4.6245e-06 2.0471e-01 7.1000e-01 8.5290e-02
20034.10 4.3556e-06 2.4659e-01 6.5053e-01 1.0287e-01
20838.00 4.0412e-06 2.4558e-01 6.1477e-01 1.3965e-01
21647.97 1.8533e-06 1.3875e-01 7.0400e-01 1.5725e-01
22447.94 2.7343e-06 2.5459e-01 5.9889e-01 1.4651e-01
23245.88 2.3753e-06 2.5748e-01 5.6089e-01 1.8164e-01
24052.47 1.8966e-06 2.5217e-01 5.3842e-01 2.0942e-01
24867.72 2.5968e-06 3.3396e-01 4.4547e-01 2.2056e-01
25698.86 1.1942e-06 1.7313e-01 4.7775e-01 3.4912e-01
26587.16 8.8833e-07 1.4987e-01 5.0229e-01 3.4784e-01
27637.54 4.7397e-07 1.0369e-01 4.7543e-01 4.2088e-01
28986.97 5.1746e-07 1.3444e-01 4.3309e-01 4.3247e-01
#TIME: 233.01
#NVEL 78
#vel_mid[km/s] si0 si1 si2 si3
1060.83 3.1129e-04 9.3446e-01 6.3430e-02 1.8026e-03
1919.29 7.5257e-04 9.2442e-01 7.2775e-02 2.0497e-03
2581.60 1.4817e-04 8.9772e-01 9.8626e-02 3.5082e-03
3084.17 1.0265e-04 8.3419e-01 1.5836e-01 7.3416e-03
3472.46 6.3320e-05 7.4462e-01 2.4105e-01 1.4269e-02
3909.64 4.0631e-05 6.6413e-01 3.1172e-01 2.4104e-02
4148.46 3.2417e-05 6.5824e-01 3.1640e-01 2.5323e-02
4670.75 2.9970e-05 6.6628e-01 3.0975e-01 2.3941e-02
4956.05 1.7307e-05 5.9410e-01 3.7168e-01 3.4198e-02
5258.79 7.7205e-06 3.9878e-01 5.4368e-01 5.7533e-02
5580.02 2.5749e-06 1.8883e-01 7.2114e-01 9.0031e-02
5920.87 8.7785e-07 8.6462e-02 7.9925e-01 1.1429e-01
6282.54 5.3285e-07 6.5964e-02 8.0200e-01 1.3204e-01
6666.30 4.2627e-07 5.6101e-02 8.0403e-01 1.3987e-01
7073.50 3.8932e-07 5.3300e-02 7.9969e-01 1.4701e-01
7505.58 3.7657e-07 5.4834e-02 7.9124e-01 1.5393e-01
7964.05 4.9707e-07 7.0112e-02 7.7818e-01 1.5171e-01
8450.53 9.2926e-07 1.0311e-01 7.6606e-01 1.3083e-01
8966.72 2.2111e-06 2.0895e-01 6.8474e-01 1.0630e-01
9514.44 4.8693e-06 3.2965e-01 5.8560e-01 8.4746e-02
10095.62 1.0261e-05 4.7549e-01 4.6476e-01 5.9736e-02
10712.30 1.8189e-05 5.9480e-01 3.6222e-01 4.2963e-02
11366.65 2.3432e-05 6.1237e-01 3.4971e-01 3.7894e-02
12061.10 2.6625e-05 6.4226e-01 3.2207e-01 3.5643e-02
12793.43 2.8111e-05 6.6324e-01 3.0383e-01 3.2899e-02
13528.61 3.4689e-05 6.5209e-01 3.1344e-01 3.4430e-02
14194.74 2.6310e-05 6.5378e-01 3.0971e-01 3.6490e-02
14757.77 2.3360e-05 6.4133e-01 3.1937e-01 3.9277e-02
15240.48 2.9963e-05 6.7776e-01 2.9324e-01 2.8970e-02
15646.99 3.9786e-05 7.4693e-01 2.3649e-01 1.6548e-02
15960.30 7.5074e-05 8.0940e-01 1.8226e-01 8.2675e-03
16187.41 7.8008e-05 8.2253e-01 1.7082e-01 6.5673e-03
16354.17 8.7874e-05 7.9089e-01 2.0191e-01 7.1076e-03
16484.18 7.1468e-05 7.9494e-01 1.9746e-01 7.5299e-03
16593.12 6.0645e-05 6.9975e-01 2.8787e-01 1.2323e-02
16691.99 3.7040e-05 6.3571e-01 3.4760e-01 1.6648e-02
16788.59 5.8997e-05 6.6026e-01 3.2310e-01 1.6581e-02
16888.37 3.7353e-05 5.8959e-01 3.8935e-01 2.1024e-02
16998.79 2.6338e-05 4.8349e-01 4.8910e-01 2.7376e-02
17146.37 2.7757e-05 5.5549e-01 4.1785e-01 2.6628e-02
17415.23 1.8879e-05 4.7654e-01 4.8922e-01 3.4226e-02
17888.12 1.0791e-05 3.8298e-01 5.6812e-01 4.8890e-02
18532.37 7.3296e-06 2.9345e-01 6.4329e-01 6.3255e-02
19260.76 3.6998e-06 1.6514e-01 7.4857e-01 8.6289e-02
20034.10 4.7171e-06 2.2399e-01 6.6674e-01 1.0926e-01
20838.00 3.6316e-06 2.0746e-01 6.7848e-01 1.1406e-01
21647.97 2.3862e-06 1.5862e-01 7.0644e-01 1.3494e-01
22447.94 1.7978e-06 1.4709e-01 5.9782e-01 2.5509e-01
23245.88 1.1236e-06 1.0999e-01 6.7449e-01 2.1552e-01
24052.47 2.0290e-06 2.6783e-01 5.2087e-01 2.1130e-01
24867.72 1.8428e-06 2.9736e-01 4.6817e-01 2.3446e-01
25698.86 1.1384e-06 1.7834e-01 4.6435e-01 3.5731e-01
26587.16 4.7091e-07 9.4506e-02 5.4111e-01 3.6438e-01
27637.54 4.8248e-07 9.8049e-02 4.4108e-01 4.6087e-01
28986.97 2.4724e-07 5.9588e-02 4.6816e-01 4.7225e-01
#TIME: 236.36
#NVEL 78
#vel_mid[km/s] si0 si1 si2 si3
1060.83 3.1224e-04 9.3363e-01 6.4226e-02 1.8279e-03
1919.29 9.6870e-04 9.2531e-01 7.1681e-02 2.0356e-03
2581.60 1.5880e-04 9.0142e-01 9.5037e-02 3.3884e-03
3084.17 1.0623e-04 8.4123e-01 1.5160e-01 7.0623e-03
3472.46 6.4707e-05 7.4457e-01 2.4117e-01 1.4201e-02
3909.64 3.6391e-05 6.5968e-01 3.1604e-01 2.4243e-02
4148.46 3.5303e-05 6.6418e-01 3.1078e-01 2.5004e-02
4670.75 3.0728e-05 6.7282e-01 3.0349e-01 2.3660e-02
4956.05 1.9281e-05 6.0863e-01 3.5913e-01 3.2224e-02
5258.79 8.7203e-06 3.9821e-01 5.4378e-01 5.8005e-02
5580.02 2.5851e-06 1.8637e-01 7.2227e-01 9.1360e-02
5920.87 9.9687e-07 9.7988e-02 7.8740e-01 1.1461e-01
6282.54 5.4432e-07 6.4978e-02 8.0060e-01 1.3442e-01
6666.30 4.3622e-07 5.6474e-02 8.0337e-01 1.4016e-01
7073.50 3.8353e-07 5.2327e-02 8.0245e-01 1.4522e-01
7505.58 3.8513e-07 5.5813e-02 7.8815e-01 1.5604e-01
7964.05 4.9919e-07 6.9019e-02 7.8014e-01 1.5084e-01
8450.53 1.0296e-06 1.1027e-01 7.5964e-01 1.3009e-01
8966.72 2.3530e-06 2.0178e-01 6.8990e-01 1.0832e-01
9514.44 4.9750e-06 3.3332e-01 5.8207e-01 8.4597e-02
10095.62 1.1241e-05 4.8202e-01 4.5862e-01 5.9343e-02
10712.30 1.8506e-05 5.9124e-01 3.6579e-01 4.2949e-02
11366.65 2.4088e-05 6.2550e-01 3.3766e-01 3.6816e-02
12061.10 2.7123e-05 6.4959e-01 3.1594e-01 3.4437e-02
12793.43 3.1845e-05 6.7281e-01 2.9447e-01 3.2689e-02
13528.61 3.0680e-05 6.5947e-01 3.0646e-01 3.4036e-02
14194.74 2.8289e-05 6.5433e-01 3.0912e-01 3.6516e-02
14757.77 2.6601e-05 6.7369e-01 2.9073e-01 3.5555e-02
15240.48 2.8712e-05 6.8561e-01 2.8557e-01 2.8791e-02
15646.99 4.9409e-05 7.2453e-01 2.5761e-01 1.7820e-02
15960.30 7.2442e-05 7.8385e-01 2.0738e-01 8.7032e-03
16187.41 8.0409e-05 8.0488e-01 1.8842e-01 6.6230e-03
16354.17 9.4237e-05 8.0068e-01 1.9250e-01 6.7251e-03
16484.18 6.6676e-05 7.2606e-01 2.6505e-01 8.8224e-03
16593.12 7.3291e-05 6.9930e-01 2.8860e-01 1.2030e-02
16691.99 3.3400e-05 7.1061e-01 2.7585e-01 1.3507e-02
16788.59 7.1387e-05 7.6078e-01 2.2613e-01 1.3020e-02
16888.37 5.9271e-05 6.2305e-01 3.5939e-01 1.7506e-02
16998.79 3.0304e-05 5.6124e-01 4.0924e-01 2.9494e-02
17146.37 3.3360e-05 6.1342e-01 3.6344e-01 2.3108e-02
17415.23 1.9766e-05 4.1239e-01 5.5092e-01 3.6674e-02
17888.12 1.3758e-05 4.0726e-01 5.4609e-01 4.6629e-02
18532.37 7.0694e-06 2.5918e-01 6.7247e-01 6.8340e-02
19260.76 6.5171e-06 2.6195e-01 6.6029e-01 7.7755e-02
20034.10 4.1917e-06 2.2452e-01 6.8073e-01 9.4750e-02
20838.00 4.9055e-06 2.6683e-01 6.2929e-01 1.0388e-01
21647.97 3.4693e-06 2.4532e-01 6.2716e-01 1.2752e-01
22447.94 3.5785e-06 2.6134e-01 5.4790e-01 1.9075e-01
23245.88 2.3895e-06 2.2584e-01 5.1672e-01 2.5744e-01
24052.47 1.6685e-06 1.8537e-01 5.8936e-01 2.2526e-01
24867.72 7.1714e-07 8.7718e-02 5.6620e-01 3.4608e-01
25698.86 7.3367e-07 1.2289e-01 5.1543e-01 3.6167e-01
26587.16 4.7617e-07 9.2984e-02 5.6182e-01 3.4519e-01
27637.54 2.2717e-07 5.4925e-02 5.3242e-01 4.1266e-01
28986.97 2.3066e-07 6.7640e-02 4.6735e-01 4.6501e-01
#TIME: 239.76
#NVEL 78
#vel_mid[km/s] si0 si1 si2 si3
1060.83 4.2555e-04 9.3120e-01 6.6478e-02 1.8927e-03
1919.29 1.1547e-03 9.2789e-01 6.9023e-02 1.9339e-03
2581.60 1.6437e-04 9.0232e-01 9.4191e-02 3.3277e-03
3084.17 1.0512e-04 8.4533e-01 1.4775e-01 6.8142e-03
3472.46 6.7102e-05 7.5285e-01 2.3330e-01 1.3778e-02
3909.64 4.2201e-05 6.5866e-01 3.1703e-01 2.4269e-02
4148.46 3.5722e-05 6.6094e-01 3.1415e-01 2.4872e-02
4670.75 3.3223e-05 6.7972e-01 2.9729e-01 2.2956e-02
4956.05 1.7386e-05 5.9866e-01 3.6844e-01 3.2878e-02
5258.79 8.2977e-06 3.8380e-01 5.5676e-01 5.9434e-02
5580.02 2.7279e-06 1.8898e-01 7.1954e-01 9.1470e-02
5920.87 9.4665e-07 8.9677e-02 7.9340e-01 1.1692e-01
6282.54 5.5124e-07 6.3252e-02 8.0298e-01 1.3376e-01
6666.30 4.7455e-07 5.7942e-02 8.0183e-01 1.4022e-01
7073.50 3.6924e-07 4.9093e-02 8.0520e-01 1.4571e-01
7505.58 3.7429e-07 5.3030e-02 7.9251e-01 1.5446e-01
7964.05 5.0262e-07 6.6501e-02 7.8238e-01 1.5112e-01
8450.53 1.0502e-06 1.1065e-01 7.5548e-01 1.3387e-01
8966.72 2.3663e-06 2.0415e-01 6.8718e-01 1.0867e-01
9514.44 5.1268e-06 3.3664e-01 5.7996e-01 8.3390e-02
10095.62 1.0950e-05 4.7818e-01 4.6221e-01 5.9603e-02
10712.30 1.9410e-05 5.8100e-01 3.7534e-01 4.3638e-02
11366.65 2.5828e-05 6.4536e-01 3.1945e-01 3.5167e-02
