#NTIMES: 50
#NSTAGES: 3
#TIMES[d]: 199.16 202.03 204.93 207.87 210.86 213.89 216.97 220.09 223.25 226.46 229.71 233.01 236.36 239.76 243.21 246.70 250.25 253.85 257.50 261.20 264.95 268.76 272.62 276.54 280.51 284.55 288.64 292.79 296.99 301.26 305.59 309.99 314.44 318.96 323.55 328.19 332.91 337.70 342.55 347.48 352.47 357.54 362.68 367.89 373.18 378.54 383.98 389.50 395.10 400.78
#
#TIME: 199.16
#NVEL: 115
#vel_mid[km/s] ne0 ne1 ne2
425.78 1.4170e-01 6.2303e-01 2.3527e-01
857.79 1.6938e-01 6.3452e-01 1.9611e-01
878.44 1.8467e-01 6.4607e-01 1.6927e-01
917.72 1.9439e-01 6.3814e-01 1.6747e-01
973.04 1.4314e-01 6.2505e-01 2.3180e-01
1034.98 1.6710e-01 6.3609e-01 1.9682e-01
1099.97 1.9074e-01 6.4052e-01 1.6874e-01
1169.04 1.9370e-01 6.4041e-01 1.6589e-01
1242.44 1.9139e-01 6.3971e-01 1.6890e-01
1320.45 2.0192e-01 6.3663e-01 1.6145e-01
1403.37 1.9172e-01 6.3371e-01 1.7457e-01
1491.49 1.9950e-01 6.3079e-01 1.6970e-01
1585.14 1.9653e-01 6.2868e-01 1.7479e-01
1684.67 2.0291e-01 6.3067e-01 1.6642e-01
1790.45 1.9708e-01 6.3118e-01 1.7174e-01
1902.87 1.8790e-01 6.2949e-01 1.8261e-01
2022.36 1.3469e-01 6.1816e-01 2.4715e-01
2149.34 1.8985e-01 6.3911e-01 1.7104e-01
2284.30 1.7609e-01 6.4006e-01 1.8385e-01
2427.74 1.6019e-01 6.4110e-01 1.9871e-01
2580.18 1.4658e-01 6.3936e-01 2.1406e-01
2742.19 1.3254e-01 6.4039e-01 2.2706e-01
2914.37 1.2042e-01 6.4183e-01 2.3776e-01
3097.37 1.1068e-01 6.4817e-01 2.4115e-01
3291.85 9.3487e-02 6.6034e-01 2.4618e-01
3498.55 9.0082e-02 6.8320e-01 2.2672e-01
3718.23 1.2160e-01 7.0462e-01 1.7378e-01
3951.70 1.4357e-01 7.0988e-01 1.4655e-01
4199.83 1.0567e-01 7.0880e-01 1.8553e-01
4463.54 9.5881e-02 6.9410e-01 2.1002e-01
4743.81 1.0776e-01 6.7939e-01 2.1285e-01
5041.68 1.1558e-01 6.7617e-01 2.0826e-01
5358.25 1.2343e-01 6.7067e-01 2.0591e-01
5694.70 1.2307e-01 6.7053e-01 2.0639e-01
6052.28 1.3187e-01 6.6705e-01 2.0109e-01
6432.31 1.3711e-01 6.6761e-01 1.9527e-01
6836.20 1.3234e-01 6.6825e-01 1.9941e-01
7265.45 1.3720e-01 6.6724e-01 1.9556e-01
7721.65 1.4699e-01 6.6591e-01 1.8711e-01
8206.56 1.4890e-01 6.6767e-01 1.8343e-01
8717.73 1.6280e-01 6.6914e-01 1.6806e-01
9214.74 1.6395e-01 6.8091e-01 1.5514e-01
9629.11 1.6777e-01 6.8795e-01 1.4428e-01
9954.11 1.7680e-01 6.9105e-01 1.3215e-01
10245.64 1.5251e-01 7.1341e-01 1.3408e-01
10541.49 1.3356e-01 7.3338e-01 1.3305e-01
10839.94 1.4510e-01 7.4507e-01 1.0984e-01
11119.11 1.6178e-01 7.4077e-01 9.7450e-02
11355.83 2.1451e-01 7.0977e-01 7.5716e-02
11539.81 2.7625e-01 6.6543e-01 5.8320e-02
11677.16 3.3131e-01 6.2108e-01 4.7614e-02
11784.05 3.5089e-01 6.0814e-01 4.0977e-02
11875.85 3.7722e-01 5.8321e-01 3.9571e-02
11963.37 3.4850e-01 6.0874e-01 4.2764e-02
12055.39 3.0295e-01 6.4498e-01 5.2073e-02
12170.41 2.0773e-01 7.2131e-01 7.0956e-02
12360.89 1.5387e-01 7.6794e-01 7.8190e-02
12670.46 8.9879e-02 8.1388e-01 9.6244e-02
13075.34 4.9266e-02 8.3059e-01 1.2014e-01
13530.52 4.2009e-02 8.1312e-01 1.4487e-01
14012.75 1.8900e-02 8.1752e-01 1.6357e-01
14508.81 1.6237e-02 7.9150e-01 1.9226e-01
15002.30 1.8493e-02 7.7654e-01 2.0496e-01
15475.29 2.4054e-02 7.6968e-01 2.0626e-01
15923.68 3.2976e-02 7.3860e-01 2.2843e-01
16355.64 3.8354e-02 7.2069e-01 2.4095e-01
16776.27 3.6844e-02 7.2444e-01 2.3871e-01
17183.14 5.8640e-02 7.0298e-01 2.3838e-01
17580.45 3.3275e-02 7.4318e-01 2.2354e-01
17990.34 1.4606e-02 7.2265e-01 2.6274e-01
18458.06 5.3780e-02 6.7921e-01 2.6701e-01
19084.69 1.1184e-02 6.7371e-01 3.1510e-01
19999.79 5.2222e-03 5.6125e-01 4.3353e-01
21193.46 7.0557e-03 4.2431e-01 5.6864e-01
22528.72 1.7524e-03 3.1307e-01 6.8518e-01
23943.32 2.2518e-03 2.4390e-01 7.5385e-01
25446.74 5.3974e-04 1.1858e-01 8.8088e-01
27044.57 2.0429e-04 1.4594e-01 8.5386e-01
28744.18 7.2964e-05 5.9499e-02 9.4043e-01
30520.16 9.4217e-05 3.4929e-02 9.6498e-01
32243.50 4.5520e-05 2.5831e-02 9.7412e-01
33773.01 3.1255e-05 2.0742e-02 9.7923e-01
35108.48 1.7949e-05 1.5037e-02 9.8494e-01
36326.30 7.6826e-06 1.0375e-02 9.8962e-01
37486.70 3.6975e-06 7.2046e-03 9.9279e-01
38628.25 5.3361e-07 5.4830e-03 9.9452e-01
39768.62 1.1259e-07 4.0385e-03 9.9596e-01
40915.31 6.2098e-08 3.0109e-03 9.9699e-01
42074.51 8.8688e-08 2.2547e-03 9.9775e-01
43252.44 2.2823e-07 1.6922e-03 9.9831e-01
44454.05 1.3342e-07 1.2730e-03 9.9873e-01
45683.04 7.6290e-08 9.5703e-04 9.9904e-01
46941.68 4.3361e-08 7.1909e-04 9.9928e-01
48230.81 2.4464e-08 5.4005e-04 9.9946e-01
49550.29 1.3780e-08 4.0593e-04 9.9959e-01
50899.37 7.7573e-09 3.0569e-04 9.9969e-01
52276.86 4.4051e-09 2.3055e-04 9.9977e-01
53681.16 2.5062e-09 1.7433e-04 9.9983e-01
55110.21 1.4391e-09 1.3208e-04 9.9987e-01
56561.17 8.2916e-10 1.0039e-04 9.9990e-01
58030.00 4.8182e-10 7.6758e-05 9.9992e-01
59510.42 2.8294e-10 5.8881e-05 9.9994e-01
60993.45 1.6772e-10 4.5530e-05 9.9995e-01
62466.44 1.0186e-10 3.5447e-05 9.9996e-01
63912.69 6.1779e-11 2.7910e-05 9.9997e-01
65311.62 3.9949e-11 2.2255e-05 9.9998e-01
66639.26 2.6407e-11 1.8074e-05 9.9998e-01
67870.77 1.7943e-11 1.4944e-05 9.9999e-01
68864.47 1.2546e-11 1.2525e-05 9.9999e-01
69459.55 1.0766e-11 1.1684e-05 9.9999e-01
69744.99 1.0135e-11 1.1281e-05 9.9999e-01
69888.26 9.7053e-12 1.1083e-05 9.9999e-01
69959.62 9.6045e-12 1.0984e-05 9.9999e-01
69991.15 9.5136e-12 1.0937e-05 9.9999e-01
69999.53 9.4158e-12 1.0947e-05 9.9999e-01
#TIME: 202.03
#NVEL: 115
#vel_mid[km/s] ne0 ne1 ne2
425.78 1.8106e-01 6.3107e-01 1.8787e-01
857.79 1.6710e-01 6.6028e-01 1.7262e-01
878.44 1.4813e-01 6.2902e-01 2.2286e-01
917.72 1.4751e-01 6.3018e-01 2.2231e-01
973.04 1.6988e-01 6.3347e-01 1.9665e-01
1034.98 1.7712e-01 6.3685e-01 1.8603e-01
1099.97 1.9826e-01 6.3702e-01 1.6472e-01
1169.04 1.3576e-01 6.2508e-01 2.3915e-01
1242.44 1.4040e-01 6.2568e-01 2.3392e-01
1320.45 1.5255e-01 6.2637e-01 2.2108e-01
1403.37 1.9788e-01 6.3205e-01 1.7006e-01
1491.49 2.0389e-01 6.3139e-01 1.6472e-01
1585.14 2.0392e-01 6.3029e-01 1.6579e-01
1684.67 2.0760e-01 6.3042e-01 1.6198e-01
1790.45 2.0385e-01 6.3166e-01 1.6449e-01
1902.87 1.9183e-01 6.3111e-01 1.7706e-01
2022.36 1.8140e-01 6.2826e-01 1.9033e-01
2149.34 1.9281e-01 6.3813e-01 1.6906e-01
2284.30 1.7718e-01 6.4143e-01 1.8139e-01
2427.74 1.6191e-01 6.4138e-01 1.9671e-01
2580.18 1.4675e-01 6.4016e-01 2.1309e-01
2742.19 1.3320e-01 6.3999e-01 2.2681e-01
2914.37 1.2098e-01 6.4110e-01 2.3792e-01
3097.37 1.1113e-01 6.4918e-01 2.3968e-01
3291.85 9.2841e-02 6.6392e-01 2.4324e-01
3498.55 8.8398e-02 6.8479e-01 2.2682e-01
3718.23 1.2118e-01 7.0490e-01 1.7392e-01
3951.70 1.4647e-01 7.0685e-01 1.4668e-01
4199.83 1.0326e-01 7.1095e-01 1.8579e-01
4463.54 9.6127e-02 6.9473e-01 2.0914e-01
4743.81 1.0242e-01 6.8290e-01 2.1468e-01
5041.68 1.1621e-01 6.7468e-01 2.0911e-01
5358.25 1.2860e-01 6.6629e-01 2.0511e-01
5694.70 1.2748e-01 6.6880e-01 2.0372e-01
6052.28 1.3444e-01 6.6856e-01 1.9700e-01
6432.31 1.3599e-01 6.6798e-01 1.9603e-01
6836.20 1.3838e-01 6.6536e-01 1.9625e-01
7265.45 1.4753e-01 6.6578e-01 1.8669e-01
7721.65 1.5033e-01 6.6743e-01 1.8225e-01
8206.56 1.5766e-01 6.6667e-01 1.7568e-01
8717.73 1.6199e-01 6.6916e-01 1.6884e-01
9214.74 1.6207e-01 6.8127e-01 1.5666e-01
9629.11 1.7064e-01 6.9108e-01 1.3828e-01
9954.11 1.7049e-01 6.9301e-01 1.3650e-01
10245.64 1.4598e-01 7.1679e-01 1.3724e-01
10541.49 1.3262e-01 7.4100e-01 1.2639e-01
10839.94 1.4707e-01 7.4273e-01 1.1019e-01
11119.11 1.6940e-01 7.3820e-01 9.2400e-02
11355.83 2.2034e-01 7.0491e-01 7.4754e-02
11539.81 2.7600e-01 6.6969e-01 5.4309e-02
11677.16 3.3359e-01 6.2183e-01 4.4584e-02
11784.05 3.6457e-01 5.9568e-01 3.9752e-02
11875.85 3.6942e-01 5.8953e-01 4.1057e-02
11963.37 3.2965e-01 6.2500e-01 4.5342e-02
12055.39 2.9047e-01 6.5650e-01 5.3031e-02
12170.41 1.9877e-01 7.3385e-01 6.7377e-02
12360.89 1.4436e-01 7.7906e-01 7.6574e-02
12670.46 8.6876e-02 8.1520e-01 9.7923e-02
13075.34 6.0997e-02 8.2101e-01 1.1799e-01
13530.52 3.4474e-02 8.2895e-01 1.3658e-01
14012.75 2.2650e-02 8.1421e-01 1.6314e-01
14508.81 1.7024e-02 8.0469e-01 1.7829e-01
15002.30 2.3464e-02 7.7599e-01 2.0055e-01
15475.29 3.2878e-02 7.6501e-01 2.0211e-01
15923.68 4.4068e-02 7.3651e-01 2.1942e-01
16355.64 2.5550e-02 7.3124e-01 2.4321e-01
16776.27 3.4099e-02 7.3764e-01 2.2826e-01
17183.14 4.0191e-02 7.3641e-01 2.2340e-01
17580.45 2.7078e-02 7.4793e-01 2.2499e-01
17990.34 2.9594e-02 7.0843e-01 2.6198e-01
18458.06 5.2476e-02 6.7891e-01 2.6861e-01
19084.69 1.8607e-02 6.6148e-01 3.1992e-01
19999.79 6.0977e-03 5.8360e-01 4.1030e-01
21193.46 1.7158e-02 4.1228e-01 5.7056e-01
22528.72 8.3068e-03 3.0808e-01 6.8362e-01
23943.32 3.3014e-03 2.2807e-01 7.6863e-01
25446.74 5.2529e-04 1.7974e-01 8.1973e-01
27044.57 5.9437e-05 1.3293e-01 8.6701e-01
28744.18 3.9523e-05 7.6914e-02 9.2305e-01
30520.16 1.2945e-05 4.1043e-02 9.5894e-01
32243.50 8.5592e-06 2.6485e-02 9.7351e-01
33773.01 3.1065e-05 2.1107e-02 9.7886e-01
35108.48 1.6434e-05 1.5352e-02 9.8463e-01
36326.30 7.9710e-06 1.0622e-02 9.8937e-01
37486.70 4.0597e-06 7.3837e-03 9.9261e-01
38628.25 2.2348e-06 5.3386e-03 9.9466e-01
39768.62 1.2310e-06 3.9574e-03 9.9604e-01
40915.31 7.5441e-07 3.0985e-03 9.9690e-01
42074.51 5.3844e-08 2.3246e-03 9.9768e-01
43252.44 2.0793e-08 1.7461e-03 9.9825e-01
44454.05 1.2141e-08 1.3136e-03 9.9869e-01
45683.04 8.1305e-08 9.8664e-04 9.9901e-01
46941.68 4.5966e-08 7.4129e-04 9.9926e-01
48230.81 2.5962e-08 5.5697e-04 9.9944e-01
49550.29 1.4655e-08 4.1897e-04 9.9958e-01
50899.37 8.2482e-09 3.1530e-04 9.9968e-01
52276.86 4.6730e-09 2.3775e-04 9.9976e-01
53681.16 2.6517e-09 1.7953e-04 9.9982e-01
55110.21 1.5220e-09 1.3605e-04 9.9986e-01
56561.17 8.7967e-10 1.0357e-04 9.9990e-01
58030.00 5.1070e-10 7.9119e-05 9.9992e-01
59510.42 2.9966e-10 6.0659e-05 9.9994e-01
60993.45 1.7717e-10 4.6856e-05 9.9995e-01
62466.44 1.0736e-10 3.6478e-05 9.9996e-01
63912.69 6.5096e-11 2.8729e-05 9.9997e-01
65311.62 4.2051e-11 2.2884e-05 9.9998e-01
66639.26 2.7692e-11 1.8544e-05 9.9998e-01
67870.77 1.8766e-11 1.5310e-05 9.9998e-01
68864.47 1.3144e-11 1.2845e-05 9.9999e-01
69459.55 1.1275e-11 1.1992e-05 9.9999e-01
69744.99 1.0616e-11 1.1576e-05 9.9999e-01
69888.26 1.0154e-11 1.1365e-05 9.9999e-01
69959.62 1.0046e-11 1.1265e-05 9.9999e-01
69991.15 9.9630e-12 1.1219e-05 9.9999e-01
69999.53 9.8522e-12 1.1219e-05 9.9999e-01
#TIME: 204.93
#NVEL: 115
#vel_mid[km/s] ne0 ne1 ne2
425.78 1.8482e-01 6.3377e-01 1.8142e-01
857.79 1.9781e-01 6.3072e-01 1.7146e-01
878.44 1.8153e-01 6.3066e-01 1.8780e-01
917.72 1.7748e-01 6.3810e-01 1.8442e-01
973.04 1.7743e-01 6.3717e-01 1.8540e-01
1034.98 1.8292e-01 6.3397e-01 1.8311e-01
1099.97 1.3993e-01 6.2300e-01 2.3707e-01
1169.04 1.7764e-01 6.3339e-01 1.8897e-01
1242.44 1.8212e-01 6.2909e-01 1.8879e-01
1320.45 1.8004e-01 6.3129e-01 1.8867e-01
1403.37 2.0191e-01 6.3327e-01 1.6483e-01
1491.49 2.0971e-01 6.3236e-01 1.5793e-01
1585.14 2.0483e-01 6.3275e-01 1.6242e-01
1684.67 2.1289e-01 6.3185e-01 1.5526e-01
1790.45 2.0704e-01 6.3237e-01 1.6059e-01
1902.87 1.9584e-01 6.3310e-01 1.7106e-01
2022.36 1.8527e-01 6.3125e-01 1.8349e-01
2149.34 1.9396e-01 6.3843e-01 1.6761e-01
2284.30 1.7953e-01 6.3964e-01 1.8083e-01
2427.74 1.6360e-01 6.3990e-01 1.9649e-01
2580.18 1.4755e-01 6.3994e-01 2.1251e-01
2742.19 1.3404e-01 6.3912e-01 2.2685e-01
2914.37 1.2062e-01 6.4170e-01 2.3768e-01
3097.37 1.1216e-01 6.4788e-01 2.3996e-01
3291.85 9.3542e-02 6.6308e-01 2.4338e-01
3498.55 9.0478e-02 6.8292e-01 2.2660e-01
3718.23 1.2295e-01 7.0391e-01 1.7314e-01
3951.70 1.4642e-01 7.0736e-01 1.4623e-01
4199.83 1.0690e-01 7.0780e-01 1.8530e-01
4463.54 9.3043e-02 6.9540e-01 2.1156e-01
4743.81 1.0576e-01 6.7873e-01 2.1550e-01
5041.68 1.1547e-01 6.7542e-01 2.0911e-01
5358.25 1.2712e-01 6.6868e-01 2.0420e-01
5694.70 1.2516e-01 6.7003e-01 2.0481e-01
6052.28 1.3029e-01 6.6584e-01 2.0388e-01
6432.31 1.3828e-01 6.6609e-01 1.9563e-01
6836.20 1.4294e-01 6.6506e-01 1.9200e-01
7265.45 1.4290e-01 6.6355e-01 1.9355e-01
7721.65 1.5232e-01 6.6638e-01 1.8131e-01
8206.56 1.5200e-01 6.6699e-01 1.8101e-01
8717.73 1.6009e-01 6.6921e-01 1.7070e-01
9214.74 1.7045e-01 6.7631e-01 1.5324e-01
9629.11 1.7486e-01 6.8458e-01 1.4056e-01
9954.11 1.6026e-01 7.0047e-01 1.3926e-01
10245.64 1.6159e-01 7.0444e-01 1.3398e-01
10541.49 1.2893e-01 7.4135e-01 1.2972e-01
10839.94 1.7509e-01 7.1890e-01 1.0601e-01
11119.11 1.6888e-01 7.3888e-01 9.2241e-02
11355.83 2.2623e-01 7.0079e-01 7.2986e-02
11539.81 2.8469e-01 6.6111e-01 5.4201e-02
11677.16 3.5161e-01 6.0514e-01 4.3245e-02
11784.05 3.5474e-01 6.0264e-01 4.2623e-02
11875.85 3.8017e-01 5.7969e-01 4.0137e-02
11963.37 3.5330e-01 6.0494e-01 4.1759e-02
12055.39 3.1581e-01 6.3268e-01 5.1519e-02
12170.41 2.4237e-01 6.9423e-01 6.3397e-02
12360.89 1.5376e-01 7.7227e-01 7.3968e-02
12670.46 8.8674e-02 8.1502e-01 9.6306e-02
13075.34 5.8839e-02 8.2477e-01 1.1639e-01
13530.52 3.4521e-02 8.2373e-01 1.4175e-01
14012.75 2.3257e-02 8.1313e-01 1.6362e-01
14508.81 1.9512e-02 7.9759e-01 1.8290e-01
15002.30 1.9391e-02 7.8900e-01 1.9160e-01
15475.29 2.4883e-02 7.7698e-01 1.9813e-01
15923.68 3.0217e-02 7.5148e-01 2.1830e-01
16355.64 1.5465e-02 7.5762e-01 2.2691e-01
16776.27 2.3109e-02 7.4646e-01 2.3043e-01
17183.14 5.5696e-02 7.1837e-01 2.2594e-01
17580.45 4.0526e-02 7.3688e-01 2.2259e-01
17990.34 5.4791e-02 7.1391e-01 2.3130e-01
18458.06 2.0907e-02 6.9362e-01 2.8547e-01
19084.69 9.1772e-03 6.7727e-01 3.1356e-01
19999.79 1.5113e-02 5.8779e-01 3.9710e-01
21193.46 1.9140e-03 3.9678e-01 6.0131e-01
22528.72 8.7110e-03 3.1455e-01 6.7674e-01
23943.32 1.9571e-03 2.4822e-01 7.4982e-01
25446.74 4.0510e-04 2.0700e-01 7.9260e-01
27044.57 8.2946e-05 1.3168e-01 8.6824e-01
28744.18 3.2315e-04 6.6545e-02 9.3313e-01
30520.16 9.4569e-06 2.2470e-02 9.7752e-01
32243.50 7.7567e-07 4.9702e-03 9.9503e-01
33773.01 9.5860e-07 5.2278e-03 9.9477e-01
35108.48 1.6608e-05 1.5674e-02 9.8431e-01
36326.30 8.3767e-06 1.0856e-02 9.8914e-01
37486.70 4.1495e-06 7.5740e-03 9.9242e-01
38628.25 2.2192e-06 5.4848e-03 9.9451e-01
39768.62 1.3402e-06 4.0720e-03 9.9593e-01
40915.31 8.3083e-07 3.1882e-03 9.9681e-01
42074.51 4.7790e-07 2.3960e-03 9.9760e-01
43252.44 2.6996e-07 1.8018e-03 9.9820e-01
44454.05 1.0934e-07 1.3561e-03 9.9864e-01
45683.04 7.0426e-09 1.0186e-03 9.9898e-01
46941.68 3.9437e-09 7.6549e-04 9.9923e-01
48230.81 4.3131e-09 5.7496e-04 9.9943e-01
49550.29 1.5571e-08 4.3226e-04 9.9957e-01
50899.37 8.7532e-09 3.2526e-04 9.9967e-01
52276.86 4.9602e-09 2.4524e-04 9.9975e-01
53681.16 2.8181e-09 1.8524e-04 9.9981e-01
55110.21 1.6151e-09 1.4029e-04 9.9986e-01
56561.17 9.3106e-10 1.0672e-04 9.9989e-01
58030.00 5.3967e-10 8.1496e-05 9.9992e-01
59510.42 3.1703e-10 6.2502e-05 9.9994e-01
60993.45 1.8761e-10 4.8282e-05 9.9995e-01
62466.44 1.1361e-10 3.7584e-05 9.9996e-01
63912.69 6.8754e-11 2.9540e-05 9.9997e-01
65311.62 4.4303e-11 2.3537e-05 9.9998e-01
66639.26 2.9161e-11 1.9078e-05 9.9998e-01
67870.77 1.9743e-11 1.5745e-05 9.9998e-01
68864.47 1.3803e-11 1.3195e-05 9.9999e-01
69459.55 1.1826e-11 1.2304e-05 9.9999e-01
69744.99 1.1111e-11 1.1864e-05 9.9999e-01
69888.26 1.0642e-11 1.1662e-05 9.9999e-01
69959.62 1.0526e-11 1.1550e-05 9.9999e-01
69991.15 1.0433e-11 1.1503e-05 9.9999e-01
69999.53 1.0318e-11 1.1503e-05 9.9999e-01
#TIME: 207.87
#NVEL: 115
#vel_mid[km/s] ne0 ne1 ne2
425.78 1.9105e-01 6.3374e-01 1.7521e-01
857.79 1.8574e-01 6.4224e-01 1.7202e-01
878.44 1.7228e-01 6.3377e-01 1.9395e-01
917.72 1.8358e-01 6.3619e-01 1.8023e-01
973.04 1.9161e-01 6.3058e-01 1.7782e-01
1034.98 1.9215e-01 6.3417e-01 1.7368e-01
1099.97 1.7542e-01 6.3281e-01 1.9177e-01
1169.04 1.7815e-01 6.3554e-01 1.8631e-01
1242.44 1.9167e-01 6.3451e-01 1.7382e-01
1320.45 1.8600e-01 6.3284e-01 1.8116e-01
1403.37 2.0646e-01 6.3361e-01 1.5993e-01
1491.49 2.1099e-01 6.3432e-01 1.5469e-01
1585.14 2.1116e-01 6.3096e-01 1.5788e-01
1684.67 2.1539e-01 6.3301e-01 1.5159e-01
1790.45 2.1246e-01 6.3136e-01 1.5618e-01
1902.87 2.0069e-01 6.3384e-01 1.6548e-01
2022.36 1.9011e-01 6.3206e-01 1.7783e-01
2149.34 1.2827e-01 6.1600e-01 2.5573e-01
2284.30 1.8090e-01 6.3966e-01 1.7945e-01
2427.74 1.6347e-01 6.4121e-01 1.9532e-01
2580.18 1.4871e-01 6.3993e-01 2.1136e-01
2742.19 1.3369e-01 6.3889e-01 2.2741e-01
2914.37 1.2069e-01 6.4195e-01 2.3736e-01
3097.37 1.1311e-01 6.4837e-01 2.3852e-01
3291.85 9.4710e-02 6.6136e-01 2.4393e-01
3498.55 8.9126e-02 6.8490e-01 2.2597e-01
3718.23 1.2358e-01 7.0388e-01 1.7255e-01
3951.70 1.4606e-01 7.0784e-01 1.4610e-01
4199.83 1.0648e-01 7.0900e-01 1.8452e-01
4463.54 9.3884e-02 6.9796e-01 2.0815e-01
4743.81 1.0550e-01 6.8262e-01 2.1188e-01
5041.68 1.1763e-01 6.7373e-01 2.0864e-01
5358.25 1.2492e-01 6.7265e-01 2.0243e-01
5694.70 1.3056e-01 6.7104e-01 1.9840e-01
6052.28 1.3221e-01 6.6683e-01 2.0096e-01
6432.31 1.3551e-01 6.7237e-01 1.9212e-01
6836.20 1.3816e-01 6.6743e-01 1.9441e-01
7265.45 1.3985e-01 6.6742e-01 1.9272e-01
7721.65 1.4655e-01 6.6753e-01 1.8592e-01
8206.56 1.5482e-01 6.6819e-01 1.7699e-01
8717.73 1.6089e-01 6.7164e-01 1.6747e-01
9214.74 1.6949e-01 6.7751e-01 1.5300e-01
9629.11 1.6715e-01 6.9206e-01 1.4079e-01
9954.11 1.7622e-01 6.9251e-01 1.3127e-01
10245.64 1.6285e-01 7.0467e-01 1.3248e-01
10541.49 1.4337e-01 7.3412e-01 1.2251e-01
10839.94 1.5772e-01 7.3147e-01 1.1081e-01
11119.11 1.7857e-01 7.2881e-01 9.2623e-02
11355.83 2.4128e-01 6.8702e-01 7.1705e-02
11539.81 3.0776e-01 6.3960e-01 5.2632e-02
11677.16 3.4278e-01 6.1125e-01 4.5972e-02
11784.05 3.4986e-01 6.0645e-01 4.3687e-02
11875.85 4.0762e-01 5.5421e-01 3.8172e-02
11963.37 3.7281e-01 5.8634e-01 4.0854e-02
12055.39 3.0239e-01 6.4430e-01 5.3311e-02
12170.41 2.1140e-01 7.2063e-01 6.7967e-02
12360.89 1.6483e-01 7.6155e-01 7.3615e-02
12670.46 1.0728e-01 7.9793e-01 9.4785e-02
13075.34 4.8685e-02 8.3449e-01 1.1683e-01
13530.52 3.5951e-02 8.2441e-01 1.3964e-01
14012.75 3.0573e-02 8.0573e-01 1.6369e-01
14508.81 2.0603e-02 7.9738e-01 1.8202e-01
15002.30 2.2907e-02 7.8507e-01 1.9202e-01
15475.29 2.5707e-02 7.7269e-01 2.0160e-01
15923.68 3.4232e-02 7.4755e-01 2.1822e-01
16355.64 2.9973e-02 7.4103e-01 2.2900e-01
16776.27 2.9908e-02 7.3763e-01 2.3246e-01
17183.14 1.9220e-02 7.5284e-01 2.2794e-01
17580.45 2.7877e-02 7.4647e-01 2.2565e-01
17990.34 2.9245e-02 7.2446e-01 2.4630e-01
18458.06 1.1296e-02 7.1974e-01 2.6896e-01
19084.69 7.2166e-03 6.8249e-01 3.1029e-01
19999.79 5.6455e-03 5.7612e-01 4.1824e-01
21193.46 3.6827e-03 4.6531e-01 5.3101e-01
22528.72 6.3378e-03 3.2167e-01 6.7200e-01
23943.32 1.0502e-03 1.7167e-01 8.2728e-01
25446.74 2.3340e-04 2.1578e-01 7.8399e-01
27044.57 8.7443e-05 1.2353e-01 8.7639e-01
28744.18 2.3015e-04 7.2177e-02 9.2759e-01
30520.16 1.1514e-04 3.7436e-02 9.6245e-01
32243.50 1.9820e-05 2.9437e-02 9.7054e-01
33773.01 1.7966e-06 9.3063e-03 9.9069e-01
35108.48 4.7145e-07 2.7260e-03 9.9727e-01
36326.30 2.5999e-07 1.8275e-03 9.9817e-01
37486.70 3.2721e-07 2.0517e-03 9.9795e-01
38628.25 2.3809e-06 5.6397e-03 9.9436e-01
39768.62 1.3598e-06 4.1921e-03 9.9581e-01
40915.31 8.8760e-07 3.2862e-03 9.9671e-01
42074.51 5.0822e-07 2.4708e-03 9.9753e-01
43252.44 2.8939e-07 1.8599e-03 9.9814e-01
44454.05 1.6511e-07 1.4000e-03 9.9860e-01
45683.04 9.3286e-08 1.0530e-03 9.9895e-01
46941.68 5.2525e-08 7.9126e-04 9.9921e-01
48230.81 4.1780e-09 5.9438e-04 9.9941e-01
49550.29 1.3264e-09 4.4653e-04 9.9955e-01
50899.37 8.5216e-10 3.3597e-04 9.9966e-01
52276.86 5.2743e-09 2.5308e-04 9.9975e-01
53681.16 2.9936e-09 1.9108e-04 9.9981e-01
55110.21 1.7140e-09 1.4489e-04 9.9986e-01
56561.17 9.8799e-10 1.1013e-04 9.9989e-01
58030.00 5.7257e-10 8.4070e-05 9.9992e-01
59510.42 3.3548e-10 6.4419e-05 9.9994e-01
60993.45 1.9810e-10 4.9717e-05 9.9995e-01
62466.44 1.2003e-10 3.8676e-05 9.9996e-01
63912.69 7.2667e-11 3.0422e-05 9.9997e-01
65311.62 4.6820e-11 2.4239e-05 9.9998e-01
66639.26 3.0768e-11 1.9623e-05 9.9998e-01
67870.77 2.0809e-11 1.6188e-05 9.9998e-01
68864.47 1.4516e-11 1.3564e-05 9.9999e-01
69459.55 1.2423e-11 1.2640e-05 9.9999e-01
69744.99 1.1678e-11 1.2195e-05 9.9999e-01
69888.26 1.1172e-11 1.1980e-05 9.9999e-01
69959.62 1.1059e-11 1.1878e-05 9.9999e-01
69991.15 1.0960e-11 1.1825e-05 9.9999e-01
69999.53 1.0833e-11 1.1828e-05 9.9999e-01
#TIME: 210.86
#NVEL: 115
#vel_mid[km/s] ne0 ne1 ne2
425.78 1.9429e-01 6.3790e-01 1.6781e-01
857.79 1.9854e-01 6.3296e-01 1.6849e-01
878.44 1.9863e-01 6.4162e-01 1.5975e-01
917.72 1.9141e-01 6.3195e-01 1.7664e-01
973.04 1.8045e-01 6.4288e-01 1.7667e-01
1034.98 1.9244e-01 6.3758e-01 1.6997e-01
1099.97 1.8346e-01 6.3460e-01 1.8194e-01
1169.04 1.8556e-01 6.3578e-01 1.7866e-01
1242.44 1.8663e-01 6.3518e-01 1.7819e-01
1320.45 1.8793e-01 6.3597e-01 1.7610e-01
1403.37 2.1031e-01 6.3404e-01 1.5565e-01
1491.49 2.1516e-01 6.3337e-01 1.5147e-01
1585.14 2.1607e-01 6.3182e-01 1.5212e-01
1684.67 2.2208e-01 6.3043e-01 1.4749e-01
1790.45 2.1776e-01 6.3212e-01 1.5011e-01
1902.87 2.0719e-01 6.3285e-01 1.5996e-01
2022.36 1.9188e-01 6.3428e-01 1.7385e-01
2149.34 1.7360e-01 6.2935e-01 1.9705e-01
2284.30 1.8155e-01 6.4033e-01 1.7812e-01
2427.74 1.6568e-01 6.4120e-01 1.9312e-01
2580.18 1.4913e-01 6.3997e-01 2.1090e-01
2742.19 1.3401e-01 6.3970e-01 2.2629e-01
2914.37 1.2341e-01 6.4074e-01 2.3586e-01
3097.37 1.1084e-01 6.5030e-01 2.3885e-01
3291.85 9.4454e-02 6.6011e-01 2.4544e-01
3498.55 9.0863e-02 6.8401e-01 2.2513e-01
3718.23 1.2341e-01 7.0471e-01 1.7187e-01
3951.70 1.4851e-01 7.0553e-01 1.4596e-01
4199.83 1.0511e-01 7.1185e-01 1.8304e-01
4463.54 9.2063e-02 6.9892e-01 2.0902e-01
4743.81 1.0462e-01 6.8256e-01 2.1281e-01
5041.68 1.1901e-01 6.7673e-01 2.0426e-01
5358.25 1.3148e-01 6.6558e-01 2.0294e-01
5694.70 1.2762e-01 6.7340e-01 1.9898e-01
6052.28 1.2892e-01 6.6687e-01 2.0420e-01
6432.31 1.3897e-01 6.6766e-01 1.9337e-01
6836.20 1.4297e-01 6.6476e-01 1.9226e-01
7265.45 1.3917e-01 6.7438e-01 1.8645e-01
7721.65 1.5279e-01 6.6879e-01 1.7842e-01
8206.56 1.5813e-01 6.6820e-01 1.7367e-01
8717.73 1.5677e-01 6.7573e-01 1.6751e-01
9214.74 1.7383e-01 6.7320e-01 1.5296e-01
9629.11 1.5916e-01 6.9454e-01 1.4629e-01
9954.11 1.6553e-01 6.9837e-01 1.3610e-01
10245.64 1.6909e-01 7.0023e-01 1.3068e-01
10541.49 1.5051e-01 7.2345e-01 1.2604e-01
10839.94 1.5456e-01 7.3789e-01 1.0755e-01
11119.11 1.8793e-01 7.2093e-01 9.1149e-02
11355.83 2.1200e-01 7.1842e-01 6.9580e-02
11539.81 2.8792e-01 6.5669e-01 5.5383e-02
11677.16 3.4505e-01 6.1177e-01 4.3178e-02
11784.05 3.5442e-01 6.0561e-01 3.9967e-02
11875.85 3.9362e-01 5.6586e-01 4.0521e-02
11963.37 3.4449e-01 6.1278e-01 4.2729e-02
12055.39 2.8546e-01 6.5989e-01 5.4656e-02
12170.41 2.2297e-01 7.1356e-01 6.3469e-02
12360.89 1.8102e-01 7.4414e-01 7.4840e-02
12670.46 9.8884e-02 8.1235e-01 8.8767e-02
13075.34 6.4474e-02 8.1781e-01 1.1771e-01
13530.52 3.9640e-02 8.2892e-01 1.3143e-01
14012.75 2.7089e-02 8.1415e-01 1.5876e-01
14508.81 2.8616e-02 7.8896e-01 1.8242e-01
15002.30 2.4211e-02 7.8467e-01 1.9112e-01
15475.29 3.4301e-02 7.7041e-01 1.9529e-01
15923.68 3.3557e-02 7.5233e-01 2.1411e-01
16355.64 4.0174e-02 7.2891e-01 2.3091e-01
16776.27 4.9812e-02 7.1119e-01 2.3900e-01
17183.14 2.2089e-02 7.4688e-01 2.3103e-01
17580.45 3.0627e-02 7.5115e-01 2.1822e-01
17990.34 4.8421e-02 7.0501e-01 2.4657e-01
18458.06 5.9795e-02 6.7416e-01 2.6604e-01
19084.69 1.0725e-02 6.9330e-01 2.9598e-01
19999.79 6.3064e-03 6.0902e-01 3.8467e-01
21193.46 5.1038e-03 4.4425e-01 5.5064e-01
22528.72 1.6617e-03 3.4829e-01 6.5005e-01
23943.32 8.3502e-04 2.8461e-01 7.1455e-01
25446.74 4.0979e-04 1.4009e-01 8.5950e-01
27044.57 1.7720e-04 1.3579e-01 8.6403e-01
28744.18 3.6199e-04 6.4069e-02 9.3557e-01
30520.16 1.1562e-04 3.7400e-02 9.6248e-01
32243.50 5.8351e-05 2.7421e-02 9.7252e-01
33773.01 3.7393e-05 2.2050e-02 9.7791e-01
35108.48 1.9833e-05 1.6238e-02 9.8374e-01
36326.30 9.9924e-06 1.1367e-02 9.8862e-01
37486.70 3.5380e-07 2.1342e-03 9.9787e-01
38628.25 5.8143e-08 8.7165e-04 9.9913e-01
39768.62 3.1136e-08 6.3861e-04 9.9936e-01
40915.31 4.5916e-08 7.7447e-04 9.9923e-01
42074.51 5.3491e-07 2.5511e-03 9.9745e-01
43252.44 3.0922e-07 1.9196e-03 9.9808e-01
44454.05 1.7637e-07 1.4463e-03 9.9855e-01
45683.04 9.9457e-08 1.0879e-03 9.9891e-01
46941.68 5.6085e-08 8.1815e-04 9.9918e-01
48230.81 3.1535e-08 6.1461e-04 9.9939e-01
49550.29 1.7739e-08 4.6185e-04 9.9954e-01
50899.37 3.7865e-09 3.4724e-04 9.9965e-01
52276.86 4.4700e-10 2.6153e-04 9.9974e-01
53681.16 2.5166e-10 1.9750e-04 9.9980e-01
55110.21 6.8484e-10 1.4964e-04 9.9985e-01
56561.17 1.0492e-09 1.1365e-04 9.9989e-01
58030.00 6.0681e-10 8.6705e-05 9.9991e-01
59510.42 3.5540e-10 6.6411e-05 9.9993e-01
60993.45 2.0997e-10 5.1281e-05 9.9995e-01
62466.44 1.2687e-10 3.9857e-05 9.9996e-01
63912.69 7.6658e-11 3.1325e-05 9.9997e-01
65311.62 4.9347e-11 2.4934e-05 9.9998e-01
66639.26 3.2456e-11 2.0196e-05 9.9998e-01
67870.77 2.1942e-11 1.6660e-05 9.9998e-01
68864.47 1.5297e-11 1.3947e-05 9.9999e-01
69459.55 1.3096e-11 1.2992e-05 9.9999e-01
69744.99 1.2308e-11 1.2539e-05 9.9999e-01
69888.26 1.1776e-11 1.2311e-05 9.9999e-01
69959.62 1.1646e-11 1.2199e-05 9.9999e-01
69991.15 1.1544e-11 1.2152e-05 9.9999e-01
69999.53 1.1412e-11 1.2157e-05 9.9999e-01
#TIME: 213.89
#NVEL: 115
#vel_mid[km/s] ne0 ne1 ne2
425.78 1.9963e-01 6.3638e-01 1.6400e-01
857.79 2.1675e-01 6.2783e-01 1.5542e-01
878.44 1.8611e-01 6.4166e-01 1.7223e-01
917.72 1.9237e-01 6.3709e-01 1.7054e-01
973.04 2.0025e-01 6.3712e-01 1.6263e-01
1034.98 1.8949e-01 6.4057e-01 1.6994e-01
1099.97 1.8829e-01 6.3543e-01 1.7628e-01
1169.04 1.9061e-01 6.3810e-01 1.7129e-01
1242.44 1.9234e-01 6.3345e-01 1.7421e-01
1320.45 1.9585e-01 6.3395e-01 1.7020e-01
1403.37 2.1485e-01 6.3401e-01 1.5114e-01
1491.49 2.2100e-01 6.3221e-01 1.4680e-01
1585.14 2.2093e-01 6.3176e-01 1.4732e-01
1684.67 2.2259e-01 6.3217e-01 1.4524e-01
1790.45 2.2147e-01 6.3061e-01 1.4792e-01
1902.87 2.1025e-01 6.3361e-01 1.5613e-01
2022.36 1.9939e-01 6.3348e-01 1.6713e-01
2149.34 1.8401e-01 6.3226e-01 1.8373e-01
2284.30 1.8217e-01 6.4012e-01 1.7771e-01
2427.74 1.6534e-01 6.4136e-01 1.9331e-01
2580.18 1.5032e-01 6.4048e-01 2.0920e-01
2742.19 1.3486e-01 6.4064e-01 2.2451e-01
2914.37 1.2191e-01 6.4336e-01 2.3473e-01
3097.37 1.1229e-01 6.4976e-01 2.3796e-01
3291.85 9.2897e-02 6.6401e-01 2.4310e-01
3498.55 9.2419e-02 6.8303e-01 2.2455e-01
3718.23 1.2357e-01 7.0508e-01 1.7135e-01
3951.70 1.4465e-01 7.0953e-01 1.4581e-01
4199.83 1.0514e-01 7.1072e-01 1.8414e-01
4463.54 9.5609e-02 6.9481e-01 2.0958e-01
4743.81 1.0528e-01 6.8343e-01 2.1129e-01
5041.68 1.1854e-01 6.7497e-01 2.0649e-01
5358.25 1.2511e-01 6.6961e-01 2.0528e-01
5694.70 1.3246e-01 6.7287e-01 1.9467e-01
6052.28 1.3383e-01 6.6840e-01 1.9776e-01
6432.31 1.3217e-01 6.7027e-01 1.9756e-01
6836.20 1.3991e-01 6.5993e-01 2.0016e-01
7265.45 1.4994e-01 6.6060e-01 1.8946e-01
7721.65 1.4405e-01 6.6736e-01 1.8858e-01
8206.56 1.4353e-01 6.7292e-01 1.8355e-01
8717.73 1.6418e-01 6.6744e-01 1.6837e-01
9214.74 1.7371e-01 6.7495e-01 1.5134e-01
9629.11 1.8225e-01 6.8194e-01 1.3581e-01
9954.11 1.7365e-01 6.9649e-01 1.2986e-01
10245.64 1.5667e-01 7.0918e-01 1.3415e-01
10541.49 1.6448e-01 7.1645e-01 1.1907e-01
10839.94 1.7420e-01 7.2476e-01 1.0104e-01
11119.11 1.7342e-01 7.3173e-01 9.4850e-02
11355.83 2.1217e-01 7.1455e-01 7.3277e-02
11539.81 3.0152e-01 6.4513e-01 5.3351e-02
11677.16 3.4989e-01 6.0758e-01 4.2527e-02
11784.05 3.8302e-01 5.7810e-01 3.8873e-02
11875.85 3.6960e-01 5.8986e-01 4.0534e-02
11963.37 3.6265e-01 5.9673e-01 4.0616e-02
12055.39 3.2268e-01 6.2643e-01 5.0892e-02
12170.41 2.2966e-01 7.0554e-01 6.4804e-02
12360.89 1.7704e-01 7.4779e-01 7.5174e-02
12670.46 9.5538e-02 8.1194e-01 9.2527e-02
13075.34 5.5208e-02 8.2719e-01 1.1760e-01
13530.52 4.4333e-02 8.1887e-01 1.3680e-01
14012.75 3.3450e-02 8.0954e-01 1.5701e-01
14508.81 3.2785e-02 7.8204e-01 1.8517e-01
15002.30 2.6029e-02 7.8140e-01 1.9257e-01
15475.29 3.6027e-02 7.6983e-01 1.9414e-01
15923.68 2.9273e-02 7.6369e-01 2.0704e-01
16355.64 3.2626e-02 7.4198e-01 2.2540e-01
16776.27 2.2691e-02 7.4436e-01 2.3295e-01
17183.14 2.4005e-02 7.4635e-01 2.2965e-01
17580.45 4.9310e-02 7.1871e-01 2.3199e-01
17990.34 2.9023e-02 7.2592e-01 2.4506e-01
18458.06 2.9863e-02 6.9736e-01 2.7277e-01
19084.69 1.1002e-02 6.7511e-01 3.1389e-01
19999.79 7.0727e-03 5.7982e-01 4.1311e-01
21193.46 5.3222e-03 4.1285e-01 5.8183e-01
22528.72 5.2580e-03 3.1521e-01 6.7953e-01
23943.32 7.1742e-04 2.2447e-01 7.7482e-01
25446.74 1.3652e-04 1.2457e-01 8.7529e-01
27044.57 1.3017e-03 1.1805e-01 8.8064e-01
28744.18 3.5217e-04 6.3282e-02 9.3637e-01
30520.16 1.1845e-04 3.7998e-02 9.6188e-01
32243.50 6.7024e-05 2.8294e-02 9.7164e-01
33773.01 4.1935e-05 2.2723e-02 9.7724e-01
35108.48 2.1330e-05 1.6708e-02 9.8327e-01
36326.30 9.8386e-06 1.1700e-02 9.8829e-01
37486.70 5.1800e-06 8.1923e-03 9.9180e-01
38628.25 2.8709e-06 5.9779e-03 9.9402e-01
39768.62 1.5978e-06 4.4645e-03 9.9553e-01
40915.31 6.6998e-08 9.3582e-04 9.9906e-01
42074.51 1.0144e-08 3.6764e-04 9.9963e-01
43252.44 5.5996e-09 2.7530e-04 9.9972e-01
44454.05 1.0129e-08 3.7019e-04 9.9963e-01
45683.04 1.0634e-07 1.1253e-03 9.9887e-01
46941.68 5.9867e-08 8.4540e-04 9.9915e-01
48230.81 3.3653e-08 6.3540e-04 9.9936e-01
49550.29 1.8904e-08 4.7730e-04 9.9952e-01
50899.37 1.0621e-08 3.5925e-04 9.9964e-01
52276.86 5.9954e-09 2.7050e-04 9.9973e-01
53681.16 3.3980e-09 2.0429e-04 9.9980e-01
55110.21 1.7669e-10 1.5465e-04 9.9985e-01
56561.17 8.7512e-11 1.1738e-04 9.9988e-01
58030.00 1.2739e-10 8.9480e-05 9.9991e-01
59510.42 3.7704e-10 6.8546e-05 9.9993e-01
60993.45 2.2221e-10 5.2872e-05 9.9995e-01
62466.44 1.3419e-10 4.1076e-05 9.9996e-01
63912.69 8.1053e-11 3.2303e-05 9.9997e-01
65311.62 5.2139e-11 2.5680e-05 9.9997e-01
66639.26 3.4212e-11 2.0779e-05 9.9998e-01
67870.77 2.3090e-11 1.7125e-05 9.9998e-01
68864.47 1.6108e-11 1.4344e-05 9.9999e-01
69459.55 1.3788e-11 1.3363e-05 9.9999e-01
69744.99 1.2952e-11 1.2889e-05 9.9999e-01
69888.26 1.2387e-11 1.2655e-05 9.9999e-01
69959.62 1.2254e-11 1.2547e-05 9.9999e-01
69991.15 1.2148e-11 1.2488e-05 9.9999e-01
69999.53 1.2009e-11 1.2492e-05 9.9999e-01
#TIME: 216.97
#NVEL: 115
#vel_mid[km/s] ne0 ne1 ne2
425.78 2.0496e-01 6.3463e-01 1.6041e-01
857.79 1.8739e-01 6.4344e-01 1.6917e-01
878.44 1.9242e-01 6.3597e-01 1.7160e-01
917.72 2.0134e-01 6.3069e-01 1.6797e-01
973.04 2.0765e-01 6.3687e-01 1.5547e-01
1034.98 2.0149e-01 6.3641e-01 1.6210e-01
1099.97 1.9343e-01 6.3784e-01 1.6873e-01
1169.04 1.9020e-01 6.3740e-01 1.7240e-01
1242.44 1.9325e-01 6.3751e-01 1.6924e-01
1320.45 2.0135e-01 6.3566e-01 1.6299e-01
1403.37 2.1583e-01 6.3375e-01 1.5042e-01
1491.49 2.2657e-01 6.3185e-01 1.4158e-01
1585.14 2.2462e-01 6.3058e-01 1.4480e-01
1684.67 2.2872e-01 6.2990e-01 1.4139e-01
1790.45 2.2465e-01 6.3096e-01 1.4439e-01
1902.87 2.1388e-01 6.3322e-01 1.5290e-01
2022.36 2.0188e-01 6.3435e-01 1.6377e-01
2149.34 1.8191e-01 6.3348e-01 1.8461e-01
2284.30 1.1840e-01 6.1300e-01 2.6860e-01
2427.74 1.6741e-01 6.4119e-01 1.9140e-01
2580.18 1.5084e-01 6.4020e-01 2.0897e-01
2742.19 1.3486e-01 6.3996e-01 2.2519e-01
2914.37 1.2259e-01 6.4164e-01 2.3578e-01
3097.37 1.1248e-01 6.4986e-01 2.3766e-01
3291.85 9.5185e-02 6.6030e-01 2.4452e-01
3498.55 8.9059e-02 6.8704e-01 2.2390e-01
3718.23 1.2174e-01 7.0690e-01 1.7136e-01
3951.70 1.4652e-01 7.0862e-01 1.4486e-01
4199.83 1.0588e-01 7.1252e-01 1.8160e-01
4463.54 9.4168e-02 6.9954e-01 2.0630e-01
4743.81 1.0534e-01 6.8406e-01 2.1060e-01
5041.68 1.1638e-01 6.7733e-01 2.0628e-01
5358.25 1.2611e-01 6.7196e-01 2.0193e-01
5694.70 1.3213e-01 6.6872e-01 1.9914e-01
6052.28 1.3321e-01 6.6867e-01 1.9812e-01
6432.31 1.3781e-01 6.7006e-01 1.9213e-01
6836.20 1.3174e-01 6.6956e-01 1.9870e-01
7265.45 1.4139e-01 6.6528e-01 1.9333e-01
7721.65 1.4841e-01 6.7082e-01 1.8077e-01
8206.56 1.5354e-01 6.7143e-01 1.7504e-01
8717.73 1.5517e-01 6.7127e-01 1.7356e-01
9214.74 1.7247e-01 6.7262e-01 1.5492e-01
9629.11 1.6867e-01 6.8942e-01 1.4191e-01
9954.11 1.6661e-01 7.0180e-01 1.3159e-01
10245.64 1.5822e-01 7.1414e-01 1.2764e-01
10541.49 1.3585e-01 7.3571e-01 1.2844e-01
10839.94 1.5336e-01 7.3888e-01 1.0776e-01
11119.11 1.8155e-01 7.3080e-01 8.7651e-02
11355.83 2.2787e-01 7.0101e-01 7.1122e-02
11539.81 2.8585e-01 6.5913e-01 5.5026e-02
11677.16 3.3878e-01 6.1805e-01 4.3168e-02
11784.05 3.6447e-01 5.9594e-01 3.9588e-02
11875.85 3.8281e-01 5.7980e-01 3.7391e-02
11963.37 3.7180e-01 5.8797e-01 4.0234e-02
12055.39 3.1234e-01 6.3541e-01 5.2252e-02
12170.41 2.2505e-01 7.1235e-01 6.2595e-02
12360.89 1.7666e-01 7.4896e-01 7.4380e-02
12670.46 1.1158e-01 7.9406e-01 9.4358e-02
13075.34 6.9912e-02 8.1672e-01 1.1337e-01
13530.52 4.2329e-02 8.2055e-01 1.3712e-01
14012.75 3.0964e-02 8.1186e-01 1.5718e-01
14508.81 2.5793e-02 8.0126e-01 1.7295e-01
15002.30 3.0881e-02 7.8370e-01 1.8541e-01
15475.29 3.1789e-02 7.7721e-01 1.9100e-01
15923.68 2.7861e-02 7.6853e-01 2.0361e-01
16355.64 1.7981e-02 7.5799e-01 2.2403e-01
16776.27 4.0082e-02 7.3016e-01 2.2976e-01
17183.14 6.4027e-02 7.1724e-01 2.1873e-01
17580.45 5.6396e-02 7.1471e-01 2.2890e-01
17990.34 1.8769e-02 7.3469e-01 2.4654e-01
18458.06 1.8829e-02 7.1705e-01 2.6412e-01
19084.69 7.1247e-03 7.0244e-01 2.9043e-01
19999.79 1.9077e-02 5.8892e-01 3.9200e-01
21193.46 5.1385e-03 4.3614e-01 5.5873e-01
22528.72 6.6133e-03 3.6354e-01 6.2985e-01
23943.32 1.5509e-03 2.5686e-01 7.4159e-01
25446.74 6.5010e-04 1.6242e-01 8.3693e-01
27044.57 1.1394e-03 1.1088e-01 8.8798e-01
28744.18 3.5787e-04 6.4030e-02 9.3561e-01
30520.16 1.2220e-04 3.8670e-02 9.6121e-01
32243.50 6.9334e-05 2.8895e-02 9.7104e-01
33773.01 4.4662e-05 2.3242e-02 9.7671e-01
35108.48 2.4205e-05 1.7119e-02 9.8286e-01
36326.30 1.1580e-05 1.2002e-02 9.8799e-01
37486.70 5.6915e-06 8.4574e-03 9.9154e-01
38628.25 3.0009e-06 6.1703e-03 9.9383e-01
39768.62 1.7101e-06 4.6083e-03 9.9539e-01
40915.31 9.9399e-07 3.4652e-03 9.9653e-01
42074.51 6.2460e-07 2.7321e-03 9.9727e-01
43252.44 3.5424e-07 2.0584e-03 9.9794e-01
44454.05 1.0544e-08 3.8011e-04 9.9962e-01
45683.04 1.9118e-09 1.6482e-04 9.9984e-01
46941.68 1.0704e-09 1.2520e-04 9.9987e-01
48230.81 5.0243e-09 2.6689e-04 9.9973e-01
49550.29 2.0195e-08 4.9379e-04 9.9951e-01
50899.37 1.1309e-08 3.7110e-04 9.9963e-01
52276.86 6.3953e-09 2.7991e-04 9.9972e-01
53681.16 3.6217e-09 2.1138e-04 9.9979e-01
55110.21 2.0686e-09 1.5999e-04 9.9984e-01
56561.17 1.1889e-09 1.2146e-04 9.9988e-01
58030.00 7.8936e-11 9.2515e-05 9.9991e-01
59510.42 3.1201e-11 7.0795e-05 9.9993e-01
60993.45 3.3762e-11 5.4578e-05 9.9995e-01
62466.44 1.4219e-10 4.2378e-05 9.9996e-01
63912.69 8.5762e-11 3.3274e-05 9.9997e-01
65311.62 5.5094e-11 2.6451e-05 9.9997e-01
66639.26 3.6115e-11 2.1401e-05 9.9998e-01
67870.77 2.4362e-11 1.7630e-05 9.9998e-01
68864.47 1.6966e-11 1.4745e-05 9.9999e-01
69459.55 1.4521e-11 1.3747e-05 9.9999e-01
69744.99 1.3627e-11 1.3256e-05 9.9999e-01
69888.26 1.3042e-11 1.3008e-05 9.9999e-01
69959.62 1.2892e-11 1.2892e-05 9.9999e-01
69991.15 1.2781e-11 1.2839e-05 9.9999e-01
69999.53 1.2637e-11 1.2843e-05 9.9999e-01
#TIME: 220.09
#NVEL: 115
#vel_mid[km/s] ne0 ne1 ne2
425.78 2.0788e-01 6.3703e-01 1.5509e-01
857.79 2.3152e-01 6.2513e-01 1.4335e-01
878.44 2.0321e-01 6.3436e-01 1.6243e-01
917.72 2.1215e-01 6.3095e-01 1.5690e-01
973.04 2.0682e-01 6.3544e-01 1.5774e-01
1034.98 2.0401e-01 6.3857e-01 1.5742e-01
1099.97 1.9953e-01 6.3252e-01 1.6796e-01
1169.04 2.0564e-01 6.3359e-01 1.6077e-01
1242.44 1.9855e-01 6.3416e-01 1.6730e-01
1320.45 1.9718e-01 6.3757e-01 1.6525e-01
1403.37 2.2020e-01 6.3239e-01 1.4742e-01
1491.49 2.2806e-01 6.3019e-01 1.4175e-01
1585.14 2.3007e-01 6.2808e-01 1.4185e-01
1684.67 2.3174e-01 6.2860e-01 1.3967e-01
1790.45 2.2905e-01 6.2977e-01 1.4117e-01
1902.87 2.1901e-01 6.3202e-01 1.4898e-01
2022.36 2.0566e-01 6.3414e-01 1.6020e-01
2149.34 1.8701e-01 6.3455e-01 1.7844e-01
2284.30 1.6496e-01 6.2774e-01 2.0730e-01
2427.74 1.6885e-01 6.4098e-01 1.9017e-01
2580.18 1.5181e-01 6.4015e-01 2.0804e-01
2742.19 1.3530e-01 6.4141e-01 2.2328e-01
2914.37 1.2521e-01 6.4072e-01 2.3407e-01
3097.37 1.1164e-01 6.5037e-01 2.3799e-01
3291.85 9.4567e-02 6.6214e-01 2.4329e-01
3498.55 9.1624e-02 6.8495e-01 2.2342e-01
3718.23 1.2493e-01 7.0410e-01 1.7098e-01
3951.70 1.4710e-01 7.0861e-01 1.4429e-01
4199.83 1.0710e-01 7.1019e-01 1.8271e-01
4463.54 9.8544e-02 6.9404e-01 2.0742e-01
4743.81 1.0366e-01 6.8453e-01 2.1181e-01
5041.68 1.2363e-01 6.7282e-01 2.0355e-01
5358.25 1.2646e-01 6.7148e-01 2.0206e-01
5694.70 1.3025e-01 6.6516e-01 2.0459e-01
6052.28 1.3514e-01 6.6931e-01 1.9555e-01
6432.31 1.3889e-01 6.7187e-01 1.8924e-01
6836.20 1.4410e-01 6.6601e-01 1.8989e-01
7265.45 1.4527e-01 6.6825e-01 1.8649e-01
7721.65 1.4871e-01 6.6452e-01 1.8677e-01
8206.56 1.5759e-01 6.7311e-01 1.6930e-01
8717.73 1.6311e-01 6.7224e-01 1.6465e-01
9214.74 1.7374e-01 6.7960e-01 1.4667e-01
9629.11 1.7863e-01 6.8782e-01 1.3355e-01
9954.11 1.7913e-01 6.9717e-01 1.2370e-01
10245.64 1.5640e-01 7.1798e-01 1.2562e-01
10541.49 1.4424e-01 7.3561e-01 1.2015e-01
10839.94 1.6728e-01 7.3063e-01 1.0210e-01
11119.11 1.8548e-01 7.2477e-01 8.9745e-02
11355.83 2.3207e-01 6.9638e-01 7.1549e-02
11539.81 2.9855e-01 6.4849e-01 5.2956e-02
11677.16 3.5919e-01 5.9659e-01 4.4221e-02
11784.05 3.6246e-01 6.0011e-01 3.7431e-02
11875.85 3.9416e-01 5.6973e-01 3.6112e-02
11963.37 3.6717e-01 5.9271e-01 4.0118e-02
12055.39 2.8175e-01 6.6929e-01 4.8956e-02
12170.41 2.5077e-01 6.8684e-01 6.2388e-02
12360.89 1.9142e-01 7.3639e-01 7.2186e-02
12670.46 1.2356e-01 7.8432e-01 9.2123e-02
13075.34 6.8102e-02 8.1968e-01 1.1222e-01
13530.52 5.1432e-02 8.1498e-01 1.3358e-01
14012.75 3.4435e-02 8.1002e-01 1.5554e-01
14508.81 2.9119e-02 7.9528e-01 1.7560e-01
15002.30 2.8859e-02 7.8344e-01 1.8770e-01
15475.29 3.2848e-02 7.8599e-01 1.8116e-01
15923.68 3.8993e-02 7.6400e-01 1.9700e-01
16355.64 3.7759e-02 7.3901e-01 2.2324e-01
16776.27 4.6050e-02 7.1069e-01 2.4326e-01
17183.14 3.7195e-02 7.4057e-01 2.2223e-01
17580.45 3.8728e-02 7.2662e-01 2.3465e-01
17990.34 3.7373e-02 7.1457e-01 2.4806e-01
18458.06 5.0025e-02 6.9742e-01 2.5255e-01
19084.69 8.2417e-02 6.2931e-01 2.8827e-01
19999.79 8.9181e-03 5.9178e-01 3.9931e-01
21193.46 7.1304e-03 4.5739e-01 5.3548e-01
22528.72 5.2730e-03 3.3051e-01 6.6422e-01
23943.32 2.8755e-03 2.4372e-01 7.5341e-01
25446.74 2.3384e-03 1.8578e-01 8.1188e-01
27044.57 1.1759e-03 1.2299e-01 8.7584e-01
28744.18 3.6954e-04 6.4929e-02 9.3470e-01
30520.16 1.2516e-04 3.9404e-02 9.6047e-01
32243.50 7.0997e-05 2.9537e-02 9.7039e-01
33773.01 4.6204e-05 2.3826e-02 9.7613e-01
35108.48 2.5146e-05 1.7575e-02 9.8240e-01
36326.30 1.2579e-05 1.2350e-02 9.8764e-01
37486.70 6.1861e-06 8.7097e-03 9.9128e-01
38628.25 3.3803e-06 6.3690e-03 9.9363e-01
39768.62 1.8774e-06 4.7647e-03 9.9523e-01
40915.31 1.0668e-06 3.5859e-03 9.9641e-01
42074.51 6.6632e-07 2.8252e-03 9.9717e-01
43252.44 3.7957e-07 2.1288e-03 9.9787e-01
44454.05 2.1682e-07 1.6051e-03 9.9839e-01
45683.04 1.2232e-07 1.2076e-03 9.9879e-01
46941.68 6.8814e-08 9.0791e-04 9.9909e-01
48230.81 1.0636e-09 1.2679e-04 9.9987e-01
49550.29 3.6441e-10 7.5596e-05 9.9992e-01
50899.37 2.8552e-10 6.7899e-05 9.9993e-01
52276.86 6.8395e-09 2.8992e-04 9.9971e-01
53681.16 3.8617e-09 2.1854e-04 9.9978e-01
55110.21 2.2061e-09 1.6538e-04 9.9983e-01
56561.17 1.2664e-09 1.2552e-04 9.9987e-01
58030.00 7.3007e-10 9.5624e-05 9.9990e-01
59510.42 4.2642e-10 7.3189e-05 9.9993e-01
60993.45 3.6267e-11 5.6405e-05 9.9994e-01
62466.44 1.1623e-11 4.3735e-05 9.9996e-01
63912.69 9.8071e-12 3.4331e-05 9.9997e-01
65311.62 5.8303e-11 2.7266e-05 9.9997e-01
66639.26 3.8186e-11 2.2048e-05 9.9998e-01
67870.77 2.5703e-11 1.8146e-05 9.9998e-01
68864.47 1.7886e-11 1.5174e-05 9.9998e-01
69459.55 1.5286e-11 1.4144e-05 9.9999e-01
69744.99 1.4360e-11 1.3632e-05 9.9999e-01
69888.26 1.3729e-11 1.3390e-05 9.9999e-01
69959.62 1.3586e-11 1.3266e-05 9.9999e-01
69991.15 1.3460e-11 1.3210e-05 9.9999e-01
69999.53 1.3310e-11 1.3215e-05 9.9999e-01
#TIME: 223.25
#NVEL: 115
#vel_mid[km/s] ne0 ne1 ne2
425.78 2.0623e-01 6.3803e-01 1.5574e-01
857.79 2.0583e-01 6.3176e-01 1.6241e-01
878.44 2.0717e-01 6.3946e-01 1.5337e-01
917.72 1.9724e-01 6.3447e-01 1.6829e-01
973.04 2.1175e-01 6.3134e-01 1.5690e-01
1034.98 2.1303e-01 6.3396e-01 1.5301e-01
1099.97 1.9833e-01 6.4018e-01 1.6149e-01
1169.04 2.1069e-01 6.3436e-01 1.5495e-01
1242.44 2.0386e-01 6.3731e-01 1.5883e-01
1320.45 2.1491e-01 6.3289e-01 1.5220e-01
1403.37 2.2734e-01 6.2916e-01 1.4349e-01
1491.49 2.3037e-01 6.3114e-01 1.3849e-01
1585.14 2.3679e-01 6.2771e-01 1.3551e-01
1684.67 2.3689e-01 6.2751e-01 1.3561e-01
1790.45 2.3275e-01 6.2948e-01 1.3777e-01
1902.87 2.2139e-01 6.3219e-01 1.4642e-01
2022.36 2.0970e-01 6.3381e-01 1.5649e-01
2149.34 1.9139e-01 6.3461e-01 1.7400e-01
2284.30 1.7741e-01 6.3114e-01 1.9144e-01
2427.74 1.7077e-01 6.4065e-01 1.8858e-01
2580.18 1.5159e-01 6.4196e-01 2.0645e-01
2742.19 1.3555e-01 6.4035e-01 2.2410e-01
