#NTIMES:     67
#NSTAGES:     5
#TIMES[d]:     0.550    0.605    0.733    0.806    0.887    0.976    1.074    1.181    1.300    1.430    1.573    1.730    1.900    2.090    2.300    2.530    2.783    3.061    3.367    3.704    4.074    4.481    4.929    5.422    5.964    6.560    7.216    7.938    8.732    9.600   10.560   11.620   12.780   14.060   15.470   17.020   18.720   20.590   22.650   24.910   27.400   30.140   33.150   36.460   40.110   44.120   48.530   53.380   58.720   64.590   71.050   78.160   86.000   94.600  104.100  114.500  126.000  138.600  152.500  167.800  184.600  203.100  223.400  245.800  270.400  297.400  320.000
#
#TIME:     0.550
#NVEL: 115
#vel_mid[km/s]           o0           o1           o2           o3           o4
    8.484663E+02    3.3810E-23    5.7907E-16    1.0729E-09    2.9017E-04    9.9971E-01
    8.542546E+02    3.3810E-23    5.7907E-16    1.0729E-09    2.9017E-04    9.9971E-01
    8.718573E+02    3.3810E-23    5.7907E-16    1.0729E-09    2.9017E-04    9.9971E-01
    9.081584E+02    3.3811E-23    5.7908E-16    1.0729E-09    2.9018E-04    9.9971E-01
    9.674554E+02    3.3813E-23    5.7912E-16    1.0730E-09    2.9018E-04    9.9971E-01
    1.028597E+03    3.3832E-23    5.7938E-16    1.0733E-09    2.9024E-04    9.9971E-01
    1.093605E+03    3.3899E-23    5.8058E-16    1.0755E-09    2.9060E-04    9.9971E-01
    1.162722E+03    3.3912E-23    5.8131E-16    1.0776E-09    2.9099E-04    9.9971E-01
    1.236207E+03    3.3099E-23    5.6905E-16    1.0587E-09    2.8807E-04    9.9971E-01
    1.314336E+03    2.6388E-23    4.6380E-16    8.8871E-10    2.6037E-04    9.9974E-01
    1.397402E+03    4.2490E-24    9.9930E-17    2.6571E-10    1.3360E-04    9.9987E-01
    1.485719E+03    9.0954E-25    2.7577E-17    9.7671E-11    7.7383E-05    9.9992E-01
    1.579618E+03    8.2471E-25    2.5395E-17    9.1571E-11    7.4716E-05    9.9993E-01
    1.679450E+03    3.4691E-25    1.2425E-17    5.3107E-11    5.5828E-05    9.9994E-01
    1.785593E+03    1.1091E-25    4.8805E-18    2.6298E-11    3.8578E-05    9.9996E-01
    1.898443E+03    4.7166E-26    2.4668E-18    1.6036E-11    2.9926E-05    9.9997E-01
    2.018426E+03    1.7299E-26    1.0915E-18    8.7797E-12    2.2021E-05    9.9998E-01
    2.145992E+03    6.7191E-27    5.1293E-19    5.0950E-12    1.6780E-05    9.9998E-01
    2.281620E+03    2.4741E-27    2.2971E-19    2.8497E-12    1.2625E-05    9.9999E-01
    2.425820E+03    9.9301E-28    1.1119E-19    1.7004E-12    9.8425E-06    9.9999E-01
    2.579133E+03    5.0986E-28    6.5673E-20    1.1730E-12    8.2440E-06    9.9999E-01
    2.742135E+03    3.3505E-28    4.7513E-20    9.3920E-13    7.4008E-06    9.9999E-01
    2.915440E+03    2.9835E-28    4.4126E-20    9.0279E-13    7.2222E-06    9.9999E-01
    3.099698E+03    3.8064E-28    5.5183E-20    1.0817E-12    7.8145E-06    9.9999E-01
    3.295601E+03    8.9287E-28    1.1285E-19    1.8566E-12    1.0132E-05    9.9999E-01
    3.503885E+03    4.8859E-27    4.7840E-19    5.6996E-12    1.8032E-05    9.9998E-01
    3.725332E+03    4.1229E-26    2.6446E-18    1.9953E-11    3.4720E-05    9.9997E-01
    3.960775E+03    1.4453E-25    6.7478E-18    3.7096E-11    4.7282E-05    9.9995E-01
    4.211099E+03    6.4245E-24    2.1517E-16    7.3647E-10    2.6581E-04    9.9973E-01
    4.477243E+03    1.7754E-23    5.4828E-16    1.6556E-09    4.2560E-04    9.9957E-01
    4.760207E+03    1.7558E-23    5.6526E-16    1.7603E-09    4.4524E-04    9.9955E-01
    5.061055E+03    9.1101E-24    3.3048E-16    1.1741E-09    3.5764E-04    9.9964E-01
    5.380917E+03    5.1551E-24    2.0807E-16    8.3036E-10    2.9678E-04    9.9970E-01
    5.720994E+03    4.2128E-24    1.8109E-16    7.6709E-10    2.8659E-04    9.9971E-01
    6.082565E+03    4.2238E-24    1.8478E-16    7.9270E-10    2.9333E-04    9.9971E-01
    6.466986E+03    6.9571E-24    2.9157E-16    1.1712E-09    3.6755E-04    9.9963E-01
    6.875704E+03    1.4854E-23    5.8321E-16    2.1139E-09    5.1656E-04    9.9948E-01
    7.310253E+03    3.5227E-23    1.2587E-15    3.9881E-09    7.4065E-04    9.9926E-01
    7.772265E+03    1.0967E-22    3.5100E-15    9.3515E-09    1.2039E-03    9.9880E-01
    8.263477E+03    5.3283E-22    1.4346E-14    2.9367E-08    2.2962E-03    9.9770E-01
    8.785734E+03    2.3131E-20    4.3917E-13    4.7545E-07    1.1109E-02    9.8889E-01
    9.340997E+03    2.9715E-16    2.2101E-09    3.6843E-04    3.8804E-01    6.1159E-01
    9.929841E+03    6.2389E-11    9.2319E-05    3.1384E-01    6.8580E-01    2.6405E-04
    1.041447E+04    8.7479E-08    2.3708E-02    9.7459E-01    1.7040E-03    2.9872E-11
    1.083674E+04    2.4264E-05    8.0766E-01    1.9232E-01    8.9244E-08    1.3812E-20
    1.136786E+04    5.0128E-03    9.9499E-01    1.4109E-06    4.8332E-21    5.6233E-45
    1.167027E+04    2.5186E-02    9.7481E-01    5.4048E-08    1.5971E-24    1.5085E-51
    1.185735E+04    5.3750E-02    9.4625E-01    1.0664E-08    3.0142E-26    1.1576E-54
    1.198132E+04    1.7444E-01    8.2556E-01    2.1291E-10    1.3907E-30    1.2122E-62
    1.207995E+04    3.9676E-01    6.0324E-01    4.3972E-12    8.5633E-35    7.5902E-65
    1.216774E+04    5.5506E-01    4.4494E-01    3.8020E-13    2.1682E-37    7.9258E-66
    1.225420E+04    7.0776E-01    2.9224E-01    2.8178E-14    4.4780E-40    7.3466E-67
    1.234075E+04    8.2716E-01    1.7284E-01    1.8624E-15    8.2436E-43    6.0510E-68
    1.244043E+04    8.9566E-01    1.0434E-01    1.7523E-16    3.7452E-45    6.6727E-69
    1.256653E+04    9.2132E-01    7.8679E-02    4.4548E-17    1.5727E-46    1.8390E-69
    1.291944E+04    9.0087E-01    9.9135E-02    6.9478E-17    2.9273E-46    2.9032E-69
    1.356464E+04    7.4502E-01    2.5498E-01    2.3145E-15    4.6870E-43    8.1643E-68
    1.414194E+04    6.4279E-01    3.5721E-01    7.6523E-15    5.1602E-42    2.6202E-67
    1.463678E+04    6.9254E-01    3.0746E-01    2.1161E-15    1.9871E-43    8.5700E-68
    1.515385E+04    7.4662E-01    2.5338E-01    6.2716E-16    1.0723E-44    2.9972E-68
    1.570238E+04    8.4311E-01    1.5689E-01    5.7264E-17    8.5181E-47    3.4544E-69
    1.628316E+04    9.5288E-01    4.7121E-02    2.9558E-19    3.5981E-52    2.1905E-71
    1.695591E+04    9.8631E-01    1.3689E-02    3.0926E-21    1.5023E-53    2.6740E-73
    1.773545E+04    9.9542E-01    4.5839E-03    4.1724E-23    6.5539E-54    4.7511E-75
    1.852426E+04    9.9778E-01    2.2208E-03    1.4101E-24    4.0381E-54    2.0612E-76
    1.933673E+04    9.9861E-01    1.3858E-03    2.1682E-25    3.1366E-54    4.0007E-77
    2.006825E+04    9.9856E-01    1.4372E-03    2.6013E-25    3.0189E-54    4.5490E-77
    2.082304E+04    9.9834E-01    1.6618E-03    6.6675E-25    3.1338E-54    1.0583E-76
    2.162788E+04    9.9849E-01    1.5149E-03    8.7848E-25    3.0388E-54    1.4862E-76
    2.248295E+04    9.9786E-01    2.1373E-03    2.8302E-24    3.6136E-54    4.0517E-76
    2.340334E+04    9.9798E-01    2.0233E-03    3.0569E-24    3.6141E-54    4.6259E-76
    2.427003E+04    9.9712E-01    2.8843E-03    6.8106E-24    4.4142E-54    8.8520E-76
    2.528269E+04    9.9657E-01    3.4297E-03    9.4990E-24    4.9532E-54    1.1672E-75
    2.627013E+04    9.9678E-01    3.2248E-03    8.5768E-24    4.8179E-54    1.0912E-75
    2.723040E+04    9.9460E-01    5.4041E-03    2.0310E-23    6.7550E-54    2.1696E-75
    2.827004E+04    9.9306E-01    6.9355E-03    2.9317E-23    8.0727E-54    2.9257E-75
    2.934273E+04    9.8961E-01    1.0385E-02    5.5705E-23    1.0909E-53    5.0384E-75
    3.052012E+04    9.8517E-01    1.4831E-02    9.8760E-23    1.4459E-53    8.3270E-75
    3.176086E+04    9.8094E-01    1.9059E-02    1.5042E-22    1.7820E-53    1.2209E-74
    3.295538E+04    9.7903E-01    2.0970E-02    1.7713E-22    1.9410E-53    1.4270E-74
    3.403161E+04    9.7643E-01    2.3568E-02    2.2294E-22    2.1488E-53    1.7736E-74
    3.500379E+04    9.7186E-01    2.8136E-02    3.2789E-22    2.4992E-53    2.5477E-74
    3.593430E+04    9.6659E-01    3.3408E-02    5.0443E-22    2.8952E-53    3.8319E-74
    3.686142E+04    9.6203E-01    3.7971E-02    7.5618E-22    3.2358E-53    5.6545E-74
    3.781660E+04    9.5908E-01    4.0923E-02    1.0696E-21    3.4621E-53    7.9343E-74
    3.881204E+04    9.5812E-01    4.1883E-02    1.3903E-21    3.5522E-53    1.0306E-73
    3.984228E+04    9.5837E-01    4.1634E-02    1.7132E-21    3.5648E-53    1.2742E-73
    4.090108E+04    9.5917E-01    4.0828E-02    2.0375E-21    3.5467E-53    1.5228E-73
    4.198933E+04    9.6020E-01    3.9802E-02    2.3444E-21    3.5198E-53    1.7616E-73
    4.310952E+04    9.6123E-01    3.8765E-02    2.6154E-21    3.4974E-53    1.9761E-73
    4.426353E+04    9.6212E-01    3.7881E-02    2.8437E-21    3.4899E-53    2.1622E-73
    4.545322E+04    9.6262E-01    3.7379E-02    3.0528E-21    3.5135E-53    2.3386E-73
    4.667980E+04    9.6251E-01    3.7487E-02    3.2855E-21    3.5849E-53    2.5380E-73
    4.794258E+04    9.6181E-01    3.8188E-02    3.5550E-21    3.7017E-53    2.7701E-73
    4.924062E+04    9.6066E-01    3.9337E-02    3.8533E-21    3.8521E-53    3.0280E-73
    5.057272E+04    9.5915E-01    4.0852E-02    4.1820E-21    4.0308E-53    3.3123E-73
    5.193717E+04    9.5742E-01    4.2580E-02    4.5277E-21    4.2294E-53    3.6148E-73
    5.333235E+04    9.5576E-01    4.4238E-02    4.8445E-21    4.4302E-53    3.9066E-73
    5.475676E+04    9.5443E-01    4.5570E-02    5.0841E-21    4.6199E-53    4.1600E-73
    5.620758E+04    9.5357E-01    4.6432E-02    5.2171E-21    4.7943E-53    4.3613E-73
    5.768166E+04    9.5323E-01    4.6772E-02    5.2324E-21    4.9559E-53    4.5087E-73
    5.917412E+04    9.5334E-01    4.6663E-02    5.1461E-21    5.1214E-53    4.6213E-73
    6.067730E+04    9.5385E-01    4.6154E-02    4.9700E-21    5.3126E-53    4.7172E-73
    6.217708E+04    9.5474E-01    4.5259E-02    4.7087E-21    5.5526E-53    4.8071E-73
    6.366086E+04    9.5596E-01    4.4038E-02    4.3781E-21    5.8683E-53    4.9047E-73
    6.510379E+04    9.5744E-01    4.2558E-02    3.9989E-21    6.2780E-53    5.0133E-73
    6.648389E+04    9.5900E-01    4.0999E-02    3.6116E-21    6.7965E-53    5.1447E-73
    6.776932E+04    9.6074E-01    3.9257E-02    3.2121E-21    7.3815E-53    5.2457E-73
    6.895129E+04    9.6357E-01    3.6426E-02    2.6743E-21    7.7843E-53    5.0134E-73
    6.949055E+04    9.6747E-01    3.2526E-02    2.1021E-21    7.4036E-53    4.2176E-73
    6.976176E+04    9.7015E-01    2.9850E-02    1.6956E-21    7.0159E-53    3.5221E-73
    6.989776E+04    9.7292E-01    2.7081E-02    1.3312E-21    6.4734E-53    2.8164E-73
    6.996586E+04    9.7502E-01    2.4978E-02    1.0771E-21    6.0232E-53    2.3008E-73
    6.999823E+04    9.7638E-01    2.3624E-02    9.1690E-22    5.7254E-53    1.9696E-73
    6.999993E+04    9.7676E-01    2.3236E-02    8.9087E-22    5.6341E-53    1.9147E-73
#TIME:     0.605
#NVEL: 115
#vel_mid[km/s]           o0           o1           o2           o3           o4
    8.484664E+02    3.6552E-23    6.8065E-16    1.3410E-09    3.3791E-04    9.9966E-01
    8.543246E+02    3.6552E-23    6.8065E-16    1.3410E-09    3.3791E-04    9.9966E-01
    8.721432E+02    3.6552E-23    6.8065E-16    1.3410E-09    3.3791E-04    9.9966E-01
    9.089031E+02    3.6553E-23    6.8067E-16    1.3410E-09    3.3791E-04    9.9966E-01
    9.682894E+02    3.6559E-23    6.8076E-16    1.3412E-09    3.3793E-04    9.9966E-01
    1.029084E+03    3.6599E-23    6.8138E-16    1.3421E-09    3.3807E-04    9.9966E-01
    1.093701E+03    3.6651E-23    6.8250E-16    1.3444E-09    3.3844E-04    9.9966E-01
    1.162375E+03    3.6428E-23    6.7968E-16    1.3414E-09    3.3811E-04    9.9966E-01
    1.235362E+03    3.4352E-23    6.4637E-16    1.2882E-09    3.3053E-04    9.9967E-01
    1.312931E+03    2.3983E-23    4.7088E-16    9.8936E-10    2.8430E-04    9.9972E-01
    1.395371E+03    3.9946E-24    1.0358E-16    2.9814E-10    1.4600E-04    9.9985E-01
    1.482988E+03    9.0219E-25    2.9684E-17    1.1179E-10    8.5050E-05    9.9991E-01
    1.576106E+03    7.2116E-25    2.4630E-17    9.6733E-11    7.8599E-05    9.9992E-01
    1.675071E+03    3.0458E-25    1.2059E-17    5.5878E-11    5.8411E-05    9.9994E-01
    1.780251E+03    9.6373E-26    4.6802E-18    2.7256E-11    3.9835E-05    9.9996E-01
    1.892034E+03    3.9378E-26    2.2854E-18    1.6144E-11    3.0336E-05    9.9997E-01
    2.010837E+03    1.4254E-26    9.9804E-19    8.7110E-12    2.2037E-05    9.9998E-01
    2.137099E+03    5.3587E-27    4.5576E-19    4.9303E-12    1.6507E-05    9.9998E-01
    2.271289E+03    1.9234E-27    1.9954E-19    2.7013E-12    1.2224E-05    9.9999E-01
    2.413905E+03    7.5284E-28    9.4454E-20    1.5806E-12    9.3977E-06    9.9999E-01
    2.565477E+03    3.7532E-28    5.4417E-20    1.0687E-12    7.7735E-06    9.9999E-01
    2.726565E+03    2.4021E-28    3.8507E-20    8.4128E-13    6.9166E-06    9.9999E-01
    2.897769E+03    2.1202E-28    3.5493E-20    8.0444E-13    6.7430E-06    9.9999E-01
    3.079722E+03    2.6385E-28    4.3529E-20    9.5223E-13    7.2822E-06    9.9999E-01
    3.273101E+03    6.0572E-28    8.7539E-20    1.6196E-12    9.4576E-06    9.9999E-01
    3.478622E+03    2.8641E-27    3.3292E-19    4.6507E-12    1.6431E-05    9.9998E-01
    3.697048E+03    3.0119E-26    2.2235E-18    1.8990E-11    3.4554E-05    9.9997E-01
    3.929188E+03    1.3198E-25    6.8026E-18    4.0456E-11    5.0606E-05    9.9995E-01
    4.175906E+03    3.4563E-24    1.3772E-16    5.5826E-10    2.3311E-04    9.9977E-01
    4.438115E+03    2.1720E-23    7.2477E-16    2.2797E-09    5.2348E-04    9.9948E-01
    4.716788E+03    2.5808E-23    8.7954E-16    2.7702E-09    5.9058E-04    9.9941E-01
    5.012959E+03    1.4810E-23    5.6013E-16    1.9791E-09    4.9301E-04    9.9951E-01
    5.327727E+03    8.1182E-24    3.4215E-16    1.3644E-09    4.0317E-04    9.9960E-01
    5.662260E+03    6.3422E-24    2.8656E-16    1.2222E-09    3.8267E-04    9.9962E-01
    6.017798E+03    6.0986E-24    2.8276E-16    1.2316E-09    3.8639E-04    9.9961E-01
    6.395661E+03    9.5943E-24    4.2967E-16    1.7638E-09    4.7564E-04    9.9952E-01
    6.797251E+03    2.0482E-23    8.6445E-16    3.2009E-09    6.7077E-04    9.9933E-01
    7.224056E+03    4.9840E-23    1.9231E-15    6.2014E-09    9.7705E-04    9.9902E-01
    7.677661E+03    1.5426E-22    5.3695E-15    1.4536E-08    1.5880E-03    9.9841E-01
    8.159748E+03    7.1587E-22    2.1241E-14    4.4394E-08    2.9831E-03    9.9702E-01
    8.672106E+03    1.9348E-20    4.3077E-13    5.1415E-07    1.1962E-02    9.8804E-01
    9.216636E+03    7.0753E-17    7.1945E-10    1.7343E-04    2.8119E-01    7.1864E-01
    9.793140E+03    6.0046E-12    1.4682E-05    1.1866E-01    8.7968E-01    1.6412E-03
    1.026683E+04    1.5092E-08    7.5381E-03    9.8302E-01    9.4464E-03    1.6494E-09
    1.070804E+04    9.9969E-06    5.8997E-01    4.1002E-01    9.1469E-07    1.1868E-18
    1.120152E+04    1.3191E-03    9.9866E-01    2.2985E-05    5.0444E-18    9.3040E-40
    1.159423E+04    2.4661E-02    9.7534E-01    3.0861E-08    3.0162E-25    5.0733E-53
    1.180243E+04    5.8599E-02    9.4140E-01    5.3228E-09    4.3191E-27    2.5274E-56
    1.192916E+04    1.3004E-01    8.6996E-01    4.6259E-10    8.8435E-30    2.5952E-61
    1.202084E+04    2.9149E-01    7.0851E-01    1.6727E-11    2.0256E-33    2.5881E-64
    1.209768E+04    4.7328E-01    5.2672E-01    9.6656E-13    1.7697E-36    1.8123E-65
    1.216841E+04    6.0638E-01    3.9362E-01    1.1840E-13    1.1033E-38    2.6338E-66
    1.223949E+04    7.3536E-01    2.6464E-01    1.1515E-14    4.5064E-41    3.1280E-67
    1.231406E+04    8.3438E-01    1.6562E-01    1.0630E-15    1.8251E-43    3.4869E-68
    1.239842E+04    8.9363E-01    1.0637E-01    1.3411E-16    1.6212E-45    5.0475E-69
    1.256481E+04    9.3278E-01    6.7216E-02    1.5652E-17    1.1745E-47    6.6378E-70
    1.321135E+04    8.8411E-01    1.1589E-01    6.1163E-17    1.2737E-46    2.6120E-69
    1.378971E+04    7.8432E-01    2.1568E-01    5.2847E-16    1.0637E-44    2.0905E-68
    1.426236E+04    7.7236E-01    2.2764E-01    4.2727E-16    4.9356E-45    1.8251E-68
    1.471893E+04    8.3373E-01    1.6627E-01    6.6939E-17    6.1909E-47    3.4690E-69
    1.520339E+04    9.0651E-01    9.3494E-02    4.7945E-18    5.8714E-49    3.0885E-70
    1.569984E+04    9.6399E-01    3.6015E-02    1.0255E-19    6.6852E-51    8.1837E-72
    1.625603E+04    9.8871E-01    1.1288E-02    8.6192E-22    1.3247E-53    7.9560E-74
    1.692188E+04    9.9689E-01    3.1055E-03    6.4228E-24    4.9313E-54    8.1358E-76
    1.755155E+04    9.9884E-01    1.1604E-03    1.2259E-25    2.7452E-54    2.3436E-77
    1.815678E+04    9.9937E-01    6.2640E-04    7.2396E-27    2.0163E-54    1.9061E-78
    1.877630E+04    9.9962E-01    3.7986E-04    8.0442E-28    1.6228E-54    2.8495E-79
    1.943029E+04    9.9975E-01    2.4553E-04    2.2274E-28    1.3875E-54    1.0571E-79
    2.010428E+04    9.9974E-01    2.6385E-04    4.1439E-28    1.3603E-54    1.8105E-79
    2.090850E+04    9.9969E-01    3.0905E-04    1.6220E-27    1.3799E-54    6.1606E-79
    2.182676E+04    9.9970E-01    2.9953E-04    3.3416E-27    1.3456E-54    1.2795E-78
    2.283367E+04    9.9959E-01    4.1279E-04    1.3142E-26    1.4628E-54    3.9799E-78
    2.394324E+04    9.9948E-01    5.2317E-04    3.0074E-26    1.5935E-54    7.8477E-78
    2.516734E+04    9.9920E-01    7.9980E-04    7.6396E-26    1.9220E-54    1.5803E-77
    2.638649E+04    9.9917E-01    8.2825E-04    8.6364E-26    1.9672E-54    1.7696E-77
    2.758311E+04    9.9822E-01    1.7797E-03    3.2825E-25    3.0481E-54    4.8722E-77
    2.884269E+04    9.9702E-01    2.9764E-03    7.6310E-25    4.2886E-54    9.5595E-77
    3.014497E+04    9.9439E-01    5.6105E-03    2.2272E-24    6.7765E-54    2.3460E-76
    3.148085E+04    9.9104E-01    8.9634E-03    5.0084E-24    9.7349E-54    4.7567E-76
    3.276289E+04    9.8876E-01    1.1239E-02    7.6339E-24    1.1682E-53    6.9592E-76
    3.391810E+04    9.8608E-01    1.3918E-02    1.1832E-23    1.3896E-53    1.0385E-75
    3.495083E+04    9.8129E-01    1.8708E-02    2.3123E-23    1.7682E-53    1.9265E-75
    3.592850E+04    9.7500E-01    2.4997E-02    4.9792E-23    2.2434E-53    3.9493E-75
    3.688885E+04    9.6880E-01    3.1202E-02    1.0529E-22    2.6916E-53    8.0412E-75
    3.786912E+04    9.6409E-01    3.5908E-02    2.0653E-22    3.0191E-53    1.5373E-74
    3.888044E+04    9.6168E-01    3.8317E-02    3.5885E-22    3.1845E-53    2.6322E-74
    3.991994E+04    9.6084E-01    3.9161E-02    5.7422E-22    3.2497E-53    4.1755E-74
    4.098383E+04    9.6087E-01    3.9128E-02    8.6060E-22    3.2672E-53    6.2219E-74
    4.207443E+04    9.6137E-01    3.8628E-02    1.2062E-21    3.2669E-53    8.6819E-74
    4.319619E+04    9.6205E-01    3.7952E-02    1.5845E-21    3.2698E-53    1.1367E-73
    4.435339E+04    9.6267E-01    3.7326E-02    1.9663E-21    3.2917E-53    1.4090E-73
    4.555005E+04    9.6298E-01    3.7024E-02    2.3439E-21    3.3500E-53    1.6842E-73
    4.678738E+04    9.6271E-01    3.7293E-02    2.7339E-21    3.4585E-53    1.9795E-73
    4.806468E+04    9.6188E-01    3.8120E-02    3.1398E-21    3.6108E-53    2.3020E-73
    4.937985E+04    9.6063E-01    3.9374E-02    3.5525E-21    3.7927E-53    2.6468E-73
    5.073002E+04    9.5903E-01    4.0972E-02    3.9728E-21    3.9974E-53    3.0128E-73
    5.211198E+04    9.5725E-01    4.2747E-02    4.3870E-21    4.2152E-53    3.3880E-73
    5.352349E+04    9.5559E-01    4.4406E-02    4.7500E-21    4.4287E-53    3.7399E-73
    5.496004E+04    9.5430E-01    4.5699E-02    5.0164E-21    4.6258E-53    4.0387E-73
    5.642085E+04    9.5350E-01    4.6498E-02    5.1622E-21    4.8044E-53    4.2724E-73
    5.789881E+04    9.5323E-01    4.6773E-02    5.1823E-21    4.9695E-53    4.4433E-73
    5.939226E+04    9.5339E-01    4.6606E-02    5.0967E-21    5.1400E-53    4.5748E-73
    6.088737E+04    9.5395E-01    4.6046E-02    4.9188E-21    5.3376E-53    4.6856E-73
    6.237825E+04    9.5489E-01    4.5109E-02    4.6550E-21    5.5866E-53    4.7882E-73
    6.383998E+04    9.5613E-01    4.3866E-02    4.3253E-21    5.9105E-53    4.8951E-73
    6.526223E+04    9.5761E-01    4.2385E-02    3.9502E-21    6.3290E-53    5.0119E-73
    6.660986E+04    9.5916E-01    4.0844E-02    3.5712E-21    6.8487E-53    5.1463E-73
    6.786444E+04    9.6091E-01    3.9093E-02    3.1750E-21    7.4225E-53    5.2369E-73
    6.899777E+04    9.6386E-01    3.6145E-02    2.6292E-21    7.7647E-53    4.9551E-73
    6.951321E+04    9.6767E-01    3.2330E-02    2.0705E-21    7.3780E-53    4.1648E-73
    6.977237E+04    9.7033E-01    2.9666E-02    1.6691E-21    6.9813E-53    3.4710E-73
    6.990232E+04    9.7305E-01    2.6954E-02    1.3146E-21    6.4463E-53    2.7823E-73
    6.996738E+04    9.7508E-01    2.4921E-02    1.0697E-21    6.0105E-53    2.2851E-73
    6.999830E+04    9.7638E-01    2.3616E-02    9.1572E-22    5.7232E-53    1.9666E-73
    6.999993E+04    9.7676E-01    2.3235E-02    8.9046E-22    5.6337E-53    1.9134E-73
#TIME:     0.733
#NVEL: 115
#vel_mid[km/s]           o0           o1           o2           o3           o4
    8.484664E+02    5.0041E-23    1.0948E-15    2.3953E-09    4.9565E-04    9.9950E-01
    8.528610E+02    5.0041E-23    1.0948E-15    2.3953E-09    4.9565E-04    9.9950E-01
    8.661820E+02    5.0041E-23    1.0948E-15    2.3954E-09    4.9565E-04    9.9950E-01
    8.934513E+02    5.0045E-23    1.0949E-15    2.3955E-09    4.9566E-04    9.9950E-01
    9.472405E+02    5.0059E-23    1.0951E-15    2.3959E-09    4.9572E-04    9.9950E-01
    1.007109E+03    5.0105E-23    1.0960E-15    2.3974E-09    4.9589E-04    9.9950E-01
    1.070759E+03    5.0155E-23    1.0972E-15    2.4000E-09    4.9622E-04    9.9950E-01
    1.138432E+03    4.9473E-23    1.0857E-15    2.3827E-09    4.9439E-04    9.9951E-01
    1.210381E+03    4.5590E-23    1.0128E-15    2.2546E-09    4.7940E-04    9.9952E-01
    1.286878E+03    3.0036E-23    7.0320E-16    1.6712E-09    4.0465E-04    9.9960E-01
    1.368209E+03    6.6017E-24    1.9169E-16    5.8683E-10    2.2500E-04    9.9977E-01
    1.454681E+03    1.3556E-24    4.9788E-17    1.9960E-10    1.2315E-04    9.9988E-01
    1.546618E+03    7.1622E-25    2.9092E-17    1.3064E-10    9.7368E-05    9.9990E-01
    1.644365E+03    3.2890E-25    1.5181E-17    7.8615E-11    7.3624E-05    9.9993E-01
    1.748290E+03    1.0308E-25    5.7910E-18    3.7309E-11    4.9010E-05    9.9995E-01
    1.858783E+03    3.7094E-26    2.5257E-18    2.0045E-11    3.5164E-05    9.9996E-01
    1.976259E+03    1.2833E-26    1.0596E-18    1.0408E-11    2.4792E-05    9.9998E-01
    2.101160E+03    4.4525E-27    4.4971E-19    5.5121E-12    1.7763E-05    9.9998E-01
    2.233954E+03    1.4749E-27    1.8380E-19    2.8454E-12    1.2611E-05    9.9999E-01
    2.375142E+03    5.3110E-28    8.0853E-20    1.5629E-12    9.2972E-06    9.9999E-01
    2.525252E+03    2.3884E-28    4.2742E-20    9.8742E-13    7.3845E-06    9.9999E-01
    2.684850E+03    1.4075E-28    2.8230E-20    7.3704E-13    6.3840E-06    9.9999E-01
    2.854534E+03    1.1778E-28    2.4899E-20    6.8263E-13    6.1417E-06    9.9999E-01
    3.034942E+03    1.3799E-28    2.9113E-20    7.8348E-13    6.5797E-06    9.9999E-01
    3.226752E+03    3.0411E-28    5.6784E-20    1.3125E-12    8.5777E-06    9.9999E-01
    3.430685E+03    1.1285E-27    1.8009E-19    3.3696E-12    1.4321E-05    9.9999E-01
    3.647506E+03    1.6595E-26    1.6208E-18    1.7750E-11    3.5024E-05    9.9996E-01
    3.878031E+03    1.1542E-25    7.3032E-18    5.1236E-11    6.0672E-05    9.9994E-01
    4.123125E+03    1.6357E-24    8.5922E-17    4.4901E-10    2.1632E-04    9.9978E-01
    4.383709E+03    3.4314E-23    1.3594E-15    4.6145E-09    8.2381E-04    9.9918E-01
    4.660762E+03    6.5223E-23    2.5182E-15    7.9136E-09    1.1292E-03    9.9887E-01
    4.955325E+03    4.7710E-23    1.9785E-15    6.6960E-09    1.0364E-03    9.9896E-01
    5.268505E+03    2.5982E-23    1.1948E-15    4.5695E-09    8.4232E-04    9.9916E-01
    5.601477E+03    1.9344E-23    9.6001E-16    3.9587E-09    7.8469E-04    9.9922E-01
    5.955494E+03    1.8194E-23    9.3275E-16    3.9471E-09    7.8810E-04    9.9921E-01
    6.331885E+03    2.8241E-23    1.4113E-15    5.6295E-09    9.6813E-04    9.9903E-01
    6.732064E+03    6.3698E-23    3.0235E-15    1.0744E-08    1.4058E-03    9.9859E-01
    7.157534E+03    1.7225E-22    7.5028E-15    2.2726E-08    2.1541E-03    9.9785E-01
    7.609895E+03    6.0051E-22    2.3689E-14    5.8581E-08    3.6971E-03    9.9630E-01
    8.090845E+03    3.1613E-21    1.0688E-13    1.9757E-07    7.3504E-03    9.9265E-01
    8.602191E+03    9.3151E-20    2.4294E-12    2.4671E-06    3.0718E-02    9.6928E-01
    9.145855E+03    2.0255E-16    2.6035E-09    5.3959E-04    4.9575E-01    5.0371E-01
    9.716757E+03    6.2358E-12    2.0507E-05    1.6067E-01    8.3851E-01    7.9925E-04
    1.017136E+04    9.5781E-09    6.7137E-03    9.8478E-01    8.5109E-03    1.0499E-09
    1.058976E+04    5.5657E-06    5.0778E-01    4.9221E-01    1.3812E-06    2.0096E-18
    1.103681E+04    4.4227E-04    9.9942E-01    1.4113E-04    3.7818E-16    1.8513E-36
    1.143091E+04    1.5057E-02    9.8494E-01    3.4368E-08    2.5361E-25    2.0960E-53
    1.169743E+04    7.0155E-02    9.2985E-01    1.2423E-09    7.4400E-29    8.5932E-60
    1.185375E+04    1.3822E-01    8.6178E-01    1.7815E-10    5.8849E-31    3.5238E-63
    1.195751E+04    2.5767E-01    7.4233E-01    1.6328E-11    1.4747E-33    2.4279E-64
    1.203767E+04    4.4292E-01    5.5708E-01    8.2225E-13    8.8502E-37    1.4778E-65
    1.210835E+04    6.2551E-01    3.7449E-01    4.6093E-14    8.3182E-40    1.0421E-66
    1.217533E+04    7.6062E-01    2.3938E-01    3.5114E-15    1.9289E-42    9.8445E-68
    1.224092E+04    8.4475E-01    1.5525E-01    3.9867E-16    1.2668E-44    1.3183E-68
    1.231061E+04    8.9607E-01    1.0393E-01    6.1508E-17    1.7849E-46    2.2913E-69
    1.238832E+04    9.2755E-01    7.2447E-02    1.2246E-17    4.6167E-48    4.9670E-70
    1.249177E+04    9.4947E-01    5.0533E-02    2.4951E-18    1.2627E-49    1.0860E-70
    1.273320E+04    9.6889E-01    3.1106E-02    2.7187E-19    8.1872E-52    1.2962E-71
    1.314431E+04    9.7931E-01    2.0691E-02    3.6180E-20    3.6909E-53    1.9068E-72
    1.356973E+04    9.8640E-01    1.3604E-02    5.3308E-21    7.3366E-53    3.1415E-73
    1.397745E+04    9.9284E-01    7.1640E-03    7.2630E-22    5.8354E-53    4.9249E-74
    1.437971E+04    9.9691E-01    3.0942E-03    7.9895E-23    1.0578E-53    6.2137E-75
    1.481384E+04    9.9889E-01    1.1131E-03    3.8382E-24    1.4077E-54    3.4689E-76
    1.527443E+04    9.9966E-01    3.3521E-04    1.0035E-25    4.3344E-55    1.0919E-77
    1.573281E+04    9.9988E-01    1.1648E-04    3.1349E-27    1.8323E-55    4.2083E-79
    1.619433E+04    9.9995E-01    5.4250E-05    1.2916E-28    1.0915E-55    2.2280E-80
    1.667669E+04    9.9997E-01    2.6232E-05    5.7647E-30    7.3067E-56    1.3820E-81
    1.717287E+04    9.9999E-01    1.3896E-05    3.7747E-31    5.8842E-56    1.3819E-82
    1.768426E+04    9.9999E-01    1.0684E-05    4.6748E-32    7.3010E-56    2.7672E-83
    1.825695E+04    9.9999E-01    1.1195E-05    1.1249E-32    1.2217E-55    1.0610E-83
    1.899553E+04    9.9999E-01    1.0704E-05    2.5478E-33    1.8843E-55    3.8806E-84
    1.999671E+04    9.9999E-01    1.4864E-05    9.0323E-33    2.8487E-55    1.4984E-83
    2.125276E+04    9.9997E-01    2.5977E-05    1.5034E-31    3.3615E-55    1.6954E-82
    2.259595E+04    9.9996E-01    3.6720E-05    9.9958E-31    3.5253E-55    8.4034E-82
    2.402403E+04    9.9993E-01    6.5631E-05    6.5003E-30    4.0924E-55    3.5642E-81
    2.554236E+04    9.9988E-01    1.2115E-04    2.8098E-29    5.1459E-55    1.0523E-80
    2.715756E+04    9.9980E-01    2.0014E-04    7.9584E-29    6.6265E-55    2.3289E-80
    2.877497E+04    9.9935E-01    6.4912E-04    8.1910E-28    1.3106E-54    1.4608E-79
    3.035869E+04    9.9834E-01    1.6558E-03    4.8409E-27    2.5212E-54    6.5116E-79
    3.187471E+04    9.9675E-01    3.2468E-03    1.8034E-26    4.1818E-54    2.0545E-78
    3.324789E+04    9.9522E-01    4.7799E-03    4.1281E-26    5.6312E-54    4.3086E-78
    3.445101E+04    9.9247E-01    7.5295E-03    1.1974E-25    8.0309E-54    1.1332E-77
    3.554577E+04    9.8742E-01    1.2577E-02    4.7475E-25    1.2063E-53    4.0422E-77
    3.658462E+04    9.8037E-01    1.9628E-02    2.0153E-24    1.7193E-53    1.5688E-76
    3.762248E+04    9.7339E-01    2.6614E-02    7.9209E-24    2.1860E-53    5.7639E-76
    3.867668E+04    9.6835E-01    3.1652E-02    2.5490E-23    2.4982E-53    1.7718E-75
    3.975213E+04    9.6539E-01    3.4606E-02    6.9542E-23    2.6714E-53    4.6817E-75
    4.084453E+04    9.6391E-01    3.6091E-02    1.6560E-22    2.7616E-53    1.0889E-74
    4.195824E+04    9.6338E-01    3.6620E-02    3.4354E-22    2.8105E-53    2.2183E-74
    4.309818E+04    9.6338E-01    3.6618E-02    6.1816E-22    2.8508E-53    3.9302E-74
    4.426979E+04    9.6358E-01    3.6424E-02    9.8778E-22    2.9086E-53    6.2044E-74
    4.547749E+04    9.6361E-01    3.6393E-02    1.4279E-21    3.0080E-53    8.8988E-74
    4.672340E+04    9.6316E-01    3.6835E-02    1.9249E-21    3.1643E-53    1.1998E-73
    4.800748E+04    9.6222E-01    3.7782E-02    2.4591E-21    3.3692E-53    1.5508E-73
    4.932825E+04    9.6088E-01    3.9119E-02    3.0038E-21    3.6033E-53    1.9421E-73
    5.068335E+04    9.5922E-01    4.0778E-02    3.5446E-21    3.8542E-53    2.3738E-73
    5.207013E+04    9.5740E-01    4.2602E-02    4.0622E-21    4.1098E-53    2.8335E-73
    5.348629E+04    9.5570E-01    4.4304E-02    4.5113E-21    4.3526E-53    3.2822E-73
    5.492827E+04    9.5437E-01    4.5632E-02    4.8471E-21    4.5715E-53    3.6778E-73
    5.639439E+04    9.5354E-01    4.6459E-02    5.0458E-21    4.7657E-53    3.9982E-73
    5.787868E+04    9.5325E-01    4.6753E-02    5.1044E-21    4.9420E-53    4.2414E-73
    5.937786E+04    9.5340E-01    4.6596E-02    5.0454E-21    5.1205E-53    4.4302E-73
    6.087934E+04    9.5396E-01    4.6040E-02    4.8851E-21    5.3240E-53    4.5851E-73
    6.237552E+04    9.5490E-01    4.5104E-02    4.6326E-21    5.5775E-53    4.7204E-73
    6.384322E+04    9.5614E-01    4.3858E-02    4.3095E-21    5.9054E-53    4.8507E-73
    6.526864E+04    9.5763E-01    4.2375E-02    3.9386E-21    6.3271E-53    4.9836E-73
    6.661842E+04    9.5917E-01    4.0831E-02    3.5621E-21    6.8495E-53    5.1284E-73
    6.787517E+04    9.6093E-01    3.9070E-02    3.1663E-21    7.4247E-53    5.2241E-73
    6.900452E+04    9.6390E-01    3.6102E-02    2.6199E-21    7.7604E-53    4.9397E-73
    6.951650E+04    9.6770E-01    3.2298E-02    2.0638E-21    7.3728E-53    4.1522E-73
    6.977391E+04    9.7036E-01    2.9638E-02    1.6638E-21    6.9753E-53    3.4602E-73
    6.990298E+04    9.7307E-01    2.6935E-02    1.3111E-21    6.4416E-53    2.7749E-73
    6.996760E+04    9.7509E-01    2.4912E-02    1.0678E-21    6.0080E-53    2.2809E-73
    6.999832E+04    9.7639E-01    2.3614E-02    9.1484E-22    5.7223E-53    1.9647E-73
    6.999993E+04    9.7677E-01    2.3235E-02    8.8970E-22    5.6330E-53    1.9116E-73
#TIME:     0.806
#NVEL: 115
#vel_mid[km/s]           o0           o1           o2           o3           o4
    8.484664E+02    6.3377E-23    1.4990E-15    3.4175E-09    6.2321E-04    9.9938E-01
    8.540175E+02    6.3377E-23    1.4990E-15    3.4175E-09    6.2321E-04    9.9938E-01
    8.708899E+02    6.3378E-23    1.4991E-15    3.4175E-09    6.2321E-04    9.9938E-01
    9.056412E+02    6.3383E-23    1.4992E-15    3.4177E-09    6.2323E-04    9.9938E-01
    9.639886E+02    6.3405E-23    1.4996E-15    3.4185E-09    6.2332E-04    9.9938E-01
    1.024912E+03    6.3463E-23    1.5008E-15    3.4208E-09    6.2355E-04    9.9938E-01
    1.089687E+03    6.3099E-23    1.4943E-15    3.4106E-09    6.2261E-04    9.9938E-01
    1.158556E+03    6.0423E-23    1.4412E-15    3.3168E-09    6.1316E-04    9.9939E-01
    1.231778E+03    4.8074E-23    1.1836E-15    2.8317E-09    5.6124E-04    9.9944E-01
    1.309627E+03    2.1035E-23    5.7593E-16    1.5739E-09    4.0295E-04    9.9960E-01
    1.392396E+03    4.2371E-24    1.4488E-16    5.1615E-10    2.1542E-04    9.9978E-01
    1.480396E+03    1.1922E-24    4.8974E-17    2.1588E-10    1.3218E-04    9.9987E-01
    1.573958E+03    5.7502E-25    2.6490E-17    1.3286E-10    1.0096E-04    9.9990E-01
    1.673433E+03    2.2257E-25    1.1960E-17    7.1241E-11    7.1562E-05    9.9993E-01
    1.779195E+03    7.2173E-26    4.6969E-18    3.4575E-11    4.8180E-05    9.9995E-01
    1.891642E+03    2.4239E-26    1.9287E-18    1.7661E-11    3.3560E-05    9.9997E-01
    2.011195E+03    8.1942E-27    7.9313E-19    9.0110E-12    2.3387E-05    9.9998E-01
    2.138303E+03    2.6516E-27    3.1739E-19    4.5513E-12    1.6296E-05    9.9998E-01
    2.273445E+03    8.7082E-28    1.2865E-19    2.3285E-12    1.1481E-05    9.9999E-01
    2.417128E+03    3.2596E-28    5.8352E-20    1.3052E-12    8.5255E-06    9.9999E-01
    2.569892E+03    1.5647E-28    3.2511E-20    8.5579E-13    6.8820E-06    9.9999E-01
    2.732311E+03    1.0219E-28    2.3353E-20    6.7933E-13    6.1280E-06    9.9999E-01
    2.904995E+03    9.4724E-29    2.2446E-20    6.7220E-13    6.1018E-06    9.9999E-01
    3.088592E+03    1.3395E-28    3.0583E-20    8.6566E-13    6.9623E-06    9.9999E-01
    3.283793E+03    3.2576E-28    6.6126E-20    1.6062E-12    9.6910E-06    9.9999E-01
    3.491331E+03    2.2848E-27    3.4739E-19    5.9954E-12    1.9956E-05    9.9998E-01
    3.711985E+03    2.5618E-26    2.4850E-18    2.6433E-11    4.4453E-05    9.9996E-01
    3.946585E+03    1.8630E-25    1.2375E-17    8.7901E-11    8.4902E-05    9.9992E-01
    4.196011E+03    5.9089E-24    3.0611E-16    1.4421E-09    4.3385E-04    9.9957E-01
    4.461202E+03    6.6934E-23    2.8435E-15    9.4324E-09    1.2754E-03    9.9872E-01
    4.743153E+03    1.2317E-22    5.0945E-15    1.5586E-08    1.7080E-03    9.9829E-01
    5.042923E+03    7.9578E-23    3.5740E-15    1.2015E-08    1.4867E-03    9.9851E-01
    5.361639E+03    4.7037E-23    2.3211E-15    8.7135E-09    1.2509E-03    9.9875E-01
    5.700497E+03    3.7469E-23    1.9744E-15    7.8849E-09    1.1934E-03    9.9881E-01
    6.060772E+03    4.1804E-23    2.2307E-15    8.8654E-09    1.2820E-03    9.9872E-01
    6.443817E+03    7.4072E-23    3.8340E-15    1.4050E-08    1.6734E-03    9.9833E-01
    6.851070E+03    1.9029E-22    9.2714E-15    2.9414E-08    2.5591E-03    9.9744E-01
    7.284062E+03    5.8832E-22    2.6203E-14    6.8931E-08    4.1576E-03    9.9584E-01
    7.744419E+03    2.4790E-21    9.8610E-14    2.0285E-07    7.6827E-03    9.9232E-01
    8.233871E+03    1.9962E-20    6.6983E-13    9.4917E-07    1.8403E-02    9.8160E-01
    8.754256E+03    1.9087E-18    4.4965E-11    2.7030E-05    1.1879E-01    8.8119E-01
    9.307531E+03    6.8405E-15    6.8252E-08    5.3677E-03    9.0681E-01    8.7827E-02
    9.857056E+03    1.5680E-10    3.4510E-04    6.7182E-01    3.2783E-01    1.0682E-05
    1.026219E+04    6.3685E-08    2.8487E-02    9.7081E-01    6.9993E-04    2.3609E-12
    1.066046E+04    1.3794E-05    8.1998E-01    1.8001E-01    3.9865E-08    1.4109E-21
    1.108456E+04    8.2502E-04    9.9915E-01    2.1791E-05    2.7544E-18    1.6627E-40
    1.145920E+04    2.3759E-02    9.7624E-01    7.4684E-09    4.5304E-27    1.0110E-56
    1.170019E+04    9.5870E-02    9.0413E-01    3.3705E-10    2.3627E-30    1.6127E-62
    1.184807E+04    1.7530E-01    8.2470E-01    5.3830E-11    2.5061E-32    7.3798E-64
    1.194895E+04    3.0844E-01    6.9156E-01    5.1832E-12    7.4395E-35    8.0539E-65
    1.202846E+04    5.1983E-01    4.8017E-01    1.9855E-13    2.4642E-38    3.8831E-66
    1.209713E+04    7.1277E-01    2.8723E-01    7.4655E-15    9.8071E-42    1.9128E-67
    1.216131E+04    8.2952E-01    1.7048E-01    4.8826E-16    1.7309E-44    1.5460E-68
    1.222467E+04    8.9469E-01    1.0531E-01    5.1575E-17    1.0309E-46    1.8860E-69
    1.229131E+04    9.3337E-01    6.6625E-02    7.0023E-18    1.1589E-48    2.8271E-70
    1.236339E+04    9.5714E-01    4.2856E-02    1.1059E-18    1.9116E-50    4.7843E-71
    1.245100E+04    9.7334E-01    2.6665E-02    1.5998E-19    2.8540E-52    7.3058E-72
    1.259630E+04    9.8642E-01    1.3578E-02    1.0725E-20    9.2091E-54    5.1768E-73
    1.288977E+04    9.9549E-01    4.5101E-03    1.4005E-22    2.9537E-54    7.2583E-75
    1.326716E+04    9.9862E-01    1.3846E-03    2.3188E-24    9.7609E-55    1.3389E-76
    1.368028E+04    9.9957E-01    4.3265E-04    2.2451E-25    3.3760E-55    1.4796E-77
    1.412000E+04    9.9987E-01    1.3499E-04    3.1844E-26    1.1835E-55    2.3545E-78
    1.458947E+04    9.9996E-01    4.1104E-05    2.4638E-27    4.0297E-56    2.0817E-79
    1.507487E+04    9.9999E-01    1.0993E-05    7.7302E-29    1.2573E-56    7.6919E-81
    1.554368E+04    1.0000E+00    3.2272E-06    2.5480E-30    4.4453E-57    3.0649E-82
    1.599734E+04    1.0000E+00    1.4655E-06    1.4066E-31    2.5225E-57    2.1204E-83
    1.645628E+04    1.0000E+00    8.3801E-07    9.4141E-33    1.9115E-57    1.8867E-84
    1.692588E+04    1.0000E+00    5.0604E-07    7.7760E-34    1.6530E-57    2.2403E-85
    1.740008E+04    1.0000E+00    4.3328E-07    1.1670E-34    2.1899E-57    5.2144E-86
    1.790650E+04    1.0000E+00    6.4325E-07    3.8990E-35    5.3821E-57    2.8787E-86
    1.855795E+04    1.0000E+00    1.2447E-06    1.6531E-35    1.8847E-56    2.2013E-86
    1.953644E+04    1.0000E+00    2.7509E-06    3.6031E-35    7.1519E-56    8.1528E-86
    2.077905E+04    9.9999E-01    7.0950E-06    8.2437E-34    1.4810E-55    1.5084E-84
    2.209229E+04    9.9999E-01    1.2422E-05    1.0463E-32    1.7731E-55    1.3150E-83
    2.348854E+04    9.9998E-01    2.2275E-05    8.2603E-32    2.0621E-55    6.7573E-83
    2.497303E+04    9.9995E-01    4.5073E-05    5.0875E-31    2.6298E-55    2.6304E-82
    2.655134E+04    9.9992E-01    7.9662E-05    1.7240E-30    3.4408E-55    6.6214E-82
    2.823401E+04    9.9977E-01    2.3255E-04    1.6767E-29    6.1590E-55    3.9407E-81
    2.993365E+04    9.9922E-01    7.8477E-04    1.8834E-28    1.3837E-54    2.9448E-80
    3.153760E+04    9.9815E-01    1.8507E-03    1.0687E-27    2.6126E-54    1.3383E-79
    3.299099E+04    9.9697E-01    3.0341E-03    3.1492E-27    3.8116E-54    3.5143E-79
    3.426462E+04    9.9491E-01    5.0908E-03    1.0874E-26    5.6884E-54    1.0807E-78
    3.540831E+04    9.9068E-01    9.3178E-03    5.5948E-26    9.1338E-54    4.8817E-78
    3.648732E+04    9.8412E-01    1.5877E-02    3.3075E-25    1.3914E-53    2.5715E-77
    3.755144E+04    9.7670E-01    2.3299E-02    1.8067E-24    1.8748E-53    1.2851E-76
    3.862706E+04    9.7093E-01    2.9070E-02    7.7928E-24    2.2169E-53    5.2094E-76
    3.971922E+04    9.6725E-01    3.2750E-02    2.7321E-23    2.4202E-53    1.7483E-75
    4.082638E+04    9.6519E-01    3.4813E-02    8.0753E-23    2.5363E-53    5.0066E-75
    4.195195E+04    9.6424E-01    3.5756E-02    2.0036E-22    2.6063E-53    1.2132E-74
    4.310219E+04    9.6397E-01    3.6034E-02    4.1591E-22    2.6638E-53    2.4702E-74
    4.428215E+04    9.6397E-01    3.6029E-02    7.4175E-22    2.7374E-53    4.3357E-74
    4.549618E+04    9.6387E-01    3.6131E-02    1.1647E-21    2.8538E-53    6.7313E-74
    4.674647E+04    9.6333E-01    3.6669E-02    1.6710E-21    3.0336E-53    9.6784E-74
    4.803285E+04    9.6232E-01    3.7682E-02    2.2332E-21    3.2641E-53    1.3146E-73
    4.935417E+04    9.6093E-01    3.9066E-02    2.8142E-21    3.5215E-53    1.7043E-73
    5.070872E+04    9.5925E-01    4.0754E-02    3.3924E-21    3.7923E-53    2.1387E-73
    5.209387E+04    9.5741E-01    4.2593E-02    3.9437E-21    4.0641E-53    2.6097E-73
    5.350827E+04    9.5570E-01    4.4300E-02    4.4218E-21    4.3194E-53    3.0814E-73
    5.494800E+04    9.5437E-01    4.5629E-02    4.7810E-21    4.5477E-53    3.5088E-73
    5.641221E+04    9.5355E-01    4.6453E-02    4.9981E-21    4.7490E-53    3.8643E-73
    5.789415E+04    9.5326E-01    4.6745E-02    5.0704E-21    4.9305E-53    4.1409E-73
    5.939153E+04    9.5341E-01    4.6587E-02    5.0214E-21    5.1130E-53    4.3585E-73
