#NTIMES 50
#NSTAGES 4
#TIMES[d] 199.16 202.02 204.93 207.87 210.86 213.89 216.97 220.09 223.25 226.46 229.71 233.01 236.36 239.76 243.21 246.70 250.25 253.85 257.49 261.20 264.95 268.76 272.62 276.54 280.51 284.55 288.64 292.79 296.99 301.26 305.59 309.99 314.44 318.96 323.54 328.20 332.91 337.70 342.55 347.48 352.47 357.54 362.67 367.89 373.18 378.54 383.98 389.50 395.10 400.78
#
#TIME: 199.16
#NVEL 78
#vel_mid[km/s] s0 s1 s2 s3
1060.83 4.1891e-04 8.1087e-01 1.8389e-01 4.8210e-03
1919.29 3.5459e-04 8.3228e-01 1.6353e-01 3.8354e-03
2581.60 2.7941e-04 7.8693e-01 2.0649e-01 6.3031e-03
3084.17 2.1117e-04 6.8733e-01 3.0053e-01 1.1928e-02
3472.46 1.2320e-04 5.2786e-01 4.4873e-01 2.3286e-02
3909.64 6.5024e-05 4.3250e-01 5.3108e-01 3.6357e-02
4148.46 6.1094e-05 4.2567e-01 5.3766e-01 3.6609e-02
4670.75 6.9171e-05 4.7420e-01 4.9304e-01 3.2687e-02
4956.05 4.4200e-05 3.9967e-01 5.5864e-01 4.1646e-02
5258.79 1.3541e-05 1.9615e-01 7.3374e-01 7.0099e-02
5580.02 3.4399e-06 8.0838e-02 8.2466e-01 9.4496e-02
5920.87 1.0680e-06 3.7570e-02 8.4938e-01 1.1305e-01
6282.54 5.2978e-07 2.3629e-02 8.4584e-01 1.3053e-01
6666.30 4.6987e-07 2.2709e-02 8.4005e-01 1.3724e-01
7073.50 4.5908e-07 2.3395e-02 8.3297e-01 1.4364e-01
7505.58 3.8390e-07 2.1212e-02 8.3047e-01 1.4832e-01
7964.05 5.9100e-07 2.9711e-02 8.2652e-01 1.4377e-01
8450.53 1.9010e-06 6.7919e-02 8.0760e-01 1.2448e-01
8966.72 5.1956e-06 1.2458e-01 7.7095e-01 1.0446e-01
9514.44 1.4472e-05 2.4016e-01 6.7798e-01 8.1842e-02
10095.62 3.0352e-05 3.4196e-01 5.9716e-01 6.0851e-02
10712.30 4.9213e-05 4.1550e-01 5.3361e-01 5.0839e-02
11366.65 6.8644e-05 4.8010e-01 4.7726e-01 4.2565e-02
12061.10 5.8526e-05 4.7324e-01 4.8408e-01 4.2614e-02
12793.43 6.6471e-05 5.0572e-01 4.5272e-01 4.1501e-02
13528.61 5.4809e-05 4.9648e-01 4.6141e-01 4.2060e-02
14194.74 5.1518e-05 4.8146e-01 4.7272e-01 4.5767e-02
14757.77 3.7901e-05 4.6853e-01 4.8290e-01 4.8536e-02
15240.48 3.1525e-05 4.1610e-01 5.3742e-01 4.6449e-02
15646.99 4.8989e-05 4.6405e-01 5.0608e-01 2.9825e-02
15960.30 9.1318e-05 5.1427e-01 4.6748e-01 1.8157e-02
16187.41 6.5941e-05 5.1882e-01 4.6624e-01 1.4870e-02
16354.17 5.1490e-05 4.9165e-01 4.9286e-01 1.5444e-02
16484.18 4.8211e-05 4.2542e-01 5.5601e-01 1.8519e-02
16593.12 2.3173e-05 2.1083e-01 7.6437e-01 2.4768e-02
16691.99 3.1231e-05 2.4211e-01 7.2937e-01 2.8495e-02
16788.59 1.0451e-05 1.3654e-01 8.2824e-01 3.5215e-02
16888.37 1.1581e-05 1.9675e-01 7.6877e-01 3.4464e-02
16998.79 2.1221e-05 2.3698e-01 7.2803e-01 3.4966e-02
17146.37 1.1145e-05 1.6713e-01 7.9550e-01 3.7367e-02
17415.23 4.9554e-06 7.4412e-02 8.7850e-01 4.7081e-02
17888.12 5.2497e-06 1.1545e-01 8.2632e-01 5.8224e-02
18532.37 2.0308e-06 5.6492e-02 8.7348e-01 7.0029e-02
19260.76 2.5387e-06 7.6491e-02 8.4200e-01 8.1506e-02
20034.10 6.4150e-07 2.9440e-02 8.6101e-01 1.0955e-01
20838.00 5.4543e-07 2.6719e-02 8.5713e-01 1.1615e-01
21647.97 1.2441e-06 5.1629e-02 8.0320e-01 1.4517e-01
22447.94 4.8207e-07 2.6052e-02 8.0089e-01 1.7306e-01
23245.88 3.2967e-07 2.0438e-02 7.7612e-01 2.0344e-01
24052.47 8.1581e-07 5.8718e-02 7.2373e-01 2.1755e-01
24867.72 3.7257e-07 3.4509e-02 7.0261e-01 2.6288e-01
25698.86 5.0689e-07 5.1262e-02 6.5970e-01 2.8904e-01
26587.16 2.7025e-07 3.5101e-02 6.5209e-01 3.1281e-01
27637.54 1.8786e-07 2.5060e-02 6.2692e-01 3.4802e-01
28986.97 1.8991e-07 2.9640e-02 3.7360e-01 5.9676e-01
#TIME: 202.02
#NVEL 78
#vel_mid[km/s] s0 s1 s2 s3
1060.83 4.2168e-04 8.0613e-01 1.8845e-01 5.0068e-03
1919.29 3.9575e-04 8.3126e-01 1.6436e-01 3.9822e-03
2581.60 2.9162e-04 7.8283e-01 2.1048e-01 6.4040e-03
3084.17 2.0778e-04 6.7861e-01 3.0897e-01 1.2213e-02
3472.46 1.2645e-04 5.3578e-01 4.4154e-01 2.2557e-02
3909.64 6.7711e-05 4.2309e-01 5.3972e-01 3.7122e-02
4148.46 6.7322e-05 4.3547e-01 5.2843e-01 3.6039e-02
4670.75 7.5529e-05 4.6516e-01 5.0099e-01 3.3769e-02
4956.05 4.2385e-05 3.8042e-01 5.7463e-01 4.4901e-02
5258.79 1.4117e-05 2.0396e-01 7.2502e-01 7.0998e-02
5580.02 3.4314e-06 8.1615e-02 8.2218e-01 9.6206e-02
5920.87 1.1615e-06 3.9650e-02 8.4662e-01 1.1373e-01
6282.54 5.1662e-07 2.3213e-02 8.4821e-01 1.2858e-01
6666.30 4.1935e-07 2.0808e-02 8.4229e-01 1.3691e-01
7073.50 4.4028e-07 2.2202e-02 8.4310e-01 1.3470e-01
7505.58 5.0975e-07 2.7705e-02 8.3360e-01 1.3870e-01
7964.05 6.0877e-07 2.9465e-02 8.2605e-01 1.4449e-01
8450.53 1.8074e-06 6.3014e-02 8.1625e-01 1.2073e-01
8966.72 5.3247e-06 1.2694e-01 7.7097e-01 1.0208e-01
9514.44 1.5188e-05 2.4096e-01 6.7788e-01 8.1141e-02
10095.62 3.2457e-05 3.5080e-01 5.8550e-01 6.3669e-02
10712.30 4.7970e-05 4.0975e-01 5.3816e-01 5.2042e-02
11366.65 6.9743e-05 4.7098e-01 4.8551e-01 4.3431e-02
12061.10 6.2983e-05 4.8612e-01 4.7234e-01 4.1473e-02
12793.43 6.0613e-05 4.9534e-01 4.6361e-01 4.0987e-02
13528.61 5.1956e-05 5.1174e-01 4.4659e-01 4.1620e-02
14194.74 3.7781e-05 4.8845e-01 4.6550e-01 4.6016e-02
14757.77 3.7788e-05 4.4263e-01 5.0819e-01 4.9148e-02
15240.48 3.1564e-05 4.6129e-01 4.9606e-01 4.2618e-02
15646.99 3.7536e-05 4.4811e-01 5.2117e-01 3.0681e-02
15960.30 5.9220e-05 4.5264e-01 5.2742e-01 1.9883e-02
16187.41 6.0880e-05 4.6875e-01 5.1500e-01 1.6195e-02
16354.17 6.6536e-05 4.9170e-01 4.9465e-01 1.3580e-02
16484.18 5.8898e-05 4.2098e-01 5.6125e-01 1.7712e-02
16593.12 4.7236e-05 3.3730e-01 6.3954e-01 2.3108e-02
16691.99 5.1546e-05 3.5277e-01 6.2247e-01 2.4706e-02
16788.59 2.9214e-05 2.9824e-01 6.7346e-01 2.8264e-02
16888.37 1.6798e-05 2.1891e-01 7.4812e-01 3.2954e-02
16998.79 1.9465e-05 2.7039e-01 6.9564e-01 3.3947e-02
17146.37 1.2592e-05 2.0802e-01 7.5296e-01 3.9000e-02
17415.23 5.8617e-06 1.0209e-01 8.5073e-01 4.7172e-02
17888.12 5.3286e-06 1.1227e-01 8.2941e-01 5.8315e-02
18532.37 3.4514e-06 8.4094e-02 8.4880e-01 6.7106e-02
19260.76 1.7982e-06 5.5806e-02 8.6198e-01 8.2212e-02
20034.10 8.9925e-07 3.7307e-02 8.6135e-01 1.0134e-01
20838.00 8.3419e-07 3.8585e-02 8.3989e-01 1.2153e-01
21647.97 6.0526e-07 3.2644e-02 8.2463e-01 1.4273e-01
22447.94 3.7011e-07 2.1660e-02 7.9513e-01 1.8321e-01
23245.88 2.7274e-07 2.1709e-02 7.7878e-01 1.9951e-01
24052.47 1.5439e-07 1.3446e-02 7.5066e-01 2.3589e-01
24867.72 4.0794e-07 3.3710e-02 5.8055e-01 3.8574e-01
25698.86 1.6222e-06 1.5590e-01 5.8579e-01 2.5831e-01
26587.16 3.6788e-07 3.3791e-02 4.7203e-01 4.9418e-01
27637.54 5.8417e-07 5.7912e-02 6.2235e-01 3.1973e-01
28986.97 1.1919e-07 1.9575e-02 5.1785e-01 4.6257e-01
#TIME: 204.93
#NVEL 78
#vel_mid[km/s] s0 s1 s2 s3
1060.83 4.0705e-04 8.2417e-01 1.7111e-01 4.3150e-03
1919.29 4.0530e-04 8.3273e-01 1.6291e-01 3.9478e-03
2581.60 3.0231e-04 7.8324e-01 2.1007e-01 6.3884e-03
3084.17 2.1255e-04 6.9085e-01 2.9713e-01 1.1812e-02
3472.46 1.1633e-04 5.3220e-01 4.4449e-01 2.3194e-02
3909.64 7.0855e-05 4.2541e-01 5.3760e-01 3.6922e-02
4148.46 6.6080e-05 4.2685e-01 5.3543e-01 3.7648e-02
4670.75 7.2851e-05 4.6251e-01 5.0420e-01 3.3216e-02
4956.05 3.8327e-05 3.7801e-01 5.7663e-01 4.5323e-02
5258.79 1.3887e-05 2.0252e-01 7.2715e-01 7.0317e-02
5580.02 3.3712e-06 7.7913e-02 8.2438e-01 9.7700e-02
5920.87 1.1028e-06 3.5807e-02 8.4776e-01 1.1643e-01
6282.54 5.4335e-07 2.3503e-02 8.4246e-01 1.3404e-01
6666.30 4.4965e-07 2.1787e-02 8.4196e-01 1.3625e-01
7073.50 4.5585e-07 2.2257e-02 8.4333e-01 1.3442e-01
7505.58 5.1221e-07 2.7111e-02 8.3237e-01 1.4052e-01
7964.05 5.6378e-07 2.8355e-02 8.2769e-01 1.4396e-01
8450.53 1.8343e-06 6.4823e-02 8.1216e-01 1.2302e-01
8966.72 5.8082e-06 1.3007e-01 7.6923e-01 1.0070e-01
9514.44 1.6076e-05 2.3186e-01 6.8545e-01 8.2676e-02
10095.62 3.2682e-05 3.4149e-01 5.9577e-01 6.2706e-02
10712.30 4.3958e-05 4.1094e-01 5.3737e-01 5.1643e-02
11366.65 6.2765e-05 4.7043e-01 4.8611e-01 4.3401e-02
12061.10 7.4661e-05 4.8358e-01 4.7354e-01 4.2807e-02
12793.43 6.4372e-05 5.1216e-01 4.4701e-01 4.0773e-02
13528.61 5.5287e-05 5.1394e-01 4.4499e-01 4.1015e-02
14194.74 4.2315e-05 4.9729e-01 4.5760e-01 4.5071e-02
14757.77 3.2958e-05 4.4776e-01 5.0099e-01 5.1217e-02
15240.48 3.1832e-05 4.2081e-01 5.3544e-01 4.3713e-02
15646.99 4.8311e-05 4.7264e-01 4.9786e-01 2.9451e-02
15960.30 6.1835e-05 5.5879e-01 4.2472e-01 1.6435e-02
16187.41 6.6645e-05 5.0041e-01 4.8412e-01 1.5411e-02
16354.17 8.8275e-05 5.2730e-01 4.5878e-01 1.3829e-02
16484.18 3.8755e-05 3.2703e-01 6.5217e-01 2.0768e-02
16593.12 5.1285e-05 4.0798e-01 5.7294e-01 1.9029e-02
16691.99 2.8214e-05 2.9268e-01 6.7916e-01 2.8124e-02
16788.59 2.5732e-05 2.3272e-01 7.3726e-01 2.9997e-02
16888.37 1.3894e-05 1.8591e-01 7.8017e-01 3.3910e-02
16998.79 2.1200e-05 2.8795e-01 6.8047e-01 3.1564e-02
17146.37 7.4147e-06 8.7605e-02 8.6758e-01 4.4804e-02
17415.23 6.3013e-06 8.9346e-02 8.6227e-01 4.8377e-02
17888.12 5.6166e-06 1.1164e-01 8.3160e-01 5.6760e-02
18532.37 2.9361e-06 7.3845e-02 8.5710e-01 6.9048e-02
19260.76 3.4093e-06 1.1277e-01 8.1093e-01 7.6291e-02
20034.10 8.5417e-07 3.1087e-02 8.6395e-01 1.0496e-01
20838.00 6.2161e-07 2.7279e-02 8.5154e-01 1.2118e-01
21647.97 7.9278e-07 3.3569e-02 8.2654e-01 1.3989e-01
22447.94 4.8636e-07 3.0315e-02 7.8561e-01 1.8407e-01
23245.88 3.9351e-06 2.4834e-01 5.9755e-01 1.5410e-01
24052.47 1.7124e-07 1.4249e-02 7.2095e-01 2.6480e-01
24867.72 4.0174e-07 3.5487e-02 7.1456e-01 2.4995e-01
25698.86 1.0871e-06 1.0094e-01 6.4817e-01 2.5089e-01
26587.16 1.6357e-07 1.7602e-02 5.7299e-01 4.0941e-01
27637.54 3.2622e-07 3.6758e-02 5.5702e-01 4.0622e-01
28986.97 3.1532e-07 3.9107e-02 5.6667e-01 3.9423e-01
#TIME: 207.87
#NVEL 78
#vel_mid[km/s] s0 s1 s2 s3
1060.83 3.5970e-04 8.2034e-01 1.7482e-01 4.4829e-03
1919.29 3.9146e-04 8.3414e-01 1.6161e-01 3.8607e-03
2581.60 3.3403e-04 7.8606e-01 2.0736e-01 6.2491e-03
3084.17 2.2209e-04 6.8648e-01 3.0135e-01 1.1952e-02
3472.46 1.2141e-04 5.2223e-01 4.5457e-01 2.3079e-02
3909.64 6.5712e-05 4.1021e-01 5.5231e-01 3.7414e-02
4148.46 6.8265e-05 4.3109e-01 5.3195e-01 3.6894e-02
4670.75 7.6269e-05 4.6749e-01 4.9925e-01 3.3187e-02
4956.05 4.5063e-05 3.8938e-01 5.6607e-01 4.4499e-02
5258.79 1.5548e-05 2.1255e-01 7.1796e-01 6.9472e-02
5580.02 3.4943e-06 7.7916e-02 8.2733e-01 9.4748e-02
5920.87 1.1321e-06 3.5808e-02 8.4861e-01 1.1558e-01
6282.54 5.6960e-07 2.4598e-02 8.4192e-01 1.3348e-01
6666.30 4.4433e-07 2.1059e-02 8.4249e-01 1.3645e-01
7073.50 4.6894e-07 2.2957e-02 8.4304e-01 1.3400e-01
7505.58 5.1268e-07 2.5532e-02 8.2594e-01 1.4852e-01
7964.05 5.6189e-07 2.7738e-02 8.2902e-01 1.4324e-01
8450.53 1.8450e-06 6.2558e-02 8.1440e-01 1.2304e-01
8966.72 5.3231e-06 1.2259e-01 7.7518e-01 1.0222e-01
9514.44 1.4089e-05 2.2646e-01 6.9084e-01 8.2695e-02
10095.62 3.0883e-05 3.3463e-01 6.0179e-01 6.3557e-02
10712.30 4.7990e-05 4.2415e-01 5.2603e-01 4.9765e-02
11366.65 6.1808e-05 4.7487e-01 4.8208e-01 4.2986e-02
12061.10 7.4268e-05 5.0188e-01 4.5754e-01 4.0513e-02
12793.43 6.3393e-05 4.9207e-01 4.6657e-01 4.1293e-02
13528.61 5.4905e-05 4.9211e-01 4.6552e-01 4.2313e-02
14194.74 3.8342e-05 4.7003e-01 4.8372e-01 4.6215e-02
14757.77 3.2623e-05 4.7944e-01 4.7291e-01 4.7617e-02
15240.48 3.0836e-05 3.9036e-01 5.6412e-01 4.5485e-02
15646.99 3.2724e-05 4.2974e-01 5.3827e-01 3.1960e-02
15960.30 6.2797e-05 5.4315e-01 4.3990e-01 1.6885e-02
16187.41 7.1430e-05 5.4790e-01 4.3811e-01 1.3919e-02
16354.17 5.3542e-05 4.9571e-01 4.8950e-01 1.4733e-02
16484.18 4.7003e-05 3.7213e-01 6.0867e-01 1.9157e-02
16593.12 2.8328e-05 3.5174e-01 6.2608e-01 2.2147e-02
16691.99 3.7804e-05 3.4441e-01 6.3069e-01 2.4857e-02
16788.59 1.2242e-05 3.0197e-01 6.6896e-01 2.9052e-02
16888.37 1.3236e-05 1.0437e-01 8.5797e-01 3.7652e-02
16998.79 1.6523e-05 2.0997e-01 7.5399e-01 3.6017e-02
17146.37 1.7598e-05 3.2599e-01 6.4078e-01 3.3217e-02
17415.23 8.0986e-06 1.4359e-01 8.0986e-01 4.6542e-02
17888.12 4.8271e-06 9.8361e-02 8.4354e-01 5.8097e-02
18532.37 2.6353e-06 6.4736e-02 8.6569e-01 6.9571e-02
19260.76 3.5352e-06 9.4976e-02 8.2764e-01 7.7385e-02
20034.10 1.3185e-06 5.4840e-02 8.4518e-01 9.9979e-02
20838.00 1.1161e-06 4.3129e-02 8.3875e-01 1.1812e-01
21647.97 1.2849e-06 6.0436e-02 8.0195e-01 1.3761e-01
22447.94 4.2393e-07 2.2429e-02 8.1488e-01 1.6269e-01
23245.88 5.6411e-07 3.7486e-02 7.6938e-01 1.9314e-01
24052.47 6.3916e-07 4.6731e-02 6.7182e-01 2.8145e-01
24867.72 1.7638e-06 1.2219e-01 6.4776e-01 2.3005e-01
25698.86 1.2353e-06 8.4017e-02 6.7088e-01 2.4510e-01
26587.16 1.9714e-07 1.9504e-02 6.6694e-01 3.1355e-01
27637.54 5.2872e-07 7.0123e-02 5.9054e-01 3.3933e-01
28986.97 7.5380e-07 9.8859e-02 5.3338e-01 3.6776e-01
#TIME: 210.86
#NVEL 78
#vel_mid[km/s] s0 s1 s2 s3
1060.83 4.1471e-04 8.2147e-01 1.7376e-01 4.3523e-03
1919.29 4.0458e-04 8.3570e-01 1.6012e-01 3.7745e-03
2581.60 2.9194e-04 7.8258e-01 2.1072e-01 6.4009e-03
3084.17 2.2357e-04 6.9243e-01 2.9564e-01 1.1707e-02
3472.46 1.2877e-04 5.3906e-01 4.3834e-01 2.2472e-02
3909.64 6.6151e-05 4.1288e-01 5.4956e-01 3.7492e-02
4148.46 7.3827e-05 4.4126e-01 5.2292e-01 3.5747e-02
4670.75 7.4062e-05 4.7645e-01 4.9123e-01 3.2249e-02
4956.05 4.1575e-05 3.7769e-01 5.7733e-01 4.4946e-02
5258.79 1.6251e-05 2.0963e-01 7.2049e-01 6.9857e-02
5580.02 3.6238e-06 8.1249e-02 8.2142e-01 9.7325e-02
5920.87 1.0764e-06 3.4080e-02 8.5174e-01 1.1418e-01
6282.54 5.6615e-07 2.4339e-02 8.4230e-01 1.3336e-01
6666.30 4.4015e-07 2.0885e-02 8.3848e-01 1.4064e-01
7073.50 4.5783e-07 2.2228e-02 8.3571e-01 1.4206e-01
7505.58 5.1786e-07 2.6438e-02 8.2348e-01 1.5008e-01
7964.05 6.5355e-07 3.1816e-02 8.2532e-01 1.4286e-01
8450.53 1.9881e-06 6.6557e-02 8.0907e-01 1.2437e-01
8966.72 5.2010e-06 1.2517e-01 7.6887e-01 1.0595e-01
9514.44 1.4600e-05 2.3510e-01 6.8305e-01 8.1835e-02
10095.62 2.8777e-05 3.3174e-01 6.0527e-01 6.2958e-02
10712.30 5.1931e-05 4.1843e-01 5.3042e-01 5.1102e-02
11366.65 6.5216e-05 4.5515e-01 5.0010e-01 4.4683e-02
12061.10 7.1862e-05 5.0333e-01 4.5601e-01 4.0589e-02
12793.43 6.3083e-05 5.1255e-01 4.4769e-01 3.9703e-02
13528.61 5.4403e-05 4.8618e-01 4.6994e-01 4.3826e-02
14194.74 4.3987e-05 4.7418e-01 4.7918e-01 4.6596e-02
14757.77 3.0958e-05 4.4074e-01 5.0963e-01 4.9599e-02
15240.48 3.7563e-05 4.4154e-01 5.1539e-01 4.3035e-02
15646.99 4.8298e-05 4.4328e-01 5.2937e-01 2.7298e-02
15960.30 7.1036e-05 5.4800e-01 4.3562e-01 1.6313e-02
16187.41 7.3514e-05 5.1265e-01 4.7261e-01 1.4670e-02
16354.17 7.7702e-05 6.0765e-01 3.8075e-01 1.1521e-02
16484.18 5.6023e-05 3.7106e-01 6.0973e-01 1.9154e-02
16593.12 2.5223e-05 2.8236e-01 6.9391e-01 2.3704e-02
16691.99 2.8914e-05 2.8618e-01 6.8733e-01 2.6454e-02
16788.59 2.6529e-05 3.8521e-01 5.8977e-01 2.4987e-02
16888.37 2.6449e-05 2.8590e-01 6.8553e-01 2.8545e-02
16998.79 1.6085e-05 2.1722e-01 7.4765e-01 3.5119e-02
17146.37 1.8251e-05 2.8826e-01 6.7608e-01 3.5648e-02
17415.23 8.1306e-06 1.7026e-01 7.8758e-01 4.2159e-02
17888.12 7.6495e-06 1.4161e-01 8.0433e-01 5.4054e-02
18532.37 2.6722e-06 5.8571e-02 8.7307e-01 6.8354e-02
19260.76 3.4234e-06 9.5756e-02 8.2725e-01 7.6987e-02
20034.10 1.7398e-06 5.1667e-02 8.5300e-01 9.5328e-02
20838.00 1.2699e-06 4.7776e-02 8.3592e-01 1.1631e-01
21647.97 7.8984e-07 4.0543e-02 8.3050e-01 1.2896e-01
22447.94 8.4067e-07 4.5459e-02 7.9714e-01 1.5740e-01
23245.88 5.1900e-07 3.4360e-02 7.6693e-01 1.9871e-01
24052.47 9.1368e-07 6.4598e-02 6.8526e-01 2.5014e-01
24867.72 2.5780e-06 1.9073e-01 5.9345e-01 2.1582e-01
25698.86 1.5447e-06 1.2520e-01 6.2794e-01 2.4686e-01
26587.16 1.1741e-06 9.7994e-02 5.7514e-01 3.2686e-01
27637.54 3.1944e-07 2.9189e-02 6.3560e-01 3.3521e-01
28986.97 1.9589e-07 2.0864e-02 5.9398e-01 3.8515e-01
#TIME: 213.89
#NVEL 78
#vel_mid[km/s] s0 s1 s2 s3
1060.83 4.3504e-04 8.2699e-01 1.6829e-01 4.2873e-03
1919.29 3.7255e-04 8.3510e-01 1.6075e-01 3.7843e-03
2581.60 3.0594e-04 7.8477e-01 2.0860e-01 6.3246e-03
3084.17 2.2419e-04 6.8474e-01 3.0305e-01 1.1994e-02
3472.46 1.2963e-04 5.4018e-01 4.3729e-01 2.2408e-02
3909.64 6.9201e-05 4.1516e-01 5.4756e-01 3.7219e-02
4148.46 7.0461e-05 4.3990e-01 5.2347e-01 3.6554e-02
4670.75 7.9041e-05 4.7402e-01 4.9320e-01 3.2700e-02
4956.05 4.3916e-05 3.7637e-01 5.7725e-01 4.6330e-02
5258.79 1.5632e-05 2.0777e-01 7.2168e-01 7.0529e-02
5580.02 3.8974e-06 8.1114e-02 8.2391e-01 9.4970e-02
5920.87 1.0877e-06 3.6428e-02 8.4494e-01 1.1863e-01
6282.54 6.0980e-07 2.5150e-02 8.3984e-01 1.3501e-01
6666.30 4.5828e-07 2.2046e-02 8.3858e-01 1.3937e-01
7073.50 4.1922e-07 2.0506e-02 8.3471e-01 1.4479e-01
7505.58 4.5056e-07 2.4379e-02 8.2863e-01 1.4699e-01
7964.05 6.3334e-07 2.9973e-02 8.2495e-01 1.4507e-01
8450.53 2.0674e-06 6.5061e-02 8.0753e-01 1.2740e-01
8966.72 5.1261e-06 1.2474e-01 7.6961e-01 1.0564e-01
9514.44 1.4740e-05 2.3111e-01 6.8626e-01 8.2614e-02
10095.62 3.1480e-05 3.4048e-01 5.9786e-01 6.1626e-02
10712.30 5.2116e-05 4.1791e-01 5.3134e-01 5.0702e-02
11366.65 7.5859e-05 4.7965e-01 4.7789e-01 4.2393e-02
12061.10 8.5313e-05 5.0157e-01 4.5666e-01 4.1684e-02
12793.43 6.2965e-05 5.0928e-01 4.5022e-01 4.0434e-02
13528.61 5.0282e-05 4.9626e-01 4.6155e-01 4.2138e-02
14194.74 5.4299e-05 4.7586e-01 4.7810e-01 4.5983e-02
14757.77 3.1986e-05 4.1695e-01 5.3149e-01 5.1522e-02
15240.48 3.4370e-05 4.4860e-01 5.0860e-01 4.2765e-02
15646.99 3.5844e-05 5.2198e-01 4.5205e-01 2.5929e-02
15960.30 9.2216e-05 4.5064e-01 5.2960e-01 1.9671e-02
16187.41 7.5099e-05 5.0012e-01 4.8499e-01 1.4823e-02
16354.17 6.7953e-05 3.9117e-01 5.9285e-01 1.5917e-02
16484.18 7.8134e-05 5.1807e-01 4.6726e-01 1.4589e-02
16593.12 2.5851e-05 2.3180e-01 7.4423e-01 2.3945e-02
16691.99 3.6101e-05 2.8329e-01 6.8983e-01 2.6840e-02
16788.59 3.0666e-05 3.4428e-01 6.2961e-01 2.6078e-02
16888.37 1.4843e-05 1.4938e-01 8.1895e-01 3.1659e-02
16998.79 1.7910e-05 2.2676e-01 7.3912e-01 3.4105e-02
17146.37 3.2435e-05 2.9162e-01 6.7757e-01 3.0776e-02
17415.23 5.4330e-06 7.6941e-02 8.7340e-01 4.9655e-02
17888.12 4.8812e-06 9.2060e-02 8.5022e-01 5.7714e-02
18532.37 2.5115e-06 5.3733e-02 8.7713e-01 6.9130e-02
19260.76 1.4399e-06 4.0936e-02 8.7899e-01 8.0073e-02
20034.10 1.7890e-06 5.9817e-02 8.4659e-01 9.3591e-02
20838.00 1.4246e-06 5.1008e-02 8.3929e-01 1.0970e-01
21647.97 1.1819e-06 5.3777e-02 8.1261e-01 1.3361e-01
22447.94 9.9877e-07 5.5875e-02 7.9091e-01 1.5321e-01
23245.88 3.5459e-07 2.2442e-02 7.9809e-01 1.7947e-01
24052.47 3.3838e-07 1.9163e-02 7.5787e-01 2.2297e-01
24867.72 9.9306e-07 7.8139e-02 6.8636e-01 2.3550e-01
25698.86 1.0783e-07 1.0157e-02 7.0077e-01 2.8907e-01
26587.16 1.4373e-06 1.4650e-01 5.8076e-01 2.7274e-01
27637.54 8.2052e-07 1.1042e-01 5.5938e-01 3.3020e-01
28986.97 8.9414e-07 9.1502e-02 5.4073e-01 3.6777e-01
#TIME: 216.97
#NVEL 78
#vel_mid[km/s] s0 s1 s2 s3
1060.83 3.9220e-04 8.2487e-01 1.7036e-01 4.3743e-03
1919.29 3.7857e-04 8.3531e-01 1.6056e-01 3.7529e-03
2581.60 2.8624e-04 7.8953e-01 2.0400e-01 6.1802e-03
3084.17 2.1966e-04 6.8441e-01 3.0351e-01 1.1862e-02
3472.46 1.3031e-04 5.3821e-01 4.3910e-01 2.2560e-02
3909.64 6.3739e-05 4.1497e-01 5.4799e-01 3.6980e-02
4148.46 7.4933e-05 4.5278e-01 5.1209e-01 3.5050e-02
4670.75 7.6595e-05 4.7096e-01 4.9571e-01 3.3254e-02
4956.05 4.2203e-05 3.6484e-01 5.8975e-01 4.5376e-02
5258.79 1.7188e-05 2.1263e-01 7.1820e-01 6.9152e-02
5580.02 3.7039e-06 8.2276e-02 8.2302e-01 9.4698e-02
5920.87 1.0621e-06 3.3294e-02 8.5100e-01 1.1570e-01
6282.54 5.8420e-07 2.4824e-02 8.3945e-01 1.3572e-01
6666.30 4.7331e-07 2.2655e-02 8.3830e-01 1.3905e-01
7073.50 5.1427e-07 2.4962e-02 8.3284e-01 1.4220e-01
7505.58 4.4442e-07 2.3096e-02 8.3157e-01 1.4534e-01
7964.05 6.7232e-07 3.1818e-02 8.2469e-01 1.4350e-01
8450.53 1.8566e-06 6.1628e-02 8.1209e-01 1.2628e-01
8966.72 5.5790e-06 1.2681e-01 7.6874e-01 1.0445e-01
9514.44 1.4717e-05 2.2820e-01 6.8747e-01 8.4318e-02
10095.62 3.2625e-05 3.3237e-01 6.0417e-01 6.3434e-02
10712.30 5.2638e-05 4.1350e-01 5.3572e-01 5.0726e-02
11366.65 6.6363e-05 4.6111e-01 4.9576e-01 4.3062e-02
12061.10 8.1868e-05 5.1250e-01 4.4807e-01 3.9347e-02
12793.43 7.4276e-05 5.2352e-01 4.3763e-01 3.8781e-02
13528.61 6.1687e-05 4.8910e-01 4.6800e-01 4.2836e-02
14194.74 5.3014e-05 4.7214e-01 4.8265e-01 4.5151e-02
14757.77 3.7067e-05 4.5328e-01 4.9872e-01 4.7966e-02
15240.48 3.6884e-05 4.4830e-01 5.0945e-01 4.2208e-02
15646.99 4.5452e-05 4.8438e-01 4.9016e-01 2.5415e-02
15960.30 6.4272e-05 5.0088e-01 4.8147e-01 1.7581e-02
16187.41 6.8037e-05 5.3273e-01 4.5420e-01 1.3008e-02
16354.17 7.6434e-05 4.6026e-01 5.2458e-01 1.5086e-02
16484.18 4.8939e-05 4.0111e-01 5.8259e-01 1.6257e-02
16593.12 4.3769e-05 4.0153e-01 5.7856e-01 1.9866e-02
16691.99 4.3362e-05 5.7602e-01 4.0771e-01 1.6228e-02
16788.59 1.5636e-05 2.2469e-01 7.4631e-01 2.8979e-02
16888.37 3.6836e-05 3.9120e-01 5.8340e-01 2.5367e-02
16998.79 2.2939e-05 3.5649e-01 6.1323e-01 3.0265e-02
17146.37 1.3696e-05 1.7911e-01 7.8241e-01 3.8467e-02
17415.23 5.5955e-06 1.0278e-01 8.4942e-01 4.7793e-02
17888.12 6.9679e-06 1.3060e-01 8.1958e-01 4.9804e-02
18532.37 4.8931e-06 1.1600e-01 8.2002e-01 6.3976e-02
19260.76 3.6628e-06 9.4236e-02 8.3572e-01 7.0043e-02
20034.10 1.8113e-06 5.3191e-02 8.5135e-01 9.5458e-02
20838.00 1.0614e-06 3.5937e-02 8.4682e-01 1.1724e-01
21647.97 2.0627e-06 7.0655e-02 7.8666e-01 1.4268e-01
22447.94 1.4396e-06 7.4737e-02 7.7237e-01 1.5289e-01
23245.88 6.7511e-07 5.0185e-02 7.5950e-01 1.9031e-01
24052.47 3.1372e-06 2.3539e-01 5.8418e-01 1.8043e-01
24867.72 2.3003e-06 1.9017e-01 5.9354e-01 2.1628e-01
25698.86 1.4948e-06 1.0746e-01 6.5182e-01 2.4071e-01
26587.16 1.7789e-06 1.5759e-01 5.8116e-01 2.6125e-01
27637.54 9.3440e-07 1.1324e-01 5.6198e-01 3.2478e-01
28986.97 2.3759e-07 3.2757e-02 5.5003e-01 4.1721e-01
#TIME: 220.09
#NVEL 78
#vel_mid[km/s] s0 s1 s2 s3
1060.83 4.0386e-04 8.3042e-01 1.6516e-01 4.0142e-03
1919.29 3.6656e-04 8.3869e-01 1.5727e-01 3.6679e-03
2581.60 3.0954e-04 7.9233e-01 2.0132e-01 6.0391e-03
3084.17 2.2622e-04 6.8306e-01 3.0474e-01 1.1973e-02
3472.46 1.4155e-04 5.4705e-01 4.3097e-01 2.1831e-02
3909.64 7.4051e-05 4.1237e-01 5.4977e-01 3.7789e-02
4148.46 7.9532e-05 4.4637e-01 5.1851e-01 3.5048e-02
4670.75 7.2954e-05 4.6805e-01 4.9838e-01 3.3493e-02
4956.05 4.3190e-05 3.9138e-01 5.6482e-01 4.3753e-02
5258.79 1.7392e-05 2.2193e-01 7.1027e-01 6.7782e-02
5580.02 3.4763e-06 7.2128e-02 8.3076e-01 9.7112e-02
5920.87 1.0044e-06 3.1980e-02 8.5009e-01 1.1793e-01
6282.54 5.6218e-07 2.3335e-02 8.3946e-01 1.3720e-01
6666.30 4.9136e-07 2.2522e-02 8.4097e-01 1.3651e-01
7073.50 5.4675e-07 2.5809e-02 8.3216e-01 1.4203e-01
7505.58 5.0346e-07 2.4566e-02 8.2614e-01 1.4929e-01
7964.05 6.8006e-07 3.1043e-02 8.2589e-01 1.4307e-01
8450.53 1.9844e-06 6.3950e-02 8.0898e-01 1.2707e-01
8966.72 5.1309e-06 1.2057e-01 7.7293e-01 1.0650e-01
9514.44 1.4156e-05 2.2492e-01 6.9079e-01 8.4271e-02
10095.62 3.3510e-05 3.3015e-01 6.0468e-01 6.5137e-02
10712.30 5.7640e-05 4.2058e-01 5.2986e-01 4.9506e-02
11366.65 6.1766e-05 4.6813e-01 4.8845e-01 4.3350e-02
12061.10 7.3447e-05 4.9789e-01 4.6056e-01 4.1482e-02
12793.43 7.5634e-05 4.9586e-01 4.6403e-01 4.0036e-02
13528.61 6.0969e-05 4.8823e-01 4.6947e-01 4.2243e-02
14194.74 5.3022e-05 4.8837e-01 4.6725e-01 4.4327e-02
14757.77 3.9259e-05 4.7776e-01 4.7615e-01 4.6047e-02
15240.48 4.6759e-05 4.6906e-01 4.9035e-01 4.0543e-02
15646.99 4.4509e-05 4.7381e-01 4.9836e-01 2.7784e-02
15960.30 6.9081e-05 5.1957e-01 4.6350e-01 1.6861e-02
16187.41 8.5955e-05 4.8890e-01 4.9614e-01 1.4870e-02
16354.17 5.8306e-05 4.6361e-01 5.2147e-01 1.4865e-02
16484.18 4.3792e-05 3.8327e-01 5.9861e-01 1.8077e-02
16593.12 4.1299e-05 3.7404e-01 6.0638e-01 1.9536e-02
16691.99 3.6140e-05 4.8970e-01 4.9212e-01 1.8141e-02
16788.59 6.5670e-05 5.3855e-01 4.4255e-01 1.8837e-02
16888.37 2.7721e-05 3.1653e-01 6.5664e-01 2.6808e-02
16998.79 1.6598e-05 2.4236e-01 7.2712e-01 3.0499e-02
17146.37 1.3656e-05 1.9587e-01 7.7001e-01 3.4107e-02
17415.23 8.9747e-06 1.3199e-01 8.2282e-01 4.5181e-02
17888.12 5.1351e-06 1.1096e-01 8.3418e-01 5.4859e-02
18532.37 3.4727e-06 7.7565e-02 8.5879e-01 6.3643e-02
19260.76 1.4565e-06 4.1462e-02 8.7963e-01 7.8903e-02
20034.10 1.8988e-06 5.9914e-02 8.4414e-01 9.5941e-02
20838.00 1.5254e-06 5.4407e-02 8.3509e-01 1.1050e-01
21647.97 9.4767e-07 3.8047e-02 8.3392e-01 1.2804e-01
22447.94 6.3872e-07 2.5683e-02 8.0876e-01 1.6555e-01
23245.88 4.5355e-07 2.3799e-02 7.8701e-01 1.8919e-01
24052.47 2.3305e-07 1.5563e-02 7.5601e-01 2.2843e-01
24867.72 1.7333e-06 1.5869e-01 6.1478e-01 2.2653e-01
25698.86 7.3175e-07 6.4536e-02 6.5088e-01 2.8459e-01
26587.16 1.2365e-06 1.1115e-01 5.5914e-01 3.2971e-01
27637.54 9.7812e-07 1.0189e-01 4.9168e-01 4.0643e-01
28986.97 6.6541e-07 9.2169e-02 5.4953e-01 3.5830e-01
#TIME: 223.25
#NVEL 78
#vel_mid[km/s] s0 s1 s2 s3
1060.83 4.2208e-04 8.2820e-01 1.6719e-01 4.1849e-03
1919.29 4.1429e-04 8.3980e-01 1.5618e-01 3.6087e-03
2581.60 3.0017e-04 7.9323e-01 2.0047e-01 5.9912e-03
3084.17 2.0196e-04 6.9468e-01 2.9352e-01 1.1600e-02
3472.46 1.3386e-04 5.4065e-01 4.3708e-01 2.2137e-02
3909.64 6.7083e-05 4.1946e-01 5.4367e-01 3.6802e-02
4148.46 8.3560e-05 4.4752e-01 5.1670e-01 3.5701e-02
4670.75 7.4203e-05 4.7886e-01 4.8913e-01 3.1945e-02
4956.05 4.6076e-05 3.7717e-01 5.7710e-01 4.5689e-02
5258.79 1.5938e-05 2.0432e-01 7.2655e-01 6.9112e-02
5580.02 3.8972e-06 7.7320e-02 8.2548e-01 9.7199e-02
5920.87 1.2141e-06 3.6341e-02 8.4701e-01 1.1665e-01
6282.54 5.5720e-07 2.3446e-02 8.3722e-01 1.3933e-01
6666.30 5.4047e-07 2.4454e-02 8.3734e-01 1.3820e-01
7073.50 4.7696e-07 2.2809e-02 8.2854e-01 1.4865e-01
7505.58 4.9410e-07 2.5225e-02 8.2053e-01 1.5424e-01
7964.05 6.5874e-07 3.0225e-02 8.2644e-01 1.4333e-01
8450.53 1.8139e-06 5.9754e-02 8.1089e-01 1.2936e-01
8966.72 5.2164e-06 1.2150e-01 7.7023e-01 1.0826e-01
9514.44 1.4699e-05 2.3137e-01 6.8505e-01 8.3569e-02
10095.62 3.1716e-05 3.3141e-01 6.0374e-01 6.4822e-02
10712.30 5.8883e-05 4.2780e-01 5.2219e-01 4.9952e-02
11366.65 6.9055e-05 4.6873e-01 4.8740e-01 4.3805e-02
12061.10 7.6994e-05 4.9604e-01 4.6288e-01 4.1006e-02
12793.43 8.5038e-05 5.1584e-01 4.4543e-01 3.8647e-02
13528.61 6.6691e-05 5.0104e-01 4.5786e-01 4.1034e-02
14194.74 5.3111e-05 4.5857e-01 4.9378e-01 4.7596e-02
14757.77 3.5765e-05 4.6488e-01 4.8842e-01 4.6673e-02
15240.48 3.8252e-05 4.9632e-01 4.6502e-01 3.8619e-02
15646.99 4.1606e-05 4.7865e-01 4.9336e-01 2.7949e-02
15960.30 6.1341e-05 5.6212e-01 4.2242e-01 1.5392e-02
16187.41 8.5550e-05 5.3220e-01 4.5405e-01 1.3662e-02
16354.17 7.3204e-05 4.7569e-01 5.0949e-01 1.4755e-02
16484.18 5.5599e-05 4.9103e-01 4.9371e-01 1.5210e-02
16593.12 4.2445e-05 3.9313e-01 5.8677e-01 2.0060e-02
16691.99 4.4084e-05 4.5466e-01 5.2628e-01 1.9019e-02
16788.59 2.9030e-05 3.2118e-01 6.5220e-01 2.6582e-02
16888.37 2.3671e-05 2.7163e-01 6.9814e-01 3.0208e-02
16998.79 2.4591e-05 3.4698e-01 6.2388e-01 2.9111e-02
17146.37 1.2479e-05 1.4653e-01 8.1527e-01 3.8192e-02
17415.23 9.9708e-06 1.2578e-01 8.2983e-01 4.4378e-02
17888.12 5.2187e-06 9.8371e-02 8.4610e-01 5.5521e-02
18532.37 2.0858e-06 5.7607e-02 8.7610e-01 6.6287e-02
19260.76 1.2734e-06 3.2964e-02 8.9383e-01 7.3202e-02
20034.10 9.2215e-07 3.5959e-02 8.6796e-01 9.6080e-02
20838.00 1.1021e-06 4.2124e-02 8.4430e-01 1.1357e-01
21647.97 8.4316e-07 3.4420e-02 8.4234e-01 1.2323e-01
22447.94 9.1949e-07 3.9368e-02 8.1131e-01 1.4932e-01
23245.88 9.4562e-07 4.7281e-02 7.6423e-01 1.8849e-01
24052.47 1.1624e-06 7.4928e-02 6.8418e-01 2.4089e-01
24867.72 7.1473e-07 4.8989e-02 7.1069e-01 2.4032e-01
25698.86 6.7070e-07 4.8545e-02 6.7819e-01 2.7326e-01
26587.16 8.9669e-07 6.9235e-02 6.3964e-01 2.9113e-01
27637.54 1.1153e-06 1.1832e-01 5.5995e-01 3.2173e-01
28986.97 4.9651e-07 7.0061e-02 5.2694e-01 4.0300e-01
#TIME: 226.46
#NVEL 78
#vel_mid[km/s] s0 s1 s2 s3
1060.83 4.2902e-04 8.2286e-01 1.7243e-01 4.2813e-03
1919.29 4.1426e-04 8.3798e-01 1.5799e-01 3.6248e-03
2581.60 3.1141e-04 7.9283e-01 2.0086e-01 6.0010e-03
3084.17 2.1896e-04 6.9309e-01 2.9519e-01 1.1498e-02
3472.46 1.3345e-04 5.4080e-01 4.3655e-01 2.2515e-02
3909.64 7.6506e-05 4.1731e-01 5.4587e-01 3.6734e-02
4148.46 7.0095e-05 4.3854e-01 5.2470e-01 3.6684e-02
4670.75 7.5980e-05 4.8079e-01 4.8660e-01 3.2535e-02
4956.05 5.1937e-05 4.0762e-01 5.4827e-01 4.4056e-02
5258.79 1.9487e-05 2.2416e-01 7.1023e-01 6.5590e-02
5580.02 3.8615e-06 8.2792e-02 8.2217e-01 9.5038e-02
5920.87 1.0129e-06 3.2711e-02 8.4772e-01 1.1957e-01
6282.54 5.9886e-07 2.3783e-02 8.4113e-01 1.3508e-01
6666.30 5.2435e-07 2.3255e-02 8.3928e-01 1.3747e-01
7073.50 5.1394e-07 2.3543e-02 8.3692e-01 1.3954e-01
7505.58 4.9135e-07 2.3712e-02 8.2571e-01 1.5058e-01
7964.05 7.2253e-07 3.2128e-02 8.2521e-01 1.4266e-01
8450.53 1.7749e-06 5.5310e-02 8.1631e-01 1.2838e-01
8966.72 5.2237e-06 1.1866e-01 7.7287e-01 1.0846e-01
9514.44 1.3637e-05 2.1905e-01 6.9549e-01 8.5443e-02
10095.62 2.9684e-05 3.3247e-01 6.0279e-01 6.4707e-02
10712.30 5.7046e-05 4.2945e-01 5.2048e-01 5.0019e-02
11366.65 6.6583e-05 4.6732e-01 4.8876e-01 4.3851e-02
12061.10 7.6214e-05 4.9637e-01 4.6304e-01 4.0516e-02
12793.43 7.8069e-05 5.1598e-01 4.4492e-01 3.9022e-02
13528.61 6.6338e-05 4.9672e-01 4.6138e-01 4.1826e-02
14194.74 7.1984e-05 5.0424e-01 4.5422e-01 4.1464e-02
14757.77 3.6805e-05 4.5606e-01 4.9409e-01 4.9808e-02
15240.48 3.8632e-05 4.6484e-01 4.9570e-01 3.9426e-02
15646.99 5.1446e-05 5.1200e-01 4.6211e-01 2.5835e-02
15960.30 6.8717e-05 5.3666e-01 4.4730e-01 1.5970e-02
16187.41 7.6048e-05 5.0565e-01 4.8012e-01 1.4155e-02
16354.17 7.2853e-05 4.6629e-01 5.1951e-01 1.4123e-02
16484.18 4.3965e-05 3.7133e-01 6.1037e-01 1.8255e-02
16593.12 3.8773e-05 4.0540e-01 5.7483e-01 1.9733e-02
16691.99 3.7095e-05 4.0630e-01 5.7146e-01 2.2204e-02
16788.59 4.1936e-05 3.1882e-01 6.5411e-01 2.7034e-02
16888.37 2.4498e-05 3.7685e-01 5.9898e-01 2.4150e-02
16998.79 1.6874e-05 1.9632e-01 7.7085e-01 3.2806e-02
17146.37 1.2851e-05 2.0687e-01 7.5659e-01 3.6524e-02
17415.23 1.0925e-05 1.7693e-01 7.8111e-01 4.1949e-02
17888.12 4.2248e-06 7.3387e-02 8.7022e-01 5.6390e-02
18532.37 5.1215e-06 1.2461e-01 8.1903e-01 5.6351e-02
19260.76 1.4910e-06 4.3037e-02 8.7812e-01 7.8844e-02
20034.10 8.0812e-07 2.8403e-02 8.7515e-01 9.6447e-02
20838.00 9.0995e-07 3.4786e-02 8.5676e-01 1.0845e-01
21647.97 7.7084e-07 3.2248e-02 8.3534e-01 1.3241e-01
22447.94 1.1654e-06 6.1010e-02 7.8908e-01 1.4991e-01
23245.88 1.3139e-06 7.0691e-02 7.3339e-01 1.9592e-01
24052.47 1.5584e-06 1.1983e-01 6.8071e-01 1.9946e-01
24867.72 2.8702e-06 2.0710e-01 5.9090e-01 2.0200e-01
25698.86 4.6127e-07 3.1754e-02 6.4951e-01 3.1874e-01
26587.16 1.0488e-07 8.1848e-03 6.2506e-01 3.6675e-01
27637.54 2.5032e-07 2.6643e-02 6.5478e-01 3.1857e-01
28986.97 1.0088e-07 1.2132e-02 5.9675e-01 3.9112e-01
#TIME: 229.71
#NVEL 78
#vel_mid[km/s] s0 s1 s2 s3
1060.83 3.8884e-04 8.2921e-01 1.6629e-01 4.1075e-03
1919.29 2.7435e-04 8.1707e-01 1.7869e-01 3.9594e-03
2581.60 3.0900e-04 7.9555e-01 1.9826e-01 5.8763e-03
3084.17 2.1185e-04 6.9665e-01 2.9168e-01 1.1453e-02
3472.46 1.3287e-04 5.3423e-01 4.4293e-01 2.2707e-02
3909.64 8.4720e-05 4.3616e-01 5.2858e-01 3.5177e-02
4148.46 7.9975e-05 4.5127e-01 5.1306e-01 3.5595e-02
4670.75 8.1423e-05 4.8052e-01 4.8705e-01 3.2350e-02
4956.05 5.9096e-05 4.1368e-01 5.4552e-01 4.0735e-02
5258.79 1.9113e-05 2.1385e-01 7.1737e-01 6.8761e-02
5580.02 4.0555e-06 8.7406e-02 8.1712e-01 9.5473e-02
5920.87 1.1051e-06 3.5037e-02 8.4752e-01 1.1745e-01
6282.54 6.1263e-07 2.4026e-02 8.4322e-01 1.3276e-01
6666.30 5.5310e-07 2.4303e-02 8.3690e-01 1.3880e-01
7073.50 5.0788e-07 2.3305e-02 8.3150e-01 1.4520e-01
7505.58 4.9792e-07 2.3998e-02 8.2204e-01 1.5396e-01
7964.05 7.3903e-07 3.3633e-02 8.2112e-01 1.4525e-01
8450.53 1.8158e-06 5.9102e-02 8.0929e-01 1.3160e-01
8966.72 5.4518e-06 1.2796e-01 7.6733e-01 1.0470e-01
9514.44 1.4191e-05 2.2464e-01 6.8817e-01 8.7172e-02
10095.62 3.5476e-05 3.5414e-01 5.8242e-01 6.3402e-02
10712.30 4.8757e-05 4.2267e-01 5.2701e-01 5.0269e-02
11366.65 6.6697e-05 4.5787e-01 4.9798e-01 4.4087e-02
12061.10 7.0991e-05 5.0022e-01 4.5932e-01 4.0389e-02
12793.43 7.4478e-05 5.1411e-01 4.4707e-01 3.8743e-02
13528.61 7.0826e-05 5.1606e-01 4.4432e-01 3.9559e-02
14194.74 5.1064e-05 5.1711e-01 4.4151e-01 4.1323e-02
14757.77 4.8411e-05 4.6527e-01 4.8858e-01 4.6105e-02
15240.48 3.8809e-05 4.5891e-01 5.0065e-01 4.0401e-02
15646.99 5.9176e-05 5.6934e-01 4.0778e-01 2.2831e-02
15960.30 7.1937e-05 5.1223e-01 4.7115e-01 1.6548e-02
16187.41 1.1412e-04 5.9531e-01 3.9287e-01 1.1706e-02
16354.17 6.9711e-05 4.7367e-01 5.1205e-01 1.4213e-02
16484.18 5.1518e-05 3.6156e-01 6.2021e-01 1.8178e-02
16593.12 4.0660e-05 4.0660e-01 5.7396e-01 1.9408e-02
16691.99 3.6592e-05 4.8592e-01 4.9524e-01 1.8805e-02
16788.59 3.7412e-05 2.4072e-01 7.3204e-01 2.7193e-02
16888.37 3.5065e-05 2.4704e-01 7.2322e-01 2.9702e-02
16998.79 1.8910e-05 2.5227e-01 7.1577e-01 3.1947e-02
17146.37 1.0513e-05 1.8702e-01 7.7516e-01 3.7809e-02
17415.23 1.0400e-05 1.8010e-01 7.7891e-01 4.0983e-02
17888.12 6.2494e-06 1.1701e-01 8.2911e-01 5.3875e-02
18532.37 2.5293e-06 5.7494e-02 8.7686e-01 6.5646e-02
19260.76 2.4657e-06 6.6103e-02 8.5695e-01 7.6944e-02
20034.10 1.3129e-06 4.1074e-02 8.6184e-01 9.7089e-02
20838.00 1.3867e-06 5.3134e-02 8.3643e-01 1.1043e-01
21647.97 9.2375e-07 3.6708e-02 8.3693e-01 1.2637e-01
22447.94 1.7576e-06 7.6597e-02 7.7339e-01 1.5001e-01
23245.88 1.0083e-06 5.1440e-02 7.4502e-01 2.0353e-01
24052.47 1.9801e-06 1.3335e-01 6.7804e-01 1.8861e-01
24867.72 3.2930e-06 2.0370e-01 5.8471e-01 2.1159e-01
25698.86 1.1654e-06 9.0367e-02 5.3329e-01 3.7635e-01
26587.16 3.7698e-07 3.8462e-02 6.2031e-01 3.4123e-01
27637.54 1.6353e-07 1.6552e-02 5.9627e-01 3.8718e-01
28986.97 6.9156e-07 7.6230e-02 5.6182e-01 3.6195e-01
#TIME: 233.01
#NVEL 78
#vel_mid[km/s] s0 s1 s2 s3
1060.83 4.2357e-04 8.3844e-01 1.5736e-01 3.7784e-03
1919.29 2.8015e-03 8.3556e-01 1.5803e-01 3.6151e-03
2581.60 3.1421e-04 7.9303e-01 2.0076e-01 5.8996e-03
3084.17 2.3298e-04 6.9123e-01 2.9699e-01 1.1548e-02
3472.46 1.2921e-04 5.3207e-01 4.4506e-01 2.2739e-02
3909.64 7.6482e-05 4.3019e-01 5.3400e-01 3.5728e-02
4148.46 7.5357e-05 4.4616e-01 5.1845e-01 3.5309e-02
4670.75 7.9438e-05 4.8325e-01 4.8505e-01 3.1629e-02
4956.05 5.5658e-05 3.9683e-01 5.5825e-01 4.4866e-02
5258.79 1.7755e-05 2.0337e-01 7.2773e-01 6.8880e-02
5580.02 3.9621e-06 7.9737e-02 8.2543e-01 9.4826e-02
5920.87 1.1444e-06 3.5660e-02 8.5133e-01 1.1301e-01
6282.54 6.0545e-07 2.4089e-02 8.4382e-01 1.3209e-01
6666.30 5.5704e-07 2.3606e-02 8.3643e-01 1.3997e-01
7073.50 4.3411e-07 1.9969e-02 8.3098e-01 1.4905e-01
7505.58 4.8889e-07 2.2994e-02 8.2463e-01 1.5238e-01
7964.05 6.6215e-07 2.9472e-02 8.1930e-01 1.5123e-01
8450.53 1.9583e-06 6.1204e-02 8.1179e-01 1.2700e-01
8966.72 5.0751e-06 1.1999e-01 7.7322e-01 1.0679e-01
9514.44 1.4219e-05 2.1890e-01 6.9388e-01 8.7203e-02
10095.62 3.3683e-05 3.3840e-01 5.9681e-01 6.4753e-02
10712.30 5.4328e-05 4.1949e-01 5.2907e-01 5.1381e-02
11366.65 6.8176e-05 4.7351e-01 4.8398e-01 4.2437e-02
12061.10 7.0174e-05 5.0640e-01 4.5293e-01 4.0604e-02
12793.43 8.3167e-05 5.0922e-01 4.5228e-01 3.8417e-02
13528.61 6.5810e-05 5.1786e-01 4.4332e-01 3.8751e-02
14194.74 4.5420e-05 4.8030e-01 4.7567e-01 4.3993e-02
14757.77 3.7141e-05 4.8892e-01 4.6591e-01 4.5131e-02
15240.48 4.9977e-05 5.2011e-01 4.4528e-01 3.4555e-02
15646.99 4.7840e-05 4.9521e-01 4.7840e-01 2.6335e-02
15960.30 9.2447e-05 5.9950e-01 3.8678e-01 1.3630e-02
16187.41 9.7799e-05 6.2214e-01 3.6681e-01 1.0946e-02
16354.17 8.4526e-05 5.1715e-01 4.6975e-01 1.3010e-02
16484.18 7.1093e-05 4.2101e-01 5.6209e-01 1.6824e-02
16593.12 4.0225e-05 3.6195e-01 6.1759e-01 2.0418e-02
16691.99 1.0057e-04 4.7494e-01 5.0637e-01 1.8586e-02
16788.59 2.3777e-05 1.4370e-01 8.2360e-01 3.2674e-02
16888.37 2.9624e-05 2.1627e-01 7.5189e-01 3.1815e-02
16998.79 3.6403e-05 3.0277e-01 6.6838e-01 2.8806e-02
17146.37 1.9035e-05 2.3166e-01 7.3252e-01 3.5801e-02
17415.23 1.2751e-05 2.1875e-01 7.4097e-01 4.0264e-02
17888.12 5.2316e-06 1.1221e-01 8.3298e-01 5.4807e-02
18532.37 2.3920e-06 5.6757e-02 8.7645e-01 6.6787e-02
19260.76 3.0329e-06 8.2285e-02 8.4323e-01 7.4481e-02
20034.10 1.5019e-06 4.0971e-02 8.6255e-01 9.6481e-02
20838.00 2.0002e-06 6.7255e-02 8.2799e-01 1.0476e-01
21647.97 2.2118e-06 8.8449e-02 7.9296e-01 1.1859e-01
22447.94 1.0005e-06 4.1749e-02 8.0647e-01 1.5178e-01
23245.88 2.7031e-07 1.2383e-02 7.9909e-01 1.8852e-01
24052.47 1.3007e-06 8.3681e-02 7.0510e-01 2.1122e-01
24867.72 2.3996e-06 1.6683e-01 6.0201e-01 2.3116e-01
25698.86 1.0956e-06 6.9828e-02 5.3518e-01 3.9499e-01
26587.16 2.0822e-07 1.9604e-02 6.6810e-01 3.1230e-01
27637.54 5.7381e-07 5.7477e-02 5.4465e-01 3.9788e-01
28986.97 7.8938e-07 9.5013e-02 5.4679e-01 3.5820e-01
#TIME: 236.36
#NVEL 78
#vel_mid[km/s] s0 s1 s2 s3
1060.83 5.8676e-04 8.3202e-01 1.6336e-01 4.0424e-03
1919.29 1.2370e-03 8.3676e-01 1.5835e-01 3.6573e-03
2581.60 3.3066e-04 7.9759e-01 1.9625e-01 5.8288e-03
3084.17 2.3699e-04 6.9882e-01 2.8957e-01 1.1375e-02
3472.46 1.3718e-04 5.4292e-01 4.3494e-01 2.1994e-02
3909.64 8.1764e-05 4.3254e-01 5.3208e-01 3.5300e-02
4148.46 7.6993e-05 4.5131e-01 5.1319e-01 3.5422e-02
4670.75 8.3981e-05 4.8647e-01 4.8149e-01 3.1952e-02
4956.05 5.1965e-05 4.0422e-01 5.5237e-01 4.3360e-02
5258.79 1.8619e-05 2.2200e-01 7.1025e-01 6.7729e-02
5580.02 4.1239e-06 8.1150e-02 8.2305e-01 9.5798e-02
5920.87 1.2455e-06 3.6135e-02 8.4780e-01 1.1607e-01
6282.54 7.2157e-07 2.7550e-02 8.3538e-01 1.3707e-01
6666.30 5.1391e-07 2.1303e-02 8.3964e-01 1.3905e-01
7073.50 4.4268e-07 1.9762e-02 8.3510e-01 1.4514e-01
7505.58 4.4001e-07 2.1194e-02 8.2134e-01 1.5747e-01
7964.05 6.7471e-07 3.0452e-02 8.2007e-01 1.4948e-01
8450.53 1.7665e-06 5.6989e-02 8.1527e-01 1.2773e-01
8966.72 5.3877e-06 1.1907e-01 7.7350e-01 1.0743e-01
9514.44 1.4818e-05 2.2147e-01 6.9158e-01 8.6933e-02
10095.62 3.3734e-05 3.2916e-01 6.0511e-01 6.5695e-02
10712.30 5.4215e-05 4.2477e-01 5.2499e-01 5.0179e-02
11366.65 7.1750e-05 4.7628e-01 4.8134e-01 4.2309e-02
12061.10 7.0860e-05 4.9802e-01 4.6198e-01 3.9929e-02
12793.43 6.6203e-05 5.2235e-01 4.3904e-01 3.8544e-02
13528.61 6.1349e-05 5.2906e-01 4.3320e-01 3.7679e-02
14194.74 4.7846e-05 5.0267e-01 4.5460e-01 4.2676e-02
14757.77 3.6014e-05 4.5020e-01 5.0154e-01 4.8232e-02
15240.48 4.6974e-05 5.0015e-01 4.6332e-01 3.6478e-02
15646.99 6.1780e-05 5.4910e-01 4.2736e-01 2.3471e-02
15960.30 8.3088e-05 5.8363e-01 4.0289e-01 1.3396e-02
16187.41 1.0693e-04 5.6918e-01 4.1922e-01 1.1499e-02
16354.17 7.7880e-05 4.9640e-01 4.9009e-01 1.3433e-02
16484.18 7.3965e-05 3.6035e-01 6.2334e-01 1.6231e-02
16593.12 5.1076e-05 3.3669e-01 6.4240e-01 2.0862e-02
16691.99 5.8741e-05 6.0474e-01 3.8067e-01 1.4529e-02
16788.59 5.3048e-05 4.2216e-01 5.5600e-01 2.1784e-02
16888.37 4.2911e-05 3.0836e-01 6.6628e-01 2.5316e-02
16998.79 2.0282e-05 2.8697e-01 6.8291e-01 3.0101e-02
17146.37 5.2513e-05 3.2724e-01 6.4159e-01 3.1114e-02
17415.23 1.2938e-05 1.3161e-01 8.2612e-01 4.2252e-02
17888.12 1.1428e-05 1.7636e-01 7.7426e-01 4.9373e-02
18532.37 3.5348e-06 7.3660e-02 8.6356e-01 6.2775e-02
19260.76 4.8843e-06 1.1764e-01 8.1209e-01 7.0262e-02
20034.10 3.6662e-06 9.9381e-02 8.1291e-01 8.7706e-02
20838.00 2.0101e-06 5.5226e-02 8.3931e-01 1.0546e-01
21647.97 7.0194e-07 2.3879e-02 8.5217e-01 1.2395e-01
22447.94 1.2434e-06 4.5376e-02 8.0752e-01 1.4710e-01
23245.88 2.5912e-06 1.0672e-01 7.2853e-01 1.6475e-01
24052.47 3.3304e-07 1.7328e-02 7.5126e-01 2.3141e-01
24867.72 4.5319e-07 3.0299e-02 6.2097e-01 3.4873e-01
25698.86 4.3493e-07 3.6313e-02 6.9616e-01 2.6752e-01
26587.16 2.1827e-07 2.0105e-02 6.8564e-01 2.9425e-01
27637.54 1.3083e-06 1.2924e-01 5.7286e-01 2.9790e-01
28986.97 8.7946e-07 9.7018e-02 5.4917e-01 3.5381e-01
#TIME: 239.76
#NVEL 78
#vel_mid[km/s] s0 s1 s2 s3
1060.83 4.7304e-04 8.3966e-01 1.5612e-01 3.7434e-03
1919.29 1.1491e-03 8.3947e-01 1.5581e-01 3.5753e-03
2581.60 3.1791e-04 7.9314e-01 2.0065e-01 5.8955e-03
3084.17 2.2784e-04 6.9776e-01 2.9078e-01 1.1231e-02
3472.46 1.4068e-04 5.4518e-01 4.3262e-01 2.2054e-02
3909.64 8.3176e-05 4.3136e-01 5.3271e-01 3.5843e-02
4148.46 7.8989e-05 4.5051e-01 5.1480e-01 3.4607e-02
4670.75 8.8975e-05 4.7302e-01 4.9458e-01 3.2310e-02
4956.05 5.3186e-05 3.8086e-01 5.7452e-01 4.4575e-02
5258.79 1.9537e-05 2.1571e-01 7.1619e-01 6.8075e-02
5580.02 4.3884e-06 8.2372e-02 8.1977e-01 9.7858e-02
5920.87 1.4270e-06 3.9169e-02 8.4260e-01 1.1823e-01
6282.54 6.5012e-07 2.5734e-02 8.3918e-01 1.3508e-01
6666.30 5.2628e-07 2.2078e-02 8.3627e-01 1.4165e-01
7073.50 4.7261e-07 2.2140e-02 8.3258e-01 1.4528e-01
7505.58 5.1964e-07 2.4625e-02 8.2156e-01 1.5382e-01
7964.05 6.9091e-07 3.0612e-02 8.1918e-01 1.5021e-01
8450.53 1.7498e-06 5.5309e-02 8.1220e-01 1.3249e-01
8966.72 5.5592e-06 1.2859e-01 7.6261e-01 1.0879e-01
9514.44 1.4534e-05 2.3177e-01 6.8363e-01 8.4578e-02
10095.62 3.2219e-05 3.3102e-01 6.0367e-01 6.5279e-02
10712.30 5.3755e-05 4.1316e-01 5.3583e-01 5.0960e-02
11366.65 7.0386e-05 4.6957e-01 4.8742e-01 4.2942e-02
12061.10 7.5325e-05 5.1239e-01 4.4739e-01 4.0152e-02
