#NTIMES:    67
#NSTAGES:     5
#TIMES[d]:     0.550    0.605    0.733    0.806    0.887    0.976    1.074    1.181    1.300    1.430    1.573    1.730    1.900    2.090    2.300    2.530    2.783    3.061    3.367    3.704    4.074    4.481    4.929    5.422    5.964    6.560    7.216    7.938    8.732    9.600   10.560   11.620   12.780   14.060   15.470   17.020   18.720   20.590   22.650   24.910   27.400   30.140   33.150   36.460   40.110   44.120   48.530   53.380   58.720   64.590   71.050   78.160   86.000   94.600  104.100  114.500  126.000  138.600  152.500  167.800  184.600  203.100  223.400  245.800  270.400  297.400  320.000
#
#TIME:     0.550
#NVEL: 115
#vel_mid[km/s]           c0           c1           c2           c3           c4
    8.484663E+02   7.7068E-025   1.6319E-017   1.2217E-010   1.1405E-004   9.9989E-001
    8.542546E+02   7.7068E-025   1.6319E-017   1.2217E-010   1.1405E-004   9.9989E-001
    8.718573E+02   7.7069E-025   1.6319E-017   1.2217E-010   1.1405E-004   9.9989E-001
    9.081584E+02   7.7070E-025   1.6320E-017   1.2217E-010   1.1405E-004   9.9989E-001
    9.674554E+02   7.7075E-025   1.6320E-017   1.2218E-010   1.1405E-004   9.9989E-001
    1.028597E+03   7.7112E-025   1.6327E-017   1.2221E-010   1.1406E-004   9.9989E-001
    1.093605E+03   7.7197E-025   1.6351E-017   1.2232E-010   1.1406E-004   9.9989E-001
    1.162722E+03   7.7116E-025   1.6355E-017   1.2234E-010   1.1400E-004   9.9989E-001
    1.236207E+03   7.5621E-025   1.6063E-017   1.2090E-010   1.1372E-004   9.9989E-001
    1.314336E+03   6.3523E-025   1.3582E-017   1.0833E-010   1.1161E-004   9.9989E-001
    1.397402E+03   1.3261E-025   3.4970E-018   4.4839E-011   9.0916E-005   9.9991E-001
    1.485719E+03   3.5308E-026   1.1154E-018   2.1641E-011   7.7819E-005   9.9992E-001
    1.579618E+03   3.2510E-026   1.0375E-018   2.0679E-011   7.7150E-005   9.9992E-001
    1.679450E+03   1.5312E-026   5.4629E-019   1.3789E-011   7.0696E-005   9.9993E-001
    1.785593E+03   5.6365E-027   2.3482E-019   8.1081E-012   6.2913E-005   9.9994E-001
    1.898443E+03   2.5828E-027   1.2443E-019   5.4090E-012   5.6788E-005   9.9994E-001
    2.018426E+03   1.0651E-027   5.9249E-020   3.4033E-012   5.1242E-005   9.9995E-001
    2.145992E+03   4.5132E-028   2.9389E-020   2.1861E-012   4.5959E-005   9.9995E-001
    2.281620E+03   1.8446E-028   1.4035E-020   1.3782E-012   4.1252E-005   9.9996E-001
    2.425820E+03   8.0232E-029   7.1361E-021   9.0045E-013   3.7104E-005   9.9996E-001
    2.579133E+03   4.3431E-029   4.3529E-021   6.5882E-013   3.4287E-005   9.9997E-001
    2.742135E+03   2.9045E-029   3.1830E-021   5.3784E-013   3.2464E-005   9.9997E-001
    2.915440E+03   2.5194E-029   2.9094E-021   5.0224E-013   3.1686E-005   9.9997E-001
    3.099698E+03   2.9634E-029   3.4626E-021   5.4957E-013   3.1980E-005   9.9997E-001
    3.295601E+03   5.9979E-029   6.4673E-021   7.9698E-013   3.4514E-005   9.9997E-001
    3.503885E+03   2.3968E-028   2.2510E-020   1.6844E-012   3.8738E-005   9.9996E-001
    3.725332E+03   1.6668E-027   1.0986E-019   4.6509E-012   5.0077E-005   9.9995E-001
    3.960775E+03   5.8846E-027   2.8160E-019   8.7226E-012   6.2712E-005   9.9994E-001
    4.211099E+03   1.0133E-025   4.6408E-018   5.3353E-011   7.3744E-005   9.9993E-001
    4.477243E+03   2.2202E-025   9.9060E-018   9.0997E-011   8.2402E-005   9.9992E-001
    4.760207E+03   2.0876E-025   9.8182E-018   9.1225E-011   8.0692E-005   9.9992E-001
    5.061055E+03   1.1479E-025   6.0062E-018   6.5110E-011   7.1675E-005   9.9993E-001
    5.380917E+03   6.8075E-026   3.9211E-018   4.8657E-011   6.4755E-005   9.9994E-001
    5.720994E+03   5.4719E-026   3.3694E-018   4.4083E-011   6.1505E-005   9.9994E-001
    6.082565E+03   5.3563E-026   3.3748E-018   4.4290E-011   6.0841E-005   9.9994E-001
    6.466986E+03   7.9343E-026   4.9010E-018   5.7839E-011   6.4808E-005   9.9994E-001
    6.875704E+03   1.4483E-025   8.6496E-018   8.7313E-011   7.2711E-005   9.9993E-001
    7.310253E+03   2.9612E-025   1.6533E-017   1.3968E-010   8.5559E-005   9.9991E-001
    7.772265E+03   7.5108E-025   3.8814E-017   2.6263E-010   1.0936E-004   9.9989E-001
    8.263477E+03   2.8390E-024   1.2760E-016   6.3576E-010   1.6259E-004   9.9984E-001
    8.785734E+03   6.6072E-023   2.2109E-015   5.6367E-009   5.0395E-004   9.9950E-001
    9.340997E+03   3.0124E-019   4.0634E-012   1.9203E-006   1.3654E-002   9.8634E-001
    9.929841E+03   3.6611E-013   1.0359E-006   2.1104E-002   9.1452E-001   6.4377E-002
    1.041447E+04   1.7654E-009   1.2486E-003   8.9864E-001   1.0011E-001   1.7991E-006
    1.083674E+04   4.0800E-007   5.7136E-002   9.4277E-001   9.2847E-005   1.0563E-013
    1.136786E+04   4.4435E-004   9.9671E-001   2.8495E-003   2.3022E-014   7.6128E-033
    1.167027E+04   1.8561E-003   9.9790E-001   2.4799E-004   2.9462E-017   4.0254E-038
    1.185735E+04   3.6824E-003   9.9624E-001   7.5154E-005   1.1141E-018   1.0091E-040
    1.198132E+04   1.0071E-002   9.8992E-001   5.8351E-006   4.4877E-022   3.0788E-047
    1.207995E+04   2.3178E-002   9.7682E-001   5.4729E-007   2.7774E-025   1.9031E-053
    1.216774E+04   3.6392E-002   9.6361E-001   1.3405E-007   3.2537E-027   3.3290E-057
    1.225420E+04   5.7963E-002   9.4204E-001   3.1559E-008   3.5024E-029   1.0884E-060
    1.234075E+04   9.2794E-002   9.0721E-001   7.2200E-009   3.6516E-031   2.0426E-061
    1.244043E+04   1.3697E-001   8.6303E-001   2.0230E-009   7.4857E-033   8.0028E-062
    1.256653E+04   1.6549E-001   8.3451E-001   9.7199E-010   7.6520E-034   4.8417E-062
    1.291944E+04   1.3285E-001   8.6715E-001   1.2758E-009   1.2140E-033   8.0916E-062
    1.356464E+04   5.4740E-002   9.4526E-001   8.8370E-009   2.5378E-031   5.7927E-061
    1.414194E+04   3.5879E-002   9.6412E-001   1.7652E-008   1.4936E-030   1.3547E-060
    1.463678E+04   4.0313E-002   9.5969E-001   8.8971E-009   1.4090E-031   9.9085E-061
    1.515385E+04   4.8021E-002   9.5198E-001   4.6270E-009   1.6858E-032   6.6315E-061
    1.570238E+04   7.3410E-002   9.2659E-001   1.2793E-009   3.1669E-034   2.4890E-061
    1.628316E+04   1.8003E-001   8.1997E-001   7.6416E-011   6.4062E-038   1.9507E-062
    1.695591E+04   3.8287E-001   6.1713E-001   5.7793E-012   5.1829E-041   1.5559E-063
    1.773545E+04   5.9452E-001   4.0548E-001   4.4012E-013   4.6050E-044   1.4793E-064
    1.852426E+04   7.0772E-001   2.9228E-001   5.8198E-014   1.3918E-046   2.5377E-065
    1.933673E+04   7.7075E-001   2.2925E-001   1.6259E-014   1.5299E-047   8.7380E-066
    2.006825E+04   7.4751E-001   2.5249E-001   1.2668E-014   5.2956E-047   6.6619E-066
    2.082304E+04   7.1139E-001   2.8861E-001   1.2846E-014   1.9343E-046   6.3596E-066
    2.162788E+04   7.2253E-001   2.7747E-001   9.0241E-015   2.6082E-046   4.9085E-066
    2.248295E+04   6.6055E-001   3.3945E-001   1.3171E-014   7.6341E-046   6.4695E-066
    2.340334E+04   6.7135E-001   3.2865E-001   1.0428E-014   6.9882E-046   5.6633E-066
    2.427003E+04   6.0631E-001   3.9369E-001   1.5746E-014   1.2029E-045   7.8180E-066
    2.528269E+04   5.7225E-001   4.2775E-001   1.8379E-014   1.2607E-045   9.0239E-066
    2.627013E+04   5.7903E-001   4.2097E-001   1.5637E-014   8.8987E-046   8.1731E-066
    2.723040E+04   4.8192E-001   5.1808E-001   3.0799E-014   1.6369E-045   1.3963E-065
    2.827004E+04   4.2978E-001   5.7022E-001   4.1859E-014   1.8175E-045   1.7966E-065
    2.934273E+04   3.5117E-001   6.4883E-001   7.1435E-014   2.6197E-045   2.7913E-065
    3.052012E+04   2.8300E-001   7.1700E-001   1.1494E-013   3.3880E-045   4.1730E-065
    3.176086E+04   2.3582E-001   7.6418E-001   1.5708E-013   3.6913E-045   5.4985E-065
    3.295538E+04   2.1434E-001   7.8566E-001   1.6892E-013   3.1339E-045   5.9310E-065
    3.403161E+04   1.9067E-001   8.0933E-001   1.8652E-013   2.8332E-045   6.5596E-065
    3.500379E+04   1.5910E-001   8.4090E-001   2.2545E-013   2.8828E-045   7.8695E-065
    3.593430E+04   1.2889E-001   8.7111E-001   2.7144E-013   2.9100E-045   9.4664E-065
    3.686142E+04   1.0461E-001   8.9539E-001   3.1211E-013   2.7881E-045   1.1030E-064
    3.781660E+04   8.6919E-002   9.1308E-001   3.4223E-013   2.5782E-045   1.2443E-064
    3.881204E+04   7.5694E-002   9.2431E-001   3.6076E-013   2.3547E-045   1.3639E-064
    3.984228E+04   6.8622E-002   9.3138E-001   3.8382E-013   2.2475E-045   1.5077E-064
    4.090108E+04   6.4329E-002   9.3567E-001   4.2509E-013   2.3053E-045   1.7117E-064
    4.198933E+04   6.2102E-002   9.3790E-001   4.9030E-013   2.5327E-045   1.9825E-064
    4.310952E+04   6.1286E-002   9.3871E-001   5.7965E-013   2.9430E-045   2.3063E-064
    4.426353E+04   6.1187E-002   9.3881E-001   6.8884E-013   3.5694E-045   2.6560E-064
    4.545322E+04   6.0857E-002   9.3914E-001   8.1349E-013   4.4931E-045   3.0101E-064
    4.667980E+04   5.9371E-002   9.4063E-001   9.5114E-013   5.8508E-045   3.3604E-064
    4.794258E+04   5.6613E-002   9.4339E-001   1.0964E-012   7.7622E-045   3.6971E-064
    4.924062E+04   5.2967E-002   9.4703E-001   1.2419E-012   1.0276E-044   4.0117E-064
    5.057272E+04   4.8729E-002   9.5127E-001   1.3836E-012   1.3377E-044   4.3089E-064
    5.193717E+04   4.4342E-002   9.5566E-001   1.5166E-012   1.6912E-044   4.5915E-064
    5.333235E+04   4.0422E-002   9.5958E-001   1.6322E-012   2.0503E-044   4.8485E-064
    5.475676E+04   3.7374E-002   9.6263E-001   1.7225E-012   2.3683E-044   5.0702E-064
    5.620758E+04   3.5316E-002   9.6468E-001   1.7837E-012   2.6085E-044   5.2547E-064
    5.768166E+04   3.4215E-002   9.6578E-001   1.8158E-012   2.7514E-044   5.4069E-064
    5.917412E+04   3.3867E-002   9.6613E-001   1.8231E-012   2.8009E-044   5.5452E-064
    6.067730E+04   3.4158E-002   9.6584E-001   1.8092E-012   2.7657E-044   5.6888E-064
    6.217708E+04   3.5086E-002   9.6491E-001   1.7757E-012   2.6541E-044   5.8553E-064
    6.366086E+04   3.6568E-002   9.6343E-001   1.7258E-012   2.4824E-044   6.0649E-064
    6.510379E+04   3.8591E-002   9.6141E-001   1.6630E-012   2.2691E-044   6.3301E-064
    6.648389E+04   4.0664E-002   9.5934E-001   1.5954E-012   2.0433E-044   6.6615E-064
    6.776932E+04   4.3916E-002   9.5608E-001   1.5193E-012   1.8092E-044   7.0146E-064
    6.895129E+04   4.7440E-002   9.5256E-001   1.4066E-012   1.4939E-044   7.1890E-064
    6.949055E+04   5.0199E-002   9.4980E-001   1.2688E-012   1.1728E-044   6.8121E-064
    6.976176E+04   5.2094E-002   9.4791E-001   1.1325E-012   9.1883E-045   6.2275E-064
    6.989776E+04   5.3478E-002   9.4652E-001   9.8232E-013   6.9809E-045   5.4675E-064
    6.996586E+04   5.4794E-002   9.4521E-001   8.4998E-013   5.4207E-045   4.7593E-064
    6.999823E+04   5.6048E-002   9.4395E-001   7.4751E-013   4.4044E-045   4.1988E-064
    6.999993E+04   5.6260E-002   9.4374E-001   7.3550E-013   4.2972E-045   4.1326E-064
#TIME:     0.605
#NVEL: 115
#vel_mid[km/s]           c0           c1           c2           c3           c4
    8.484664E+02   7.1540E-025   1.7205E-017   1.2641E-010   1.0860E-004   9.9989E-001
    8.543246E+02   7.1540E-025   1.7205E-017   1.2641E-010   1.0860E-004   9.9989E-001
    8.721432E+02   7.1540E-025   1.7205E-017   1.2641E-010   1.0860E-004   9.9989E-001
    9.089031E+02   7.1541E-025   1.7205E-017   1.2641E-010   1.0860E-004   9.9989E-001
    9.682894E+02   7.1552E-025   1.7207E-017   1.2642E-010   1.0860E-004   9.9989E-001
    1.029084E+03   7.1620E-025   1.7221E-017   1.2649E-010   1.0862E-004   9.9989E-001
    1.093701E+03   7.1664E-025   1.7239E-017   1.2658E-010   1.0861E-004   9.9989E-001
    1.162375E+03   7.1181E-025   1.7160E-017   1.2619E-010   1.0846E-004   9.9989E-001
    1.235362E+03   6.7734E-025   1.6426E-017   1.2255E-010   1.0765E-004   9.9989E-001
    1.312931E+03   5.0680E-025   1.2576E-017   1.0254E-010   1.0357E-004   9.9990E-001
    1.395371E+03   1.0933E-025   3.3155E-018   4.2682E-011   8.4106E-005   9.9992E-001
    1.482988E+03   3.0633E-026   1.0991E-018   2.0966E-011   7.2279E-005   9.9993E-001
    1.576106E+03   2.5255E-026   9.3095E-019   1.8856E-011   7.0694E-005   9.9993E-001
    1.675071E+03   1.1956E-026   4.9135E-019   1.2555E-011   6.4830E-005   9.9994E-001
    1.780251E+03   4.3721E-027   2.0945E-019   7.3205E-012   5.7721E-005   9.9994E-001
    1.892034E+03   1.9370E-027   1.0771E-019   4.7857E-012   5.1936E-005   9.9995E-001
    2.010837E+03   7.9110E-028   5.0770E-020   2.9861E-012   4.6904E-005   9.9995E-001
    2.137099E+03   3.2639E-028   2.4575E-020   1.8873E-012   4.2018E-005   9.9996E-001
    2.271289E+03   1.3065E-028   1.1513E-020   1.1744E-012   3.7714E-005   9.9996E-001
    2.413905E+03   5.5713E-029   5.7453E-021   7.5817E-013   3.3920E-005   9.9997E-001
    2.565477E+03   2.9420E-029   3.4288E-021   5.4715E-013   3.1294E-005   9.9997E-001
    2.726565E+03   1.9247E-029   2.4591E-021   4.4146E-013   2.9562E-005   9.9997E-001
    2.897769E+03   1.6586E-029   2.2336E-021   4.1092E-013   2.8801E-005   9.9997E-001
    3.079722E+03   1.9083E-029   2.6108E-021   4.4504E-013   2.8901E-005   9.9997E-001
    3.273101E+03   3.7922E-029   4.8023E-021   6.4049E-013   3.0996E-005   9.9997E-001
    3.478622E+03   1.3130E-028   1.5001E-020   1.2656E-012   3.3703E-005   9.9997E-001
    3.697048E+03   1.0958E-027   8.6198E-020   3.8832E-012   4.4217E-005   9.9996E-001
    3.929188E+03   4.7217E-027   2.6080E-019   8.1010E-012   5.7070E-005   9.9994E-001
    4.175906E+03   5.3131E-026   2.9135E-018   3.9208E-011   6.4113E-005   9.9994E-001
    4.438115E+03   2.3050E-025   1.1506E-017   1.0364E-010   8.1292E-005   9.9992E-001
    4.716788E+03   2.5273E-025   1.3090E-017   1.1498E-010   8.2525E-005   9.9992E-001
    5.012959E+03   1.5143E-025   8.6316E-018   8.6255E-011   7.3751E-005   9.9993E-001
    5.327727E+03   8.7515E-026   5.5002E-018   6.3156E-011   6.5611E-005   9.9993E-001
    5.662260E+03   6.7693E-026   4.5702E-018   5.5934E-011   6.1809E-005   9.9994E-001
    6.017798E+03   6.3789E-026   4.4373E-018   5.5078E-011   6.0782E-005   9.9994E-001
    6.395661E+03   9.1001E-026   6.2313E-018   7.0630E-011   6.5198E-005   9.9993E-001
    6.797251E+03   1.6588E-025   1.1009E-017   1.0764E-010   7.4819E-005   9.9993E-001
    7.224056E+03   3.4535E-025   2.1479E-017   1.7633E-010   9.0649E-005   9.9991E-001
    7.677661E+03   8.7159E-025   5.0282E-017   3.3408E-010   1.1948E-004   9.9988E-001
    8.159748E+03   3.1651E-024   1.5997E-016   7.9765E-010   1.8163E-004   9.9982E-001
    8.672106E+03   4.9222E-023   1.9435E-015   5.4821E-009   5.0886E-004   9.9949E-001
    9.216636E+03   6.6563E-020   1.2276E-012   8.2605E-007   8.7704E-003   9.9123E-001
    9.793140E+03   3.2075E-014   1.4677E-007   6.2432E-003   7.8064E-001   2.1312E-001
    1.026683E+04   3.0645E-010   3.6955E-004   6.7178E-001   3.2781E-001   4.1332E-005
    1.070804E+04   1.1125E-007   2.5537E-002   9.7408E-001   3.8211E-004   2.6483E-012
    1.120152E+04   1.3849E-004   9.7773E-001   2.2133E-002   7.0526E-012   2.9126E-028
    1.159423E+04   1.6887E-003   9.9812E-001   1.8916E-004   9.0100E-018   3.1230E-039
    1.180243E+04   3.7468E-003   9.9620E-001   5.0792E-005   2.6319E-019   5.2153E-042
    1.192916E+04   7.4757E-003   9.9251E-001   9.9921E-006   1.9876E-021   4.7324E-046
    1.202084E+04   1.5873E-002   9.8413E-001   1.2554E-006   3.1460E-024   1.8406E-051
    1.209768E+04   2.7820E-002   9.7218E-001   2.3359E-007   1.5789E-026   6.3030E-056
    1.216841E+04   4.0630E-002   9.5937E-001   7.1207E-008   3.7056E-028   4.3802E-059
    1.223949E+04   6.1438E-002   9.3856E-001   1.9708E-008   6.6749E-030   4.8992E-061
    1.231406E+04   9.2636E-002   9.0736E-001   5.4301E-009   1.2401E-031   1.8850E-061
    1.239842E+04   1.3043E-001   8.6957E-001   1.7848E-009   4.1298E-033   8.2754E-062
    1.256481E+04   1.7813E-001   8.2187E-001   5.6365E-010   1.1921E-034   3.5841E-062
    1.321135E+04   1.0884E-001   8.9116E-001   1.2416E-009   6.7795E-034   1.1188E-061
    1.378971E+04   5.9864E-002   9.4014E-001   4.0910E-009   1.6607E-032   4.0430E-061
    1.426236E+04   5.4093E-002   9.4591E-001   3.7298E-009   9.5073E-033   4.6820E-061
    1.471893E+04   6.9103E-002   9.3090E-001   1.3976E-009   3.8699E-034   2.4724E-061
    1.520339E+04   1.0910E-001   8.9090E-001   3.4245E-010   5.2989E-036   8.0583E-062
    1.569984E+04   2.1442E-001   7.8558E-001   4.1936E-011   1.3478E-038   1.2668E-062
    1.625603E+04   4.0452E-001   5.9548E-001   2.8684E-012   5.7654E-042   1.0170E-063
    1.692188E+04   6.5482E-001   3.4518E-001   1.4103E-013   2.5392E-045   6.3688E-065
    1.755155E+04   7.9930E-001   2.0070E-001   1.0761E-014   5.8521E-048   7.0034E-066
    1.815678E+04   8.5742E-001   1.4258E-001   1.7627E-015   5.9952E-050   1.5443E-066
    1.877630E+04   8.9303E-001   1.0697E-001   3.8679E-016   2.5532E-051   4.4414E-067
    1.943029E+04   9.1809E-001   8.1914E-002   1.0387E-016   1.2281E-051   1.5665E-067
    2.010428E+04   9.0597E-001   9.4034E-002   8.7089E-017   6.9991E-051   1.2240E-067
    2.090850E+04   8.8669E-001   1.1331E-001   8.8765E-017   3.9489E-050   1.1051E-067
    2.182676E+04   8.8384E-001   1.1616E-001   6.2801E-017   8.2699E-050   8.0507E-068
    2.283367E+04   8.4715E-001   1.5285E-001   9.1307E-017   2.8677E-049   9.5912E-068
    2.394324E+04   8.1625E-001   1.8375E-001   1.1584E-016   4.8918E-049   1.0846E-067
    2.516734E+04   7.5818E-001   2.4182E-001   2.1548E-016   8.8704E-049   1.6426E-067
    2.638649E+04   7.4906E-001   2.5094E-001   2.0392E-016   7.4423E-049   1.5757E-067
    2.758311E+04   6.3756E-001   3.6244E-001   6.8212E-016   2.0955E-048   3.8846E-067
    2.884269E+04   5.5421E-001   4.4579E-001   1.4761E-015   3.5081E-048   7.1848E-067
    3.014497E+04   4.5019E-001   5.4981E-001   3.7433E-015   7.2549E-048   1.5604E-066
    3.148085E+04   3.7193E-001   6.2807E-001   7.2719E-015   1.1528E-047   2.7862E-066
    3.276289E+04   3.3104E-001   6.6896E-001   9.4915E-015   1.2440E-047   3.5672E-066
    3.391810E+04   2.9278E-001   7.0722E-001   1.2130E-014   1.3758E-047   4.5106E-066
    3.495083E+04   2.4352E-001   7.5648E-001   1.7902E-014   1.8602E-047   6.5546E-066
    3.592850E+04   1.9525E-001   8.0475E-001   2.7036E-014   2.6462E-047   9.8994E-066
    3.688885E+04   1.5554E-001   8.4446E-001   3.8306E-014   3.6599E-047   1.4470E-065
    3.786912E+04   1.2544E-001   8.7456E-001   5.0104E-014   4.9246E-047   2.0250E-065
    3.888044E+04   1.0473E-001   8.9527E-001   6.1415E-014   6.4709E-047   2.7262E-065
    3.991994E+04   9.0169E-002   9.0983E-001   7.7164E-014   8.8666E-047   3.7524E-065
    4.098383E+04   8.0048E-002   9.1995E-001   1.0501E-013   1.3018E-046   5.3954E-065
    4.207443E+04   7.3463E-002   9.2654E-001   1.5301E-013   2.0296E-046   7.9145E-065
    4.319619E+04   6.9496E-002   9.3050E-001   2.2852E-013   3.3103E-046   1.1453E-064
    4.435339E+04   6.7155E-002   9.3285E-001   3.3598E-013   5.5717E-046   1.5934E-064
    4.555005E+04   6.5193E-002   9.3481E-001   4.7607E-013   9.6110E-046   2.1082E-064
    4.678738E+04   6.2466E-002   9.3753E-001   6.4532E-013   1.6844E-045   2.6523E-064
    4.806468E+04   5.8741E-002   9.4126E-001   8.3415E-013   2.9305E-045   3.1822E-064
    4.937985E+04   5.4334E-002   9.4567E-001   1.0289E-012   4.9170E-045   3.6633E-064
    5.073002E+04   4.9526E-002   9.5047E-001   1.2186E-012   7.7934E-045   4.0880E-064
    5.211198E+04   4.4768E-002   9.5523E-001   1.3937E-012   1.1501E-044   4.4589E-064
    5.352349E+04   4.0651E-002   9.5935E-001   1.5431E-012   1.5646E-044   4.7727E-064
    5.496004E+04   3.7532E-002   9.6247E-001   1.6586E-012   1.9618E-044   5.0281E-064
    5.642085E+04   3.5472E-002   9.6453E-001   1.7376E-012   2.2869E-044   5.2320E-064
    5.789881E+04   3.4394E-002   9.6561E-001   1.7818E-012   2.5063E-044   5.3961E-064
    5.939226E+04   3.4074E-002   9.6593E-001   1.7973E-012   2.6177E-044   5.5436E-064
    6.088737E+04   3.4403E-002   9.6560E-001   1.7885E-012   2.6281E-044   5.6950E-064
    6.237825E+04   3.5366E-002   9.6463E-001   1.7582E-012   2.5492E-044   5.8698E-064
    6.383998E+04   3.6873E-002   9.6313E-001   1.7107E-012   2.4017E-044   6.0863E-064
    6.526223E+04   3.8876E-002   9.6112E-001   1.6501E-012   2.2071E-044   6.3584E-064
    6.660986E+04   4.0974E-002   9.5903E-001   1.5848E-012   1.9972E-044   6.6907E-064
    6.786444E+04   4.4206E-002   9.5579E-001   1.5096E-012   1.7722E-044   7.0346E-064
    6.899777E+04   4.7673E-002   9.5233E-001   1.3950E-012   1.4593E-044   7.1677E-064
    6.951321E+04   5.0365E-002   9.4964E-001   1.2580E-012   1.1466E-044   6.7741E-064
    6.977237E+04   5.2213E-002   9.4779E-001   1.1213E-012   8.9775E-045   6.1780E-064
    6.990232E+04   5.3554E-002   9.4645E-001   9.7345E-013   6.8430E-045   5.4254E-064
    6.996738E+04   5.4857E-002   9.4514E-001   8.4482E-013   5.3464E-045   4.7355E-064
    6.999830E+04   5.6074E-002   9.4393E-001   7.4619E-013   4.3752E-045   4.1953E-064
    6.999993E+04   5.6280E-002   9.4372E-001   7.3466E-013   4.2730E-045   4.1317E-064
#TIME:     0.733
#NVEL: 115
#vel_mid[km/s]           c0           c1           c2           c3           c4
    8.484664E+02   7.0113E-025   2.1591E-017   1.5054E-010   1.0248E-004   9.9990E-001
    8.528610E+02   7.0113E-025   2.1591E-017   1.5054E-010   1.0248E-004   9.9990E-001
    8.661820E+02   7.0114E-025   2.1591E-017   1.5054E-010   1.0248E-004   9.9990E-001
    8.934513E+02   7.0118E-025   2.1592E-017   1.5054E-010   1.0248E-004   9.9990E-001
    9.472405E+02   7.0135E-025   2.1597E-017   1.5057E-010   1.0249E-004   9.9990E-001
    1.007109E+03   7.0192E-025   2.1612E-017   1.5064E-010   1.0250E-004   9.9990E-001
    1.070759E+03   7.0230E-025   2.1627E-017   1.5072E-010   1.0251E-004   9.9990E-001
    1.138432E+03   6.9295E-025   2.1406E-017   1.4969E-010   1.0223E-004   9.9990E-001
    1.210381E+03   6.4568E-025   2.0137E-017   1.4352E-010   1.0091E-004   9.9990E-001
    1.286878E+03   4.5635E-025   1.4746E-017   1.1571E-010   9.5005E-005   9.9990E-001
    1.368209E+03   1.2615E-025   4.7623E-018   5.3715E-011   7.7528E-005   9.9992E-001
    1.454681E+03   3.2880E-026   1.4658E-018   2.4567E-011   6.4810E-005   9.9994E-001
    1.546618E+03   1.9019E-026   9.1211E-019   1.8010E-011   6.0578E-005   9.9994E-001
    1.644365E+03   9.7042E-027   5.1153E-019   1.2369E-011   5.5881E-005   9.9994E-001
    1.748290E+03   3.5416E-027   2.1614E-019   7.1028E-012   4.9721E-005   9.9995E-001
    1.858783E+03   1.4168E-027   1.0110E-019   4.3547E-012   4.4318E-005   9.9996E-001
    1.976259E+03   5.5538E-028   4.6005E-020   2.6387E-012   3.9830E-005   9.9996E-001
    2.101160E+03   2.1540E-028   2.0973E-020   1.6016E-012   3.5607E-005   9.9996E-001
    2.233954E+03   8.0419E-029   9.2473E-021   9.5525E-013   3.1799E-005   9.9997E-001
    2.375142E+03   3.2076E-029   4.3372E-021   5.9249E-013   2.8530E-005   9.9997E-001
    2.525252E+03   1.5499E-029   2.3976E-021   4.0721E-013   2.6113E-005   9.9997E-001
    2.684850E+03   9.4556E-030   1.6179E-021   3.1645E-013   2.4488E-005   9.9998E-001
    2.854534E+03   7.7916E-030   1.4135E-021   2.8790E-013   2.3675E-005   9.9998E-001
    3.034942E+03   8.4999E-030   1.5811E-021   3.0402E-013   2.3443E-005   9.9998E-001
    3.226752E+03   1.6290E-029   2.8251E-021   4.3139E-013   2.4786E-005   9.9998E-001
    3.430685E+03   4.4688E-029   7.3815E-021   7.6576E-013   2.5433E-005   9.9997E-001
    3.647506E+03   4.8728E-028   5.4436E-020   2.7763E-012   3.3883E-005   9.9997E-001
    3.878031E+03   3.1276E-027   2.3219E-019   7.2462E-012   4.6491E-005   9.9995E-001
    4.123125E+03   2.2283E-026   1.6584E-018   2.7299E-011   5.1241E-005   9.9995E-001
    4.383709E+03   2.5710E-025   1.6221E-017   1.4264E-010   8.3511E-005   9.9992E-001
    4.660762E+03   4.1800E-025   2.6306E-017   2.0724E-010   9.6448E-005   9.9990E-001
    4.955325E+03   3.0810E-025   2.0804E-017   1.7676E-010   8.9446E-005   9.9991E-001
    5.268505E+03   1.7742E-025   1.3178E-017   1.2793E-010   7.7431E-005   9.9992E-001
    5.601477E+03   1.3171E-025   1.0562E-017   1.1049E-010   7.2085E-005   9.9993E-001
    5.955494E+03   1.2144E-025   1.0090E-017   1.0788E-010   7.0919E-005   9.9993E-001
    6.331885E+03   1.7120E-025   1.4051E-017   1.3913E-010   7.8722E-005   9.9992E-001
    6.732064E+03   3.2596E-025   2.5947E-017   2.2329E-010   9.7324E-005   9.9990E-001
    7.157534E+03   7.3879E-025   5.4969E-017   3.9631E-010   1.2878E-004   9.9987E-001
    7.609895E+03   2.0578E-024   1.4131E-016   8.2305E-010   1.8826E-004   9.9981E-001
    8.090845E+03   8.3061E-024   4.9711E-016   2.1687E-009   3.1835E-004   9.9968E-001
    8.602191E+03   1.3943E-022   6.5629E-015   1.6502E-008   1.0077E-003   9.9899E-001
    9.145855E+03   1.5501E-019   3.6100E-012   2.3341E-006   1.7201E-002   9.8280E-001
    9.716757E+03   2.8622E-014   1.7955E-007   8.3206E-003   8.4729E-001   1.4439E-001
    1.017136E+04   1.7239E-010   3.0096E-004   6.7473E-001   3.2493E-001   3.3380E-005
    1.058976E+04   4.8779E-008   1.7593E-002   9.8190E-001   5.0384E-004   4.1829E-012
    1.103681E+04   4.7709E-005   9.1129E-001   8.8661E-002   2.7028E-010   1.9038E-025
    1.143091E+04   9.7158E-004   9.9877E-001   2.5539E-004   1.0498E-017   2.2854E-039
    1.169743E+04   3.8972E-003   9.9608E-001   2.2377E-005   1.2901E-020   1.0713E-044
    1.185375E+04   7.2225E-003   9.9277E-001   6.0092E-006   2.7499E-022   7.6257E-048
    1.195751E+04   1.3053E-002   9.8695E-001   1.3226E-006   2.6741E-024   1.0472E-051
    1.203767E+04   2.3760E-002   9.7624E-001   2.2356E-007   9.9249E-027   2.0001E-056
    1.210835E+04   4.0139E-002   9.5986E-001   4.3737E-008   5.7442E-029   1.8979E-060
    1.217533E+04   6.2900E-002   9.3710E-001   1.0677E-008   6.9222E-031   3.7889E-061
    1.224092E+04   9.1090E-002   9.0891E-001   3.3086E-009   1.8376E-032   1.6293E-061
    1.231061E+04   1.2411E-001   8.7589E-001   1.2152E-009   8.5612E-034   7.6515E-062
    1.238832E+04   1.6040E-001   8.3960E-001   5.1060E-010   6.1811E-035   3.8813E-062
    1.249177E+04   2.0316E-001   7.9684E-001   2.1609E-010   4.6270E-036   1.9553E-062
    1.273320E+04   2.6917E-001   7.3083E-001   6.4722E-011   1.1870E-037   7.6138E-063
    1.314431E+04   3.2847E-001   6.7153E-001   2.1528E-011   3.9162E-039   3.3769E-063
    1.356973E+04   3.9721E-001   6.0279E-001   7.0676E-012   2.5130E-040   1.4235E-063
    1.397745E+04   5.1952E-001   4.8048E-001   1.4127E-012   5.7592E-041   3.5422E-064
    1.437971E+04   6.7831E-001   3.2169E-001   1.6924E-013   2.5145E-042   5.2225E-065
    1.481384E+04   8.2632E-001   1.7368E-001   1.2542E-014   3.1851E-044   4.8300E-066
    1.527443E+04   9.2449E-001   7.5514E-002   6.0288E-016   3.0157E-046   2.9701E-067
    1.573281E+04   9.6494E-001   3.5060E-002   3.7087E-017   1.7187E-048   2.3946E-068
    1.619433E+04   9.7960E-001   2.0397E-002   4.1867E-018   6.6977E-051   3.5829E-069
    1.667669E+04   9.8786E-001   1.2144E-002   5.2473E-019   3.4941E-053   6.2303E-070
    1.717287E+04   9.9217E-001   7.8322E-003   7.6442E-020   3.3733E-054   1.3557E-070
    1.768426E+04   9.9273E-001   7.2658E-003   2.3263E-020   4.1940E-054   6.2469E-071
    1.825695E+04   9.9104E-001   8.9611E-003   1.3419E-020   7.6060E-054   5.2221E-071
    1.899553E+04   9.8947E-001   1.0533E-002   6.8137E-021   1.3396E-053   3.8902E-071
    1.999671E+04   9.8281E-001   1.7192E-002   9.2103E-021   2.2664E-053   5.3590E-071
    2.125276E+04   9.6749E-001   3.2507E-002   3.0152E-020   2.8408E-053   1.1458E-070
    2.259595E+04   9.5179E-001   4.8209E-002   6.7487E-020   3.1087E-053   1.8734E-070
    2.402403E+04   9.2024E-001   7.9764E-002   2.5377E-019   3.3784E-053   4.5364E-070
    2.554236E+04   8.7592E-001   1.2408E-001   9.2070E-019   3.7068E-053   1.1174E-069
    2.715756E+04   8.3263E-001   1.6737E-001   2.3291E-018   4.0843E-053   2.1958E-069
    2.877497E+04   7.0860E-001   2.9140E-001   1.7830E-017   6.6778E-053   1.0348E-068
    3.035869E+04   5.9590E-001   4.0410E-001   6.9403E-017   1.5308E-052   3.0863E-068
    3.187471E+04   5.0885E-001   4.9115E-001   1.6668E-016   3.2679E-052   6.3834E-068
    3.324789E+04   4.5505E-001   5.4495E-001   2.6138E-016   5.1245E-052   9.3175E-068
    3.445101E+04   3.9208E-001   6.0792E-001   4.6217E-016   9.7812E-052   1.5269E-067
    3.554577E+04   3.1887E-001   6.8113E-001   9.2615E-016   2.5967E-051   2.8720E-067
    3.658462E+04   2.5152E-001   7.4848E-001   1.7232E-015   7.4974E-051   5.2535E-067
    3.762248E+04   1.9680E-001   8.0320E-001   2.7133E-015   2.1802E-050   8.7954E-067
    3.867668E+04   1.5718E-001   8.4282E-001   3.6807E-015   5.9880E-050   1.4043E-066
    3.975213E+04   1.2859E-001   8.7141E-001   5.1366E-015   1.6687E-049   2.4748E-066
    4.084453E+04   1.0813E-001   8.9187E-001   8.8662E-015   4.9361E-049   5.1920E-066
    4.195824E+04   9.4243E-002   9.0576E-001   1.8916E-014   1.5332E-048   1.1887E-065
    4.309818E+04   8.5339E-002   9.1466E-001   4.3334E-014   4.8821E-048   2.6559E-065
    4.426979E+04   7.9578E-002   9.2042E-001   9.4689E-014   1.5623E-047   5.4099E-065
    4.547749E+04   7.5006E-002   9.2499E-001   1.8712E-013   4.9548E-047   9.7514E-065
    4.672340E+04   7.0107E-002   9.2989E-001   3.2936E-013   1.5306E-046   1.5619E-064
    4.800748E+04   6.4527E-002   9.3547E-001   5.1925E-013   4.4493E-046   2.2380E-064
    4.932825E+04   5.8598E-002   9.4140E-001   7.4005E-013   1.1686E-045   2.9190E-064
    5.068335E+04   5.2627E-002   9.4737E-001   9.7136E-013   2.6882E-045   3.5412E-064
    5.207013E+04   4.7008E-002   9.5299E-001   1.1936E-012   5.3517E-045   4.0760E-064
    5.348629E+04   4.2266E-002   9.5773E-001   1.3889E-012   9.0760E-045   4.5120E-064
    5.492827E+04   3.8697E-002   9.6130E-001   1.5445E-012   1.3442E-044   4.8527E-064
    5.639439E+04   3.6317E-002   9.6368E-001   1.6560E-012   1.7613E-044   5.1139E-064
    5.787868E+04   3.5010E-002   9.6499E-001   1.7247E-012   2.0943E-044   5.3160E-064
    5.937786E+04   3.4526E-002   9.6547E-001   1.7580E-012   2.3136E-044   5.4887E-064
    6.087934E+04   3.4735E-002   9.6526E-001   1.7616E-012   2.4132E-044   5.6573E-064
    6.237552E+04   3.5612E-002   9.6439E-001   1.7397E-012   2.4020E-044   5.8440E-064
    6.384322E+04   3.7060E-002   9.6294E-001   1.6979E-012   2.3024E-044   6.0693E-064
    6.526864E+04   3.9021E-002   9.6098E-001   1.6410E-012   2.1406E-044   6.3477E-064
    6.661842E+04   4.1094E-002   9.5891E-001   1.5781E-012   1.9520E-044   6.6845E-064
    6.787517E+04   4.4313E-002   9.5569E-001   1.5042E-012   1.7404E-044   7.0309E-064
    6.900452E+04   4.7764E-002   9.5224E-001   1.3903E-012   1.4369E-044   7.1603E-064
    6.951650E+04   5.0439E-002   9.4956E-001   1.2539E-012   1.1306E-044   6.7650E-064
    6.977391E+04   5.2277E-002   9.4772E-001   1.1177E-012   8.8572E-045   6.1680E-064
    6.990298E+04   5.3610E-002   9.4639E-001   9.7046E-013   6.7569E-045   5.4172E-064
    6.996760E+04   5.4910E-002   9.4509E-001   8.4262E-013   5.2848E-045   4.7303E-064
    6.999832E+04   5.6120E-002   9.4388E-001   7.4476E-013   4.3298E-045   4.1934E-064
    6.999993E+04   5.6325E-002   9.4367E-001   7.3331E-013   4.2293E-045   4.1302E-064
#TIME:     0.806
#NVEL: 115
#vel_mid[km/s]           c0           c1           c2           c3           c4
    8.484664E+02   7.4158E-025   2.5713E-017   1.7382E-010   1.0239E-004   9.9990E-001
    8.540175E+02   7.4158E-025   2.5713E-017   1.7382E-010   1.0239E-004   9.9990E-001
    8.708899E+02   7.4159E-025   2.5713E-017   1.7382E-010   1.0239E-004   9.9990E-001
    9.056412E+02   7.4164E-025   2.5715E-017   1.7383E-010   1.0239E-004   9.9990E-001
    9.639886E+02   7.4187E-025   2.5722E-017   1.7386E-010   1.0240E-004   9.9990E-001
    1.024912E+03   7.4244E-025   2.5739E-017   1.7395E-010   1.0242E-004   9.9990E-001
    1.089687E+03   7.3823E-025   2.5628E-017   1.7345E-010   1.0229E-004   9.9990E-001
    1.158556E+03   7.1024E-025   2.4810E-017   1.6959E-010   1.0148E-004   9.9990E-001
    1.231778E+03   5.8401E-025   2.0907E-017   1.5044E-010   9.7543E-005   9.9990E-001
    1.309627E+03   2.9170E-025   1.1269E-017   9.7711E-011   8.5602E-005   9.9991E-001
    1.392396E+03   7.5102E-026   3.4070E-018   4.3084E-011   6.8671E-005   9.9993E-001
    1.480396E+03   2.5641E-026   1.3246E-018   2.2875E-011   5.9284E-005   9.9994E-001
    1.573958E+03   1.3689E-026   7.6978E-019   1.5977E-011   5.4685E-005   9.9995E-001
    1.673433E+03   6.0253E-027   3.7998E-019   1.0062E-011   4.9475E-005   9.9995E-001
    1.779195E+03   2.2549E-027   1.6451E-019   5.8448E-012   4.4022E-005   9.9996E-001
    1.891642E+03   8.5194E-028   7.3085E-020   3.4595E-012   3.9028E-005   9.9996E-001
    2.011195E+03   3.2701E-028   3.2672E-020   2.0672E-012   3.4997E-005   9.9996E-001
    2.138303E+03   1.1942E-028   1.4140E-020   1.2120E-012   3.1116E-005   9.9997E-001
    2.273445E+03   4.4269E-029   6.1924E-021   7.1856E-013   2.7802E-005   9.9997E-001
    2.417128E+03   1.8275E-029   2.9878E-021   4.5304E-013   2.5063E-005   9.9997E-001
    2.569892E+03   9.3523E-030   1.7328E-021   3.2049E-013   2.3093E-005   9.9998E-001
    2.732311E+03   6.2387E-030   1.2612E-021   2.6084E-013   2.1845E-005   9.9998E-001
    2.904995E+03   5.5986E-030   1.1880E-021   2.4844E-013   2.1217E-005   9.9998E-001
    3.088592E+03   7.2250E-030   1.5283E-021   2.8691E-013   2.1330E-005   9.9998E-001
    3.283793E+03   1.4566E-029   2.9324E-021   4.2399E-013   2.1986E-005   9.9998E-001
    3.491331E+03   7.3079E-029   1.2362E-020   1.0439E-012   2.4449E-005   9.9998E-001
    3.711985E+03   6.4140E-028   7.4800E-020   3.3860E-012   3.2605E-005   9.9997E-001
    3.946585E+03   3.9092E-027   3.2888E-019   9.0344E-012   4.2743E-005   9.9996E-001
    4.196011E+03   5.4381E-026   4.3318E-018   5.5839E-011   5.7654E-005   9.9994E-001
    4.461202E+03   3.8215E-025   2.6871E-017   2.1913E-010   9.7410E-005   9.9990E-001
    4.743153E+03   6.1187E-025   4.2583E-017   3.1441E-010   1.1498E-004   9.9989E-001
    5.042923E+03   4.0709E-025   3.0662E-017   2.4963E-010   1.0281E-004   9.9990E-001
    5.361639E+03   2.5071E-025   2.0650E-017   1.8871E-010   8.9883E-005   9.9991E-001
    5.700497E+03   1.9777E-025   1.7414E-017   1.6909E-010   8.5080E-005   9.9991E-001
    6.060772E+03   2.1115E-025   1.8922E-017   1.8185E-010   8.7885E-005   9.9991E-001
    6.443817E+03   3.3101E-025   2.9150E-017   2.5510E-010   1.0349E-004   9.9990E-001
    6.851070E+03   7.0574E-025   5.9491E-017   4.4558E-010   1.3764E-004   9.9986E-001
    7.284062E+03   1.7879E-024   1.3977E-016   8.6516E-010   1.9623E-004   9.9980E-001
    7.744419E+03   5.8795E-024   4.1603E-016   2.0288E-009   3.1447E-004   9.9969E-001
    8.233871E+03   3.3702E-023   2.0354E-015   7.0336E-009   6.3572E-004   9.9936E-001
    8.754256E+03   1.6404E-021   7.0093E-014   1.1530E-007   3.1868E-003   9.9681E-001
    9.307531E+03   9.9531E-018   1.8060E-010   5.5571E-005   1.0654E-001   8.9341E-001
    9.857056E+03   8.2797E-013   3.7848E-006   6.3057E-002   9.2693E-001   1.0012E-002
    1.026219E+04   9.0443E-010   1.1719E-003   9.4147E-001   5.7359E-002   3.0968E-007
    1.066046E+04   1.6551E-007   4.5879E-002   9.5406E-001   5.7298E-005   2.2720E-014
    1.108456E+04   8.0320E-005   9.7288E-001   2.7044E-002   5.9193E-012   1.1054E-028
    1.145920E+04   1.3583E-003   9.9855E-001   9.4584E-005   4.5172E-019   5.0150E-042
    1.170019E+04   4.8879E-003   9.9510E-001   9.9489E-006   9.1225E-022   5.8113E-047
    1.184807E+04   8.6166E-003   9.9138E-001   2.9261E-006   2.5091E-023   6.6252E-050
    1.194895E+04   1.5189E-002   9.8481E-001   6.7910E-007   2.8572E-025   1.2273E-053
    1.202846E+04   2.8789E-002   9.7121E-001   1.0081E-007   7.0641E-028   1.0854E-058
    1.209713E+04   5.1589E-002   9.4841E-001   1.6280E-008   2.2679E-030   5.4570E-061
    1.216131E+04   8.2198E-002   9.1780E-001   3.7311E-009   2.3074E-032   1.9002E-061
    1.222467E+04   1.1999E-001   8.8001E-001   1.1187E-009   5.7788E-034   7.5821E-062
    1.229131E+04   1.6663E-001   8.3337E-001   3.8197E-010   2.2881E-035   3.1717E-062
    1.236339E+04   2.2290E-001   7.7710E-001   1.3970E-010   1.1791E-036   1.3494E-062
    1.245100E+04   2.9607E-001   7.0393E-001   4.7702E-011   5.2786E-038   5.2483E-063
    1.259630E+04   4.1881E-001   5.8119E-001   1.0118E-011   6.6741E-040   1.2948E-063
    1.288977E+04   6.3296E-001   3.6704E-001   7.1722E-013   5.8685E-043   1.1274E-064
    1.326716E+04   8.1500E-001   1.8500E-001   3.5406E-014   7.2761E-045   6.8162E-066
    1.368028E+04   9.1796E-001   8.2038E-002   1.6551E-015   9.5708E-046   4.0325E-067
    1.412000E+04   9.6588E-001   3.4121E-002   8.5725E-017   1.7545E-046   2.8829E-068
    1.458947E+04   9.8633E-001   1.3675E-002   4.6092E-018   3.4662E-048   2.1821E-069
    1.507487E+04   9.9518E-001   4.8234E-003   1.9407E-019   3.1454E-050   1.2562E-070
    1.554368E+04   9.9818E-001   1.8238E-003   1.0435E-020   2.5634E-052   9.0903E-072
    1.599734E+04   9.9898E-001   1.0166E-003   1.2987E-021   1.8751E-054   1.5029E-072
    1.645628E+04   9.9929E-001   7.0715E-004   2.3949E-022   1.7453E-055   3.7056E-073
    1.692588E+04   9.9948E-001   5.2484E-004   4.7266E-023   1.5928E-055   1.0275E-073
    1.740008E+04   9.9944E-001   5.5656E-004   1.6311E-023   2.3929E-055   5.1809E-074
    1.790650E+04   9.9900E-001   1.0011E-003   1.5253E-023   6.5812E-055   6.9114E-074
    1.855795E+04   9.9765E-001   2.3457E-003   2.9330E-023   2.5841E-054   1.8194E-073
    1.953644E+04   9.9404E-001   5.9588E-003   1.0507E-022   1.0591E-053   8.7796E-073
    2.077905E+04   9.8386E-001   1.6136E-002   9.0275E-022   2.2413E-053   5.5633E-072
    2.209229E+04   9.7120E-001   2.8796E-002   3.7076E-021   2.7077E-053   1.5290E-071
    2.348854E+04   9.5098E-001   4.9016E-002   1.5676E-020   2.9720E-053   4.1513E-071
    2.497303E+04   9.1643E-001   8.3572E-002   7.7504E-020   3.1832E-053   1.2868E-070
    2.655134E+04   8.8077E-001   1.1923E-001   2.3879E-019   3.3586E-053   2.9330E-070
    2.823401E+04   7.9208E-001   2.0792E-001   1.7338E-018   3.5937E-053   1.3068E-069
    2.993365E+04   6.6915E-001   3.3085E-001   1.1373E-017   3.8578E-053   5.7589E-069
    3.153760E+04   5.7207E-001   4.2793E-001   3.6160E-017   4.1249E-053   1.4832E-068
    3.299099E+04   5.1129E-001   4.8871E-001   6.5498E-017   4.3732E-053   2.4179E-068
    3.426462E+04   4.4597E-001   5.5403E-001   1.2312E-016   4.8945E-053   4.1140E-068
    3.540831E+04   3.6618E-001   6.3382E-001   2.7025E-016   7.0957E-053   8.1798E-068
    3.648732E+04   2.8864E-001   7.1136E-001   5.5871E-016   1.6754E-052   1.5925E-067
    3.755144E+04   2.2442E-001   7.7558E-001   9.5681E-016   5.8348E-052   2.7527E-067
    3.862706E+04   1.7751E-001   8.2249E-001   1.3664E-015   2.2047E-051   4.4005E-067
    3.971922E+04   1.4382E-001   8.5618E-001   1.9303E-015   8.6758E-051   7.8989E-067
    4.082638E+04   1.1994E-001   8.8006E-001   3.4249E-015   3.6517E-050   1.8503E-066
    4.195195E+04   1.0386E-001   8.9614E-001   8.2604E-015   1.6064E-049   5.1107E-066
    4.310219E+04   9.3315E-002   9.0669E-001   2.2633E-014   7.1613E-049   1.3929E-065
    4.428215E+04   8.6064E-002   9.1394E-001   5.8645E-014   3.1512E-048   3.3726E-065
    4.549618E+04   8.0072E-002   9.1993E-001   1.3304E-013   1.3434E-047   6.9792E-065
    4.674647E+04   7.3798E-002   9.2620E-001   2.5955E-013   5.4492E-047   1.2429E-064
    4.803285E+04   6.7119E-002   9.3288E-001   4.4055E-013   2.0134E-046   1.9248E-064
    4.935417E+04   6.0412E-002   9.3959E-001   6.6123E-013   6.4549E-046   2.6468E-064
    5.070872E+04   5.3902E-002   9.4610E-001   8.9961E-013   1.7410E-045   3.3256E-064
    5.209387E+04   4.7918E-002   9.5208E-001   1.1329E-012   3.9162E-045   3.9153E-064
    5.350827E+04   4.2930E-002   9.5707E-001   1.3404E-012   7.2688E-045   4.3969E-064
    5.494800E+04   3.9194E-002   9.6081E-001   1.5074E-012   1.1519E-044   4.7721E-064
    5.641221E+04   3.6695E-002   9.6330E-001   1.6287E-012   1.5811E-044   5.0581E-064
    5.789415E+04   3.5301E-002   9.6470E-001   1.7051E-012   1.9430E-044   5.2778E-064
    5.939153E+04   3.4749E-002   9.6525E-001   1.7440E-012   2.1961E-044   5.4629E-064
