#NTIMES:    67
#NSTAGES:     5
#TIMES[d]:     0.550    0.605    0.733    0.806    0.887    0.976    1.074    1.181    1.300    1.430    1.573    1.730    1.900    2.090    2.300    2.530    2.783    3.061    3.367    3.704    4.074    4.481    4.929    5.422    5.964    6.560    7.216    7.938    8.732    9.600   10.560   11.620   12.780   14.060   15.470   17.020   18.720   20.590   22.650   24.910   27.400   30.140   33.150   36.460   40.110   44.120   48.530   53.380   58.720   64.590   71.050   78.160   86.000   94.600  104.100  114.500  126.000  138.600  152.500  167.800  184.600  203.100  223.400  245.800  270.400  297.400  320.000
#
#TIME:     0.550
#NVEL: 115
#vel_mid[km/s]           ca0           ca1           ca2           ca3           ca4
    8.484663E+02   1.0000E-099   2.3277E-017   8.7178E-012   1.3517E-005   9.9999E-001
    8.542546E+02   1.0000E-099   2.3277E-017   8.7178E-012   1.3517E-005   9.9999E-001
    8.718573E+02   1.0000E-099   2.3277E-017   8.7178E-012   1.3517E-005   9.9999E-001
    9.081584E+02   1.0000E-099   2.3277E-017   8.7180E-012   1.3517E-005   9.9999E-001
    9.674554E+02   1.0000E-099   2.3278E-017   8.7183E-012   1.3517E-005   9.9999E-001
    1.028597E+03   1.0000E-099   2.3287E-017   8.7208E-012   1.3519E-005   9.9999E-001
    1.093605E+03   1.0000E-099   2.3327E-017   8.7308E-012   1.3527E-005   9.9999E-001
    1.162722E+03   1.0000E-099   2.3349E-017   8.7350E-012   1.3531E-005   9.9999E-001
    1.236207E+03   1.0000E-099   2.2931E-017   8.6220E-012   1.3441E-005   9.9999E-001
    1.314336E+03   1.0000E-099   1.9288E-017   7.6241E-012   1.2624E-005   9.9999E-001
    1.397402E+03   1.0000E-099   5.1221E-018   2.9317E-012   7.8493E-006   9.9999E-001
    1.485719E+03   1.0000E-099   1.6627E-018   1.3171E-012   5.3332E-006   9.9999E-001
    1.579618E+03   1.0000E-099   1.5466E-018   1.2518E-012   5.2063E-006   9.9999E-001
    1.679450E+03   1.0000E-099   8.2415E-019   8.0138E-013   4.2130E-006   1.0000E+000
    1.785593E+03   1.0000E-099   3.6040E-019   4.4660E-013   3.2012E-006   1.0000E+000
    1.898443E+03   1.0000E-099   1.9716E-019   2.8923E-013   2.6044E-006   1.0000E+000
    2.018426E+03   1.0000E-099   9.5398E-020   1.7343E-013   2.0558E-006   1.0000E+000
    2.145992E+03   1.0000E-099   4.8745E-020   1.0738E-013   1.6433E-006   1.0000E+000
    2.281620E+03   1.0000E-099   2.3767E-020   6.4694E-014   1.3021E-006   1.0000E+000
    2.425820E+03   1.0000E-099   1.2439E-020   4.0783E-014   1.0516E-006   1.0000E+000
    2.579133E+03   1.0000E-099   7.7907E-021   2.9136E-014   8.9941E-007   1.0000E+000
    2.742135E+03   1.0000E-099   5.8819E-021   2.3596E-014   8.1265E-007   1.0000E+000
    2.915440E+03   1.0000E-099   5.5975E-021   2.2297E-014   7.8528E-007   1.0000E+000
    3.099698E+03   1.0000E-099   7.0170E-021   2.5304E-014   8.2178E-007   1.0000E+000
    3.295601E+03   1.0000E-099   1.3717E-020   3.9137E-014   9.9215E-007   1.0000E+000
    3.503885E+03   1.0000E-099   5.1266E-020   9.4041E-014   1.4620E-006   1.0000E+000
    3.725332E+03   1.0000E-099   2.3284E-019   2.7899E-013   2.4636E-006   1.0000E+000
    3.960775E+03   1.0000E-099   5.2979E-019   5.2193E-013   3.3719E-006   1.0000E+000
    4.211099E+03   1.0000E-099   9.9454E-018   4.1159E-012   9.5348E-006   9.9999E-001
    4.477243E+03   1.0000E-099   2.1325E-017   7.2838E-012   1.3090E-005   9.9999E-001
    4.760207E+03   1.0000E-099   2.1616E-017   7.3526E-012   1.3261E-005   9.9999E-001
    5.061055E+03   1.0000E-099   1.3744E-017   5.2059E-012   1.1053E-005   9.9999E-001
    5.380917E+03   1.0000E-099   9.2875E-018   3.8640E-012   9.4544E-006   9.9999E-001
    5.720994E+03   1.0000E-099   8.1912E-018   3.5093E-012   9.0323E-006   9.9999E-001
    6.082565E+03   1.0000E-099   8.2848E-018   3.5380E-012   9.1028E-006   9.9999E-001
    6.466986E+03   1.0000E-099   1.1983E-017   4.6871E-012   1.0664E-005   9.9999E-001
    6.875704E+03   1.0000E-099   2.0932E-017   7.2080E-012   1.3626E-005   9.9999E-001
    7.310253E+03   1.0000E-099   3.8985E-017   1.1708E-011   1.7933E-005   9.9998E-001
    7.772265E+03   1.0000E-099   8.8449E-017   2.2423E-011   2.6083E-005   9.9997E-001
    8.263477E+03   1.0000E-099   2.7242E-016   5.5425E-011   4.3893E-005   9.9996E-001
    8.785734E+03   1.0000E-099   3.9790E-015   5.2246E-010   1.6304E-004   9.9984E-001
    9.340997E+03   1.0000E-099   4.0278E-012   2.4006E-007   5.5279E-003   9.9447E-001
    9.929841E+03   1.0000E-099   3.7314E-007   1.0744E-002   8.8776E-001   1.0149E-001
    1.041447E+04   1.0000E-099   4.6121E-005   9.0174E-001   9.8213E-002   1.8334E-006
    1.083674E+04   1.0000E-099   9.1047E-005   9.9986E-001   5.0239E-005   3.8645E-014
    1.136786E+04   1.0000E-099   2.0572E-003   9.9794E-001   1.2844E-012   1.2196E-031
    1.167027E+04   1.0000E-099   8.1329E-003   9.9187E-001   1.4706E-014   4.7660E-036
    1.185735E+04   1.0000E-099   1.5814E-002   9.8419E-001   1.6139E-015   3.1512E-038
    1.198132E+04   1.0000E-099   4.1546E-002   9.5845E-001   5.6620E-018   6.2608E-044
    1.207995E+04   1.0000E-099   9.1556E-002   9.0844E-001   2.4813E-020   2.0608E-049
    1.216774E+04   1.0000E-099   1.3870E-001   8.6130E-001   9.0414E-022   2.8487E-052
    1.225420E+04   1.0000E-099   2.0909E-001   7.9091E-001   3.0457E-023   2.2342E-052
    1.234075E+04   1.0000E-099   3.0764E-001   6.9236E-001   9.7649E-025   2.4829E-052
    1.244043E+04   1.0000E-099   4.1091E-001   5.8909E-001   5.0558E-026   2.5200E-052
    1.256653E+04   1.0000E-099   4.6771E-001   5.3229E-001   8.6877E-027   2.5026E-052
    1.291944E+04   1.0000E-099   4.0443E-001   5.9557E-001   1.1682E-026   2.8641E-052
    1.356464E+04   1.0000E-099   2.0196E-001   7.9804E-001   5.8052E-025   3.2662E-052
    1.414194E+04   1.0000E-099   1.3950E-001   8.6050E-001   1.9470E-024   3.4693E-052
    1.463678E+04   1.0000E-099   1.5582E-001   8.4418E-001   3.1340E-025   4.0859E-052
    1.515385E+04   1.0000E-099   1.8269E-001   8.1731E-001   6.2632E-026   4.6590E-052
    1.570238E+04   1.0000E-099   2.6318E-001   7.3682E-001   3.1695E-027   5.2817E-052
    1.628316E+04   1.0000E-099   5.0678E-001   4.9322E-001   4.8421E-030   4.2581E-052
    1.695591E+04   1.0000E-099   7.5076E-001   2.4924E-001   1.9484E-032   2.4040E-052
    1.773545E+04   1.0000E-099   8.8241E-001   1.1759E-001   7.8866E-035   1.4265E-052
    1.852426E+04   1.0000E-099   9.2980E-001   7.0196E-002   8.0044E-037   1.0577E-052
    1.933673E+04   1.0000E-099   9.5324E-001   4.6755E-002   1.0265E-037   8.6501E-053
    2.006825E+04   1.0000E-099   9.5398E-001   4.6017E-002   2.1974E-037   7.9358E-053
    2.082304E+04   1.0000E-099   9.5219E-001   4.7811E-002   6.5129E-037   7.4414E-053
    2.162788E+04   1.0000E-099   9.6000E-001   3.9996E-002   8.7360E-037   6.6555E-053
    2.248295E+04   1.0000E-099   9.5206E-001   4.7942E-002   2.5700E-036   6.7514E-053
    2.340334E+04   1.0000E-099   9.5851E-001   4.1487E-002   2.8455E-036   6.2069E-053
    2.427003E+04   1.0000E-099   9.4877E-001   5.1229E-002   6.0221E-036   6.5812E-053
    2.528269E+04   1.0000E-099   9.4457E-001   5.5427E-002   8.2821E-036   6.7379E-053
    2.627013E+04   1.0000E-099   9.4886E-001   5.1139E-002   7.7591E-036   6.4663E-053
    2.723040E+04   1.0000E-099   9.2547E-001   7.4534E-002   1.6745E-035   7.8438E-053
    2.827004E+04   1.0000E-099   9.0937E-001   9.0628E-002   2.3844E-035   8.8622E-053
    2.934273E+04   1.0000E-099   8.7409E-001   1.2591E-001   4.3498E-035   1.1052E-052
    3.052012E+04   1.0000E-099   8.2806E-001   1.7194E-001   7.5982E-035   1.3940E-052
    3.176086E+04   1.0000E-099   7.8189E-001   2.1811E-001   1.1778E-034   1.6917E-052
    3.295538E+04   1.0000E-099   7.5447E-001   2.4553E-001   1.4547E-034   1.8858E-052
    3.403161E+04   1.0000E-099   7.1707E-001   2.8293E-001   1.9170E-034   2.1408E-052
    3.500379E+04   1.0000E-099   6.5532E-001   3.4468E-001   2.9366E-034   2.5392E-052
    3.593430E+04   1.0000E-099   5.8096E-001   4.1904E-001   4.7097E-034   3.0098E-052
    3.686142E+04   1.0000E-099   5.1094E-001   4.8906E-001   7.3443E-034   3.4511E-052
    3.781660E+04   1.0000E-099   4.5817E-001   5.4183E-001   1.0739E-033   3.7892E-052
    3.881204E+04   1.0000E-099   4.2876E-001   5.7124E-001   1.4364E-033   3.9918E-052
    3.984228E+04   1.0000E-099   4.1668E-001   5.8332E-001   1.8156E-033   4.0926E-052
    4.090108E+04   1.0000E-099   4.1911E-001   5.8089E-001   2.1994E-033   4.1017E-052
    4.198933E+04   1.0000E-099   4.3436E-001   5.6564E-001   2.5537E-033   4.0238E-052
    4.310952E+04   1.0000E-099   4.5956E-001   5.4044E-001   2.8489E-033   3.8737E-052
    4.426353E+04   1.0000E-099   4.8920E-001   5.1080E-001   3.0801E-033   3.6863E-052
    4.545322E+04   1.0000E-099   5.1390E-001   4.8610E-001   3.3057E-033   3.5294E-052
    4.667980E+04   1.0000E-099   5.2521E-001   4.7479E-001   3.6087E-033   3.4664E-052
    4.794258E+04   1.0000E-099   5.2111E-001   4.7889E-001   4.0227E-033   3.5144E-052
    4.924062E+04   1.0000E-099   5.0295E-001   4.9705E-001   4.5426E-033   3.6651E-052
    5.057272E+04   1.0000E-099   4.6980E-001   5.3020E-001   5.1958E-033   3.9289E-052
    5.193717E+04   1.0000E-099   4.2799E-001   5.7201E-001   5.9224E-033   4.2617E-052
    5.333235E+04   1.0000E-099   3.8224E-001   6.1776E-001   6.6308E-033   4.6371E-052
    5.475676E+04   1.0000E-099   3.3404E-001   6.6596E-001   7.2651E-033   5.0576E-052
    5.620758E+04   1.0000E-099   2.9499E-001   7.0501E-001   7.6698E-033   5.4478E-052
    5.768166E+04   1.0000E-099   2.7662E-001   7.2338E-001   7.7132E-033   5.7282E-052
    5.917412E+04   1.0000E-099   2.7872E-001   7.2128E-001   7.3927E-033   5.9065E-052
    6.067730E+04   1.0000E-099   2.9897E-001   7.0103E-001   6.7451E-033   6.0077E-052
    6.217708E+04   1.0000E-099   3.2744E-001   6.7256E-001   5.9529E-033   6.1248E-052
    6.366086E+04   1.0000E-099   3.5589E-001   6.4411E-001   5.1686E-033   6.3462E-052
    6.510379E+04   1.0000E-099   3.8017E-001   6.1983E-001   4.4744E-033   6.7293E-052
    6.648389E+04   1.0000E-099   3.9768E-001   6.0232E-001   3.9055E-033   7.3127E-052
    6.776932E+04   1.0000E-099   4.0999E-001   5.9001E-001   3.4272E-033   8.0871E-052
    6.895129E+04   1.0000E-099   4.1781E-001   5.8219E-001   2.9676E-033   9.0284E-052
    6.949055E+04   1.0000E-099   4.2077E-001   5.7923E-001   2.5947E-033   9.5451E-052
    6.976176E+04   1.0000E-099   4.2228E-001   5.7772E-001   2.2828E-033   9.8166E-052
    6.989776E+04   1.0000E-099   4.2301E-001   5.7699E-001   1.9879E-033   9.9625E-052
    6.996586E+04   1.0000E-099   4.2359E-001   5.7641E-001   1.7434E-033   1.0035E-051
    6.999823E+04   1.0000E-099   4.2415E-001   5.7585E-001   1.5552E-033   1.0073E-051
    6.999993E+04   1.0000E-099   4.2420E-001   5.7580E-001   1.5337E-033   1.0076E-051
#TIME:     0.605
#NVEL: 115
#vel_mid[km/s]           ca0           ca1           ca2           ca3           ca4
    8.484664E+02   1.0000E-099   2.6242E-017   9.3453E-012   1.4097E-005   9.9999E-001
    8.543246E+02   1.0000E-099   2.6242E-017   9.3453E-012   1.4097E-005   9.9999E-001
    8.721432E+02   1.0000E-099   2.6242E-017   9.3454E-012   1.4097E-005   9.9999E-001
    9.089031E+02   1.0000E-099   2.6243E-017   9.3455E-012   1.4097E-005   9.9999E-001
    9.682894E+02   1.0000E-099   2.6246E-017   9.3463E-012   1.4098E-005   9.9999E-001
    1.029084E+03   1.0000E-099   2.6266E-017   9.3517E-012   1.4102E-005   9.9999E-001
    1.093701E+03   1.0000E-099   2.6301E-017   9.3600E-012   1.4109E-005   9.9999E-001
    1.162375E+03   1.0000E-099   2.6203E-017   9.3327E-012   1.4089E-005   9.9999E-001
    1.235362E+03   1.0000E-099   2.5113E-017   9.0455E-012   1.3862E-005   9.9999E-001
    1.312931E+03   1.0000E-099   1.9233E-017   7.4510E-012   1.2533E-005   9.9999E-001
    1.395371E+03   1.0000E-099   5.2451E-018   2.9011E-012   7.7829E-006   9.9999E-001
    1.482988E+03   1.0000E-099   1.7725E-018   1.3347E-012   5.3177E-006   9.9999E-001
    1.576106E+03   1.0000E-099   1.5065E-018   1.1883E-012   5.0270E-006   9.9999E-001
    1.675071E+03   1.0000E-099   8.0618E-019   7.6108E-013   4.0581E-006   1.0000E+000
    1.780251E+03   1.0000E-099   3.5042E-019   4.2110E-013   3.0636E-006   1.0000E+000
    1.892034E+03   1.0000E-099   1.8637E-019   2.6694E-013   2.4640E-006   1.0000E+000
    2.010837E+03   1.0000E-099   8.9455E-020   1.5880E-013   1.9338E-006   1.0000E+000
    2.137099E+03   1.0000E-099   4.4668E-020   9.6604E-014   1.5314E-006   1.0000E+000
    2.271289E+03   1.0000E-099   2.1407E-020   5.7400E-014   1.2041E-006   1.0000E+000
    2.413905E+03   1.0000E-099   1.1005E-020   3.5701E-014   9.6583E-007   1.0000E+000
    2.565477E+03   1.0000E-099   6.7485E-021   2.5116E-014   8.1993E-007   1.0000E+000
    2.726565E+03   1.0000E-099   4.9945E-021   2.0067E-014   7.3636E-007   1.0000E+000
    2.897769E+03   1.0000E-099   4.7143E-021   1.8879E-014   7.1056E-007   1.0000E+000
    3.079722E+03   1.0000E-099   5.7911E-021   2.1166E-014   7.4023E-007   1.0000E+000
    3.273101E+03   1.0000E-099   1.1102E-020   3.2405E-014   8.9126E-007   1.0000E+000
    3.478622E+03   1.0000E-099   3.7472E-020   7.2501E-014   1.2728E-006   1.0000E+000
    3.697048E+03   1.0000E-099   2.0007E-019   2.4159E-013   2.2725E-006   1.0000E+000
    3.929188E+03   1.0000E-099   5.3374E-019   5.0684E-013   3.2878E-006   1.0000E+000
    4.175906E+03   1.0000E-099   6.6975E-018   3.0384E-012   8.2163E-006   9.9999E-001
    4.438115E+03   1.0000E-099   2.5962E-017   8.4740E-012   1.4529E-005   9.9999E-001
    4.716788E+03   1.0000E-099   3.0003E-017   9.4875E-012   1.5619E-005   9.9998E-001
    5.012959E+03   1.0000E-099   2.0512E-017   7.0828E-012   1.3379E-005   9.9999E-001
    5.327727E+03   1.0000E-099   1.3553E-017   5.1539E-012   1.1297E-005   9.9999E-001
    5.662260E+03   1.0000E-099   1.1573E-017   4.5699E-012   1.0658E-005   9.9999E-001
    6.017798E+03   1.0000E-099   1.1368E-017   4.5109E-012   1.0630E-005   9.9999E-001
    6.395661E+03   1.0000E-099   1.5880E-017   5.8481E-012   1.2343E-005   9.9999E-001
    6.797251E+03   1.0000E-099   2.7690E-017   9.0540E-012   1.5906E-005   9.9998E-001
    7.224056E+03   1.0000E-099   5.2494E-017   1.5039E-011   2.1297E-005   9.9998E-001
    7.677661E+03   1.0000E-099   1.1831E-016   2.8982E-011   3.1219E-005   9.9997E-001
    8.159748E+03   1.0000E-099   3.5188E-016   7.0648E-011   5.2317E-005   9.9995E-001
    8.672106E+03   1.0000E-099   3.6624E-015   5.1558E-010   1.6801E-004   9.9983E-001
    9.216636E+03   1.0000E-099   1.3842E-012   1.0084E-007   3.5018E-003   9.9650E-001
    9.793140E+03   1.0000E-099   7.0108E-008   2.5913E-003   6.7696E-001   3.2045E-001
    1.026683E+04   1.0000E-099   2.5666E-005   6.4827E-001   3.5165E-001   5.0077E-005
    1.070804E+04   1.0000E-099   6.7118E-005   9.9971E-001   2.2068E-004   1.1052E-012
    1.120152E+04   1.0000E-099   7.0810E-004   9.9929E-001   6.3517E-011   8.9630E-028
    1.159423E+04   1.0000E-099   7.3438E-003   9.9266E-001   5.4068E-015   4.1482E-037
    1.180243E+04   1.0000E-099   1.5988E-002   9.8401E-001   5.1591E-016   2.0533E-039
    1.192916E+04   1.0000E-099   3.1153E-002   9.6885E-001   1.5649E-017   6.2780E-043
    1.202084E+04   1.0000E-099   6.4092E-002   9.3591E-001   1.3993E-019   1.0773E-047
    1.209768E+04   1.0000E-099   1.0860E-001   8.9140E-001   2.7763E-021   1.3610E-051
    1.216841E+04   1.0000E-099   1.5345E-001   8.4655E-001   1.6883E-022   2.0406E-052
    1.223949E+04   1.0000E-099   2.2027E-001   7.7973E-001   8.3308E-024   2.3106E-052
    1.231406E+04   1.0000E-099   3.0809E-001   6.9191E-001   4.1191E-025   2.5154E-052
    1.239842E+04   1.0000E-099   3.9805E-001   6.0195E-001   3.0900E-026   2.5490E-052
    1.256481E+04   1.0000E-099   4.9190E-001   5.0810E-001   2.0084E-027   2.4729E-052
    1.321135E+04   1.0000E-099   3.5241E-001   6.4759E-001   6.8228E-027   3.2280E-052
    1.378971E+04   1.0000E-099   2.1956E-001   7.8044E-001   6.8575E-026   3.6425E-052
    1.426236E+04   1.0000E-099   2.0236E-001   7.9764E-001   4.1947E-026   4.0806E-052
    1.471893E+04   1.0000E-099   2.5044E-001   7.4956E-001   3.6282E-027   4.7206E-052
    1.520339E+04   1.0000E-099   3.6026E-001   6.3974E-001   1.4066E-028   5.0329E-052
    1.569984E+04   1.0000E-099   5.6511E-001   4.3489E-001   1.3466E-030   4.2563E-052
    1.625603E+04   1.0000E-099   7.7297E-001   2.2703E-001   3.1810E-033   2.5171E-052
    1.692188E+04   1.0000E-099   9.1109E-001   8.8908E-002   6.8425E-036   1.2964E-052
    1.755155E+04   1.0000E-099   9.5958E-001   4.0421E-002   4.8545E-038   8.5440E-053
    1.815678E+04   1.0000E-099   9.7589E-001   2.4111E-002   1.2124E-039   6.8169E-053
    1.877630E+04   1.0000E-099   9.8466E-001   1.5340E-002   8.8886E-041   5.7017E-053
    1.943029E+04   1.0000E-099   9.9023E-001   9.7715E-003   3.8761E-041   4.7879E-053
    2.010428E+04   1.0000E-099   9.9047E-001   9.5284E-003   1.4081E-040   4.2752E-053
    2.090850E+04   1.0000E-099   9.8996E-001   1.0038E-002   6.6133E-040   3.9141E-053
    2.182676E+04   1.0000E-099   9.9076E-001   9.2394E-003   1.3762E-039   3.6456E-053
    2.283367E+04   1.0000E-099   9.8835E-001   1.1651E-002   5.0632E-039   3.6394E-053
    2.394324E+04   1.0000E-099   9.8624E-001   1.3765E-002   1.1389E-038   3.7065E-053
    2.516734E+04   1.0000E-099   9.8101E-001   1.8987E-002   2.8245E-038   4.0279E-053
    2.638649E+04   1.0000E-099   9.8063E-001   1.9366E-002   3.2931E-038   4.0732E-053
    2.758311E+04   1.0000E-099   9.6636E-001   3.3643E-002   1.1450E-037   5.0561E-053
    2.884269E+04   1.0000E-099   9.5136E-001   4.8639E-002   2.5965E-037   6.1114E-053
    3.014497E+04   1.0000E-099   9.2368E-001   7.6320E-002   7.3509E-037   7.9834E-053
    3.148085E+04   1.0000E-099   8.9271E-001   1.0729E-001   1.6861E-036   1.0059E-052
    3.276289E+04   1.0000E-099   8.7147E-001   1.2853E-001   2.6848E-036   1.1543E-052
    3.391810E+04   1.0000E-099   8.4581E-001   1.5419E-001   4.4279E-036   1.3320E-052
    3.495083E+04   1.0000E-099   8.0145E-001   1.9855E-001   9.1014E-036   1.6258E-052
    3.592850E+04   1.0000E-099   7.4106E-001   2.5894E-001   2.0823E-035   2.0174E-052
    3.688885E+04   1.0000E-099   6.7531E-001   3.2469E-001   4.6976E-035   2.4389E-052
    3.786912E+04   1.0000E-099   6.1480E-001   3.8520E-001   9.8654E-035   2.8282E-052
    3.888044E+04   1.0000E-099   5.6723E-001   4.3277E-001   1.8414E-034   3.1438E-052
    3.991994E+04   1.0000E-099   5.3137E-001   4.6863E-001   3.1874E-034   3.3916E-052
    4.098383E+04   1.0000E-099   5.0756E-001   4.9244E-001   5.1846E-034   3.5633E-052
    4.207443E+04   1.0000E-099   4.9693E-001   5.0307E-001   7.8787E-034   3.6441E-052
    4.319619E+04   1.0000E-099   4.9906E-001   5.0094E-001   1.1178E-033   3.6310E-052
    4.435339E+04   1.0000E-099   5.1010E-001   4.8990E-001   1.4918E-033   3.5484E-052
    4.555005E+04   1.0000E-099   5.2205E-001   4.7795E-001   1.9173E-033   3.4582E-052
    4.678738E+04   1.0000E-099   5.2615E-001   4.7385E-001   2.4292E-033   3.4307E-052
    4.806468E+04   1.0000E-099   5.1849E-001   4.8151E-001   3.0461E-033   3.4980E-052
    4.937985E+04   1.0000E-099   4.9839E-001   5.0161E-001   3.7621E-033   3.6648E-052
    5.073002E+04   1.0000E-099   4.6441E-001   5.3559E-001   4.5915E-033   3.9426E-052
    5.211198E+04   1.0000E-099   4.2251E-001   5.7749E-001   5.4701E-033   4.2871E-052
    5.352349E+04   1.0000E-099   3.7675E-001   6.2325E-001   6.3055E-033   4.6747E-052
    5.496004E+04   1.0000E-099   3.2950E-001   6.7050E-001   7.0267E-033   5.0997E-052
    5.642085E+04   1.0000E-099   2.9282E-001   7.0718E-001   7.4760E-033   5.4815E-052
    5.789881E+04   1.0000E-099   2.7713E-001   7.2287E-001   7.5369E-033   5.7489E-052
    5.939226E+04   1.0000E-099   2.8163E-001   7.1837E-001   7.2179E-033   5.9164E-052
    6.088737E+04   1.0000E-099   3.0318E-001   6.9682E-001   6.5792E-033   6.0156E-052
    6.237825E+04   1.0000E-099   3.3171E-001   6.6829E-001   5.8078E-033   6.1430E-052
    6.383998E+04   1.0000E-099   3.5935E-001   6.4065E-001   5.0553E-033   6.3804E-052
    6.526223E+04   1.0000E-099   3.8261E-001   6.1739E-001   4.3904E-033   6.7823E-052
    6.660986E+04   1.0000E-099   3.9915E-001   6.0085E-001   3.8476E-033   7.3765E-052
    6.786444E+04   1.0000E-099   4.1080E-001   5.8920E-001   3.3863E-033   8.1532E-052
    6.899777E+04   1.0000E-099   4.1812E-001   5.8188E-001   2.9355E-033   9.0705E-052
    6.951321E+04   1.0000E-099   4.2093E-001   5.7907E-001   2.5692E-033   9.5674E-052
    6.977237E+04   1.0000E-099   4.2238E-001   5.7762E-001   2.2604E-033   9.8279E-052
    6.990232E+04   1.0000E-099   4.2308E-001   5.7692E-001   1.9713E-033   9.9676E-052
    6.996738E+04   1.0000E-099   4.2364E-001   5.7636E-001   1.7338E-033   1.0037E-051
    6.999830E+04   1.0000E-099   4.2419E-001   5.7581E-001   1.5526E-033   1.0073E-051
    6.999993E+04   1.0000E-099   4.2424E-001   5.7576E-001   1.5320E-033   1.0077E-051
#TIME:     0.733
#NVEL: 115
#vel_mid[km/s]           ca0           ca1           ca2           ca3           ca4
    8.484664E+02   1.0000E-099   3.7209E-017   1.1848E-011   1.6417E-005   9.9998E-001
    8.528610E+02   1.0000E-099   3.7209E-017   1.1848E-011   1.6417E-005   9.9998E-001
    8.661820E+02   1.0000E-099   3.7209E-017   1.1848E-011   1.6417E-005   9.9998E-001
    8.934513E+02   1.0000E-099   3.7211E-017   1.1849E-011   1.6418E-005   9.9998E-001
    9.472405E+02   1.0000E-099   3.7219E-017   1.1850E-011   1.6419E-005   9.9998E-001
    1.007109E+03   1.0000E-099   3.7243E-017   1.1856E-011   1.6423E-005   9.9998E-001
    1.070759E+03   1.0000E-099   3.7274E-017   1.1863E-011   1.6429E-005   9.9998E-001
    1.138432E+03   1.0000E-099   3.6936E-017   1.1782E-011   1.6372E-005   9.9998E-001
    1.210381E+03   1.0000E-099   3.4849E-017   1.1276E-011   1.5993E-005   9.9998E-001
    1.286878E+03   1.0000E-099   2.5738E-017   8.9860E-012   1.4150E-005   9.9999E-001
    1.368209E+03   1.0000E-099   8.6116E-018   3.9915E-012   9.2276E-006   9.9999E-001
    1.454681E+03   1.0000E-099   2.7285E-018   1.7254E-012   6.0045E-006   9.9999E-001
    1.546618E+03   1.0000E-099   1.7191E-018   1.2345E-012   5.0759E-006   9.9999E-001
    1.644365E+03   1.0000E-099   9.8050E-019   8.2247E-013   4.1498E-006   1.0000E+000
    1.748290E+03   1.0000E-099   4.2450E-019   4.5039E-013   3.0912E-006   1.0000E+000
    1.858783E+03   1.0000E-099   2.0571E-019   2.6647E-013   2.3957E-006   1.0000E+000
    1.976259E+03   1.0000E-099   9.6116E-020   1.5444E-013   1.8456E-006   1.0000E+000
    2.101160E+03   1.0000E-099   4.5262E-020   8.9903E-014   1.4269E-006   1.0000E+000
    2.233954E+03   1.0000E-099   2.0558E-020   5.1156E-014   1.0946E-006   1.0000E+000
    2.375142E+03   1.0000E-099   9.9499E-021   3.0431E-014   8.5831E-007   1.0000E+000
    2.525252E+03   1.0000E-099   5.6688E-021   2.0293E-014   7.0986E-007   1.0000E+000
    2.684850E+03   1.0000E-099   3.9466E-021   1.5538E-014   6.2518E-007   1.0000E+000
    2.854534E+03   1.0000E-099   3.5723E-021   1.4230E-014   5.9655E-007   1.0000E+000
    3.034942E+03   1.0000E-099   4.1831E-021   1.5486E-014   6.1438E-007   1.0000E+000
    3.226752E+03   1.0000E-099   7.7371E-021   2.3266E-014   7.3623E-007   1.0000E+000
    3.430685E+03   1.0000E-099   2.1966E-020   4.6267E-014   1.0014E-006   1.0000E+000
    3.647506E+03   1.0000E-099   1.5037E-019   1.8486E-013   1.9672E-006   1.0000E+000
    3.878031E+03   1.0000E-099   5.6007E-019   4.9383E-013   3.2108E-006   1.0000E+000
    4.123125E+03   1.0000E-099   4.3114E-018   2.1577E-012   7.0330E-006   9.9999E-001
    4.383709E+03   1.0000E-099   3.9903E-017   1.2084E-011   1.8720E-005   9.9998E-001
    4.660762E+03   1.0000E-099   6.4334E-017   1.7793E-011   2.3639E-005   9.9998E-001
    4.955325E+03   1.0000E-099   5.2274E-017   1.5165E-011   2.1780E-005   9.9998E-001
    5.268505E+03   1.0000E-099   3.4403E-017   1.0924E-011   1.8218E-005   9.9998E-001
    5.601477E+03   1.0000E-099   2.8376E-017   9.4374E-012   1.6946E-005   9.9998E-001
    5.955494E+03   1.0000E-099   2.7446E-017   9.2301E-012   1.6844E-005   9.9998E-001
    6.331885E+03   1.0000E-099   3.7868E-017   1.1999E-011   1.9702E-005   9.9998E-001
    6.732064E+03   1.0000E-099   6.8391E-017   1.9528E-011   2.6349E-005   9.9997E-001
    7.157534E+03   1.0000E-099   1.3925E-016   3.5192E-011   3.7251E-005   9.9996E-001
    7.609895E+03   1.0000E-099   3.3953E-016   7.4685E-011   5.8121E-005   9.9994E-001
    8.090845E+03   1.0000E-099   1.0974E-015   2.0297E-010   1.0421E-004   9.9990E-001
    8.602191E+03   1.0000E-099   1.2076E-014   1.6941E-009   3.6179E-004   9.9964E-001
    9.145855E+03   1.0000E-099   3.8938E-012   3.3219E-007   7.4333E-003   9.9257E-001
    9.716757E+03   1.0000E-099   8.1787E-008   3.9749E-003   7.7903E-001   2.1699E-001
    1.017136E+04   1.0000E-099   1.9052E-005   6.6316E-001   3.3679E-001   3.7760E-005
    1.058976E+04   1.0000E-099   4.4987E-005   9.9967E-001   2.8280E-004   1.6733E-012
    1.103681E+04   1.0000E-099   2.8116E-004   9.9972E-001   6.8157E-010   1.7899E-025
    1.143091E+04   1.0000E-099   4.2199E-003   9.9578E-001   4.4052E-015   2.0233E-037
    1.169743E+04   1.0000E-099   1.6463E-002   9.8354E-001   4.7678E-017   6.8604E-042
    1.185375E+04   1.0000E-099   3.0025E-002   9.6997E-001   3.1694E-018   1.3361E-044
    1.195751E+04   1.0000E-099   5.3174E-002   9.4683E-001   1.1027E-019   5.5237E-048
    1.203767E+04   1.0000E-099   9.3988E-002   9.0601E-001   1.7641E-021   5.3782E-052
    1.210835E+04   1.0000E-099   1.5240E-001   8.4760E-001   3.7926E-023   2.0730E-052
    1.217533E+04   1.0000E-099   2.2589E-001   7.7411E-001   1.3795E-024   2.3854E-052
    1.224092E+04   1.0000E-099   3.0581E-001   6.9419E-001   8.9046E-026   2.5592E-052
    1.231061E+04   1.0000E-099   3.8634E-001   6.1366E-001   8.6330E-027   2.5829E-052
    1.238832E+04   1.0000E-099   4.6161E-001   5.3839E-001   1.1499E-027   2.4986E-052
    1.249177E+04   1.0000E-099   5.3630E-001   4.6370E-001   1.5501E-028   2.3412E-052
    1.273320E+04   1.0000E-099   6.2956E-001   3.7044E-001   8.8902E-030   2.0949E-052
    1.314431E+04   1.0000E-099   6.9705E-001   3.0295E-001   6.0570E-031   1.9427E-052
    1.356973E+04   1.0000E-099   7.6054E-001   2.3946E-001   5.2289E-032   1.7499E-052
    1.397745E+04   1.0000E-099   8.4433E-001   1.5567E-001   7.8087E-033   1.3025E-052
    1.437971E+04   1.0000E-099   9.1827E-001   8.1727E-002   6.2764E-034   7.8739E-053
    1.481384E+04   1.0000E-099   9.6508E-001   3.4924E-002   1.6109E-035   3.9610E-053
    1.527443E+04   1.0000E-099   9.8767E-001   1.2326E-002   2.8421E-037   1.6990E-053
    1.573281E+04   1.0000E-099   9.9524E-001   4.7552E-003   4.7439E-039   8.0721E-054
    1.619433E+04   1.0000E-099   9.9771E-001   2.2933E-003   7.3198E-041   4.9199E-054
    1.667669E+04   1.0000E-099   9.9890E-001   1.1029E-003   1.2384E-042   3.2065E-054
    1.717287E+04   1.0000E-099   9.9944E-001   5.6349E-004   3.6062E-044   2.4372E-054
    1.768426E+04   1.0000E-099   9.9958E-001   4.1891E-004   2.1719E-045   2.8655E-054
    1.825695E+04   1.0000E-099   9.9954E-001   4.6121E-004   2.4495E-046   4.9369E-054
    1.899553E+04   1.0000E-099   9.9950E-001   5.0333E-004   6.6325E-047   8.5447E-054
    1.999671E+04   1.0000E-099   9.9921E-001   7.8863E-004   4.9740E-046   1.4479E-053
    2.125276E+04   1.0000E-099   9.9854E-001   1.4601E-003   1.1232E-044   1.8106E-053
    2.259595E+04   1.0000E-099   9.9787E-001   2.1344E-003   7.0631E-044   1.9671E-053
    2.402403E+04   1.0000E-099   9.9635E-001   3.6519E-003   4.4137E-043   2.1794E-053
    2.554236E+04   1.0000E-099   9.9396E-001   6.0412E-003   1.8832E-042   2.4426E-053
    2.715756E+04   1.0000E-099   9.9128E-001   8.7202E-003   5.3822E-042   2.7305E-053
    2.877497E+04   1.0000E-099   9.8071E-001   1.9290E-002   5.0894E-041   3.6293E-053
    3.035869E+04   1.0000E-099   9.6619E-001   3.3811E-002   3.0088E-040   4.7513E-053
    3.187471E+04   1.0000E-099   9.5136E-001   4.8645E-002   1.1671E-039   5.7784E-053
    3.324789E+04   1.0000E-099   9.4178E-001   5.8223E-002   2.8805E-039   6.3623E-053
    3.445101E+04   1.0000E-099   9.2761E-001   7.2394E-002   9.0691E-039   7.2133E-053
    3.554577E+04   1.0000E-099   9.0426E-001   9.5744E-002   3.9673E-038   8.6475E-053
    3.658462E+04   1.0000E-099   8.7147E-001   1.2853E-001   1.9018E-037   1.0719E-052
    3.762248E+04   1.0000E-099   8.2871E-001   1.7129E-001   8.6469E-037   1.3510E-052
    3.867668E+04   1.0000E-099   7.8028E-001   2.1972E-001   3.2885E-036   1.6760E-052
    3.975213E+04   1.0000E-099   7.2786E-001   2.7214E-001   1.0895E-035   2.0359E-052
    4.084453E+04   1.0000E-099   6.7450E-001   3.2550E-001   3.2249E-035   2.4072E-052
    4.195824E+04   1.0000E-099   6.2712E-001   3.7288E-001   8.4263E-035   2.7386E-052
    4.309818E+04   1.0000E-099   5.9238E-001   4.0762E-001   1.9232E-034   2.9792E-052
    4.426979E+04   1.0000E-099   5.7187E-001   4.2813E-001   3.8563E-034   3.1135E-052
    4.547749E+04   1.0000E-099   5.6111E-001   4.3889E-001   6.9221E-034   3.1748E-052
    4.672340E+04   1.0000E-099   5.5197E-001   4.4803E-001   1.1503E-033   3.2321E-052
    4.800748E+04   1.0000E-099   5.3759E-001   4.6241E-001   1.7821E-033   3.3429E-052
    4.932825E+04   1.0000E-099   5.1398E-001   4.8602E-001   2.5823E-033   3.5363E-052
    5.068335E+04   1.0000E-099   4.7803E-001   5.2197E-001   3.5408E-033   3.8338E-052
    5.207013E+04   1.0000E-099   4.3442E-001   5.6558E-001   4.5821E-033   4.1975E-052
    5.348629E+04   1.0000E-099   3.8705E-001   6.1295E-001   5.5938E-033   4.6025E-052
    5.492827E+04   1.0000E-099   3.3806E-001   6.6194E-001   6.4834E-033   5.0428E-052
    5.639439E+04   1.0000E-099   2.9930E-001   7.0070E-001   7.0848E-033   5.4389E-052
    5.787868E+04   1.0000E-099   2.8155E-001   7.1845E-001   7.2718E-033   5.7189E-052
    5.937786E+04   1.0000E-099   2.8444E-001   7.1556E-001   7.0472E-033   5.8962E-052
    6.087934E+04   1.0000E-099   3.0490E-001   6.9510E-001   6.4728E-033   6.0031E-052
    6.237552E+04   1.0000E-099   3.3281E-001   6.6719E-001   5.7415E-033   6.1360E-052
    6.384322E+04   1.0000E-099   3.6012E-001   6.3988E-001   5.0122E-033   6.3784E-052
    6.526864E+04   1.0000E-099   3.8315E-001   6.1685E-001   4.3619E-033   6.7846E-052
    6.661842E+04   1.0000E-099   3.9954E-001   6.0046E-001   3.8278E-033   7.3829E-052
    6.787517E+04   1.0000E-099   4.1109E-001   5.8891E-001   3.3713E-033   8.1640E-052
    6.900452E+04   1.0000E-099   4.1831E-001   5.8169E-001   2.9239E-033   9.0807E-052
    6.951650E+04   1.0000E-099   4.2108E-001   5.7892E-001   2.5600E-033   9.5751E-052
    6.977391E+04   1.0000E-099   4.2250E-001   5.7750E-001   2.2527E-033   9.8341E-052
    6.990298E+04   1.0000E-099   4.2320E-001   5.7680E-001   1.9651E-033   9.9730E-052
    6.996760E+04   1.0000E-099   4.2375E-001   5.7625E-001   1.7292E-033   1.0042E-051
    6.999832E+04   1.0000E-099   4.2429E-001   5.7571E-001   1.5494E-033   1.0078E-051
    6.999993E+04   1.0000E-099   4.2434E-001   5.7566E-001   1.5290E-033   1.0081E-051
#TIME:     0.806
#NVEL: 115
#vel_mid[km/s]           ca0           ca1           ca2           ca3           ca4
    8.484664E+02   1.0000E-099   4.6754E-017   1.4041E-011   1.8376E-005   9.9998E-001
    8.540175E+02   1.0000E-099   4.6754E-017   1.4041E-011   1.8376E-005   9.9998E-001
    8.708899E+02   1.0000E-099   4.6755E-017   1.4041E-011   1.8376E-005   9.9998E-001
    9.056412E+02   1.0000E-099   4.6757E-017   1.4042E-011   1.8377E-005   9.9998E-001
    9.639886E+02   1.0000E-099   4.6769E-017   1.4044E-011   1.8379E-005   9.9998E-001
    1.024912E+03   1.0000E-099   4.6800E-017   1.4052E-011   1.8384E-005   9.9998E-001
    1.089687E+03   1.0000E-099   4.6622E-017   1.4011E-011   1.8357E-005   9.9998E-001
    1.158556E+03   1.0000E-099   4.5231E-017   1.3691E-011   1.8131E-005   9.9998E-001
    1.231778E+03   1.0000E-099   3.8419E-017   1.2091E-011   1.6945E-005   9.9998E-001
    1.309627E+03   1.0000E-099   2.1149E-017   7.7025E-012   1.3256E-005   9.9999E-001
    1.392396E+03   1.0000E-099   6.6472E-018   3.2515E-012   8.3774E-006   9.9999E-001
    1.480396E+03   1.0000E-099   2.6494E-018   1.6552E-012   5.9024E-006   9.9999E-001
    1.573958E+03   1.0000E-099   1.5667E-018   1.1275E-012   4.8556E-006   1.0000E+000
    1.673433E+03   1.0000E-099   7.9117E-019   6.8596E-013   3.7842E-006   1.0000E+000
    1.779195E+03   1.0000E-099   3.5249E-019   3.8196E-013   2.8333E-006   1.0000E+000
    1.891642E+03   1.0000E-099   1.6257E-019   2.1773E-013   2.1523E-006   1.0000E+000
    2.011195E+03   1.0000E-099   7.4874E-020   1.2457E-013   1.6442E-006   1.0000E+000
    2.138303E+03   1.0000E-099   3.3575E-020   6.9896E-014   1.2471E-006   1.0000E+000
    2.273445E+03   1.0000E-099   1.5181E-020   3.9565E-014   9.5289E-007   1.0000E+000
    2.417128E+03   1.0000E-099   7.5687E-021   2.3990E-014   7.5284E-007   1.0000E+000
    2.569892E+03   1.0000E-099   4.5284E-021   1.6532E-014   6.3150E-007   1.0000E+000
    2.732311E+03   1.0000E-099   3.4036E-021   1.3337E-014   5.6927E-007   1.0000E+000
    2.904995E+03   1.0000E-099   3.3297E-021   1.2874E-014   5.5624E-007   1.0000E+000
    3.088592E+03   1.0000E-099   4.4605E-021   1.5431E-014   6.0022E-007   1.0000E+000
    3.283793E+03   1.0000E-099   9.0131E-021   2.4516E-014   7.3801E-007   1.0000E+000
    3.491331E+03   1.0000E-099   3.9020E-020   6.7719E-014   1.1942E-006   1.0000E+000
    3.711985E+03   1.0000E-099   2.1598E-019   2.3580E-013   2.2188E-006   1.0000E+000
    3.946585E+03   1.0000E-099   8.6295E-019   6.5742E-013   3.7241E-006   1.0000E+000
    4.196011E+03   1.0000E-099   1.1661E-017   4.6382E-012   1.1063E-005   9.9999E-001
    4.461202E+03   1.0000E-099   6.8058E-017   1.8993E-011   2.5197E-005   9.9997E-001
    4.743153E+03   1.0000E-099   1.0649E-016   2.7567E-011   3.1576E-005   9.9997E-001
    5.042923E+03   1.0000E-099   7.9161E-017   2.1833E-011   2.7863E-005   9.9997E-001
    5.361639E+03   1.0000E-099   5.5281E-017   1.6449E-011   2.3903E-005   9.9998E-001
    5.700497E+03   1.0000E-099   4.7760E-017   1.4749E-011   2.2697E-005   9.9998E-001
    6.060772E+03   1.0000E-099   5.2067E-017   1.5921E-011   2.3879E-005   9.9998E-001
    6.443817E+03   1.0000E-099   7.8887E-017   2.2569E-011   2.9466E-005   9.9997E-001
    6.851070E+03   1.0000E-099   1.5551E-016   4.0107E-011   4.1557E-005   9.9996E-001
    7.284062E+03   1.0000E-099   3.4703E-016   7.9535E-011   6.2266E-005   9.9994E-001
    7.744419E+03   1.0000E-099   9.6184E-016   1.9247E-010   1.0481E-004   9.9990E-001
    8.233871E+03   1.0000E-099   4.1956E-015   7.0478E-010   2.2392E-004   9.9978E-001
    8.754256E+03   1.0000E-099   1.0907E-013   1.3654E-008   1.2497E-003   9.9875E-001
    9.307531E+03   1.0000E-099   1.4163E-010   1.1153E-005   5.5272E-002   9.4472E-001
    9.857056E+03   1.0000E-099   8.7725E-007   4.2778E-002   9.4320E-001   1.4025E-002
    1.026219E+04   1.0000E-099   2.6032E-005   9.5155E-001   4.8420E-002   2.4521E-007
    1.066046E+04   1.0000E-099   4.3441E-005   9.9993E-001   2.7019E-005   6.6439E-015
    1.108456E+04   1.0000E-099   4.0457E-004   9.9960E-001   4.0209E-011   2.4089E-028
    1.145920E+04   1.0000E-099   5.8195E-003   9.9418E-001   4.3701E-016   9.0389E-040
    1.170019E+04   1.0000E-099   2.0488E-002   9.7951E-001   6.5802E-018   6.5052E-044
    1.184807E+04   1.0000E-099   3.5603E-002   9.6440E-001   5.1977E-019   1.8831E-046
    1.194895E+04   1.0000E-099   6.1517E-002   9.3848E-001   2.0165E-020   1.0071E-049
    1.202846E+04   1.0000E-099   1.1260E-001   8.8740E-001   2.3716E-022   1.8917E-052
    1.209713E+04   1.0000E-099   1.9083E-001   8.0917E-001   3.2477E-024   2.2650E-052
    1.216131E+04   1.0000E-099   2.8246E-001   7.1754E-001   1.0247E-025   2.5250E-052
    1.222467E+04   1.0000E-099   3.7776E-001   6.2224E-001   6.2336E-027   2.5674E-052
    1.229131E+04   1.0000E-099   4.7410E-001   5.2590E-001   5.2593E-028   2.4302E-052
    1.236339E+04   1.0000E-099   5.6698E-001   4.3302E-001   5.3292E-029   2.1738E-052
    1.245100E+04   1.0000E-099   6.6064E-001   3.3936E-001   4.7630E-030   1.8251E-052
    1.259630E+04   1.0000E-099   7.7305E-001   2.2695E-001   1.5649E-031   1.3171E-052
    1.288977E+04   1.0000E-099   8.9453E-001   1.0547E-001   6.1125E-034   6.7831E-053
    1.326716E+04   1.0000E-099   9.5822E-001   4.1777E-002   7.2952E-036   3.0029E-053
    1.368028E+04   1.0000E-099   9.8454E-001   1.5460E-002   8.7044E-037   1.2607E-053
    1.412000E+04   1.0000E-099   9.9459E-001   5.4098E-003   1.3248E-037   5.0651E-054
    1.458947E+04   1.0000E-099   9.9821E-001   1.7886E-003   5.9455E-039   1.9568E-054
    1.507487E+04   1.0000E-099   9.9949E-001   5.0702E-004   1.0768E-040   6.6326E-055
    1.554368E+04   1.0000E-099   9.9985E-001   1.4640E-004   2.1360E-042   2.3255E-055
    1.599734E+04   1.0000E-099   9.9994E-001   5.7134E-005   5.0582E-044   1.1265E-055
    1.645628E+04   1.0000E-099   9.9997E-001   2.7628E-005   1.2770E-045   7.0908E-056
    1.692588E+04   1.0000E-099   9.9998E-001   1.5273E-005   4.4994E-047   5.4901E-056
    1.740008E+04   1.0000E-099   9.9999E-001   1.3665E-005   3.3392E-048   7.4302E-056
    1.790650E+04   1.0000E-099   9.9997E-001   2.5758E-005   5.5042E-049   2.2613E-055
    1.855795E+04   1.0000E-099   9.9993E-001   6.7941E-005   1.8428E-049   1.0518E-054
    1.953644E+04   1.0000E-099   9.9981E-001   1.8686E-004   5.9321E-049   4.8768E-054
    2.077905E+04   1.0000E-099   9.9947E-001   5.2984E-004   2.5218E-047   1.1033E-053
    2.209229E+04   1.0000E-099   9.9903E-001   9.7095E-004   3.2936E-046   1.3804E-053
    2.348854E+04   1.0000E-099   9.9828E-001   1.7179E-003   2.4418E-045   1.5804E-053
    2.497303E+04   1.0000E-099   9.9685E-001   3.1451E-003   1.4731E-044   1.8125E-053
    2.655134E+04   1.0000E-099   9.9519E-001   4.8080E-003   5.0554E-044   2.0400E-053
    2.823401E+04   1.0000E-099   9.8986E-001   1.0137E-002   4.6404E-043   2.5960E-053
    2.993365E+04   1.0000E-099   9.7885E-001   2.1150E-002   5.1031E-042   3.5544E-053
    3.153760E+04   1.0000E-099   9.6659E-001   3.3415E-002   3.0224E-041   4.4782E-053
    3.299099E+04   1.0000E-099   9.5853E-001   4.1466E-002   9.6610E-041   4.9716E-053
    3.426462E+04   1.0000E-099   9.4875E-001   5.1254E-002   3.6715E-040   5.5105E-053
    3.540831E+04   1.0000E-099   9.3213E-001   6.7868E-002   2.1273E-039   6.4652E-053
    3.648732E+04   1.0000E-099   9.0702E-001   9.2984E-002   1.4652E-038   7.9865E-053
    3.755144E+04   1.0000E-099   8.7206E-001   1.2794E-001   9.6653E-038   1.0200E-052
    3.862706E+04   1.0000E-099   8.2943E-001   1.7057E-001   5.1941E-037   1.2990E-052
    3.971922E+04   1.0000E-099   7.8001E-001   2.1999E-001   2.3541E-036   1.6317E-052
    4.082638E+04   1.0000E-099   7.2644E-001   2.7356E-001   9.2979E-036   2.0012E-052
    4.195195E+04   1.0000E-099   6.7576E-001   3.2424E-001   3.1423E-035   2.3590E-052
    4.310219E+04   1.0000E-099   6.3509E-001   3.6491E-001   8.9573E-035   2.6504E-052
    4.428215E+04   1.0000E-099   6.0721E-001   3.9279E-001   2.1619E-034   2.8486E-052
    4.549618E+04   1.0000E-099   5.8913E-001   4.1087E-001   4.5095E-034   2.9722E-052
    4.674647E+04   1.0000E-099   5.7350E-001   4.2650E-001   8.4545E-034   3.0839E-052
    4.803285E+04   1.0000E-099   5.5385E-001   4.4615E-001   1.4367E-033   3.2358E-052
    4.935417E+04   1.0000E-099   5.2615E-001   4.7385E-001   2.2255E-033   3.4572E-052
    5.070872E+04   1.0000E-099   4.8716E-001   5.1284E-001   3.1987E-033   3.7740E-052
    5.209387E+04   1.0000E-099   4.4127E-001   5.5873E-001   4.2756E-033   4.1523E-052
    5.350827E+04   1.0000E-099   3.9216E-001   6.0784E-001   5.3365E-033   4.5689E-052
    5.494800E+04   1.0000E-099   3.4193E-001   6.5807E-001   6.2778E-033   5.0179E-052
    5.641221E+04   1.0000E-099   3.0225E-001   6.9775E-001   6.9285E-033   5.4205E-052
    5.789415E+04   1.0000E-099   2.8378E-001   7.1622E-001   7.1586E-033   5.7059E-052
    5.939153E+04   1.0000E-099   2.8610E-001   7.1390E-001   6.9684E-033   5.8880E-052
