#NTIMES: 50
#NSTAGES 4
#TIMES[d]: 199.16 202.02 204.93 207.87 210.86 213.89 216.97 220.09 223.25 226.46 229.71 233.01 236.36 239.76 243.21 246.70 250.25 253.85 257.49 261.20 264.95 268.76 272.62 276.54 280.51 284.55 288.64 292.79 296.99 301.26 305.59 309.99 314.44 318.96 323.54 328.20 332.91 337.70 342.55 347.48 352.47 357.54 362.67 367.89 373.18 378.54 383.98 389.50 395.10 400.78
#
#TIME: 199.16
#NVEL 78
#vel_mid[km/s] ni0 ni1 ni2 ni3
1060.83 3.9768e-01 3.7944e-01 1.5596e-01 6.6925e-02
1919.29 5.4051e-01 2.7777e-01 1.3176e-01 4.9959e-02
2581.60 3.4134e-01 3.9601e-01 1.7923e-01 8.3432e-02
3084.17 4.1167e-03 6.0997e-01 2.4707e-01 1.3885e-01
3472.46 5.4199e-04 5.5131e-01 2.8046e-01 1.6769e-01
3909.64 3.1467e-04 4.7363e-01 3.1395e-01 2.1210e-01
4148.46 3.6720e-04 4.6118e-01 3.1553e-01 2.2291e-01
4670.75 5.2648e-04 4.6444e-01 3.1318e-01 2.2185e-01
4956.05 3.1663e-04 4.3402e-01 3.2547e-01 2.4020e-01
5258.79 8.6535e-05 3.9083e-01 3.4672e-01 2.6236e-01
5580.02 2.8514e-05 3.5746e-01 3.6223e-01 2.8029e-01
5920.87 1.3897e-05 3.2786e-01 3.7227e-01 2.9986e-01
6282.54 9.6575e-06 2.9868e-01 3.8156e-01 3.1975e-01
6666.30 8.8029e-06 2.8711e-01 3.8503e-01 3.2785e-01
7073.50 9.3704e-06 2.7667e-01 3.8627e-01 3.3705e-01
7505.58 8.8265e-06 2.5964e-01 3.8551e-01 3.5484e-01
7964.05 9.6315e-06 2.5613e-01 3.8030e-01 3.6357e-01
8450.53 2.0869e-05 2.7425e-01 3.7179e-01 3.5394e-01
8966.72 5.7127e-05 2.8996e-01 3.6353e-01 3.4645e-01
9514.44 1.2580e-04 3.0271e-01 3.5517e-01 3.4199e-01
10095.62 2.6191e-04 3.2748e-01 3.4433e-01 3.2792e-01
10712.30 5.4042e-04 3.4434e-01 3.3953e-01 3.1558e-01
11366.65 7.3103e-04 3.5513e-01 3.3508e-01 3.0907e-01
12061.10 8.1417e-04 3.5065e-01 3.3333e-01 3.1520e-01
12793.43 2.6435e-03 3.4529e-01 3.3408e-01 3.1798e-01
13528.61 1.0355e-03 3.3746e-01 3.3498e-01 3.2652e-01
14194.74 8.3348e-03 3.1830e-01 3.3546e-01 3.3791e-01
14757.77 1.0699e-03 3.0338e-01 3.3764e-01 3.5792e-01
15240.48 2.6618e-04 3.6014e-01 3.3184e-01 3.0775e-01
15646.99 5.3537e-04 4.7619e-01 2.9978e-01 2.2349e-01
15960.30 1.5024e-03 5.9595e-01 2.4981e-01 1.5274e-01
16187.41 5.7586e-04 6.4919e-01 2.2391e-01 1.2632e-01
16354.17 1.3704e-03 6.4913e-01 2.2327e-01 1.2624e-01
16484.18 1.3201e-03 6.3561e-01 2.3084e-01 1.3223e-01
16593.12 4.2202e-04 6.4734e-01 2.2611e-01 1.2613e-01
16691.99 2.7158e-03 5.8697e-01 2.5526e-01 1.5506e-01
16788.59 3.5597e-04 5.5772e-01 2.6746e-01 1.7447e-01
16888.37 3.7816e-04 5.4268e-01 2.7394e-01 1.8300e-01
16998.79 1.8386e-03 5.2093e-01 2.8343e-01 1.9381e-01
17146.37 1.6004e-04 5.3470e-01 2.8077e-01 1.8437e-01
17415.23 1.9963e-04 4.9835e-01 2.9393e-01 2.0752e-01
17888.12 2.9170e-04 4.0386e-01 3.2308e-01 2.7277e-01
18532.37 6.2363e-05 3.6415e-01 3.3131e-01 3.0447e-01
19260.76 2.2559e-05 3.0792e-01 3.3975e-01 3.5230e-01
20034.10 1.1614e-05 2.4815e-01 3.4060e-01 4.1123e-01
20838.00 1.0018e-05 2.3440e-01 3.4906e-01 4.1653e-01
21647.97 1.7126e-05 1.9039e-01 3.4674e-01 4.6285e-01
22447.94 1.5392e-05 1.3366e-01 3.1292e-01 5.5340e-01
23245.88 3.6880e-06 8.4676e-02 2.7426e-01 6.4107e-01
24052.47 2.4201e-04 6.8074e-02 2.5312e-01 6.7856e-01
24867.72 1.2539e-04 4.3748e-02 2.1659e-01 7.3954e-01
25698.86 1.9484e-04 3.4976e-02 1.9915e-01 7.6568e-01
26587.16 8.4185e-05 2.6342e-02 1.7775e-01 7.9583e-01
27637.54 3.6195e-07 1.8060e-02 1.5106e-01 8.3088e-01
28986.97 2.8340e-05 7.3683e-03 1.4212e-01 8.5048e-01
#TIME: 202.02
#NVEL 78
#vel_mid[km/s] ni0 ni1 ni2 ni3
1060.83 3.8598e-01 3.8951e-01 1.5700e-01 6.7511e-02
1919.29 5.4162e-01 2.7204e-01 1.3471e-01 5.1625e-02
2581.60 3.3970e-01 3.9807e-01 1.7894e-01 8.3286e-02
3084.17 4.2135e-03 6.1030e-01 2.4682e-01 1.3866e-01
3472.46 5.4915e-04 5.5226e-01 2.7924e-01 1.6796e-01
3909.64 3.1995e-04 4.7398e-01 3.1388e-01 2.1182e-01
4148.46 3.4959e-04 4.6180e-01 3.1573e-01 2.2212e-01
4670.75 4.5215e-04 4.6452e-01 3.1418e-01 2.2085e-01
4956.05 2.8960e-04 4.3192e-01 3.2881e-01 2.3898e-01
5258.79 9.5790e-05 3.9127e-01 3.4698e-01 2.6165e-01
5580.02 2.9982e-05 3.5464e-01 3.6480e-01 2.8053e-01
5920.87 1.4104e-05 3.2873e-01 3.7157e-01 2.9969e-01
6282.54 1.0611e-05 2.9997e-01 3.7975e-01 3.2027e-01
6666.30 9.0909e-06 2.8748e-01 3.8420e-01 3.2831e-01
7073.50 1.0233e-05 2.8247e-01 3.8076e-01 3.3676e-01
7505.58 9.5883e-06 2.6543e-01 3.7959e-01 3.5497e-01
7964.05 1.0392e-05 2.5641e-01 3.7985e-01 3.6373e-01
8450.53 2.0109e-05 2.7706e-01 3.6874e-01 3.5418e-01
8966.72 4.7894e-05 2.9092e-01 3.6209e-01 3.4694e-01
9514.44 1.1975e-04 3.0230e-01 3.5474e-01 3.4285e-01
10095.62 2.8285e-04 3.2376e-01 3.4817e-01 3.2779e-01
10712.30 5.0155e-04 3.4388e-01 3.4053e-01 3.1510e-01
11366.65 9.1481e-04 3.5199e-01 3.3477e-01 3.1233e-01
12061.10 1.0110e-03 3.5363e-01 3.3297e-01 3.1238e-01
12793.43 1.5437e-03 3.4980e-01 3.3250e-01 3.1615e-01
13528.61 1.5398e-03 3.3039e-01 3.3484e-01 3.3323e-01
14194.74 5.9139e-04 3.1913e-01 3.3778e-01 3.4250e-01
14757.77 1.1964e-03 3.1606e-01 3.3665e-01 3.4609e-01
15240.48 1.1304e-03 3.5549e-01 3.3057e-01 3.1281e-01
15646.99 4.6195e-03 4.7535e-01 2.9838e-01 2.2165e-01
15960.30 5.4426e-04 6.0453e-01 2.4584e-01 1.4909e-01
16187.41 6.2683e-03 6.4536e-01 2.2251e-01 1.2587e-01
16354.17 8.8020e-04 6.8446e-01 2.0478e-01 1.0988e-01
16484.18 4.2425e-04 6.4633e-01 2.2546e-01 1.2779e-01
16593.12 6.9115e-04 6.1088e-01 2.4352e-01 1.4491e-01
16691.99 1.0861e-02 5.7815e-01 2.5408e-01 1.5690e-01
16788.59 6.5732e-04 5.6063e-01 2.6576e-01 1.7295e-01
16888.37 4.3781e-04 5.4849e-01 2.7207e-01 1.7900e-01
16998.79 2.7380e-03 5.1791e-01 2.8418e-01 1.9518e-01
17146.37 1.1566e-04 5.0028e-01 2.9260e-01 2.0700e-01
17415.23 4.5430e-05 4.7679e-01 3.0048e-01 2.2269e-01
17888.12 3.5095e-05 4.0751e-01 3.2141e-01 2.7105e-01
18532.37 3.9753e-05 3.6931e-01 3.3068e-01 2.9997e-01
19260.76 5.9068e-05 3.1693e-01 3.3948e-01 3.4354e-01
20034.10 6.6974e-06 2.5069e-01 3.4133e-01 4.0797e-01
20838.00 7.2444e-06 2.0560e-01 3.4197e-01 4.5243e-01
21647.97 5.3622e-06 1.8106e-01 3.4018e-01 4.7875e-01
22447.94 3.2597e-06 1.4381e-01 3.3748e-01 5.1871e-01
23245.88 1.2387e-05 8.4456e-02 2.7152e-01 6.4401e-01
24052.47 1.7335e-06 6.1145e-02 2.4675e-01 6.9211e-01
24867.72 6.9754e-06 4.9879e-02 2.4994e-01 7.0017e-01
25698.86 6.5930e-03 2.7967e-02 1.8936e-01 7.7608e-01
26587.16 1.0537e-04 1.8856e-02 2.0434e-01 7.7670e-01
27637.54 8.0023e-05 2.1812e-02 1.6528e-01 8.1282e-01
28986.97 2.3392e-06 9.8319e-03 1.3347e-01 8.5670e-01
#TIME: 204.93
#NVEL 78
#vel_mid[km/s] ni0 ni1 ni2 ni3
1060.83 4.2639e-01 3.6285e-01 1.4877e-01 6.1996e-02
1919.29 5.2439e-01 2.8769e-01 1.3551e-01 5.2410e-02
2581.60 3.4332e-01 3.9631e-01 1.7796e-01 8.2420e-02
3084.17 4.2172e-03 6.1164e-01 2.4647e-01 1.3767e-01
3472.46 5.7559e-04 5.5123e-01 2.8073e-01 1.6747e-01
3909.64 3.4191e-04 4.7419e-01 3.1357e-01 2.1190e-01
4148.46 3.9786e-04 4.6012e-01 3.1748e-01 2.2200e-01
4670.75 4.7301e-04 4.6801e-01 3.1158e-01 2.1994e-01
4956.05 2.2179e-04 4.3404e-01 3.2701e-01 2.3873e-01
5258.79 8.5835e-05 3.9229e-01 3.4586e-01 2.6176e-01
5580.02 2.8949e-05 3.5482e-01 3.6483e-01 2.8032e-01
5920.87 1.3498e-05 3.2509e-01 3.7521e-01 2.9968e-01
6282.54 9.9520e-06 2.9595e-01 3.8361e-01 3.2044e-01
6666.30 9.2120e-06 2.8757e-01 3.8388e-01 3.2854e-01
7073.50 9.8245e-06 2.8231e-01 3.8081e-01 3.3687e-01
7505.58 9.6015e-06 2.6302e-01 3.8151e-01 3.5546e-01
7964.05 1.0202e-05 2.5573e-01 3.7967e-01 3.6458e-01
8450.53 2.0777e-05 2.7406e-01 3.7112e-01 3.5481e-01
8966.72 4.6610e-05 2.9001e-01 3.6226e-01 3.4769e-01
9514.44 1.0891e-04 3.0198e-01 3.5587e-01 3.4204e-01
10095.62 2.7536e-04 3.2571e-01 3.4585e-01 3.2817e-01
10712.30 4.6285e-04 3.4669e-01 3.3948e-01 3.1337e-01
11366.65 8.2115e-04 3.5506e-01 3.3483e-01 3.0929e-01
12061.10 1.1520e-03 3.5288e-01 3.3391e-01 3.1205e-01
12793.43 2.7960e-03 3.4123e-01 3.3392e-01 3.2205e-01
13528.61 9.5386e-04 3.3307e-01 3.3474e-01 3.3124e-01
14194.74 5.7237e-03 3.1732e-01 3.3644e-01 3.4052e-01
14757.77 7.3146e-04 3.0930e-01 3.3916e-01 3.5080e-01
15240.48 7.0295e-04 3.7218e-01 3.2861e-01 2.9851e-01
15646.99 3.8375e-04 4.7660e-01 3.0043e-01 2.2259e-01
15960.30 3.3478e-03 5.9894e-01 2.4731e-01 1.5039e-01
16187.41 8.9986e-04 6.4846e-01 2.2397e-01 1.2666e-01
16354.17 1.5770e-03 6.5872e-01 2.1869e-01 1.2102e-01
16484.18 4.9910e-04 6.4647e-01 2.2514e-01 1.2788e-01
16593.12 9.1933e-04 6.3381e-01 2.3205e-01 1.3321e-01
16691.99 1.5902e-03 5.7558e-01 2.5931e-01 1.6352e-01
16788.59 6.4683e-05 5.9638e-01 2.5123e-01 1.5232e-01
16888.37 1.1647e-04 5.5079e-01 2.7098e-01 1.7812e-01
16998.79 6.3978e-04 5.4306e-01 2.7614e-01 1.8016e-01
17146.37 7.6011e-05 5.0418e-01 2.9113e-01 2.0462e-01
17415.23 5.1237e-05 4.7895e-01 2.9954e-01 2.2146e-01
17888.12 4.5243e-05 4.1436e-01 3.2053e-01 2.6506e-01
18532.37 2.7212e-05 3.7121e-01 3.3112e-01 2.9764e-01
19260.76 2.1141e-04 3.2125e-01 3.4129e-01 3.3726e-01
20034.10 1.5909e-05 2.5939e-01 3.4307e-01 3.9752e-01
20838.00 3.8814e-04 2.1324e-01 3.4059e-01 4.4579e-01
21647.97 5.2570e-04 1.7947e-01 3.3886e-01 4.8115e-01
22447.94 4.0379e-06 1.3468e-01 3.2690e-01 5.3842e-01
23245.88 2.5479e-05 9.5110e-02 2.8711e-01 6.1775e-01
24052.47 3.9955e-04 7.2521e-02 2.6772e-01 6.5935e-01
24867.72 3.7283e-06 5.1228e-02 2.2950e-01 7.1927e-01
25698.86 4.1213e-04 4.0739e-02 2.1047e-01 7.4837e-01
26587.16 1.5010e-04 2.4472e-02 1.9131e-01 7.8407e-01
27637.54 1.2121e-04 1.7887e-02 1.6517e-01 8.1683e-01
28986.97 1.1434e-04 1.0447e-02 1.1826e-01 8.7118e-01
#TIME: 207.87
#NVEL 78
#vel_mid[km/s] ni0 ni1 ni2 ni3
1060.83 4.2887e-01 3.5948e-01 1.4938e-01 6.2270e-02
1919.29 5.1301e-01 2.9924e-01 1.3526e-01 5.2490e-02
2581.60 3.3858e-01 4.0218e-01 1.7723e-01 8.2004e-02
3084.17 4.1798e-03 6.1214e-01 2.4605e-01 1.3763e-01
3472.46 5.3840e-04 5.5431e-01 2.7798e-01 1.6718e-01
3909.64 3.4124e-04 4.7557e-01 3.1368e-01 2.1041e-01
4148.46 3.7221e-04 4.6153e-01 3.1641e-01 2.2169e-01
4670.75 4.8474e-04 4.6800e-01 3.1218e-01 2.1934e-01
4956.05 2.8906e-04 4.3463e-01 3.2637e-01 2.3871e-01
5258.79 8.6444e-05 3.8903e-01 3.4839e-01 2.6250e-01
5580.02 2.9900e-05 3.5915e-01 3.6088e-01 2.7994e-01
5920.87 1.4279e-05 3.2711e-01 3.7323e-01 2.9964e-01
6282.54 9.9972e-06 2.9573e-01 3.8356e-01 3.2071e-01
6666.30 9.5805e-06 2.8785e-01 3.8351e-01 3.2864e-01
7073.50 9.6234e-06 2.8179e-01 3.8089e-01 3.3731e-01
7505.58 9.0214e-06 2.5947e-01 3.8440e-01 3.5613e-01
7964.05 1.0658e-05 2.5641e-01 3.7884e-01 3.6474e-01
8450.53 2.2592e-05 2.7339e-01 3.7138e-01 3.5521e-01
8966.72 4.9562e-05 2.9120e-01 3.6131e-01 3.4744e-01
9514.44 1.0132e-04 3.0267e-01 3.5373e-01 3.4350e-01
10095.62 2.0592e-04 3.2672e-01 3.4620e-01 3.2687e-01
10712.30 5.1091e-04 3.4490e-01 3.3833e-01 3.1626e-01
11366.65 8.0199e-04 3.5357e-01 3.3517e-01 3.1046e-01
12061.10 1.2235e-03 3.5541e-01 3.3320e-01 3.1017e-01
12793.43 2.2499e-03 3.4829e-01 3.3247e-01 3.1699e-01
13528.61 3.4682e-03 3.4256e-01 3.3334e-01 3.2063e-01
14194.74 1.3475e-03 3.2687e-01 3.3560e-01 3.3619e-01
14757.77 4.1891e-04 3.2166e-01 3.3756e-01 3.4036e-01
15240.48 7.2716e-04 3.7865e-01 3.2714e-01 2.9348e-01
15646.99 1.7426e-03 4.7193e-01 3.0030e-01 2.2602e-01
15960.30 4.7800e-04 6.0127e-01 2.4721e-01 1.5104e-01
16187.41 6.6360e-04 6.4970e-01 2.2385e-01 1.2579e-01
16354.17 3.7702e-03 6.5900e-01 2.1702e-01 1.2021e-01
16484.18 2.0938e-04 6.4984e-01 2.2372e-01 1.2623e-01
16593.12 2.4632e-03 6.1332e-01 2.4158e-01 1.4264e-01
16691.99 2.3165e-02 5.6648e-01 2.5312e-01 1.5724e-01
16788.59 1.1893e-04 5.5687e-01 2.6771e-01 1.7530e-01
16888.37 1.6878e-02 5.3560e-01 2.6946e-01 1.7806e-01
16998.79 1.2504e-04 5.2602e-01 2.8160e-01 1.9226e-01
17146.37 1.4851e-04 5.0307e-01 2.9077e-01 2.0601e-01
17415.23 9.4215e-05 4.7004e-01 3.0328e-01 2.2659e-01
17888.12 9.0536e-05 4.1809e-01 3.1960e-01 2.6222e-01
18532.37 4.5289e-05 3.6841e-01 3.3200e-01 2.9954e-01
19260.76 3.7998e-05 3.2399e-01 3.4070e-01 3.3528e-01
20034.10 1.8910e-05 2.5096e-01 3.4098e-01 4.0804e-01
20838.00 8.1227e-06 2.3486e-01 3.5499e-01 4.1015e-01
21647.97 5.4054e-05 1.7908e-01 3.3720e-01 4.8366e-01
22447.94 2.6530e-04 1.4101e-01 3.1623e-01 5.4250e-01
23245.88 7.3537e-06 8.8209e-02 2.7665e-01 6.3513e-01
24052.47 1.9794e-06 7.7477e-02 2.7743e-01 6.4509e-01
24867.72 5.4817e-04 4.7464e-02 2.2228e-01 7.2971e-01
25698.86 5.6335e-05 4.3711e-02 2.1541e-01 7.4082e-01
26587.16 1.5098e-04 2.8347e-02 1.8355e-01 7.8795e-01
27637.54 8.6164e-04 1.6662e-02 1.4683e-01 8.3564e-01
28986.97 9.1315e-05 1.2802e-02 1.2951e-01 8.5760e-01
#TIME: 210.86
#NVEL 78
#vel_mid[km/s] ni0 ni1 ni2 ni3
1060.83 4.3578e-01 3.5883e-01 1.4556e-01 5.9823e-02
1919.29 5.2187e-01 2.9382e-01 1.3317e-01 5.1147e-02
2581.60 3.4245e-01 3.9830e-01 1.7728e-01 8.1973e-02
3084.17 4.0745e-03 6.1311e-01 2.4566e-01 1.3716e-01
3472.46 6.1690e-04 5.5371e-01 2.7895e-01 1.6672e-01
3909.64 2.8923e-04 4.7775e-01 3.1293e-01 2.0903e-01
4148.46 3.7088e-04 4.6414e-01 3.1446e-01 2.2102e-01
4670.75 4.5986e-04 4.6975e-01 3.1078e-01 2.1901e-01
4956.05 2.3393e-04 4.3411e-01 3.2761e-01 2.3805e-01
5258.79 1.0093e-04 3.9227e-01 3.4589e-01 2.6174e-01
5580.02 3.1054e-05 3.5553e-01 3.6431e-01 2.8013e-01
5920.87 1.4084e-05 3.2824e-01 3.7206e-01 2.9968e-01
6282.54 9.8239e-06 2.9590e-01 3.8327e-01 3.2082e-01
6666.30 9.1594e-06 2.8468e-01 3.8608e-01 3.2923e-01
7073.50 9.0862e-06 2.7800e-01 3.8414e-01 3.3785e-01
7505.58 9.0695e-06 2.5832e-01 3.8528e-01 3.5639e-01
7964.05 9.9341e-06 2.5602e-01 3.7873e-01 3.6524e-01
8450.53 2.1417e-05 2.7068e-01 3.7293e-01 3.5637e-01
8966.72 4.6376e-05 2.8823e-01 3.6414e-01 3.4759e-01
9514.44 1.1222e-04 3.0177e-01 3.5411e-01 3.4401e-01
10095.62 2.2513e-04 3.2594e-01 3.4570e-01 3.2813e-01
10712.30 5.2985e-04 3.4671e-01 3.3955e-01 3.1321e-01
11366.65 8.4343e-04 3.5658e-01 3.3438e-01 3.0821e-01
12061.10 1.4631e-03 3.4856e-01 3.3338e-01 3.1660e-01
12793.43 2.1545e-03 3.4740e-01 3.3271e-01 3.1773e-01
13528.61 1.3834e-03 3.3380e-01 3.3436e-01 3.3045e-01
14194.74 4.2807e-03 3.1767e-01 3.3581e-01 3.4224e-01
14757.77 5.4745e-03 3.2476e-01 3.3667e-01 3.3309e-01
15240.48 4.4981e-04 3.7585e-01 3.2811e-01 2.9559e-01
15646.99 2.6724e-03 5.1836e-01 2.8293e-01 1.9604e-01
15960.30 9.5656e-04 6.0712e-01 2.4439e-01 1.4754e-01
16187.41 1.6691e-03 6.5524e-01 2.1997e-01 1.2312e-01
16354.17 4.1914e-03 6.5720e-01 2.1786e-01 1.2075e-01
16484.18 1.2801e-03 6.4927e-01 2.2343e-01 1.2601e-01
16593.12 3.2286e-04 6.2686e-01 2.3506e-01 1.3775e-01
16691.99 3.4241e-03 5.8563e-01 2.5345e-01 1.5749e-01
16788.59 1.7138e-04 5.6205e-01 2.6807e-01 1.6971e-01
16888.37 1.5793e-04 5.7158e-01 2.6222e-01 1.6604e-01
16998.79 6.3337e-05 5.3401e-01 2.7867e-01 1.8725e-01
17146.37 8.9585e-04 4.9786e-01 2.9194e-01 2.0931e-01
17415.23 1.0517e-04 4.9876e-01 2.9375e-01 2.0739e-01
17888.12 1.5733e-04 4.2189e-01 3.1973e-01 2.5822e-01
18532.37 2.8637e-04 3.6781e-01 3.2981e-01 3.0209e-01
19260.76 6.5110e-04 3.2561e-01 3.4051e-01 3.3323e-01
20034.10 1.2845e-05 2.7839e-01 3.4383e-01 3.7777e-01
20838.00 5.6939e-06 2.1787e-01 3.3755e-01 4.4458e-01
21647.97 5.4062e-06 1.8892e-01 3.3356e-01 4.7752e-01
22447.94 6.2615e-06 1.2959e-01 3.0799e-01 5.6242e-01
23245.88 4.1816e-06 8.4576e-02 2.7276e-01 6.4266e-01
24052.47 5.0136e-04 6.6063e-02 2.6356e-01 6.6987e-01
24867.72 9.0945e-04 4.4829e-02 2.1788e-01 7.3638e-01
25698.86 3.0020e-04 3.9837e-02 2.1040e-01 7.4946e-01
26587.16 2.8986e-04 3.1904e-02 1.9565e-01 7.7216e-01
27637.54 4.1500e-04 2.0912e-02 1.6072e-01 8.1795e-01
28986.97 1.4626e-04 1.4540e-02 1.3702e-01 8.4829e-01
#TIME: 213.89
#NVEL 78
#vel_mid[km/s] ni0 ni1 ni2 ni3
1060.83 4.4660e-01 3.4617e-01 1.4684e-01 6.0392e-02
1919.29 5.3384e-01 2.8416e-01 1.3180e-01 5.0194e-02
2581.60 3.4422e-01 3.9662e-01 1.7723e-01 8.1933e-02
3084.17 4.3234e-03 6.1318e-01 2.4555e-01 1.3695e-01
3472.46 5.6666e-04 5.5364e-01 2.7871e-01 1.6709e-01
3909.64 3.0021e-04 4.7767e-01 3.1267e-01 2.0936e-01
4148.46 3.5365e-04 4.6392e-01 3.1529e-01 2.2044e-01
4670.75 5.0354e-04 4.6932e-01 3.1173e-01 2.1845e-01
4956.05 2.4938e-04 4.3370e-01 3.2801e-01 2.3804e-01
5258.79 8.6131e-05 3.9198e-01 3.4695e-01 2.6099e-01
5580.02 3.3363e-05 3.5890e-01 3.6115e-01 2.7992e-01
5920.87 1.3762e-05 3.2259e-01 3.7728e-01 3.0012e-01
6282.54 1.0485e-05 2.9496e-01 3.8421e-01 3.2082e-01
6666.30 9.3220e-06 2.8642e-01 3.8429e-01 3.2928e-01
7073.50 9.6133e-06 2.7545e-01 3.8603e-01 3.3851e-01
7505.58 1.0141e-05 2.6242e-01 3.8105e-01 3.5652e-01
7964.05 1.0666e-05 2.5356e-01 3.8068e-01 3.6575e-01
8450.53 2.1620e-05 2.7130e-01 3.7193e-01 3.5675e-01
8966.72 4.4100e-05 2.8723e-01 3.6366e-01 3.4907e-01
9514.44 1.0290e-04 3.0243e-01 3.5319e-01 3.4427e-01
10095.62 3.0107e-04 3.2644e-01 3.4488e-01 3.2838e-01
10712.30 3.7291e-04 3.4523e-01 3.3848e-01 3.1591e-01
11366.65 1.1057e-03 3.5607e-01 3.3364e-01 3.0918e-01
12061.10 1.8615e-03 3.4742e-01 3.3360e-01 3.1712e-01
12793.43 2.6255e-03 3.4614e-01 3.3435e-01 3.1689e-01
13528.61 2.0675e-03 3.3971e-01 3.3347e-01 3.2476e-01
14194.74 1.5280e-03 3.2646e-01 3.3629e-01 3.3573e-01
14757.77 6.3352e-04 3.2684e-01 3.3706e-01 3.3546e-01
15240.48 5.3013e-04 3.7049e-01 3.2996e-01 2.9902e-01
15646.99 4.4590e-04 4.8186e-01 2.9696e-01 2.2073e-01
15960.30 7.7275e-04 6.1510e-01 2.4067e-01 1.4346e-01
16187.41 8.9712e-04 6.5954e-01 2.1793e-01 1.2163e-01
16354.17 6.3093e-04 6.9211e-01 2.0121e-01 1.0605e-01
16484.18 2.8894e-02 6.2811e-01 2.2119e-01 1.2180e-01
16593.12 4.8247e-04 6.4714e-01 2.2528e-01 1.2709e-01
16691.99 2.3268e-02 5.7139e-01 2.5092e-01 1.5442e-01
16788.59 2.3010e-04 5.6669e-01 2.6352e-01 1.6956e-01
16888.37 1.2041e-04 5.9176e-01 2.5351e-01 1.5461e-01
16998.79 3.8096e-04 5.3223e-01 2.7826e-01 1.8913e-01
17146.37 9.7282e-04 5.3927e-01 2.7568e-01 1.8407e-01
17415.23 7.6583e-05 4.9352e-01 2.9584e-01 2.1057e-01
17888.12 2.7626e-05 4.1894e-01 3.2012e-01 2.6091e-01
18532.37 4.5659e-05 3.7268e-01 3.2962e-01 2.9765e-01
19260.76 1.7335e-05 3.2766e-01 3.3743e-01 3.3489e-01
20034.10 1.2558e-04 2.8458e-01 3.4523e-01 3.7007e-01
20838.00 7.0511e-06 2.4026e-01 3.4464e-01 4.1509e-01
21647.97 2.2998e-05 1.9771e-01 3.5065e-01 4.5161e-01
22447.94 9.3942e-06 1.4628e-01 3.2034e-01 5.3337e-01
23245.88 3.7431e-06 1.0718e-01 2.9086e-01 6.0195e-01
24052.47 1.5866e-06 6.6075e-02 2.4963e-01 6.8429e-01
24867.72 1.6544e-06 5.3686e-02 2.3216e-01 7.1415e-01
25698.86 1.8989e-04 3.5670e-02 1.9898e-01 7.6516e-01
26587.16 2.4444e-04 2.7097e-02 1.7843e-01 7.9423e-01
27637.54 1.6188e-04 1.6495e-02 1.4480e-01 8.3855e-01
28986.97 1.0566e-03 1.0620e-02 1.2170e-01 8.6663e-01
#TIME: 216.97
#NVEL 78
#vel_mid[km/s] ni0 ni1 ni2 ni3
1060.83 4.2876e-01 3.6152e-01 1.4822e-01 6.1505e-02
1919.29 5.3367e-01 2.8593e-01 1.3078e-01 4.9616e-02
2581.60 3.4396e-01 3.9784e-01 1.7665e-01 8.1554e-02
3084.17 4.3082e-03 6.1500e-01 2.4439e-01 1.3630e-01
3472.46 5.4511e-04 5.5457e-01 2.7837e-01 1.6651e-01
3909.64 2.9888e-04 4.8015e-01 3.1116e-01 2.0840e-01
4148.46 4.5160e-04 4.6419e-01 3.1496e-01 2.2040e-01
4670.75 4.3985e-04 4.7135e-01 3.1127e-01 2.1695e-01
4956.05 2.8761e-04 4.3717e-01 3.2691e-01 2.3563e-01
5258.79 9.6462e-05 3.9255e-01 3.4583e-01 2.6153e-01
5580.02 3.2072e-05 3.5940e-01 3.6114e-01 2.7943e-01
5920.87 1.4080e-05 3.2686e-01 3.7325e-01 2.9987e-01
6282.54 1.0173e-05 2.9550e-01 3.8350e-01 3.2100e-01
6666.30 1.0081e-05 2.8608e-01 3.8431e-01 3.2960e-01
7073.50 9.4126e-06 2.7719e-01 3.8405e-01 3.3875e-01
7505.58 9.8166e-06 2.6270e-01 3.8031e-01 3.5698e-01
7964.05 1.0499e-05 2.5405e-01 3.7950e-01 3.6644e-01
8450.53 2.1444e-05 2.7112e-01 3.7169e-01 3.5717e-01
8966.72 5.0075e-05 2.8802e-01 3.6309e-01 3.4884e-01
9514.44 1.0763e-04 3.0145e-01 3.5425e-01 3.4419e-01
10095.62 2.7909e-04 3.2607e-01 3.4537e-01 3.2828e-01
10712.30 4.9094e-04 3.4545e-01 3.3790e-01 3.1616e-01
11366.65 4.9348e-04 3.6314e-01 3.3276e-01 3.0361e-01
12061.10 1.0866e-03 3.5303e-01 3.3239e-01 3.1349e-01
12793.43 1.6970e-03 3.5121e-01 3.3216e-01 3.1493e-01
13528.61 2.0965e-03 3.3928e-01 3.3393e-01 3.2469e-01
14194.74 9.8092e-04 3.3048e-01 3.3490e-01 3.3365e-01
14757.77 4.5642e-04 3.2215e-01 3.3600e-01 3.4139e-01
15240.48 4.2949e-04 3.6948e-01 3.2890e-01 3.0119e-01
15646.99 1.4384e-03 5.1707e-01 2.8368e-01 1.9781e-01
15960.30 8.4428e-04 6.2145e-01 2.3769e-01 1.4002e-01
16187.41 1.3428e-03 6.7687e-01 2.0901e-01 1.1278e-01
16354.17 7.5502e-04 6.7309e-01 2.1081e-01 1.1535e-01
16484.18 1.5626e-03 6.8153e-01 2.0763e-01 1.0928e-01
16593.12 5.0817e-04 6.2430e-01 2.3633e-01 1.3886e-01
16691.99 5.4637e-02 5.3828e-01 2.5155e-01 1.5553e-01
16788.59 2.2634e-02 5.7494e-01 2.5035e-01 1.5207e-01
16888.37 2.7372e-02 5.2935e-01 2.6780e-01 1.7548e-01
16998.79 2.5664e-02 4.9960e-01 2.8079e-01 1.9394e-01
17146.37 5.1422e-04 5.1064e-01 2.8657e-01 2.0227e-01
17415.23 7.6895e-05 4.8148e-01 2.9913e-01 2.1931e-01
17888.12 7.9772e-05 4.6209e-01 3.0743e-01 2.3040e-01
18532.37 3.9117e-05 3.8076e-01 3.2894e-01 2.9027e-01
19260.76 6.6763e-05 3.6603e-01 3.3583e-01 2.9808e-01
20034.10 3.2217e-04 2.7260e-01 3.4428e-01 3.8279e-01
20838.00 1.5249e-04 2.1959e-01 3.4152e-01 4.3873e-01
21647.97 4.5055e-05 1.8372e-01 3.3926e-01 4.7698e-01
22447.94 1.2376e-05 1.4453e-01 3.2693e-01 5.2853e-01
23245.88 1.7106e-06 9.1009e-02 2.7852e-01 6.3047e-01
24052.47 3.7720e-03 6.7652e-02 2.6320e-01 6.6538e-01
24867.72 6.6996e-03 4.2742e-02 2.1986e-01 7.3070e-01
25698.86 5.3773e-04 4.2912e-02 2.1425e-01 7.4230e-01
26587.16 7.6665e-03 2.7088e-02 1.8876e-01 7.7649e-01
27637.54 1.3831e-03 1.6461e-02 1.4719e-01 8.3497e-01
28986.97 5.4428e-07 1.2529e-02 1.3600e-01 8.5147e-01
#TIME: 220.09
#NVEL 78
#vel_mid[km/s] ni0 ni1 ni2 ni3
1060.83 4.6988e-01 3.3463e-01 1.3969e-01 5.5802e-02
1919.29 5.4085e-01 2.8101e-01 1.2941e-01 4.8740e-02
2581.60 3.4408e-01 4.0011e-01 1.7521e-01 8.0600e-02
3084.17 4.3591e-03 6.1529e-01 2.4430e-01 1.3606e-01
3472.46 6.0653e-04 5.5438e-01 2.7782e-01 1.6720e-01
3909.64 3.0723e-04 4.7984e-01 3.1229e-01 2.0756e-01
4148.46 3.9502e-04 4.6658e-01 3.1311e-01 2.1991e-01
4670.75 5.1329e-04 4.7297e-01 3.1121e-01 2.1530e-01
4956.05 3.8159e-04 4.3692e-01 3.2588e-01 2.3682e-01
5258.79 9.3746e-05 3.9352e-01 3.4541e-01 2.6097e-01
5580.02 3.0194e-05 3.5960e-01 3.6149e-01 2.7888e-01
5920.87 1.4236e-05 3.2570e-01 3.7471e-01 2.9958e-01
6282.54 1.0490e-05 2.9284e-01 3.8595e-01 3.2120e-01
6666.30 1.0386e-05 2.8735e-01 3.8295e-01 3.2969e-01
7073.50 1.0588e-05 2.7608e-01 3.8477e-01 3.3913e-01
7505.58 9.7856e-06 2.5682e-01 3.8558e-01 3.5759e-01
7964.05 1.1012e-05 2.5726e-01 3.7660e-01 3.6614e-01
8450.53 2.3069e-05 2.7017e-01 3.7248e-01 3.5732e-01
8966.72 4.4769e-05 2.8883e-01 3.6252e-01 3.4861e-01
9514.44 1.0652e-04 3.0222e-01 3.5398e-01 3.4369e-01
10095.62 2.6381e-04 3.2558e-01 3.4652e-01 3.2764e-01
10712.30 5.5948e-04 3.4792e-01 3.3731e-01 3.1421e-01
11366.65 7.1655e-04 3.5946e-01 3.3476e-01 3.0507e-01
12061.10 2.0417e-03 3.4956e-01 3.3375e-01 3.1464e-01
12793.43 1.2919e-03 3.5701e-01 3.3106e-01 3.1064e-01
13528.61 8.0188e-04 3.4836e-01 3.3309e-01 3.1775e-01
14194.74 1.0273e-03 3.3125e-01 3.3543e-01 3.3229e-01
14757.77 3.7356e-02 3.0177e-01 3.3136e-01 3.2951e-01
15240.48 3.2457e-04 3.6962e-01 3.2875e-01 3.0130e-01
15646.99 1.5025e-03 4.9272e-01 2.9282e-01 2.1296e-01
15960.30 1.4093e-03 6.2195e-01 2.3733e-01 1.3932e-01
16187.41 2.2265e-03 6.6853e-01 2.1303e-01 1.1621e-01
16354.17 4.1917e-04 6.7674e-01 2.0917e-01 1.1367e-01
16484.18 1.2457e-03 6.6170e-01 2.1722e-01 1.1983e-01
16593.12 1.2971e-04 6.4146e-01 2.2827e-01 1.3014e-01
16691.99 3.6554e-02 5.8059e-01 2.4101e-01 1.4184e-01
16788.59 3.6518e-02 5.4090e-01 2.6139e-01 1.6119e-01
16888.37 2.2506e-03 5.7695e-01 2.5992e-01 1.6088e-01
16998.79 6.4210e-04 5.6349e-01 2.6504e-01 1.7082e-01
17146.37 4.5500e-04 5.5031e-01 2.7188e-01 1.7736e-01
17415.23 9.1497e-05 4.8453e-01 2.9824e-01 2.1714e-01
17888.12 5.0762e-05 4.3442e-01 3.1474e-01 2.5079e-01
18532.37 6.3063e-05 4.0478e-01 3.2453e-01 2.7062e-01
19260.76 6.5660e-05 3.3322e-01 3.3677e-01 3.2994e-01
20034.10 4.0866e-05 2.7098e-01 3.4320e-01 3.8578e-01
20838.00 2.4915e-05 2.2472e-01 3.3927e-01 4.3599e-01
21647.97 1.7371e-05 1.8631e-01 3.3197e-01 4.8170e-01
22447.94 8.7088e-06 1.4036e-01 3.2388e-01 5.3575e-01
23245.88 3.0182e-06 1.0632e-01 3.0086e-01 5.9281e-01
24052.47 9.6653e-04 6.5860e-02 2.5046e-01 6.8271e-01
24867.72 1.9710e-03 4.3628e-02 2.1684e-01 7.3756e-01
25698.86 1.9622e-04 3.9972e-02 2.2118e-01 7.3865e-01
26587.16 5.3972e-04 2.6617e-02 1.9595e-01 7.7689e-01
27637.54 7.4516e-04 1.9600e-02 1.6530e-01 8.1435e-01
28986.97 9.0758e-04 1.1746e-02 1.2671e-01 8.6064e-01
#TIME: 223.25
#NVEL 78
#vel_mid[km/s] ni0 ni1 ni2 ni3
1060.83 4.4402e-01 3.5363e-01 1.4380e-01 5.8547e-02
1919.29 5.4882e-01 2.7597e-01 1.2760e-01 4.7609e-02
2581.60 3.5244e-01 3.9507e-01 1.7341e-01 7.9081e-02
3084.17 4.2799e-03 6.1472e-01 2.4472e-01 1.3627e-01
3472.46 6.2965e-04 5.5660e-01 2.7701e-01 1.6576e-01
3909.64 3.0589e-04 4.8012e-01 3.1111e-01 2.0845e-01
4148.46 3.6986e-04 4.6641e-01 3.1471e-01 2.1851e-01
4670.75 5.3131e-04 4.7353e-01 3.0961e-01 2.1632e-01
4956.05 2.5587e-04 4.3609e-01 3.2646e-01 2.3719e-01
5258.79 9.1253e-05 3.9658e-01 3.4336e-01 2.5997e-01
5580.02 2.8606e-05 3.5872e-01 3.6259e-01 2.7867e-01
5920.87 1.5296e-05 3.2538e-01 3.7466e-01 2.9994e-01
6282.54 1.0149e-05 2.9253e-01 3.8648e-01 3.2098e-01
6666.30 1.0607e-05 2.8594e-01 3.8419e-01 3.2986e-01
7073.50 9.9909e-06 2.7228e-01 3.8832e-01 3.3939e-01
7505.58 8.9127e-06 2.5435e-01 3.8765e-01 3.5799e-01
7964.05 1.1201e-05 2.5508e-01 3.7836e-01 3.6655e-01
8450.53 2.0595e-05 2.7052e-01 3.7219e-01 3.5727e-01
8966.72 4.0800e-05 2.8607e-01 3.6480e-01 3.4909e-01
9514.44 1.0005e-04 3.0163e-01 3.5449e-01 3.4379e-01
10095.62 1.9973e-04 3.2585e-01 3.4566e-01 3.2830e-01
10712.30 5.4100e-04 3.4436e-01 3.3838e-01 3.1672e-01
11366.65 9.5904e-04 3.5749e-01 3.3521e-01 3.0634e-01
12061.10 1.1015e-03 3.5379e-01 3.3335e-01 3.1175e-01
12793.43 1.1137e-03 3.5473e-01 3.3131e-01 3.1285e-01
13528.61 8.9706e-04 3.5287e-01 3.3253e-01 3.1370e-01
14194.74 2.7967e-03 3.3246e-01 3.3582e-01 3.2892e-01
14757.77 1.1681e-03 3.2952e-01 3.3504e-01 3.3427e-01
15240.48 3.8694e-04 3.7325e-01 3.2873e-01 2.9763e-01
15646.99 2.3189e-02 4.7605e-01 2.9071e-01 2.1005e-01
15960.30 2.3795e-03 6.1843e-01 2.3858e-01 1.4061e-01
16187.41 1.4297e-03 6.6599e-01 2.1435e-01 1.1824e-01
16354.17 3.7610e-04 6.7492e-01 2.1010e-01 1.1461e-01
16484.18 5.6003e-02 6.0898e-01 2.1581e-01 1.1921e-01
16593.12 1.8502e-03 6.2503e-01 2.3518e-01 1.3794e-01
16691.99 3.2927e-04 6.1541e-01 2.4317e-01 1.4109e-01
16788.59 2.4232e-02 5.5978e-01 2.5724e-01 1.5875e-01
16888.37 7.7204e-04 5.5643e-01 2.6778e-01 1.7502e-01
16998.79 1.1213e-03 5.3440e-01 2.7797e-01 1.8651e-01
17146.37 3.6301e-04 5.3063e-01 2.7941e-01 1.8959e-01
17415.23 8.6913e-05 4.9139e-01 2.9535e-01 2.1317e-01
17888.12 4.7980e-05 4.2808e-01 3.1686e-01 2.5501e-01
18532.37 2.3372e-05 3.8135e-01 3.2797e-01 2.9065e-01
19260.76 6.4218e-05 3.6351e-01 3.3254e-01 3.0389e-01
20034.10 3.0009e-05 2.7123e-01 3.4184e-01 3.8690e-01
20838.00 1.7788e-04 2.1350e-01 3.3571e-01 4.5061e-01
21647.97 1.1938e-04 2.0477e-01 3.4179e-01 4.5332e-01
22447.94 5.9468e-05 1.4696e-01 3.1940e-01 5.3358e-01
23245.88 2.4174e-04 9.9494e-02 2.9432e-01 6.0594e-01
24052.47 6.9366e-04 7.4472e-02 2.6716e-01 6.5767e-01
24867.72 9.6554e-05 5.6978e-02 2.3976e-01 7.0316e-01
25698.86 6.0616e-05 4.1208e-02 2.1582e-01 7.4291e-01
26587.16 2.4929e-04 2.9266e-02 1.8437e-01 7.8612e-01
27637.54 3.0323e-03 1.7560e-02 1.5519e-01 8.2421e-01
28986.97 4.1203e-04 1.3966e-02 1.4115e-01 8.4447e-01
#TIME: 226.46
#NVEL 78
#vel_mid[km/s] ni0 ni1 ni2 ni3
1060.83 4.2536e-01 3.7008e-01 1.4495e-01 5.9616e-02
1919.29 5.2830e-01 2.9461e-01 1.2855e-01 4.8544e-02
2581.60 3.5337e-01 3.9391e-01 1.7347e-01 7.9247e-02
3084.17 4.3071e-03 6.1688e-01 2.4336e-01 1.3546e-01
3472.46 6.5213e-04 5.5651e-01 2.7749e-01 1.6535e-01
3909.64 3.6973e-04 4.8067e-01 3.1063e-01 2.0833e-01
4148.46 4.5173e-04 4.6637e-01 3.1474e-01 2.1844e-01
4670.75 4.8563e-04 4.7322e-01 3.1048e-01 2.1581e-01
4956.05 2.8186e-04 4.3486e-01 3.2762e-01 2.3725e-01
5258.79 1.1333e-04 3.9707e-01 3.4218e-01 2.6064e-01
5580.02 3.1604e-05 3.6074e-01 3.6074e-01 2.7849e-01
5920.87 1.5051e-05 3.2525e-01 3.7560e-01 2.9913e-01
6282.54 1.1300e-05 2.9592e-01 3.8318e-01 3.2089e-01
6666.30 1.0772e-05 2.8830e-01 3.8209e-01 3.2961e-01
7073.50 1.0123e-05 2.7810e-01 3.8254e-01 3.3936e-01
7505.58 9.6429e-06 2.5956e-01 3.8285e-01 3.5758e-01
7964.05 1.1535e-05 2.5604e-01 3.7701e-01 3.6693e-01
8450.53 2.3479e-05 2.7072e-01 3.7159e-01 3.5767e-01
8966.72 4.7577e-05 2.8737e-01 3.6325e-01 3.4933e-01
9514.44 9.3570e-05 3.0213e-01 3.5414e-01 3.4364e-01
10095.62 2.2317e-04 3.2419e-01 3.4628e-01 3.2931e-01
10712.30 4.7184e-04 3.4637e-01 3.3851e-01 3.1465e-01
11366.65 8.7630e-04 3.5902e-01 3.3310e-01 3.0700e-01
12061.10 1.5200e-03 3.6122e-01 3.3195e-01 3.0531e-01
12793.43 2.1643e-03 3.5542e-01 3.3177e-01 3.1064e-01
13528.61 7.7055e-04 3.4823e-01 3.3245e-01 3.1855e-01
14194.74 2.4850e-03 3.4193e-01 3.3396e-01 3.2163e-01
14757.77 1.4461e-03 3.2158e-01 3.3714e-01 3.3984e-01
15240.48 4.1298e-03 3.8341e-01 3.2525e-01 2.8720e-01
15646.99 1.7708e-02 4.7991e-01 2.9140e-01 2.1098e-01
15960.30 1.1369e-03 6.2583e-01 2.3517e-01 1.3786e-01
16187.41 5.2686e-03 6.6826e-01 2.1124e-01 1.1523e-01
16354.17 4.3121e-03 6.9016e-01 2.0023e-01 1.0530e-01
16484.18 8.9493e-04 6.6149e-01 2.1703e-01 1.2058e-01
16593.12 5.7174e-04 6.2696e-01 2.3524e-01 1.3722e-01
16691.99 1.3500e-04 5.8560e-01 2.5471e-01 1.5955e-01
16788.59 2.3722e-02 5.5794e-01 2.5719e-01 1.6114e-01
16888.37 2.2210e-04 5.9002e-01 2.5603e-01 1.5373e-01
16998.79 2.7848e-04 5.6446e-01 2.6514e-01 1.7012e-01
17146.37 8.9534e-05 5.3188e-01 2.7939e-01 1.8864e-01
17415.23 2.6398e-04 4.9238e-01 2.9479e-01 2.1256e-01
17888.12 6.5700e-05 4.3548e-01 3.1480e-01 2.4965e-01
18532.37 2.0899e-04 4.2591e-01 3.1831e-01 2.5557e-01
19260.76 3.4839e-05 3.3909e-01 3.3637e-01 3.2450e-01
20034.10 1.6482e-05 2.8045e-01 3.4633e-01 3.7321e-01
20838.00 2.4004e-05 2.3799e-01 3.4064e-01 4.2134e-01
21647.97 4.8048e-06 2.0033e-01 3.5248e-01 4.4719e-01
22447.94 5.5114e-06 1.3842e-01 3.1120e-01 5.5037e-01
23245.88 2.8936e-05 9.9131e-02 2.8998e-01 6.1086e-01
24052.47 1.2130e-03 6.8436e-02 2.5347e-01 6.7688e-01
24867.72 1.8049e-02 4.1348e-02 2.2772e-01 7.1288e-01
25698.86 7.0903e-07 3.9771e-02 2.3744e-01 7.2279e-01
26587.16 3.0144e-07 3.1257e-02 2.0282e-01 7.6592e-01
27637.54 1.6150e-06 2.4062e-02 1.6991e-01 8.0603e-01
28986.97 2.5038e-04 1.2157e-02 1.2692e-01 8.6068e-01
#TIME: 229.71
#NVEL 78
#vel_mid[km/s] ni0 ni1 ni2 ni3
1060.83 4.1569e-01 3.8148e-01 1.4381e-01 5.9019e-02
1919.29 5.2911e-01 2.6436e-01 1.4826e-01 5.8267e-02
2581.60 3.6365e-01 3.8748e-01 1.7128e-01 7.7592e-02
3084.17 4.5080e-03 6.1677e-01 2.4357e-01 1.3515e-01
3472.46 5.8558e-04 5.5760e-01 2.7694e-01 1.6487e-01
3909.64 3.9666e-04 4.8181e-01 3.0914e-01 2.0865e-01
4148.46 3.8339e-04 4.6782e-01 3.1384e-01 2.1795e-01
4670.75 4.6074e-04 4.7468e-01 3.1044e-01 2.1441e-01
4956.05 3.6002e-04 4.4197e-01 3.2176e-01 2.3591e-01
5258.79 9.2948e-05 3.9576e-01 3.4494e-01 2.5921e-01
5580.02 3.3405e-05 3.5967e-01 3.6194e-01 2.7836e-01
5920.87 1.6336e-05 3.2766e-01 3.7303e-01 2.9930e-01
6282.54 1.1530e-05 2.9793e-01 3.8132e-01 3.2074e-01
6666.30 1.0499e-05 2.8586e-01 3.8459e-01 3.2954e-01
7073.50 1.0271e-05 2.7495e-01 3.8607e-01 3.3897e-01
7505.58 9.9097e-06 2.5586e-01 3.8617e-01 3.5796e-01
7964.05 1.1802e-05 2.5395e-01 3.7907e-01 3.6697e-01
8450.53 2.0041e-05 2.6798e-01 3.7421e-01 3.5780e-01
8966.72 4.9744e-05 2.8805e-01 3.6220e-01 3.4971e-01
9514.44 9.9831e-05 2.9943e-01 3.5643e-01 3.4404e-01
10095.62 2.7606e-04 3.2252e-01 3.4647e-01 3.3074e-01
10712.30 4.6985e-04 3.4458e-01 3.3890e-01 3.1605e-01
11366.65 5.1861e-04 3.6641e-01 3.3251e-01 3.0057e-01
12061.10 1.3487e-03 3.5797e-01 3.3200e-01 3.0868e-01
12793.43 1.5498e-03 3.5763e-01 3.3081e-01 3.1001e-01
13528.61 6.5949e-03 3.4584e-01 3.3109e-01 3.1647e-01
14194.74 1.8699e-03 3.3340e-01 3.3588e-01 3.2885e-01
14757.77 4.8489e-04 3.3160e-01 3.3492e-01 3.3299e-01
15240.48 9.2302e-04 3.8182e-01 3.2590e-01 2.9135e-01
15646.99 3.3667e-03 4.8972e-01 2.9326e-01 2.1365e-01
15960.30 1.2229e-03 6.2806e-01 2.3391e-01 1.3680e-01
16187.41 1.5931e-03 6.6715e-01 2.1374e-01 1.1751e-01
16354.17 1.7743e-03 6.8199e-01 2.0544e-01 1.1080e-01
16484.18 3.3332e-04 6.6951e-01 2.1298e-01 1.1717e-01
16593.12 5.6769e-04 6.3019e-01 2.3339e-01 1.3586e-01
16691.99 2.7930e-02 5.6930e-01 2.4929e-01 1.5347e-01
16788.59 2.5579e-04 6.0226e-01 2.4853e-01 1.4895e-01
16888.37 1.5495e-04 5.7831e-01 2.6032e-01 1.6121e-01
16998.79 5.3594e-04 5.4454e-01 2.7356e-01 1.8137e-01
17146.37 7.0878e-05 5.2687e-01 2.8106e-01 1.9199e-01
17415.23 6.7622e-05 5.0266e-01 2.9161e-01 2.0567e-01
17888.12 5.0457e-05 4.3432e-01 3.1431e-01 2.5132e-01
18532.37 4.4801e-05 3.9175e-01 3.2616e-01 2.8205e-01
19260.76 2.4490e-04 3.3763e-01 3.3629e-01 3.2584e-01
20034.10 1.4421e-04 2.8752e-01 3.4294e-01 3.6940e-01
20838.00 7.4159e-05 2.1906e-01 3.3564e-01 4.4522e-01
21647.97 1.0899e-05 1.9770e-01 3.3685e-01 4.6544e-01
22447.94 2.4452e-05 1.5410e-01 3.2381e-01 5.2207e-01
23245.88 1.0378e-04 1.1610e-01 3.1181e-01 5.7199e-01
24052.47 8.6047e-04 7.3807e-02 2.6090e-01 6.6444e-01
24867.72 5.9025e-03 5.1476e-02 2.4016e-01 7.0246e-01
25698.86 3.8180e-04 4.0150e-02 2.3429e-01 7.2518e-01
26587.16 4.7790e-07 3.2244e-02 1.9841e-01 7.6934e-01
27637.54 3.0370e-07 2.2200e-02 1.8378e-01 7.9402e-01
28986.97 2.2054e-03 1.1342e-02 1.2808e-01 8.5837e-01
#TIME: 233.01
#NVEL 78
#vel_mid[km/s] ni0 ni1 ni2 ni3
1060.83 4.5474e-01 3.5305e-01 1.3747e-01 5.4742e-02
1919.29 5.7806e-01 2.4475e-01 1.2943e-01 4.7757e-02
2581.60 3.8447e-01 3.7203e-01 1.6830e-01 7.5194e-02
3084.17 4.3617e-03 6.1867e-01 2.4245e-01 1.3453e-01
3472.46 5.6424e-04 5.5913e-01 2.7593e-01 1.6438e-01
3909.64 3.2503e-04 4.8247e-01 3.0939e-01 2.0781e-01
4148.46 3.7953e-04 4.7098e-01 3.1209e-01 2.1656e-01
4670.75 4.9512e-04 4.7830e-01 3.0768e-01 2.1353e-01
4956.05 2.8884e-04 4.3736e-01 3.2821e-01 2.3414e-01
5258.79 9.6631e-05 3.9875e-01 3.4291e-01 2.5825e-01
5580.02 3.1388e-05 3.6183e-01 3.6037e-01 2.7777e-01
5920.87 1.6334e-05 3.3075e-01 3.7055e-01 2.9868e-01
6282.54 1.2217e-05 2.9862e-01 3.8108e-01 3.2029e-01
6666.30 1.0432e-05 2.8529e-01 3.8510e-01 3.2960e-01
7073.50 9.1985e-06 2.7255e-01 3.8815e-01 3.3929e-01
7505.58 1.0320e-05 2.5600e-01 3.8578e-01 3.5820e-01
7964.05 1.2025e-05 2.5118e-01 3.8167e-01 3.6714e-01
8450.53 2.2142e-05 2.7194e-01 3.7058e-01 3.5746e-01
8966.72 4.7144e-05 2.8792e-01 3.6259e-01 3.4944e-01
9514.44 1.0821e-04 3.0146e-01 3.5573e-01 3.4270e-01
10095.62 2.5776e-04 3.2489e-01 3.4595e-01 3.2890e-01
10712.30 5.4922e-04 3.4401e-01 3.3880e-01 3.1664e-01
11366.65 7.2838e-04 3.6710e-01 3.3187e-01 3.0030e-01
12061.10 1.1742e-03 3.6256e-01 3.3295e-01 3.0331e-01
12793.43 2.1158e-03 3.6128e-01 3.2936e-01 3.0724e-01
13528.61 3.8610e-03 3.5830e-01 3.3012e-01 3.0772e-01
14194.74 4.4729e-03 3.3942e-01 3.3343e-01 3.2268e-01
14757.77 1.8716e-03 3.2621e-01 3.3644e-01 3.3547e-01
15240.48 9.9430e-04 3.9149e-01 3.2367e-01 2.8385e-01
15646.99 5.3775e-04 4.9781e-01 2.9162e-01 2.1003e-01
15960.30 8.7960e-04 6.2791e-01 2.3432e-01 1.3688e-01
16187.41 1.9383e-02 6.5365e-01 2.1143e-01 1.1554e-01
16354.17 1.8294e-03 6.8516e-01 2.0416e-01 1.0885e-01
16484.18 7.1409e-04 6.6579e-01 2.1504e-01 1.1845e-01
16593.12 4.5677e-04 6.3534e-01 2.3071e-01 1.3350e-01
16691.99 2.2781e-04 5.9960e-01 2.4811e-01 1.5207e-01
16788.59 2.7144e-03 5.8015e-01 2.5606e-01 1.6108e-01
16888.37 8.2456e-04 5.6900e-01 2.6302e-01 1.6716e-01
16998.79 6.1892e-03 5.5164e-01 2.6815e-01 1.7401e-01
17146.37 6.0582e-05 5.1583e-01 2.8476e-01 1.9935e-01
17415.23 1.5859e-04 4.8980e-01 2.9548e-01 2.1455e-01
17888.12 3.5254e-05 4.2465e-01 3.1681e-01 2.5850e-01
18532.37 2.5546e-05 3.8505e-01 3.2665e-01 2.8827e-01
19260.76 7.8750e-05 3.3741e-01 3.3710e-01 3.2541e-01
20034.10 2.4958e-05 2.8665e-01 3.4308e-01 3.7024e-01
20838.00 9.8979e-06 2.3295e-01 3.3800e-01 4.2904e-01
21647.97 1.0518e-03 2.0624e-01 3.4195e-01 4.5076e-01
22447.94 1.1014e-04 1.4492e-01 3.1753e-01 5.3744e-01
23245.88 2.3507e-04 1.0608e-01 2.9771e-01 5.9598e-01
24052.47 1.0685e-03 6.9867e-02 2.5635e-01 6.7272e-01
24867.72 9.2206e-04 5.7257e-02 2.5783e-01 6.8399e-01
25698.86 4.3952e-06 3.8759e-02 2.3695e-01 7.2429e-01
26587.16 5.5336e-07 3.2437e-02 2.0001e-01 7.6755e-01
27637.54 1.2568e-04 1.8969e-02 1.7676e-01 8.0414e-01
28986.97 9.0798e-04 1.1833e-02 1.2711e-01 8.6015e-01
#TIME: 236.36
#NVEL 78
#vel_mid[km/s] ni0 ni1 ni2 ni3
1060.83 4.5540e-01 3.5216e-01 1.3756e-01 5.4874e-02
1919.29 5.7851e-01 2.4272e-01 1.3032e-01 4.8457e-02
2581.60 3.8328e-01 3.7295e-01 1.6846e-01 7.5305e-02
3084.17 4.2120e-03 6.1864e-01 2.4284e-01 1.3430e-01
3472.46 6.6080e-04 5.5977e-01 2.7537e-01 1.6420e-01
3909.64 3.6000e-04 4.8510e-01 3.0812e-01 2.0642e-01
4148.46 4.2917e-04 4.6950e-01 3.1343e-01 2.1665e-01
4670.75 5.8282e-04 4.7716e-01 3.0901e-01 2.1325e-01
4956.05 2.8988e-04 4.4023e-01 3.2491e-01 2.3458e-01
5258.79 1.0048e-04 3.9789e-01 3.4392e-01 2.5808e-01
5580.02 3.1417e-05 3.6181e-01 3.6116e-01 2.7701e-01
5920.87 1.4846e-05 3.2760e-01 3.7413e-01 2.9825e-01
6282.54 1.2160e-05 2.9591e-01 3.8392e-01 3.2015e-01
6666.30 1.0791e-05 2.8639e-01 3.8418e-01 3.2942e-01
7073.50 9.6842e-06 2.7566e-01 3.8517e-01 3.3916e-01
7505.58 9.1518e-06 2.5484e-01 3.8722e-01 3.5793e-01
7964.05 1.1883e-05 2.5122e-01 3.8103e-01 3.6774e-01
8450.53 2.1364e-05 2.7197e-01 3.7059e-01 3.5742e-01
8966.72 4.6722e-05 2.8738e-01 3.6360e-01 3.4898e-01
9514.44 1.1532e-04 3.0039e-01 3.5601e-01 3.4348e-01
10095.62 2.5710e-04 3.2477e-01 3.4615e-01 3.2881e-01
10712.30 5.2625e-04 3.4555e-01 3.3827e-01 3.1565e-01
11366.65 6.3981e-04 3.6493e-01 3.3202e-01 3.0242e-01
12061.10 9.2875e-04 3.6553e-01 3.3073e-01 3.0281e-01
12793.43 1.9109e-03 3.5700e-01 3.3207e-01 3.0901e-01
13528.61 2.1948e-03 3.5569e-01 3.3089e-01 3.1123e-01
14194.74 1.4052e-03 3.4325e-01 3.3409e-01 3.2125e-01
14757.77 2.2532e-03 3.2872e-01 3.3513e-01 3.3390e-01
15240.48 3.8908e-04 3.8391e-01 3.2472e-01 2.9098e-01
15646.99 5.0895e-04 5.0460e-01 2.8988e-01 2.0501e-01
15960.30 2.0194e-03 6.4357e-01 2.2579e-01 1.2862e-01
16187.41 2.0470e-03 6.8760e-01 2.0256e-01 1.0780e-01
16354.17 4.9582e-03 6.8404e-01 2.0280e-01 1.0821e-01
16484.18 3.5252e-04 7.0020e-01 1.9662e-01 1.0282e-01
16593.12 2.0992e-04 6.4104e-01 2.2805e-01 1.3070e-01
16691.99 7.3891e-02 5.3831e-01 2.4230e-01 1.4550e-01
16788.59 1.9490e-02 5.7064e-01 2.5424e-01 1.5563e-01
16888.37 3.9245e-03 6.0180e-01 2.4971e-01 1.4456e-01
16998.79 6.4692e-04 5.4955e-01 2.7117e-01 1.7863e-01
17146.37 2.2385e-02 4.9979e-01 2.8211e-01 1.9572e-01
17415.23 1.8804e-04 5.0467e-01 2.8941e-01 2.0574e-01
17888.12 9.0840e-05 4.3719e-01 3.1377e-01 2.4895e-01
18532.37 2.1767e-04 3.9243e-01 3.2519e-01 2.8216e-01
19260.76 2.9234e-03 3.4245e-01 3.3464e-01 3.2000e-01
20034.10 6.9438e-05 2.8978e-01 3.4547e-01 3.6469e-01
20838.00 4.9015e-05 2.3922e-01 3.4171e-01 4.1903e-01
21647.97 1.5501e-03 1.9560e-01 3.3220e-01 4.7065e-01
22447.94 1.4882e-03 1.6843e-01 3.3118e-01 4.9890e-01
23245.88 1.1435e-03 1.0287e-01 2.8727e-01 6.0872e-01
24052.47 5.9203e-04 8.3579e-02 2.7605e-01 6.3978e-01
24867.72 1.5217e-06 5.2671e-02 2.7329e-01 6.7404e-01
25698.86 2.7328e-06 4.5631e-02 2.2004e-01 7.3432e-01
26587.16 6.3052e-07 3.3574e-02 1.9477e-01 7.7166e-01
27637.54 3.9656e-03 1.9499e-02 1.6238e-01 8.1415e-01
28986.97 1.0780e-03 1.2117e-02 1.2883e-01 8.5798e-01
#TIME: 239.76
#NVEL 78
#vel_mid[km/s] ni0 ni1 ni2 ni3
1060.83 4.9069e-01 3.2258e-01 1.3436e-01 5.2369e-02
1919.29 5.8331e-01 2.4194e-01 1.2774e-01 4.6998e-02
2581.60 3.8816e-01 3.7046e-01 1.6701e-01 7.4369e-02
3084.17 4.0803e-03 6.1955e-01 2.4167e-01 1.3469e-01
3472.46 6.2589e-04 5.6017e-01 2.7542e-01 1.6379e-01
3909.64 3.5540e-04 4.8662e-01 3.0765e-01 2.0538e-01
4148.46 3.7866e-04 4.7364e-01 3.1097e-01 2.1501e-01
4670.75 4.5971e-04 4.8052e-01 3.0756e-01 2.1146e-01
4956.05 2.5307e-04 4.4314e-01 3.2423e-01 2.3237e-01
5258.79 9.3599e-05 3.9952e-01 3.4383e-01 2.5655e-01
5580.02 3.3617e-05 3.6136e-01 3.6207e-01 2.7653e-01
5920.87 1.6058e-05 3.2652e-01 3.7536e-01 2.9811e-01
6282.54 1.2119e-05 2.9714e-01 3.8301e-01 3.1984e-01
6666.30 1.0989e-05 2.8581e-01 3.8493e-01 3.2925e-01
7073.50 1.1037e-05 2.7601e-01 3.8514e-01 3.3884e-01
7505.58 9.7965e-06 2.5524e-01 3.8651e-01 3.5824e-01
7964.05 1.1776e-05 2.5188e-01 3.8064e-01 3.6747e-01
8450.53 2.0722e-05 2.6770e-01 3.7469e-01 3.5759e-01
8966.72 4.6165e-05 2.8620e-01 3.6407e-01 3.4968e-01
9514.44 1.0163e-04 3.0172e-01 3.5449e-01 3.4369e-01
10095.62 2.2222e-04 3.2596e-01 3.4587e-01 3.2795e-01
10712.30 4.7816e-04 3.4964e-01 3.3786e-01 3.1203e-01
11366.65 9.4382e-04 3.6132e-01 3.3272e-01 3.0501e-01
