#NTIMES: 200
#NSTAGES: 7
#TIMES[d]: 1.3135 1.3409 1.3688 1.3973 1.4263 1.4560 1.4863 1.5173 1.5488 1.5811 1.6140 1.6476 1.6819 1.7169 1.7526 1.7891 1.8263 1.8643 1.9031 1.9427 1.9831 2.0244 2.0665 2.1096 2.1535 2.1983 2.2440 2.2907 2.3384 2.3871 2.4368 2.4875 2.5392 2.5921 2.6460 2.7011 2.7573 2.8147 2.8733 2.9331 2.9941 3.0564 3.1200 3.1850 3.2513 3.3189 3.3880 3.4585 3.5305 3.6040 3.6790 3.7555 3.8337 3.9135 3.9949 4.0781 4.1629 4.2496 4.3380 4.4283 4.5205 4.6145 4.7106 4.8086 4.9087 5.0109 5.1151 5.2216 5.3303 5.4412 5.5544 5.6700 5.7880 5.9085 6.0315 6.1570 6.2851 6.4159 6.5495 6.6858 6.8249 6.9670 7.1120 7.2600 7.4111 7.5653 7.7228 7.8835 8.0476 8.2150 8.3860 8.5605 8.7387 8.9206 9.1062 9.2957 9.4892 9.6867 9.8883 10.0941 10.3042 10.5186 10.7375 10.9610 11.1891 11.4220 11.6597 11.9023 12.1501 12.4029 12.6611 12.9246 13.1935 13.4681 13.7484 14.0346 14.3266 14.6248 14.9292 15.2399 15.5570 15.8808 16.2113 16.5487 16.8931 17.2447 17.6036 17.9700 18.3440 18.7257 19.1155 19.5133 19.9194 20.3340 20.7571 21.1891 21.6301 22.0803 22.5398 23.0089 23.4878 23.9766 24.4756 24.9850 25.5050 26.0358 26.5776 27.1308 27.6954 28.2718 28.8602 29.4608 30.0740 30.6999 31.3388 31.9910 32.6568 33.3365 34.0302 34.7385 35.4615 36.1995 36.9529 37.7219 38.5070 39.3084 40.1265 40.9616 41.8141 42.6843 43.5726 44.4795 45.4052 46.3501 47.3148 48.2995 49.3047 50.3308 51.3783 52.4476 53.5391 54.6534 55.7908 56.9519 58.1372 59.3472 60.5823 61.8431 63.1302 64.4440 65.7853 67.1544 68.5520 69.9787 71.4351 72.9218 74.4394 75.9886 77.5701 79.1845
#
#TIME: 1.3135
#NVEL: 115
#vel_mid[km/s] o0 o1 o2 o3 o4 o5 o6
4.2577e+02 2.9612e-33 3.6972e-24 5.8139e-16 2.7991e-09 2.3387e-04 1.6002e-01 8.3974e-01
8.5779e+02 5.0791e-23 7.9420e-16 1.5641e-09 9.4309e-05 9.8684e-02 8.4565e-01 5.5577e-02
8.7843e+02 5.0715e-23 7.9318e-16 1.5624e-09 9.4238e-05 9.8644e-02 8.4566e-01 5.5604e-02
9.1772e+02 5.0463e-23 7.8937e-16 1.5556e-09 9.3919e-05 9.8450e-02 8.4571e-01 5.5748e-02
9.7304e+02 4.9051e-23 7.6902e-16 1.5206e-09 9.2328e-05 9.7506e-02 8.4597e-01 5.6436e-02
1.0350e+03 4.5503e-23 7.1690e-16 1.4289e-09 8.8079e-05 9.4917e-02 8.4658e-01 5.8411e-02
1.1000e+03 3.6528e-23 5.8423e-16 1.1927e-09 7.6816e-05 8.7772e-02 8.4772e-01 6.4427e-02
1.1690e+03 2.0240e-23 3.3709e-16 7.3333e-10 5.3072e-05 7.0869e-02 8.4593e-01 8.3150e-02
1.2425e+03 5.6876e-24 1.0235e-16 2.5254e-10 2.3330e-05 4.3398e-02 8.1664e-01 1.3994e-01
1.3205e+03 7.3640e-25 1.4667e-17 4.3035e-11 5.7568e-06 1.7945e-02 6.9369e-01 2.8836e-01
1.4033e+03 5.4676e-26 1.2316e-18 4.3895e-12 9.0018e-07 5.1211e-03 4.5844e-01 5.3644e-01
1.4915e+03 3.8945e-27 9.9908e-20 4.2777e-13 1.3008e-07 1.2883e-03 2.4888e-01 7.4983e-01
1.5852e+03 3.1010e-28 9.1305e-21 4.6621e-14 2.0248e-08 3.2960e-04 1.2591e-01 8.7376e-01
1.6847e+03 2.2633e-29 7.7773e-22 4.7815e-15 2.9704e-09 7.9374e-05 5.9526e-02 9.4039e-01
1.7904e+03 1.4363e-30 5.9222e-23 4.4842e-16 4.0482e-10 1.8017e-05 2.6824e-02 9.7316e-01
1.9028e+03 8.3067e-32 4.2319e-24 4.0473e-17 5.3833e-11 4.0251e-06 1.1912e-02 9.8808e-01
2.0223e+03 4.9926e-33 3.1440e-25 3.7917e-18 7.3654e-12 9.1540e-07 5.3176e-03 9.9468e-01
2.1493e+03 3.1766e-34 2.4762e-26 3.7674e-19 1.0589e-12 2.1574e-07 2.4155e-03 9.9758e-01
2.2843e+03 2.6877e-35 2.5340e-27 4.7476e-20 1.8530e-13 5.8666e-08 1.1838e-03 9.9882e-01
2.4277e+03 3.6058e-36 3.9963e-28 8.9358e-21 4.5618e-14 2.0612e-08 6.6748e-04 9.9933e-01
2.5802e+03 9.0954e-37 1.1387e-28 2.9059e-21 1.7904e-14 1.0301e-08 4.5714e-04 9.9954e-01
2.7422e+03 5.1932e-37 6.9671e-29 1.9097e-21 1.2797e-14 8.1046e-09 4.0257e-04 9.9960e-01
2.9144e+03 7.9978e-37 1.0761e-28 2.9366e-21 1.8849e-14 1.1018e-08 4.7993e-04 9.9952e-01
3.0973e+03 4.0448e-36 5.0789e-28 1.2705e-20 6.7243e-14 2.9298e-08 8.2971e-04 9.9917e-01
3.2918e+03 8.3396e-35 9.3054e-27 2.0054e-19 7.4058e-13 1.8505e-07 2.3230e-03 9.9768e-01
3.4986e+03 1.0388e-32 8.7926e-25 1.3790e-17 2.7409e-11 2.8278e-06 1.0426e-02 9.8957e-01
3.7182e+03 4.4909e-30 2.3924e-22 2.2411e-15 1.9220e-09 6.5494e-05 5.6514e-02 9.4342e-01
3.9517e+03 2.9490e-27 1.0619e-19 6.1042e-13 2.0853e-07 2.0249e-03 3.1978e-01 6.7819e-01
4.1999e+03 4.7093e-24 1.5121e-16 5.6615e-10 5.5207e-05 8.2904e-02 8.5785e-01 5.9192e-02
4.4636e+03 1.3539e-21 3.7426e-14 7.9205e-08 2.1835e-03 5.5277e-01 4.4378e-01 1.2744e-03
4.7438e+03 1.3469e-20 3.3732e-13 5.1418e-07 7.5288e-03 8.0315e-01 1.8920e-01 1.1964e-04
5.0416e+03 2.2333e-20 5.5688e-13 7.8977e-07 9.8896e-03 8.4584e-01 1.4421e-01 6.0867e-05
5.3582e+03 1.7834e-20 4.6942e-13 7.0284e-07 9.2936e-03 8.3946e-01 1.5118e-01 6.7419e-05
5.6947e+03 1.6399e-20 4.5436e-13 7.0317e-07 9.3988e-03 8.4362e-01 1.4692e-01 6.2010e-05
6.0522e+03 2.2665e-20 6.3800e-13 9.4833e-07 1.1376e-02 8.6986e-01 1.1873e-01 3.6781e-05
6.4323e+03 5.1961e-20 1.4515e-12 1.8982e-06 1.7395e-02 9.1112e-01 7.1474e-02 1.1086e-05
6.8362e+03 1.8494e-19 5.0307e-12 5.3214e-06 3.2019e-02 9.3647e-01 3.1501e-02 1.7042e-06
7.2654e+03 8.7153e-19 2.2465e-11 1.7980e-05 6.4281e-02 9.2452e-01 1.1184e-02 1.7064e-07
7.7216e+03 5.8536e-18 1.3966e-10 7.7768e-05 1.4417e-01 8.5288e-01 2.8739e-03 9.0451e-09
8.2065e+03 8.4989e-17 1.7818e-09 5.6572e-04 3.8966e-01 6.0947e-01 3.0270e-04 8.9957e-11
8.7177e+03 5.0415e-15 8.0255e-08 8.4802e-03 8.8128e-01 1.1024e-01 1.4241e-06 4.7589e-15
9.2147e+03 2.0709e-12 1.7266e-05 2.3010e-01 7.6887e-01 1.0124e-03 1.7755e-11 1.8430e-23
9.6291e+03 3.2430e-10 1.0474e-03 9.5997e-01 3.8986e-02 1.4280e-07 4.4488e-19 1.2311e-35
9.9539e+03 1.8450e-08 2.0174e-02 9.7952e-01 3.0354e-04 1.4590e-12 2.3661e-28 0.0000e+00
1.0246e+04 1.4169e-06 3.9584e-01 6.0416e-01 6.5490e-07 1.2869e-18 1.9276e-39 0.0000e+00
1.0542e+04 1.9199e-05 9.8117e-01 1.8813e-02 1.6725e-11 1.5640e-27 0.0000e+00 0.0000e+00
1.0840e+04 2.0972e-04 9.9972e-01 7.0359e-05 9.5672e-18 4.2743e-39 0.0000e+00 0.0000e+00
1.1119e+04 2.6927e-03 9.9731e-01 1.5836e-07 1.6552e-24 0.0000e+00 0.0000e+00 0.0000e+00
1.1356e+04 2.7590e-02 9.7241e-01 5.7102e-10 1.0453e-30 0.0000e+00 0.0000e+00 0.0000e+00
1.1540e+04 2.0630e-01 7.9370e-01 2.2470e-12 1.0874e-36 0.0000e+00 0.0000e+00 0.0000e+00
1.1677e+04 6.2732e-01 3.7268e-01 7.1357e-15 1.2906e-42 0.0000e+00 0.0000e+00 0.0000e+00
1.1784e+04 8.8945e-01 1.1055e-01 2.4828e-17 0.0000e+00 0.0000e+00 0.0000e+00 0.0000e+00
1.1876e+04 9.6920e-01 3.0804e-02 1.6481e-19 0.0000e+00 0.0000e+00 0.0000e+00 0.0000e+00
1.1964e+04 9.9009e-01 9.9104e-03 2.2089e-21 0.0000e+00 0.0000e+00 0.0000e+00 0.0000e+00
1.2056e+04 9.9565e-01 4.3492e-03 7.3142e-23 0.0000e+00 0.0000e+00 0.0000e+00 0.0000e+00
1.2170e+04 9.9796e-01 2.0384e-03 3.3188e-24 0.0000e+00 0.0000e+00 0.0000e+00 0.0000e+00
1.2360e+04 9.9932e-01 6.8463e-04 4.4670e-26 0.0000e+00 0.0000e+00 0.0000e+00 0.0000e+00
1.2670e+04 9.9990e-01 1.0149e-04 2.7652e-29 0.0000e+00 0.0000e+00 0.0000e+00 0.0000e+00
1.3075e+04 9.9999e-01 1.2008e-05 7.6741e-33 0.0000e+00 0.0000e+00 0.0000e+00 0.0000e+00
1.3530e+04 1.0000e+00 1.3033e-06 1.5119e-36 0.0000e+00 0.0000e+00 0.0000e+00 0.0000e+00
1.4013e+04 1.0000e+00 1.4106e-07 2.8056e-40 0.0000e+00 0.0000e+00 0.0000e+00 0.0000e+00
1.4509e+04 1.0000e+00 1.5896e-08 6.0256e-44 0.0000e+00 0.0000e+00 0.0000e+00 0.0000e+00
1.5002e+04 1.0000e+00 1.9428e-09 0.0000e+00 0.0000e+00 0.0000e+00 0.0000e+00 0.0000e+00
1.5476e+04 1.0000e+00 2.9475e-10 0.0000e+00 0.0000e+00 0.0000e+00 0.0000e+00 0.0000e+00
1.5924e+04 1.0000e+00 5.9665e-11 0.0000e+00 0.0000e+00 0.0000e+00 0.0000e+00 0.0000e+00
1.6356e+04 1.0000e+00 1.5522e-11 0.0000e+00 0.0000e+00 0.0000e+00 0.0000e+00 0.0000e+00
1.6776e+04 1.0000e+00 4.4858e-12 0.0000e+00 0.0000e+00 0.0000e+00 0.0000e+00 0.0000e+00
1.7184e+04 1.0000e+00 1.4600e-12 0.0000e+00 0.0000e+00 0.0000e+00 0.0000e+00 0.0000e+00
1.7580e+04 1.0000e+00 5.8346e-13 0.0000e+00 0.0000e+00 0.0000e+00 0.0000e+00 0.0000e+00
1.7990e+04 1.0000e+00 2.7267e-13 0.0000e+00 0.0000e+00 0.0000e+00 0.0000e+00 0.0000e+00
1.8458e+04 1.0000e+00 1.0699e-13 0.0000e+00 0.0000e+00 0.0000e+00 0.0000e+00 0.0000e+00
1.9085e+04 1.0000e+00 2.7123e-14 0.0000e+00 0.0000e+00 0.0000e+00 0.0000e+00 0.0000e+00
2.0000e+04 1.0000e+00 4.9823e-15 0.0000e+00 0.0000e+00 0.0000e+00 0.0000e+00 0.0000e+00
2.1194e+04 1.0000e+00 1.2803e-14 0.0000e+00 0.0000e+00 0.0000e+00 0.0000e+00 0.0000e+00
2.2528e+04 1.0000e+00 4.6309e-14 0.0000e+00 0.0000e+00 0.0000e+00 0.0000e+00 0.0000e+00
2.3943e+04 1.0000e+00 1.5062e-13 0.0000e+00 0.0000e+00 0.0000e+00 0.0000e+00 0.0000e+00
2.5446e+04 1.0000e+00 3.1457e-13 0.0000e+00 0.0000e+00 0.0000e+00 0.0000e+00 0.0000e+00
2.7044e+04 1.0000e+00 5.8978e-13 0.0000e+00 0.0000e+00 0.0000e+00 0.0000e+00 0.0000e+00
2.8744e+04 1.0000e+00 1.1994e-12 0.0000e+00 0.0000e+00 0.0000e+00 0.0000e+00 0.0000e+00
3.0520e+04 1.0000e+00 2.2881e-12 0.0000e+00 0.0000e+00 0.0000e+00 0.0000e+00 0.0000e+00
3.2244e+04 1.0000e+00 3.4184e-12 0.0000e+00 0.0000e+00 0.0000e+00 0.0000e+00 0.0000e+00
3.3773e+04 1.0000e+00 4.5721e-12 0.0000e+00 0.0000e+00 0.0000e+00 0.0000e+00 0.0000e+00
3.5108e+04 1.0000e+00 6.4909e-12 0.0000e+00 0.0000e+00 0.0000e+00 0.0000e+00 0.0000e+00
3.6326e+04 1.0000e+00 9.5394e-12 0.0000e+00 0.0000e+00 0.0000e+00 0.0000e+00 0.0000e+00
3.7486e+04 1.0000e+00 1.3867e-11 0.0000e+00 0.0000e+00 0.0000e+00 0.0000e+00 0.0000e+00
3.8628e+04 1.0000e+00 1.9333e-11 0.0000e+00 0.0000e+00 0.0000e+00 0.0000e+00 0.0000e+00
3.9769e+04 1.0000e+00 2.6221e-11 0.0000e+00 0.0000e+00 0.0000e+00 0.0000e+00 0.0000e+00
4.0916e+04 1.0000e+00 3.5140e-11 0.0000e+00 0.0000e+00 0.0000e+00 0.0000e+00 0.0000e+00
4.2074e+04 1.0000e+00 4.6945e-11 0.0000e+00 0.0000e+00 0.0000e+00 0.0000e+00 0.0000e+00
4.3252e+04 1.0000e+00 6.2543e-11 0.0000e+00 0.0000e+00 0.0000e+00 0.0000e+00 0.0000e+00
4.4454e+04 1.0000e+00 8.3124e-11 0.0000e+00 0.0000e+00 0.0000e+00 0.0000e+00 0.0000e+00
4.5683e+04 1.0000e+00 1.1115e-10 0.0000e+00 0.0000e+00 0.0000e+00 0.0000e+00 0.0000e+00
4.6942e+04 1.0000e+00 1.4881e-10 0.0000e+00 0.0000e+00 0.0000e+00 0.0000e+00 0.0000e+00
4.8231e+04 1.0000e+00 1.9959e-10 0.0000e+00 0.0000e+00 0.0000e+00 0.0000e+00 0.0000e+00
4.9550e+04 1.0000e+00 2.6824e-10 0.0000e+00 0.0000e+00 0.0000e+00 0.0000e+00 0.0000e+00
5.0900e+04 1.0000e+00 3.5998e-10 0.0000e+00 0.0000e+00 0.0000e+00 0.0000e+00 0.0000e+00
5.2277e+04 1.0000e+00 4.8443e-10 0.0000e+00 0.0000e+00 0.0000e+00 0.0000e+00 0.0000e+00
5.3682e+04 1.0000e+00 6.4778e-10 0.0000e+00 0.0000e+00 0.0000e+00 0.0000e+00 0.0000e+00
5.5110e+04 1.0000e+00 8.6338e-10 0.0000e+00 0.0000e+00 0.0000e+00 0.0000e+00 0.0000e+00
5.6562e+04 1.0000e+00 1.1478e-09 0.0000e+00 0.0000e+00 0.0000e+00 0.0000e+00 0.0000e+00
5.8030e+04 1.0000e+00 1.5148e-09 0.0000e+00 0.0000e+00 0.0000e+00 0.0000e+00 0.0000e+00
5.9510e+04 1.0000e+00 1.9855e-09 0.0000e+00 0.0000e+00 0.0000e+00 0.0000e+00 0.0000e+00
6.0994e+04 1.0000e+00 2.5738e-09 0.0000e+00 0.0000e+00 0.0000e+00 0.0000e+00 0.0000e+00
6.2466e+04 1.0000e+00 3.3055e-09 0.0000e+00 0.0000e+00 0.0000e+00 0.0000e+00 0.0000e+00
6.3912e+04 1.0000e+00 4.1789e-09 0.0000e+00 0.0000e+00 0.0000e+00 0.0000e+00 0.0000e+00
6.5312e+04 1.0000e+00 5.1960e-09 0.0000e+00 0.0000e+00 0.0000e+00 0.0000e+00 0.0000e+00
6.6639e+04 1.0000e+00 6.3331e-09 0.0000e+00 0.0000e+00 0.0000e+00 0.0000e+00 0.0000e+00
6.7870e+04 1.0000e+00 7.5586e-09 0.0000e+00 0.0000e+00 0.0000e+00 0.0000e+00 0.0000e+00
6.8864e+04 1.0000e+00 8.8151e-09 0.0000e+00 0.0000e+00 0.0000e+00 0.0000e+00 0.0000e+00
6.9460e+04 1.0000e+00 9.4044e-09 0.0000e+00 0.0000e+00 0.0000e+00 0.0000e+00 0.0000e+00
6.9745e+04 1.0000e+00 9.6779e-09 0.0000e+00 0.0000e+00 0.0000e+00 0.0000e+00 0.0000e+00
6.9888e+04 1.0000e+00 9.9046e-09 0.0000e+00 0.0000e+00 0.0000e+00 0.0000e+00 0.0000e+00
6.9960e+04 1.0000e+00 9.9287e-09 0.0000e+00 0.0000e+00 0.0000e+00 0.0000e+00 0.0000e+00
6.9991e+04 1.0000e+00 9.9922e-09 0.0000e+00 0.0000e+00 0.0000e+00 0.0000e+00 0.0000e+00
7.0000e+04 1.0000e+00 2.0771e-08 0.0000e+00 0.0000e+00 0.0000e+00 0.0000e+00 0.0000e+00
#
#TIME: 1.3409
#NVEL: 115
#vel_mid[km/s] o0 o1 o2 o3 o4 o5 o6
4.2577e+02 2.0801e-33 2.7574e-24 4.6043e-16 2.3546e-09 2.0901e-04 1.5198e-01 8.4781e-01
8.5779e+02 2.7263e-23 4.6267e-16 1.0021e-09 6.8440e-05 8.2911e-02 8.4868e-01 6.8338e-02
8.7843e+02 2.7536e-23 4.6703e-16 1.0105e-09 6.8881e-05 8.3221e-02 8.4868e-01 6.8026e-02
9.1772e+02 2.7346e-23 4.6394e-16 1.0044e-09 6.8562e-05 8.2995e-02 8.4868e-01 6.8255e-02
9.7304e+02 2.6333e-23 4.4805e-16 9.7420e-10 6.6998e-05 8.1904e-02 8.4868e-01 6.9354e-02
1.0350e+03 2.4638e-23 4.2099e-16 9.2179e-10 6.4234e-05 7.9931e-02 8.4858e-01 7.1427e-02
1.1000e+03 1.9909e-23 3.4515e-16 7.7321e-10 5.6194e-05 7.3970e-02 8.4768e-01 7.8295e-02
1.1690e+03 1.1076e-23 1.9981e-16 4.7630e-10 3.8815e-05 5.9551e-02 8.4044e-01 9.9974e-02
1.2425e+03 3.1516e-24 6.1319e-17 1.6520e-10 1.7091e-05 3.6276e-02 7.9969e-01 1.6402e-01
1.3205e+03 4.0227e-25 8.6558e-18 2.7662e-11 4.1302e-06 1.4634e-02 6.5931e-01 3.2606e-01
1.4033e+03 2.8635e-26 6.9738e-19 2.7054e-12 6.1871e-07 3.9978e-03 4.1668e-01 5.7932e-01
1.4915e+03 1.9736e-27 5.4795e-20 2.5529e-13 8.6507e-08 9.7233e-04 2.1841e-01 7.8062e-01
1.5852e+03 1.5736e-28 5.0147e-21 2.7830e-14 1.3425e-08 2.4695e-04 1.0902e-01 8.9073e-01
1.6847e+03 1.1437e-29 4.2598e-22 2.8482e-15 1.9637e-09 5.9211e-05 5.1186e-02 9.4875e-01
1.7904e+03 7.2217e-31 3.2338e-23 2.6669e-16 2.6726e-10 1.3416e-05 2.2996e-02 9.7699e-01
1.9028e+03 4.2170e-32 2.3350e-24 2.4329e-17 3.5865e-11 3.0170e-06 1.0240e-02 9.8976e-01
2.0223e+03 2.5609e-33 1.7527e-25 2.3022e-18 4.9485e-12 6.9029e-07 4.5841e-03 9.9542e-01
2.1493e+03 1.6586e-34 1.4033e-26 2.3223e-19 7.2029e-13 1.6413e-07 2.0917e-03 9.9791e-01
2.2843e+03 1.4226e-35 1.4541e-27 2.9598e-20 1.2722e-13 4.4924e-08 1.0285e-03 9.9897e-01
2.4277e+03 1.9187e-36 2.3054e-28 5.6015e-21 3.1470e-14 1.5841e-08 5.8100e-04 9.9942e-01
2.5802e+03 4.7919e-37 6.5140e-29 1.8092e-21 1.2286e-14 7.8866e-09 3.9710e-04 9.9960e-01
2.7422e+03 2.7100e-37 3.9517e-29 1.1803e-21 8.7297e-15 6.1783e-09 3.4888e-04 9.9965e-01
2.9144e+03 4.1107e-37 6.0171e-29 1.7911e-21 1.2714e-14 8.3284e-09 4.1399e-04 9.9959e-01
3.0973e+03 2.0392e-36 2.7878e-28 7.6114e-21 4.4657e-14 2.1889e-08 7.1121e-04 9.9929e-01
3.2918e+03 4.1796e-35 5.0757e-27 1.1933e-19 4.8899e-13 1.3769e-07 1.9874e-03 9.9801e-01
3.4986e+03 5.0842e-33 4.6876e-25 8.0309e-18 1.7781e-11 2.0779e-06 8.8653e-03 9.9113e-01
3.7182e+03 2.1116e-30 1.2261e-22 1.2574e-15 1.2094e-09 4.7118e-05 4.7663e-02 9.5229e-01
3.9517e+03 1.4134e-27 5.5282e-20 3.4779e-13 1.3377e-07 1.4945e-03 2.7952e-01 7.1899e-01
4.1999e+03 2.5366e-24 8.8355e-17 3.6391e-10 4.0150e-05 6.9649e-02 8.5807e-01 7.2238e-02
4.4636e+03 7.9389e-22 2.3731e-14 5.5398e-08 1.7324e-03 5.0816e-01 4.8838e-01 1.7232e-03
4.7438e+03 8.3719e-21 2.2643e-13 3.8048e-07 6.3028e-03 7.7589e-01 2.1764e-01 1.6798e-04
5.0416e+03 1.4344e-20 3.8558e-13 6.0049e-07 8.4474e-03 8.2595e-01 1.6551e-01 8.3933e-05
5.3582e+03 1.1682e-20 3.3100e-13 5.4232e-07 8.0072e-03 8.2021e-01 1.7169e-01 9.0743e-05
5.6947e+03 1.0765e-20 3.2104e-13 5.4357e-07 8.1093e-03 8.2495e-01 1.6686e-01 8.3382e-05
6.0522e+03 1.5002e-20 4.5431e-13 7.3841e-07 9.8767e-03 8.5480e-01 1.3528e-01 4.9515e-05
6.4323e+03 3.4806e-20 1.0452e-12 1.4938e-06 1.5248e-02 9.0276e-01 8.1975e-02 1.4995e-05
6.8362e+03 1.2412e-19 3.6288e-12 4.2004e-06 2.8210e-02 9.3521e-01 3.6572e-02 2.3461e-06
7.2654e+03 5.8726e-19 1.6261e-11 1.4252e-05 5.6940e-02 9.2993e-01 1.3118e-02 2.3825e-07
7.7216e+03 4.0000e-18 1.0244e-10 6.2438e-05 1.2925e-01 8.6728e-01 3.4044e-03 1.2740e-08
8.2065e+03 5.8865e-17 1.3265e-09 4.6299e-04 3.5832e-01 6.4084e-01 3.7512e-04 1.3444e-10
8.7177e+03 3.7314e-15 6.3846e-08 7.4236e-03 8.6814e-01 1.2443e-01 1.9026e-06 7.7072e-15
9.2147e+03 1.5331e-12 1.3836e-05 2.0596e-01 7.9279e-01 1.2336e-03 2.6804e-11 3.5647e-23
9.6291e+03 2.6337e-10 9.2339e-04 9.5372e-01 4.5359e-02 2.0122e-07 8.0831e-19 3.0090e-35
9.9539e+03 1.4599e-08 1.7547e-02 9.8208e-01 3.6880e-04 2.2518e-12 5.0499e-28 0.0000e+00
1.0246e+04 1.1681e-06 3.5961e-01 6.4039e-01 8.5947e-07 2.2202e-18 4.8503e-39 0.0000e+00
1.0542e+04 1.7082e-05 9.7746e-01 2.2520e-02 2.5818e-11 3.3579e-27 0.0000e+00 0.0000e+00
1.0840e+04 1.8119e-04 9.9973e-01 9.1684e-05 1.8219e-17 1.3503e-38 0.0000e+00 0.0000e+00
1.1119e+04 2.2403e-03 9.9776e-01 2.2688e-07 4.0053e-24 0.0000e+00 0.0000e+00 0.0000e+00
1.1356e+04 2.2136e-02 9.7786e-01 9.2977e-10 3.5008e-30 0.0000e+00 0.0000e+00 0.0000e+00
1.1540e+04 1.6318e-01 8.3682e-01 4.6669e-12 6.3928e-36 0.0000e+00 0.0000e+00 0.0000e+00
1.1677e+04 5.4682e-01 4.5318e-01 2.1021e-14 1.5336e-41 0.0000e+00 0.0000e+00 0.0000e+00
1.1784e+04 8.4452e-01 1.5548e-01 9.7236e-17 0.0000e+00 0.0000e+00 0.0000e+00 0.0000e+00
1.1876e+04 9.4924e-01 5.0756e-02 9.8560e-19 0.0000e+00 0.0000e+00 0.0000e+00 0.0000e+00
1.1964e+04 9.8313e-01 1.6865e-02 1.3746e-20 0.0000e+00 0.0000e+00 0.0000e+00 0.0000e+00
1.2056e+04 9.9256e-01 7.4385e-03 4.5504e-22 0.0000e+00 0.0000e+00 0.0000e+00 0.0000e+00
1.2170e+04 9.9677e-01 3.2347e-03 1.5740e-23 0.0000e+00 0.0000e+00 0.0000e+00 0.0000e+00
1.2360e+04 9.9900e-01 1.0023e-03 1.5893e-25 0.0000e+00 0.0000e+00 0.0000e+00 0.0000e+00
1.2670e+04 9.9985e-01 1.5230e-04 1.0740e-28 0.0000e+00 0.0000e+00 0.0000e+00 0.0000e+00
1.3075e+04 9.9998e-01 1.6481e-05 2.1880e-32 0.0000e+00 0.0000e+00 0.0000e+00 0.0000e+00
1.3530e+04 1.0000e+00 1.9513e-06 6.0193e-36 0.0000e+00 0.0000e+00 0.0000e+00 0.0000e+00
1.4013e+04 1.0000e+00 1.5227e-07 3.3990e-40 0.0000e+00 0.0000e+00 0.0000e+00 0.0000e+00
1.4509e+04 1.0000e+00 2.1886e-08 1.7796e-43 0.0000e+00 0.0000e+00 0.0000e+00 0.0000e+00
1.5002e+04 1.0000e+00 3.0704e-09 0.0000e+00 0.0000e+00 0.0000e+00 0.0000e+00 0.0000e+00
1.5476e+04 1.0000e+00 5.2246e-10 0.0000e+00 0.0000e+00 0.0000e+00 0.0000e+00 0.0000e+00
1.5924e+04 1.0000e+00 1.3459e-10 0.0000e+00 0.0000e+00 0.0000e+00 0.0000e+00 0.0000e+00
1.6356e+04 1.0000e+00 4.1217e-11 0.0000e+00 0.0000e+00 0.0000e+00 0.0000e+00 0.0000e+00
1.6776e+04 1.0000e+00 1.6207e-11 0.0000e+00 0.0000e+00 0.0000e+00 0.0000e+00 0.0000e+00
1.7184e+04 1.0000e+00 7.1133e-12 0.0000e+00 0.0000e+00 0.0000e+00 0.0000e+00 0.0000e+00
1.7580e+04 1.0000e+00 3.5538e-12 0.0000e+00 0.0000e+00 0.0000e+00 0.0000e+00 0.0000e+00
1.7990e+04 1.0000e+00 1.7228e-12 0.0000e+00 0.0000e+00 0.0000e+00 0.0000e+00 0.0000e+00
1.8458e+04 1.0000e+00 9.4023e-13 0.0000e+00 0.0000e+00 0.0000e+00 0.0000e+00 0.0000e+00
1.9085e+04 1.0000e+00 4.3994e-13 0.0000e+00 0.0000e+00 0.0000e+00 0.0000e+00 0.0000e+00
2.0000e+04 1.0000e+00 3.2566e-13 0.0000e+00 0.0000e+00 0.0000e+00 0.0000e+00 0.0000e+00
2.1194e+04 1.0000e+00 4.3691e-13 0.0000e+00 0.0000e+00 0.0000e+00 0.0000e+00 0.0000e+00
2.2528e+04 1.0000e+00 3.4678e-13 0.0000e+00 0.0000e+00 0.0000e+00 0.0000e+00 0.0000e+00
2.3943e+04 1.0000e+00 2.0712e-12 0.0000e+00 0.0000e+00 0.0000e+00 0.0000e+00 0.0000e+00
2.5446e+04 1.0000e+00 1.6773e-12 0.0000e+00 0.0000e+00 0.0000e+00 0.0000e+00 0.0000e+00
2.7044e+04 1.0000e+00 1.9304e-11 0.0000e+00 0.0000e+00 0.0000e+00 0.0000e+00 0.0000e+00
2.8744e+04 1.0000e+00 9.1101e-12 0.0000e+00 0.0000e+00 0.0000e+00 0.0000e+00 0.0000e+00
3.0520e+04 1.0000e+00 1.0314e-10 0.0000e+00 0.0000e+00 0.0000e+00 0.0000e+00 0.0000e+00
3.2244e+04 1.0000e+00 4.2690e-11 0.0000e+00 0.0000e+00 0.0000e+00 0.0000e+00 0.0000e+00
3.3773e+04 1.0000e+00 1.1200e-10 0.0000e+00 0.0000e+00 0.0000e+00 0.0000e+00 0.0000e+00
3.5108e+04 1.0000e+00 7.4790e-10 0.0000e+00 0.0000e+00 0.0000e+00 0.0000e+00 0.0000e+00
3.6326e+04 1.0000e+00 1.2412e-13 0.0000e+00 0.0000e+00 0.0000e+00 0.0000e+00 0.0000e+00
3.7486e+04 1.0000e+00 9.6035e-10 0.0000e+00 0.0000e+00 0.0000e+00 0.0000e+00 0.0000e+00
3.8628e+04 1.0000e+00 1.0776e-11 0.0000e+00 0.0000e+00 0.0000e+00 0.0000e+00 0.0000e+00
3.9769e+04 1.0000e+00 2.1128e-12 0.0000e+00 0.0000e+00 0.0000e+00 0.0000e+00 0.0000e+00
4.0916e+04 1.0000e+00 4.0869e-06 4.9045e-44 0.0000e+00 0.0000e+00 0.0000e+00 0.0000e+00
4.2074e+04 1.0000e+00 4.6596e-10 0.0000e+00 0.0000e+00 0.0000e+00 0.0000e+00 0.0000e+00
4.3252e+04 1.0000e+00 4.8210e-11 0.0000e+00 0.0000e+00 0.0000e+00 0.0000e+00 0.0000e+00
4.4454e+04 9.9952e-01 4.8097e-04 1.7725e-35 0.0000e+00 0.0000e+00 0.0000e+00 0.0000e+00
4.5683e+04 1.0000e+00 1.1540e-06 0.0000e+00 0.0000e+00 0.0000e+00 0.0000e+00 0.0000e+00
4.6942e+04 1.0000e+00 2.9203e-13 0.0000e+00 0.0000e+00 0.0000e+00 0.0000e+00 0.0000e+00
4.8231e+04 1.0000e+00 1.0148e-06 0.0000e+00 0.0000e+00 0.0000e+00 0.0000e+00 0.0000e+00
4.9550e+04 9.9998e-01 1.9571e-05 1.2780e-42 0.0000e+00 0.0000e+00 0.0000e+00 0.0000e+00
5.0900e+04 1.0000e+00 2.0561e-08 0.0000e+00 0.0000e+00 0.0000e+00 0.0000e+00 0.0000e+00
5.2277e+04 1.0000e+00 5.4737e-09 0.0000e+00 0.0000e+00 0.0000e+00 0.0000e+00 0.0000e+00
5.3682e+04 1.0000e+00 6.0054e-14 0.0000e+00 0.0000e+00 0.0000e+00 0.0000e+00 0.0000e+00
5.5110e+04 1.0000e+00 2.0697e-07 0.0000e+00 0.0000e+00 0.0000e+00 0.0000e+00 0.0000e+00
5.6562e+04 1.0000e+00 2.7209e-11 0.0000e+00 0.0000e+00 0.0000e+00 0.0000e+00 0.0000e+00
5.8030e+04 1.0000e+00 3.1892e-09 0.0000e+00 0.0000e+00 0.0000e+00 0.0000e+00 0.0000e+00
5.9510e+04 1.0000e+00 6.0605e-09 0.0000e+00 0.0000e+00 0.0000e+00 0.0000e+00 0.0000e+00
6.0994e+04 1.0000e+00 4.3728e-11 0.0000e+00 0.0000e+00 0.0000e+00 0.0000e+00 0.0000e+00
6.2466e+04 1.0000e+00 3.2838e-07 0.0000e+00 0.0000e+00 0.0000e+00 0.0000e+00 0.0000e+00
6.3912e+04 9.9850e-01 1.4953e-03 7.7537e-37 0.0000e+00 0.0000e+00 0.0000e+00 0.0000e+00
6.5312e+04 1.0000e+00 2.8697e-06 0.0000e+00 0.0000e+00 0.0000e+00 0.0000e+00 0.0000e+00
6.6639e+04 1.0000e+00 2.9238e-07 0.0000e+00 0.0000e+00 0.0000e+00 0.0000e+00 0.0000e+00
6.7870e+04 1.0000e+00 1.9549e-09 0.0000e+00 0.0000e+00 0.0000e+00 0.0000e+00 0.0000e+00
6.8864e+04 1.0000e+00 4.3011e-10 0.0000e+00 0.0000e+00 0.0000e+00 0.0000e+00 0.0000e+00
6.9460e+04 1.0000e+00 1.7256e-13 0.0000e+00 0.0000e+00 0.0000e+00 0.0000e+00 0.0000e+00
6.9745e+04 1.0000e+00 2.0185e-15 0.0000e+00 0.0000e+00 0.0000e+00 0.0000e+00 0.0000e+00
6.9888e+04 1.0000e+00 4.4605e-15 0.0000e+00 0.0000e+00 0.0000e+00 0.0000e+00 0.0000e+00
6.9960e+04 1.0000e+00 5.3251e-14 0.0000e+00 0.0000e+00 0.0000e+00 0.0000e+00 0.0000e+00
6.9991e+04 1.0000e+00 5.0063e-14 0.0000e+00 0.0000e+00 0.0000e+00 0.0000e+00 0.0000e+00
7.0000e+04 1.0000e+00 9.3516e-14 0.0000e+00 0.0000e+00 0.0000e+00 0.0000e+00 0.0000e+00
#
#TIME: 1.3688
#NVEL: 115
#vel_mid[km/s] o0 o1 o2 o3 o4 o5 o6
4.2577e+02 5.7022e-33 7.5630e-24 1.2096e-15 5.3944e-09 3.8967e-04 2.0870e-01 7.9091e-01
8.5779e+02 4.3449e-23 7.4443e-16 1.5766e-09 9.8142e-05 1.0287e-01 8.4557e-01 5.1464e-02
8.7843e+02 5.0553e-23 8.5754e-16 1.7864e-09 1.0785e-04 1.0851e-01 8.4342e-01 4.7958e-02
9.1772e+02 4.9335e-23 8.3809e-16 1.7504e-09 1.0620e-04 1.0756e-01 8.4381e-01 4.8523e-02
9.7304e+02 4.6826e-23 7.9853e-16 1.6778e-09 1.0287e-04 1.0566e-01 8.4456e-01 4.9682e-02
1.0350e+03 4.4758e-23 7.6546e-16 1.6161e-09 1.0000e-04 1.0397e-01 8.4518e-01 5.0747e-02
1.1000e+03 3.5936e-23 6.2390e-16 1.3495e-09 8.7275e-05 9.6245e-02 8.4758e-01 5.6088e-02
1.1690e+03 2.0032e-23 3.6196e-16 8.3443e-10 6.0624e-05 7.8085e-02 8.4924e-01 7.2616e-02
1.2425e+03 5.6688e-24 1.1060e-16 2.8951e-10 2.6873e-05 4.8252e-02 8.2813e-01 1.2359e-01
1.3205e+03 7.2880e-25 1.5741e-17 4.9185e-11 6.6492e-06 2.0146e-02 7.1716e-01 2.6269e-01
1.4033e+03 5.3190e-26 1.2999e-18 4.9576e-12 1.0363e-06 5.7928e-03 4.8488e-01 5.0933e-01
1.4915e+03 3.6573e-27 1.0191e-19 4.6907e-13 1.4674e-07 1.4454e-03 2.6551e-01 7.3304e-01
1.5852e+03 2.9218e-28 9.3302e-21 5.1231e-14 2.2926e-08 3.7183e-04 1.3543e-01 8.6420e-01
1.6847e+03 2.0748e-29 7.7303e-22 5.1186e-15 3.2924e-09 8.8244e-05 6.3701e-02 9.3621e-01
1.7904e+03 1.2931e-30 5.7747e-23 4.7101e-16 4.4160e-10 1.9799e-05 2.8555e-02 9.7143e-01
1.9028e+03 7.3321e-32 4.0435e-24 4.1666e-17 5.7731e-11 4.3675e-06 1.2598e-02 9.8740e-01
2.0223e+03 4.2915e-33 2.9267e-25 3.8066e-18 7.7326e-12 9.7771e-07 5.5769e-03 9.9442e-01
2.1493e+03 2.6404e-34 2.2323e-26 3.6693e-19 1.0836e-12 2.2612e-07 2.5078e-03 9.9749e-01
2.2843e+03 2.1512e-35 2.2045e-27 4.4719e-20 1.8435e-13 6.0218e-08 1.2153e-03 9.9878e-01
2.4277e+03 2.8180e-36 3.3980e-28 8.2342e-21 4.4535e-14 2.0861e-08 6.8004e-04 9.9932e-01
2.5802e+03 6.9228e-37 9.4426e-29 2.6150e-21 1.7125e-14 1.0266e-08 4.6185e-04 9.9954e-01
2.7422e+03 3.8955e-37 5.6988e-29 1.6969e-21 1.2109e-14 8.0120e-09 4.0490e-04 9.9960e-01
2.9144e+03 5.9460e-37 8.7326e-29 2.5921e-21 1.7741e-14 1.0848e-08 4.8161e-04 9.9952e-01
3.0973e+03 3.0394e-36 4.1664e-28 1.1338e-20 6.3908e-14 2.9057e-08 8.3585e-04 9.9916e-01
3.2918e+03 6.6617e-35 8.0906e-27 1.8909e-19 7.3755e-13 1.9004e-07 2.3849e-03 9.9761e-01
3.4986e+03 8.9827e-33 8.2488e-25 1.3968e-17 2.8994e-11 3.0371e-06 1.0965e-02 9.8903e-01
3.7182e+03 3.9184e-30 2.2707e-22 2.2983e-15 2.0537e-09 7.0845e-05 5.9600e-02 9.4033e-01
3.9517e+03 2.6379e-27 1.0359e-19 6.4211e-13 2.2699e-07 2.2111e-03 3.3586e-01 6.6192e-01
4.1999e+03 4.7509e-24 1.6556e-16 6.5414e-10 6.3702e-05 9.1715e-02 8.5730e-01 5.0927e-02
4.4636e+03 1.4155e-21 4.2492e-14 9.3310e-08 2.5055e-03 5.8892e-01 4.0763e-01 9.5146e-04
4.7438e+03 1.4542e-20 3.9439e-13 6.1532e-07 8.5964e-03 8.2915e-01 1.6217e-01 7.9595e-05
5.0416e+03 2.5074e-20 6.7503e-13 9.7125e-07 1.1441e-02 8.6868e-01 1.1984e-01 3.8050e-05
5.3582e+03 2.0806e-20 5.8960e-13 8.8980e-07 1.0948e-02 8.6537e-01 1.2364e-01 4.0492e-05
5.6947e+03 1.9221e-20 5.7320e-13 8.9312e-07 1.1090e-02 8.6915e-01 1.1972e-01 3.6968e-05
6.0522e+03 2.6866e-20 8.1349e-13 1.2131e-06 1.3445e-02 8.9130e-01 9.5236e-02 2.1314e-05
6.4323e+03 6.1851e-20 1.8592e-12 2.4305e-06 2.0472e-02 9.2339e-01 5.6125e-02 6.2093e-06
6.8362e+03 2.2121e-19 6.4813e-12 6.8258e-06 3.7534e-02 9.3829e-01 2.4165e-02 9.1874e-07
7.2654e+03 1.0576e-18 2.9376e-11 2.3275e-05 7.5387e-02 9.1625e-01 8.3369e-03 8.7440e-08
7.7216e+03 7.2626e-18 1.8651e-10 1.0189e-04 1.6882e-01 8.2903e-01 2.0452e-03 4.2800e-09
8.2065e+03 1.0395e-16 2.3408e-09 7.2233e-04 4.3882e-01 5.6026e-01 1.9846e-04 3.7991e-11
8.7177e+03 5.9965e-15 1.0182e-07 1.0214e-02 9.0209e-01 8.7694e-02 7.4925e-07 1.4708e-15
9.2147e+03 2.4611e-12 2.1579e-05 2.6687e-01 7.3239e-01 7.1564e-04 7.7102e-12 4.3055e-24
9.6291e+03 3.4932e-10 1.1682e-03 9.6793e-01 3.0898e-02 7.8679e-08 1.3565e-19 1.7802e-36
9.9539e+03 2.1037e-08 2.3204e-02 9.7657e-01 2.2357e-04 6.8267e-13 5.3593e-29 0.0000e+00
1.0246e+04 1.6014e-06 4.4288e-01 5.5712e-01 4.1168e-07 4.5495e-19 2.7481e-40 0.0000e+00
1.0542e+04 2.0328e-05 9.8576e-01 1.4222e-02 7.5452e-12 3.2844e-28 0.0000e+00 0.0000e+00
1.0840e+04 2.1994e-04 9.9973e-01 5.3078e-05 4.3422e-18 9.0848e-40 0.0000e+00 0.0000e+00
1.1119e+04 2.9038e-03 9.9710e-01 1.1091e-07 6.2323e-25 0.0000e+00 0.0000e+00 0.0000e+00
1.1356e+04 3.0255e-02 9.6975e-01 3.7466e-10 3.3351e-31 0.0000e+00 0.0000e+00 0.0000e+00
1.1540e+04 2.2800e-01 7.7200e-01 1.2935e-12 2.5638e-37 0.0000e+00 0.0000e+00 0.0000e+00
1.1677e+04 6.5771e-01 3.4229e-01 3.7037e-15 2.5223e-43 0.0000e+00 0.0000e+00 0.0000e+00
1.1784e+04 9.0543e-01 9.4574e-02 1.0890e-17 0.0000e+00 0.0000e+00 0.0000e+00 0.0000e+00
1.1876e+04 9.7477e-01 2.5232e-02 6.5678e-20 0.0000e+00 0.0000e+00 0.0000e+00 0.0000e+00
1.1964e+04 9.9286e-01 7.1417e-03 5.6785e-22 0.0000e+00 0.0000e+00 0.0000e+00 0.0000e+00
1.2056e+04 9.9677e-01 3.2277e-03 2.0999e-23 0.0000e+00 0.0000e+00 0.0000e+00 0.0000e+00
1.2170e+04 9.9858e-01 1.4154e-03 7.5169e-25 0.0000e+00 0.0000e+00 0.0000e+00 0.0000e+00
1.2360e+04 9.9958e-01 4.1869e-04 6.4270e-27 0.0000e+00 0.0000e+00 0.0000e+00 0.0000e+00
1.2670e+04 9.9994e-01 6.2869e-05 4.1650e-30 0.0000e+00 0.0000e+00 0.0000e+00 0.0000e+00
1.3075e+04 9.9999e-01 6.3460e-06 6.4139e-34 0.0000e+00 0.0000e+00 0.0000e+00 0.0000e+00
1.3530e+04 1.0000e+00 5.2363e-07 4.5053e-38 0.0000e+00 0.0000e+00 0.0000e+00 0.0000e+00
1.4013e+04 1.0000e+00 2.4191e-08 3.6154e-43 0.0000e+00 0.0000e+00 0.0000e+00 0.0000e+00
1.4509e+04 1.0000e+00 3.5418e-09 0.0000e+00 0.0000e+00 0.0000e+00 0.0000e+00 0.0000e+00
1.5002e+04 1.0000e+00 5.4981e-10 0.0000e+00 0.0000e+00 0.0000e+00 0.0000e+00 0.0000e+00
1.5476e+04 1.0000e+00 9.5604e-11 0.0000e+00 0.0000e+00 0.0000e+00 0.0000e+00 0.0000e+00
1.5924e+04 1.0000e+00 2.5069e-11 0.0000e+00 0.0000e+00 0.0000e+00 0.0000e+00 0.0000e+00
1.6356e+04 1.0000e+00 8.8233e-12 0.0000e+00 0.0000e+00 0.0000e+00 0.0000e+00 0.0000e+00
1.6776e+04 1.0000e+00 4.0856e-12 0.0000e+00 0.0000e+00 0.0000e+00 0.0000e+00 0.0000e+00
1.7184e+04 1.0000e+00 1.8857e-12 0.0000e+00 0.0000e+00 0.0000e+00 0.0000e+00 0.0000e+00
1.7580e+04 1.0000e+00 1.0060e-12 0.0000e+00 0.0000e+00 0.0000e+00 0.0000e+00 0.0000e+00
1.7990e+04 1.0000e+00 5.9553e-13 0.0000e+00 0.0000e+00 0.0000e+00 0.0000e+00 0.0000e+00
1.8458e+04 1.0000e+00 4.5425e-13 0.0000e+00 0.0000e+00 0.0000e+00 0.0000e+00 0.0000e+00
1.9085e+04 1.0000e+00 2.1772e-13 0.0000e+00 0.0000e+00 0.0000e+00 0.0000e+00 0.0000e+00
2.0000e+04 1.0000e+00 1.1181e-13 0.0000e+00 0.0000e+00 0.0000e+00 0.0000e+00 0.0000e+00
2.1194e+04 1.0000e+00 8.1244e-14 0.0000e+00 0.0000e+00 0.0000e+00 0.0000e+00 0.0000e+00
2.2528e+04 1.0000e+00 1.3931e-13 0.0000e+00 0.0000e+00 0.0000e+00 0.0000e+00 0.0000e+00
2.3943e+04 1.0000e+00 1.5558e-13 0.0000e+00 0.0000e+00 0.0000e+00 0.0000e+00 0.0000e+00
2.5446e+04 1.0000e+00 1.5818e-13 0.0000e+00 0.0000e+00 0.0000e+00 0.0000e+00 0.0000e+00
2.7044e+04 1.0000e+00 5.7812e-13 0.0000e+00 0.0000e+00 0.0000e+00 0.0000e+00 0.0000e+00
2.8744e+04 1.0000e+00 4.3607e-13 0.0000e+00 0.0000e+00 0.0000e+00 0.0000e+00 0.0000e+00
3.0520e+04 1.0000e+00 7.2730e-13 0.0000e+00 0.0000e+00 0.0000e+00 0.0000e+00 0.0000e+00
3.2244e+04 1.0000e+00 4.5060e-13 0.0000e+00 0.0000e+00 0.0000e+00 0.0000e+00 0.0000e+00
3.3773e+04 1.0000e+00 1.4892e-12 0.0000e+00 0.0000e+00 0.0000e+00 0.0000e+00 0.0000e+00
3.5108e+04 1.0000e+00 7.6072e-12 0.0000e+00 0.0000e+00 0.0000e+00 0.0000e+00 0.0000e+00
3.6326e+04 1.0000e+00 6.9863e-07 0.0000e+00 0.0000e+00 0.0000e+00 0.0000e+00 0.0000e+00
3.7486e+04 1.0000e+00 2.2845e-12 0.0000e+00 0.0000e+00 0.0000e+00 0.0000e+00 0.0000e+00
3.8628e+04 1.0000e+00 1.0390e-14 0.0000e+00 0.0000e+00 0.0000e+00 0.0000e+00 0.0000e+00
3.9769e+04 1.0000e+00 3.3628e-10 0.0000e+00 0.0000e+00 0.0000e+00 0.0000e+00 0.0000e+00
4.0916e+04 1.0000e+00 2.2785e-07 0.0000e+00 0.0000e+00 0.0000e+00 0.0000e+00 0.0000e+00
4.2074e+04 1.0000e+00 1.8761e-13 0.0000e+00 0.0000e+00 0.0000e+00 0.0000e+00 0.0000e+00
4.3252e+04 1.0000e+00 7.6914e-08 0.0000e+00 0.0000e+00 0.0000e+00 0.0000e+00 0.0000e+00
4.4454e+04 9.9995e-01 5.0367e-05 7.4805e-40 0.0000e+00 0.0000e+00 0.0000e+00 0.0000e+00
4.5683e+04 1.0000e+00 2.8268e-08 0.0000e+00 0.0000e+00 0.0000e+00 0.0000e+00 0.0000e+00
4.6942e+04 9.9997e-01 3.2696e-05 3.5617e-41 0.0000e+00 0.0000e+00 0.0000e+00 0.0000e+00
4.8231e+04 1.0000e+00 2.2079e-08 0.0000e+00 0.0000e+00 0.0000e+00 0.0000e+00 0.0000e+00
4.9550e+04 1.0000e+00 1.1764e-06 0.0000e+00 0.0000e+00 0.0000e+00 0.0000e+00 0.0000e+00
5.0900e+04 1.0000e+00 6.3667e-12 0.0000e+00 0.0000e+00 0.0000e+00 0.0000e+00 0.0000e+00
5.2277e+04 1.0000e+00 8.4752e-12 0.0000e+00 0.0000e+00 0.0000e+00 0.0000e+00 0.0000e+00
5.3682e+04 1.3484e-05 9.9999e-01 2.0982e-12 6.3308e-41 0.0000e+00 0.0000e+00 0.0000e+00
5.5110e+04 1.0000e+00 9.1371e-10 0.0000e+00 0.0000e+00 0.0000e+00 0.0000e+00 0.0000e+00
5.6562e+04 9.9868e-01 1.3189e-03 6.3243e-36 0.0000e+00 0.0000e+00 0.0000e+00 0.0000e+00
5.8030e+04 1.0000e+00 2.8266e-15 0.0000e+00 0.0000e+00 0.0000e+00 0.0000e+00 0.0000e+00
5.9510e+04 1.0000e+00 3.9137e-15 0.0000e+00 0.0000e+00 0.0000e+00 0.0000e+00 0.0000e+00
6.0994e+04 1.0000e+00 2.9743e-14 0.0000e+00 0.0000e+00 0.0000e+00 0.0000e+00 0.0000e+00
6.2466e+04 1.0000e+00 2.8397e-09 0.0000e+00 0.0000e+00 0.0000e+00 0.0000e+00 0.0000e+00
6.3912e+04 9.9993e-01 7.2710e-05 2.5349e-42 0.0000e+00 0.0000e+00 0.0000e+00 0.0000e+00
6.5312e+04 1.0000e+00 4.7821e-08 0.0000e+00 0.0000e+00 0.0000e+00 0.0000e+00 0.0000e+00
6.6639e+04 1.0000e+00 6.1534e-10 0.0000e+00 0.0000e+00 0.0000e+00 0.0000e+00 0.0000e+00
6.7870e+04 1.0000e+00 1.0592e-14 0.0000e+00 0.0000e+00 0.0000e+00 0.0000e+00 0.0000e+00
6.8864e+04 1.0000e+00 9.5217e-14 0.0000e+00 0.0000e+00 0.0000e+00 0.0000e+00 0.0000e+00
6.9460e+04 1.0000e+00 1.8956e-17 0.0000e+00 0.0000e+00 0.0000e+00 0.0000e+00 0.0000e+00
6.9745e+04 1.0000e+00 4.0261e-06 0.0000e+00 0.0000e+00 0.0000e+00 0.0000e+00 0.0000e+00
6.9888e+04 1.0000e+00 3.1166e-07 0.0000e+00 0.0000e+00 0.0000e+00 0.0000e+00 0.0000e+00
6.9960e+04 1.0000e+00 3.9855e-15 0.0000e+00 0.0000e+00 0.0000e+00 0.0000e+00 0.0000e+00
6.9991e+04 1.0000e+00 4.8297e-15 0.0000e+00 0.0000e+00 0.0000e+00 0.0000e+00 0.0000e+00
7.0000e+04 1.0000e+00 6.8637e-16 0.0000e+00 0.0000e+00 0.0000e+00 0.0000e+00 0.0000e+00
#
#TIME: 1.3973
#NVEL: 115
#vel_mid[km/s] o0 o1 o2 o3 o4 o5 o6
4.2577e+02 1.6107e-32 2.1355e-23 3.2539e-15 1.2548e-08 7.2956e-04 2.8338e-01 7.1589e-01
8.5779e+02 7.3928e-23 1.2732e-15 2.6132e-09 1.4598e-04 1.2974e-01 8.3305e-01 3.7060e-02
8.7843e+02 7.8446e-23 1.3458e-15 2.7441e-09 1.5144e-04 1.3241e-01 8.3144e-01 3.5997e-02
9.1772e+02 7.6759e-23 1.3186e-15 2.6948e-09 1.4938e-04 1.3141e-01 8.3205e-01 3.6392e-02
9.7304e+02 7.4089e-23 1.2762e-15 2.6193e-09 1.4625e-04 1.2989e-01 8.3297e-01 3.6998e-02
1.0350e+03 7.0573e-23 1.2194e-15 2.5162e-09 1.4191e-04 1.2772e-01 8.3424e-01 3.7892e-02
1.1000e+03 5.6095e-23 9.8464e-16 2.0850e-09 1.2324e-04 1.1807e-01 8.3953e-01 4.2274e-02
1.1690e+03 3.1817e-23 5.8069e-16 1.3100e-09 8.6838e-05 9.6917e-02 8.4806e-01 5.4938e-02
1.2425e+03 9.0641e-24 1.7865e-16 4.5882e-10 3.8974e-05 6.0822e-02 8.4332e-01 9.5814e-02
1.3205e+03 1.1542e-24 2.5225e-17 7.7866e-11 9.7298e-06 2.5936e-02 7.5835e-01 2.1571e-01
1.4033e+03 8.5254e-26 2.1089e-18 7.9907e-12 1.5584e-06 7.7530e-03 5.4167e-01 4.5057e-01
1.4915e+03 5.8899e-27 1.6611e-19 7.6272e-13 2.2445e-07 1.9883e-03 3.0936e-01 6.8865e-01
1.5852e+03 4.7031e-28 1.5187e-20 8.3355e-14 3.5263e-08 5.1762e-04 1.6115e-01 8.3834e-01
1.6847e+03 3.2906e-29 1.2380e-21 8.2013e-15 5.0101e-09 1.2231e-04 7.6183e-02 9.2369e-01
1.7904e+03 2.0266e-30 9.1156e-23 7.4327e-16 6.6364e-10 2.7221e-05 3.4108e-02 9.6586e-01
1.9028e+03 1.1182e-31 6.2037e-24 6.3911e-17 8.4688e-11 5.8990e-06 1.4924e-02 9.8507e-01
2.0223e+03 6.4182e-33 4.4002e-25 5.7214e-18 1.1150e-11 1.3040e-06 6.5649e-03 9.9343e-01
2.1493e+03 3.7755e-34 3.2159e-26 5.2981e-19 1.5109e-12 2.9426e-07 2.9139e-03 9.9709e-01
2.2843e+03 2.9115e-35 3.0168e-27 6.1566e-20 2.4699e-13 7.6103e-08 1.3901e-03 9.9861e-01
2.4277e+03 3.7077e-36 4.5262e-28 1.1048e-20 5.8367e-14 2.5937e-08 7.7114e-04 9.9923e-01
2.5802e+03 8.8991e-37 1.2298e-28 3.4327e-21 2.2020e-14 1.2581e-08 5.1960e-04 9.9948e-01
2.7422e+03 4.9869e-37 7.3903e-29 2.2177e-21 1.5508e-14 9.7880e-09 4.5474e-04 9.9955e-01
2.9144e+03 7.6031e-37 1.1317e-28 3.3879e-21 2.2728e-14 1.3257e-08 5.4092e-04 9.9946e-01
3.0973e+03 3.9622e-36 5.5036e-28 1.5105e-20 8.3253e-14 3.5953e-08 9.4507e-04 9.9905e-01
3.2918e+03 9.3071e-35 1.1418e-26 2.6820e-19 1.0132e-12 2.4455e-07 2.7540e-03 9.9725e-01
3.4986e+03 1.3719e-32 1.2683e-24 2.1479e-17 4.2614e-11 4.1078e-06 1.3000e-02 9.8700e-01
3.7182e+03 6.1822e-30 3.6158e-22 3.6575e-15 3.1036e-09 9.7644e-05 7.1073e-02 9.2883e-01
3.9517e+03 4.1179e-27 1.6410e-19 1.0152e-12 3.3812e-07 2.9712e-03 3.8388e-01 6.1315e-01
4.1999e+03 7.7748e-24 2.7355e-16 1.0506e-09 9.2560e-05 1.1433e-01 8.4804e-01 3.7538e-02
4.4636e+03 2.2399e-21 6.8043e-14 1.4247e-07 3.3656e-03 6.5486e-01 3.4122e-01 5.5599e-04
4.7438e+03 2.3134e-20 6.3303e-13 9.2759e-07 1.1155e-02 8.6622e-01 1.2258e-01 4.0017e-05
5.0416e+03 4.0490e-20 1.0983e-12 1.4757e-06 1.4837e-02 8.9699e-01 8.8150e-02 1.8265e-05
5.3582e+03 3.4142e-20 9.7360e-13 1.3684e-06 1.4306e-02 8.9527e-01 9.0403e-02 1.9137e-05
5.6947e+03 3.2294e-20 9.6756e-13 1.3975e-06 1.4633e-02 8.9904e-01 8.6311e-02 1.6938e-05
6.0522e+03 4.5206e-20 1.3754e-12 1.8971e-06 1.7674e-02 9.1463e-01 6.7687e-02 9.5518e-06
6.4323e+03 1.0322e-19 3.1219e-12 3.7678e-06 2.6614e-02 9.3426e-01 3.9118e-02 2.7102e-06
6.8362e+03 3.7331e-19 1.1012e-11 1.0644e-05 4.8641e-02 9.3506e-01 1.6284e-02 3.7886e-07
7.2654e+03 1.8130e-18 5.0715e-11 3.6609e-05 9.7439e-02 8.9713e-01 5.3931e-03 3.3631e-08
7.7216e+03 1.2464e-17 3.2210e-10 1.5905e-04 2.1405e-01 7.8454e-01 1.2495e-03 1.5113e-09
8.2065e+03 1.7278e-16 3.8982e-09 1.0719e-03 5.1810e-01 4.8072e-01 1.0561e-04 1.1127e-11
8.7177e+03 9.1419e-15 1.5468e-07 1.3561e-02 9.2382e-01 6.2614e-02 3.1064e-07 3.0970e-16
9.2147e+03 3.6935e-12 3.1654e-05 3.3134e-01 6.6820e-01 4.2650e-04 2.4103e-12 6.0534e-25
9.6291e+03 4.4749e-10 1.4390e-03 9.7691e-01 2.1656e-02 3.3089e-08 2.6106e-20 1.3060e-37
9.9539e+03 2.8782e-08 2.9563e-02 9.7029e-01 1.4371e-04 2.3773e-13 7.3520e-30 0.0000e+00
1.0246e+04 2.0518e-06 5.1906e-01 4.8094e-01 2.0924e-07 1.0836e-19 2.0701e-41 0.0000e+00
1.0542e+04 2.3448e-05 9.9042e-01 9.5549e-03 2.6052e-12 4.3901e-29 0.0000e+00 0.0000e+00
1.0840e+04 2.5665e-04 9.9971e-01 3.3697e-05 1.3108e-18 9.4624e-41 0.0000e+00 0.0000e+00
1.1119e+04 3.4648e-03 9.9654e-01 6.6154e-08 1.6112e-25 0.0000e+00 0.0000e+00 0.0000e+00
1.1356e+04 3.6927e-02 9.6307e-01 2.0130e-10 6.6256e-32 0.0000e+00 0.0000e+00 0.0000e+00
1.1540e+04 2.6824e-01 7.3176e-01 6.2224e-13 4.0785e-38 0.0000e+00 0.0000e+00 0.0000e+00
1.1677e+04 7.0571e-01 2.9429e-01 1.5159e-15 3.0829e-44 0.0000e+00 0.0000e+00 0.0000e+00
1.1784e+04 9.2373e-01 7.6273e-02 4.1909e-18 0.0000e+00 0.0000e+00 0.0000e+00 0.0000e+00
1.1876e+04 9.8084e-01 1.9165e-02 2.1907e-20 0.0000e+00 0.0000e+00 0.0000e+00 0.0000e+00
1.1964e+04 9.9496e-01 5.0389e-03 1.4879e-22 0.0000e+00 0.0000e+00 0.0000e+00 0.0000e+00
1.2056e+04 9.9792e-01 2.0848e-03 4.0255e-24 0.0000e+00 0.0000e+00 0.0000e+00 0.0000e+00
1.2170e+04 9.9911e-01 8.9391e-04 1.3295e-25 0.0000e+00 0.0000e+00 0.0000e+00 0.0000e+00
1.2360e+04 9.9975e-01 2.4887e-04 9.1539e-28 0.0000e+00 0.0000e+00 0.0000e+00 0.0000e+00
1.2670e+04 9.9997e-01 3.4185e-05 4.2974e-31 0.0000e+00 0.0000e+00 0.0000e+00 0.0000e+00
1.3075e+04 1.0000e+00 2.9534e-06 3.6488e-35 0.0000e+00 0.0000e+00 0.0000e+00 0.0000e+00
1.3530e+04 1.0000e+00 1.6073e-07 5.3874e-40 0.0000e+00 0.0000e+00 0.0000e+00 0.0000e+00
1.4013e+04 1.0000e+00 6.4106e-09 2.8026e-45 0.0000e+00 0.0000e+00 0.0000e+00 0.0000e+00
1.4509e+04 1.0000e+00 7.4441e-10 0.0000e+00 0.0000e+00 0.0000e+00 0.0000e+00 0.0000e+00
1.5002e+04 1.0000e+00 1.2183e-10 0.0000e+00 0.0000e+00 0.0000e+00 0.0000e+00 0.0000e+00
1.5476e+04 1.0000e+00 2.3036e-11 0.0000e+00 0.0000e+00 0.0000e+00 0.0000e+00 0.0000e+00
1.5924e+04 1.0000e+00 7.2972e-12 0.0000e+00 0.0000e+00 0.0000e+00 0.0000e+00 0.0000e+00
1.6356e+04 1.0000e+00 3.0834e-12 0.0000e+00 0.0000e+00 0.0000e+00 0.0000e+00 0.0000e+00
1.6776e+04 1.0000e+00 1.6102e-12 0.0000e+00 0.0000e+00 0.0000e+00 0.0000e+00 0.0000e+00
1.7184e+04 1.0000e+00 7.5336e-13 0.0000e+00 0.0000e+00 0.0000e+00 0.0000e+00 0.0000e+00
1.7580e+04 1.0000e+00 4.5465e-13 0.0000e+00 0.0000e+00 0.0000e+00 0.0000e+00 0.0000e+00
1.7990e+04 1.0000e+00 4.3144e-13 0.0000e+00 0.0000e+00 0.0000e+00 0.0000e+00 0.0000e+00
1.8458e+04 1.0000e+00 3.1422e-13 0.0000e+00 0.0000e+00 0.0000e+00 0.0000e+00 0.0000e+00
1.9085e+04 1.0000e+00 2.6689e-13 0.0000e+00 0.0000e+00 0.0000e+00 0.0000e+00 0.0000e+00
2.0000e+04 1.0000e+00 2.3498e-13 0.0000e+00 0.0000e+00 0.0000e+00 0.0000e+00 0.0000e+00
2.1194e+04 1.0000e+00 2.5118e-13 0.0000e+00 0.0000e+00 0.0000e+00 0.0000e+00 0.0000e+00
2.2528e+04 1.0000e+00 3.5372e-13 0.0000e+00 0.0000e+00 0.0000e+00 0.0000e+00 0.0000e+00
2.3943e+04 1.0000e+00 6.8507e-13 0.0000e+00 0.0000e+00 0.0000e+00 0.0000e+00 0.0000e+00
2.5446e+04 1.0000e+00 4.4293e-12 0.0000e+00 0.0000e+00 0.0000e+00 0.0000e+00 0.0000e+00
2.7044e+04 1.0000e+00 1.3834e-12 0.0000e+00 0.0000e+00 0.0000e+00 0.0000e+00 0.0000e+00
2.8744e+04 1.0000e+00 6.0586e-12 0.0000e+00 0.0000e+00 0.0000e+00 0.0000e+00 0.0000e+00
3.0520e+04 1.0000e+00 4.9921e-11 0.0000e+00 0.0000e+00 0.0000e+00 0.0000e+00 0.0000e+00
3.2244e+04 1.0000e+00 4.2097e-11 0.0000e+00 0.0000e+00 0.0000e+00 0.0000e+00 0.0000e+00
3.3773e+04 1.0000e+00 7.4072e-12 0.0000e+00 0.0000e+00 0.0000e+00 0.0000e+00 0.0000e+00
3.5108e+04 1.0000e+00 8.7616e-13 0.0000e+00 0.0000e+00 0.0000e+00 0.0000e+00 0.0000e+00
3.6326e+04 1.0000e+00 1.8788e-08 0.0000e+00 0.0000e+00 0.0000e+00 0.0000e+00 0.0000e+00
3.7486e+04 1.0000e+00 6.0403e-11 0.0000e+00 0.0000e+00 0.0000e+00 0.0000e+00 0.0000e+00
3.8628e+04 8.9316e-01 1.0684e-01 4.9410e-25 0.0000e+00 0.0000e+00 0.0000e+00 0.0000e+00
3.9769e+04 1.0000e+00 6.1677e-12 0.0000e+00 0.0000e+00 0.0000e+00 0.0000e+00 0.0000e+00
4.0916e+04 1.0000e+00 3.6747e-09 0.0000e+00 0.0000e+00 0.0000e+00 0.0000e+00 0.0000e+00
4.2074e+04 9.9987e-01 1.2553e-04 1.2597e-37 0.0000e+00 0.0000e+00 0.0000e+00 0.0000e+00
