#NTIMES:    67
#NSTAGES:     8
#TIMES[d]:     0.550    0.605    0.733    0.806    0.887    0.976    1.074    1.181    1.300    1.430    1.573    1.730    1.900    2.090    2.300    2.530    2.783    3.061    3.367    3.704    4.074    4.481    4.929    5.422    5.964    6.560    7.216    7.938    8.732    9.600   10.560   11.620   12.780   14.060   15.470   17.020   18.720   20.590   22.650   24.910   27.400   30.140   33.150   36.460   40.110   44.120   48.530   53.380   58.720   64.590   71.050   78.160   86.000   94.600  104.100  114.500  126.000  138.600  152.500  167.800  184.600  203.100  223.400  245.800  270.400  297.400  320.000
#
#TIME:     0.550
#NVEL: 115
#vel_mid[km/s]           fe0           fe1           fe2           fe3           fe4           fe5           fe6           fe7
    8.484663E+02   1.0295E-037   1.7586E-029   1.4635E-022   3.4970E-016   8.2910E-011   3.4461E-006   8.7020E-003   9.9129E-001
    8.542546E+02   1.0295E-037   1.7586E-029   1.4635E-022   3.4970E-016   8.2910E-011   3.4461E-006   8.7020E-003   9.9129E-001
    8.718573E+02   1.0295E-037   1.7586E-029   1.4636E-022   3.4971E-016   8.2910E-011   3.4461E-006   8.7020E-003   9.9129E-001
    9.081584E+02   1.0296E-037   1.7587E-029   1.4636E-022   3.4972E-016   8.2913E-011   3.4462E-006   8.7021E-003   9.9129E-001
    9.674554E+02   1.0297E-037   1.7589E-029   1.4638E-022   3.4976E-016   8.2921E-011   3.4465E-006   8.7024E-003   9.9129E-001
    1.028597E+03   1.0310E-037   1.7609E-029   1.4654E-022   3.5008E-016   8.2987E-011   3.4485E-006   8.7052E-003   9.9129E-001
    1.093605E+03   1.0379E-037   1.7733E-029   1.4759E-022   3.5249E-016   8.3515E-011   3.4656E-006   8.7296E-003   9.9127E-001
    1.162722E+03   1.0441E-037   1.7864E-029   1.4883E-022   3.5548E-016   8.4215E-011   3.4891E-006   8.7640E-003   9.9123E-001
    1.236207E+03   9.8373E-038   1.6855E-029   1.4078E-022   3.3804E-016   8.0572E-011   3.3747E-006   8.6041E-003   9.9139E-001
    1.314336E+03   5.4648E-038   9.4092E-030   7.9957E-023   2.0151E-016   5.0840E-011   2.3789E-006   7.0834E-003   9.9291E-001
    1.397402E+03   8.6083E-040   1.8108E-031   2.0019E-024   7.6979E-018   3.0626E-012   2.9822E-007   2.2847E-003   9.9771E-001
    1.485719E+03   2.5853E-041   6.4520E-033   8.9384E-026   4.9551E-019   2.8910E-013   5.2921E-008   8.9746E-004   9.9910E-001
    1.579618E+03   2.0577E-041   5.1839E-033   7.2781E-026   4.1302E-019   2.4690E-013   4.7152E-008   8.4332E-004   9.9916E-001
    1.679450E+03   2.9703E-042   8.3171E-034   1.3362E-026   9.3532E-020   6.9327E-014   1.8813E-008   5.1631E-004   9.9948E-001
    1.785593E+03   2.3889E-043   7.7500E-035   1.4970E-027   1.3861E-020   1.3641E-014   5.8711E-009   2.7896E-004   9.9972E-001
    1.898443E+03   4.0498E-044   1.5126E-035   3.4312E-028   3.9281E-021   4.7842E-015   2.8107E-009   1.9017E-004   9.9981E-001
    2.018426E+03   4.5192E-045   1.9348E-036   5.1927E-029   7.6340E-022   1.1941E-015   1.0569E-009   1.1444E-004   9.9989E-001
    2.145992E+03   6.2384E-046   3.1086E-037   9.9442E-030   1.8535E-022   3.6723E-016   4.6583E-010   7.5204E-005   9.9992E-001
    2.281620E+03   7.3498E-047   4.2484E-038   1.6228E-030   3.8925E-023   9.9060E-017   1.8820E-010   4.7435E-005   9.9995E-001
    2.425820E+03   1.1007E-047   7.3942E-039   3.3571E-031   1.0147E-023   3.2475E-017   8.7710E-011   3.2305E-005   9.9997E-001
    2.579133E+03   2.8121E-048   2.1202E-039   1.0967E-031   3.9255E-024   1.4855E-017   5.1524E-011   2.4763E-005   9.9998E-001
    2.742135E+03   1.2627E-048   1.0396E-039   5.9010E-032   2.3481E-024   9.8721E-018   3.9119E-011   2.1585E-005   9.9998E-001
    2.915440E+03   1.1369E-048   9.8825E-040   5.8793E-032   2.4051E-024   1.0405E-017   4.0701E-011   2.2007E-005   9.9998E-001
    3.099698E+03   2.3598E-048   2.0882E-039   1.2360E-031   4.7411E-024   1.9275E-017   6.2480E-011   2.7285E-005   9.9997E-001
    3.295601E+03   1.8217E-047   1.5031E-038   7.9625E-031   2.4582E-023   8.0673E-017   1.6958E-010   4.5374E-005   9.9995E-001
    3.503885E+03   1.1524E-045   8.4455E-037   3.6510E-029   7.3870E-022   1.5876E-015   1.4264E-009   1.3857E-004   9.9986E-001
    3.725332E+03   9.8891E-044   5.1388E-035   1.4979E-027   1.7948E-020   2.2684E-014   9.4419E-009   3.7467E-004   9.9963E-001
    3.960775E+03   8.6518E-043   3.2630E-034   6.9156E-027   6.0530E-020   5.5904E-014   1.7147E-008   5.0387E-004   9.9950E-001
    4.211099E+03   2.1569E-038   8.0410E-030   1.3428E-022   5.2209E-016   1.8627E-010   8.0858E-006   1.5442E-002   9.8455E-001
    4.477243E+03   2.9179E-037   1.0636E-028   1.6512E-021   5.2694E-015   1.4438E-009   3.8608E-005   3.6853E-002   9.6311E-001
    4.760207E+03   3.4205E-037   1.3150E-028   2.1302E-021   6.9089E-015   1.8930E-009   4.8291E-005   4.2012E-002   9.5794E-001
    5.061055E+03   8.8837E-038   3.7971E-029   6.9232E-022   2.6053E-015   8.4379E-010   2.6861E-005   3.0736E-002   9.6924E-001
    5.380917E+03   2.7844E-038   1.3094E-029   2.6531E-022   1.1373E-015   4.2571E-010   1.6367E-005   2.3599E-002   9.7638E-001
    5.720994E+03   2.0772E-038   1.0445E-029   2.2549E-022   1.0209E-015   4.0161E-010   1.5977E-005   2.3483E-002   9.7650E-001
    6.082565E+03   2.2734E-038   1.1700E-029   2.5722E-022   1.1711E-015   4.5981E-010   1.7852E-005   2.5060E-002   9.7492E-001
    6.466986E+03   7.9083E-038   3.9949E-029   8.4288E-022   3.4850E-015   1.2006E-009   3.7052E-005   3.7556E-002   9.6241E-001
    6.875704E+03   5.1024E-037   2.4950E-028   4.9323E-021   1.7647E-014   4.9749E-009   1.0882E-004   6.7816E-002   9.3208E-001
    7.310253E+03   3.7353E-036   1.7085E-027   3.0658E-020   9.2519E-014   2.0757E-008   3.1606E-004   1.1984E-001   8.7985E-001
    7.772265E+03   4.9105E-035   2.0787E-026   3.3159E-019   8.0606E-013   1.3334E-007   1.2485E-003   2.4179E-001   7.5696E-001
    8.263477E+03   1.2955E-033   4.7630E-025   6.2914E-018   1.1264E-011   1.2166E-006   5.9828E-003   4.8499E-001   5.0902E-001
    8.785734E+03   1.0748E-030   2.9177E-022   2.5451E-015   2.2712E-009   8.6247E-005   8.8331E-002   8.5071E-001   6.0874E-002
    9.340997E+03   4.9693E-025   5.2573E-017   1.4179E-010   2.0349E-005   4.6393E-002   9.0769E-001   4.5888E-002   4.7050E-006
    9.929841E+03   4.3533E-018   9.3559E-011   3.2348E-005   1.2837E-001   8.6612E-001   5.4717E-003   6.3424E-009   1.0128E-018
    1.041447E+04   4.8398E-014   3.0412E-007   1.4743E-002   9.7829E-001   6.9680E-003   3.1747E-009   9.8881E-021   1.4802E-037
    1.083674E+04   7.1779E-011   1.3346E-004   6.4120E-001   3.5866E-001   8.4996E-007   6.0280E-018   6.5220E-036   6.9559E-061
    1.136786E+04   6.2129E-007   6.0704E-002   9.3929E-001   1.0068E-005   2.2276E-019   2.8314E-041   1.0243E-069   1.6144E-094
    1.167027E+04   9.0149E-006   2.8066E-001   7.1933E-001   4.1571E-007   8.0775E-023   1.5172E-047   3.1231E-075   8.7576E-101
    1.185735E+04   2.6717E-005   4.8250E-001   5.1747E-001   7.1683E-008   1.3406E-024   1.1654E-050   5.3426E-077   6.8639E-104
    1.198132E+04   8.0983E-005   8.1808E-001   1.8184E-001   9.6489E-010   4.2147E-029   9.3160E-059   1.8060E-081   5.9219E-112
    1.207995E+04   1.4381E-004   9.4776E-001   5.2099E-002   1.3112E-011   1.7135E-033   2.1320E-063   8.8286E-086   1.6409E-116
    1.216774E+04   1.8235E-004   9.7580E-001   2.4013E-002   9.7787E-013   3.7441E-036   1.8800E-064   2.2940E-088   1.7299E-117
    1.225420E+04   2.3298E-004   9.8915E-001   1.0618E-002   6.7611E-014   7.2134E-039   1.5952E-065   5.4397E-091   1.8167E-118
    1.234075E+04   3.0254E-004   9.9512E-001   4.5783E-003   4.5071E-015   1.3389E-041   1.3027E-066   1.2380E-093   1.8298E-119
    1.244043E+04   3.8069E-004   9.9740E-001   2.2223E-003   4.4834E-016   6.4296E-044   1.4990E-067   6.8736E-096   2.4472E-120
    1.256653E+04   4.1866E-004   9.9809E-001   1.4957E-003   1.2018E-016   2.8463E-045   4.3279E-068   3.2733E-097   7.6332E-121
    1.291944E+04   3.2117E-004   9.9776E-001   1.9181E-003   1.9244E-016   5.4376E-045   7.0278E-068   6.3095E-097   1.2555E-120
    1.356464E+04   1.5300E-004   9.9290E-001   6.9512E-003   6.6496E-015   9.0306E-042   2.0835E-066   8.8495E-094   3.1296E-119
    1.414194E+04   1.0415E-004   9.8819E-001   1.1707E-002   2.4390E-014   1.1027E-040   7.4411E-066   1.0371E-092   1.0682E-118
    1.463678E+04   1.0141E-004   9.9142E-001   8.4830E-003   6.9051E-015   4.3421E-042   2.4607E-066   4.7390E-094   4.0973E-119
    1.515385E+04   1.0782E-004   9.9391E-001   5.9806E-003   2.0585E-015   2.3345E-043   8.5653E-067   2.9637E-095   1.6527E-119
    1.570238E+04   1.3696E-004   9.9702E-001   2.8446E-003   1.9107E-016   1.1499E-045   9.8794E-068   1.9144E-097   2.3551E-120
    1.628316E+04   2.4352E-004   9.9920E-001   5.5769E-004   1.1581E-018   8.0817E-051   7.1938E-070   1.5456E-102   2.0930E-122
    1.695591E+04   4.9462E-004   9.9938E-001   1.2459E-004   1.4428E-020   7.6398E-055   1.0369E-071   1.7404E-106   3.5575E-124
    1.773545E+04   8.3661E-004   9.9913E-001   3.2765E-005   2.3946E-022   6.2646E-056   2.2794E-073   1.8772E-107   1.0680E-125
    1.852426E+04   1.0234E-003   9.9896E-001   1.2752E-005   9.7348E-024   3.1849E-056   1.1985E-074   1.2487E-107   7.4835E-127
    1.933673E+04   1.2112E-003   9.9878E-001   7.0148E-006   1.3712E-024   2.2148E-056   2.1518E-075   1.1012E-107   1.7235E-127
    2.006825E+04   9.7208E-004   9.9902E-001   6.6109E-006   7.7737E-025   1.9508E-056   1.2272E-075   9.0607E-108   9.2797E-128
    2.082304E+04   7.5745E-004   9.9924E-001   7.0628E-006   8.1940E-025   1.8827E-056   1.3934E-075   7.8863E-108   9.6283E-128
    2.162788E+04   7.6094E-004   9.9923E-001   5.9605E-006   6.7095E-025   1.6915E-056   1.3965E-075   7.5483E-108   1.0351E-127
    2.248295E+04   5.5922E-004   9.9943E-001   7.6194E-006   1.6862E-024   1.8334E-056   3.4150E-075   6.9080E-108   2.1601E-127
    2.340334E+04   5.9623E-004   9.9940E-001   6.5478E-006   1.6622E-024   1.6638E-056   3.6936E-075   6.6189E-108   2.4738E-127
    2.427003E+04   4.8174E-004   9.9951E-001   8.5823E-006   3.5759E-024   1.8793E-056   7.3510E-075   6.3984E-108   4.2443E-127
    2.528269E+04   4.5496E-004   9.9954E-001   9.6341E-006   4.8770E-024   1.9979E-056   9.8848E-075   6.4117E-108   5.4031E-127
    2.627013E+04   5.2485E-004   9.9947E-001   8.5244E-006   4.2812E-024   1.8283E-056   9.0366E-075   6.0603E-108   5.1095E-127
    2.723040E+04   4.0361E-004   9.9958E-001   1.4443E-005   1.0186E-023   2.6212E-056   1.9523E-074   7.2780E-108   9.3083E-127
    2.827004E+04   3.7171E-004   9.9961E-001   1.8716E-005   1.4571E-023   3.1852E-056   2.7209E-074   8.2473E-108   1.2150E-126
    2.934273E+04   3.0417E-004   9.9967E-001   2.9287E-005   2.8008E-023   4.5540E-056   4.9783E-074   1.0683E-107   2.0241E-126
    3.052012E+04   2.5541E-004   9.9970E-001   4.3862E-005   4.9769E-023   6.4099E-056   8.5350E-074   1.4026E-107   3.2510E-126
    3.176086E+04   2.3154E-004   9.9971E-001   5.7940E-005   7.4122E-023   8.2035E-056   1.2500E-073   1.7291E-107   4.6016E-126
    3.295538E+04   2.3849E-004   9.9970E-001   6.2912E-005   8.1845E-023   8.8598E-056   1.3907E-073   1.8527E-107   5.0927E-126
    3.403161E+04   2.4121E-004   9.9969E-001   7.0253E-005   9.6465E-023   9.8044E-056   1.6422E-073   2.0246E-107   5.9517E-126
    3.500379E+04   2.2573E-004   9.9969E-001   8.6010E-005   1.3393E-022   1.1804E-055   2.2585E-073   2.3841E-107   8.0159E-126
    3.593430E+04   2.0229E-004   9.9969E-001   1.0659E-004   1.9268E-022   1.4419E-055   3.2210E-073   2.8531E-107   1.1205E-125
    3.686142E+04   1.7922E-004   9.9969E-001   1.2646E-004   2.6542E-022   1.6970E-055   4.4293E-073   3.3124E-107   1.5198E-125
    3.781660E+04   1.6081E-004   9.9970E-001   1.3943E-004   3.3913E-022   1.8686E-055   5.6882E-073   3.6249E-107   1.9393E-125
    3.881204E+04   1.4954E-004   9.9971E-001   1.4079E-004   3.9503E-022   1.8951E-055   6.6870E-073   3.6791E-107   2.2813E-125
    3.984228E+04   1.4194E-004   9.9972E-001   1.3492E-004   4.4538E-022   1.8306E-055   7.5962E-073   3.5714E-107   2.6027E-125
    4.090108E+04   1.3569E-004   9.9974E-001   1.2603E-004   5.0544E-022   1.7281E-055   8.6283E-073   3.3946E-107   2.9717E-125
    4.198933E+04   1.2977E-004   9.9975E-001   1.1617E-004   5.8289E-022   1.6125E-055   9.8587E-073   3.1929E-107   3.4100E-125
    4.310952E+04   1.2329E-004   9.9977E-001   1.0655E-004   6.8369E-022   1.4997E-055   1.1317E-072   2.9970E-107   3.9252E-125
    4.426353E+04   1.1545E-004   9.9979E-001   9.7950E-005   8.1493E-022   1.4011E-055   1.3028E-072   2.8339E-107   4.5293E-125
    4.545322E+04   1.0576E-004   9.9980E-001   9.1239E-005   9.9267E-022   1.3291E-055   1.5116E-072   2.7321E-107   5.2715E-125
    4.667980E+04   9.4249E-005   9.9982E-001   8.7113E-005   1.2443E-021   1.2936E-055   1.7792E-072   2.7116E-107   6.2303E-125
    4.794258E+04   8.1602E-005   9.9983E-001   8.5506E-005   1.5930E-021   1.2928E-055   2.1116E-072   2.7690E-107   7.4328E-125
    4.924062E+04   6.9038E-005   9.9985E-001   8.5927E-005   2.0491E-021   1.3190E-055   2.4964E-072   2.8868E-107   8.8419E-125
    5.057272E+04   5.7474E-005   9.9985E-001   8.7894E-005   2.6117E-021   1.3652E-055   2.9183E-072   3.0496E-107   1.0413E-124
    5.193717E+04   4.7048E-005   9.9986E-001   9.1069E-005   3.2642E-021   1.4280E-055   3.3655E-072   3.2535E-107   1.2131E-124
    5.333235E+04   3.7698E-005   9.9987E-001   9.5428E-005   3.9771E-021   1.5105E-055   3.8360E-072   3.5150E-107   1.4041E-124
    5.475676E+04   2.9720E-005   9.9987E-001   1.0051E-004   4.6922E-021   1.6104E-055   4.3153E-072   3.8443E-107   1.6172E-124
    5.620758E+04   2.3437E-005   9.9987E-001   1.0521E-004   5.3167E-021   1.7159E-055   4.7623E-072   4.2309E-107   1.8483E-124
    5.768166E+04   1.8839E-005   9.9987E-001   1.0825E-004   5.7494E-021   1.8115E-055   5.1173E-072   4.6530E-107   2.0874E-124
    5.917412E+04   1.5567E-005   9.9988E-001   1.0857E-004   5.9217E-021   1.8839E-055   5.3303E-072   5.0925E-107   2.3268E-124
    6.067730E+04   1.3338E-005   9.9988E-001   1.0596E-004   5.8266E-021   1.9330E-055   5.3940E-072   5.5711E-107   2.5722E-124
    6.217708E+04   1.1847E-005   9.9989E-001   1.0111E-004   5.5166E-021   1.9712E-055   5.3531E-072   6.1632E-107   2.8502E-124
    6.366086E+04   1.0739E-005   9.9989E-001   9.4865E-005   5.0687E-021   2.0125E-055   5.2725E-072   6.9680E-107   3.1993E-124
    6.510379E+04   9.6423E-006   9.9990E-001   8.7891E-005   4.5486E-021   2.0626E-055   5.1943E-072   8.0714E-107   3.6477E-124
    6.648389E+04   8.4857E-006   9.9991E-001   8.1180E-005   4.0428E-021   2.1315E-055   5.1690E-072   9.5725E-107   4.2327E-124
    6.776932E+04   7.3201E-006   9.9992E-001   7.5755E-005   3.6030E-021   2.2373E-055   5.2214E-072   1.1623E-106   4.9871E-124
    6.895129E+04   6.3739E-006   9.9992E-001   6.9992E-005   3.0865E-021   2.3210E-055   5.0853E-072   1.3917E-106   5.5989E-124
    6.949055E+04   5.9531E-006   9.9993E-001   6.3224E-005   2.5139E-021   2.2164E-055   4.4138E-072   1.4324E-106   5.2722E-124
    6.976176E+04   5.7827E-006   9.9994E-001   5.7245E-005   2.0300E-021   2.0628E-055   3.6829E-072   1.3822E-106   4.5549E-124
    6.989776E+04   5.6865E-006   9.9994E-001   5.1701E-005   1.5913E-021   1.8895E-055   2.9377E-072   1.2914E-106   3.7064E-124
    6.996586E+04   5.6612E-006   9.9995E-001   4.7550E-005   1.2702E-021   1.7504E-055   2.3667E-072   1.2090E-106   3.0179E-124
    6.999823E+04   5.6615E-006   9.9995E-001   4.4630E-005   1.0545E-021   1.6495E-055   1.9755E-072   1.1464E-106   2.5351E-124
    6.999993E+04   5.6636E-006   9.9995E-001   4.4327E-005   1.0315E-021   1.6389E-055   1.9333E-072   1.1398E-106   2.4825E-124
#TIME:     0.605
#NVEL: 115
#vel_mid[km/s]           fe0           fe1           fe2           fe3           fe4           fe5           fe6           fe7
    8.484664E+02   2.0572E-037   4.0081E-029   3.6723E-022   8.8399E-016   2.0523E-010   7.1604E-006   1.3302E-002   9.8669E-001
    8.543246E+02   2.0572E-037   4.0081E-029   3.6723E-022   8.8399E-016   2.0523E-010   7.1604E-006   1.3302E-002   9.8669E-001
    8.721432E+02   2.0572E-037   4.0081E-029   3.6723E-022   8.8400E-016   2.0523E-010   7.1604E-006   1.3302E-002   9.8669E-001
    9.089031E+02   2.0574E-037   4.0083E-029   3.6725E-022   8.8403E-016   2.0524E-010   7.1606E-006   1.3302E-002   9.8669E-001
    9.682894E+02   2.0581E-037   4.0097E-029   3.6736E-022   8.8428E-016   2.0528E-010   7.1618E-006   1.3304E-002   9.8669E-001
    1.029084E+03   2.0631E-037   4.0188E-029   3.6814E-022   8.8592E-016   2.0561E-010   7.1702E-006   1.3312E-002   9.8668E-001
    1.093701E+03   2.0744E-037   4.0428E-029   3.7043E-022   8.9127E-016   2.0677E-010   7.2022E-006   1.3346E-002   9.8665E-001
    1.162375E+03   2.0572E-037   4.0180E-029   3.6891E-022   8.8907E-016   2.0658E-010   7.2016E-006   1.3349E-002   9.8664E-001
    1.235362E+03   1.7966E-037   3.5290E-029   3.2654E-022   7.9722E-016   1.8800E-010   6.7121E-006   1.2843E-002   9.8715E-001
    1.312931E+03   7.4487E-038   1.4944E-029   1.4350E-022   3.7848E-016   9.7723E-011   4.0956E-006   9.7706E-003   9.9023E-001
    1.395371E+03   1.2540E-039   3.0490E-031   3.7730E-024   1.4968E-017   6.0533E-012   5.1972E-007   3.1600E-003   9.9684E-001
    1.482988E+03   4.1856E-041   1.1938E-032   1.8272E-025   1.0263E-018   6.0098E-013   9.4643E-008   1.2515E-003   9.9875E-001
    1.576106E+03   2.5226E-041   7.3812E-033   1.1681E-025   6.9190E-019   4.2836E-013   7.3862E-008   1.0946E-003   9.9891E-001
    1.675071E+03   3.6555E-042   1.1861E-033   2.1427E-026   1.5603E-019   1.1965E-013   2.9173E-008   6.6420E-004   9.9934E-001
    1.780251E+03   2.8495E-043   1.0698E-034   2.3210E-027   2.2350E-020   2.2811E-014   8.8189E-009   3.5104E-004   9.9965E-001
    1.892034E+03   4.4019E-044   1.9097E-035   4.8908E-028   5.8722E-021   7.4895E-015   4.0066E-009   2.3210E-004   9.9977E-001
    2.010837E+03   4.7427E-045   2.3579E-036   7.1457E-029   1.1032E-021   1.8120E-015   1.4618E-009   1.3681E-004   9.9986E-001
    2.137099E+03   6.0484E-046   3.5075E-037   1.2714E-029   2.5054E-022   5.2531E-016   6.1410E-010   8.7364E-005   9.9991E-001
    2.271289E+03   6.6985E-047   4.5135E-038   1.9585E-030   4.9917E-023   1.3522E-016   2.3837E-010   5.3739E-005   9.9995E-001
    2.413905E+03   9.4138E-048   7.3789E-039   3.8142E-031   1.2316E-023   4.2200E-017   1.0677E-010   3.5742E-005   9.9996E-001
    2.565477E+03   2.2447E-048   1.9802E-039   1.1707E-031   4.5076E-024   1.8392E-017   6.0456E-011   2.6835E-005   9.9997E-001
    2.726565E+03   9.4682E-049   9.1419E-040   5.9520E-032   2.5645E-024   1.1702E-017   4.4495E-011   2.3012E-005   9.9998E-001
    2.897769E+03   8.3239E-049   8.4867E-040   5.7954E-032   2.5737E-024   1.2113E-017   4.5786E-011   2.3354E-005   9.9998E-001
    3.079722E+03   1.6366E-048   1.7046E-039   1.1635E-031   4.8796E-024   2.1727E-017   6.9042E-011   2.8780E-005   9.9997E-001
    3.273101E+03   1.2016E-047   1.1699E-038   7.1728E-031   2.4381E-023   8.8163E-017   1.8474E-010   4.7740E-005   9.9995E-001
    3.478622E+03   5.8237E-046   5.2116E-037   2.7027E-029   6.2655E-022   1.5401E-015   1.4531E-009   1.4213E-004   9.9986E-001
    3.697048E+03   8.4427E-044   5.2627E-035   1.7914E-027   2.3397E-020   3.2030E-014   1.2762E-008   4.4959E-004   9.9955E-001
    3.929188E+03   1.1926E-042   5.2237E-034   1.2442E-026   1.1247E-019   1.0644E-013   2.8754E-008   6.7839E-004   9.9932E-001
    4.175906E+03   8.0174E-039   3.5805E-030   7.1222E-023   3.2523E-016   1.3537E-010   6.6881E-006   1.4206E-002   9.8579E-001
    4.438115E+03   7.3656E-037   3.0088E-028   5.0565E-021   1.6049E-014   4.1399E-009   8.9511E-005   5.9540E-002   9.4037E-001
    4.716788E+03   1.3092E-036   5.5522E-028   9.5277E-021   2.9653E-014   7.2835E-009   1.3935E-004   7.6251E-002   9.2361E-001
    5.012959E+03   4.3093E-037   2.0106E-028   3.8299E-021   1.3522E-014   3.8285E-009   8.7823E-005   5.9926E-002   9.3999E-001
    5.327727E+03   1.2611E-037   6.4852E-029   1.3766E-021   5.5631E-015   1.8373E-009   5.1607E-005   4.5239E-002   9.5471E-001
    5.662260E+03   8.5002E-038   4.6959E-029   1.0686E-021   4.6065E-015   1.6172E-009   4.7845E-005   4.3781E-002   9.5617E-001
    6.017798E+03   8.5235E-038   4.8525E-029   1.1332E-021   4.9616E-015   1.7565E-009   5.1443E-005   4.5752E-002   9.5420E-001
    6.395661E+03   2.6291E-037   1.4743E-028   3.3235E-021   1.3374E-014   4.1967E-009   9.9655E-005   6.5757E-002   9.3414E-001
    6.797251E+03   1.6596E-036   9.0243E-028   1.9109E-020   6.6832E-014   1.7112E-008   2.8767E-004   1.1644E-001   8.8327E-001
    7.224056E+03   1.2458E-035   6.3469E-027   1.2213E-019   3.6013E-013   7.2657E-008   8.3839E-004   2.0224E-001   7.9692E-001
    7.677661E+03   1.4712E-034   6.9462E-026   1.1913E-018   2.8458E-012   4.2239E-007   3.0029E-003   3.7117E-001   6.2583E-001
    8.159748E+03   3.0179E-033   1.2455E-024   1.7846E-017   3.1839E-011   3.1102E-006   1.1807E-002   6.2498E-001   3.6321E-001
    8.672106E+03   8.9640E-031   2.8653E-022   2.8862E-015   2.8270E-009   1.0982E-004   1.0480E-001   8.4895E-001   4.6140E-002
    9.216636E+03   7.3116E-026   1.0597E-017   3.9615E-011   8.1699E-006   2.8314E-002   8.9361E-001   7.8056E-002   1.4824E-005
    9.793140E+03   2.2631E-019   7.8407E-012   4.7276E-006   4.2516E-002   9.3046E-001   2.7021E-002   2.1981E-007   3.7912E-016
    1.026683E+04   5.1118E-015   5.2109E-008   4.8501E-003   9.5939E-001   3.5760E-002   1.4707E-007   8.0960E-018   4.2520E-033
    1.070804E+04   1.5852E-011   4.4781E-005   3.9559E-001   6.0436E-001   6.6738E-006   3.6188E-016   5.5578E-033   1.5846E-056
    1.120152E+04   6.0875E-008   1.4478E-002   9.8539E-001   1.2983E-004   1.7962E-016   3.9694E-036   5.4154E-065   2.2773E-089
    1.159423E+04   7.6058E-006   2.8854E-001   7.1145E-001   2.6430E-007   1.7064E-023   6.2664E-049   6.4930E-076   3.5977E-102
    1.180243E+04   2.6420E-005   5.2099E-001   4.7898E-001   3.7676E-008   2.0299E-025   2.9605E-052   8.0299E-078   1.7450E-105
    1.192916E+04   5.8973E-005   7.5347E-001   2.4647E-001   2.4899E-009   3.1798E-028   2.8795E-057   1.3186E-080   1.7781E-110
    1.202084E+04   1.0634E-004   9.1326E-001   8.6631E-002   6.0720E-011   4.9315E-032   9.4026E-063   2.3064E-084   6.5804E-116
    1.209768E+04   1.4720E-004   9.6527E-001   3.4586E-002   2.7543E-012   3.3856E-035   4.8026E-064   1.8809E-087   4.0152E-117
    1.216841E+04   1.7869E-004   9.8196E-001   1.7865E-002   3.0628E-013   1.9161E-037   6.2334E-065   1.2460E-089   6.1306E-118
    1.223949E+04   2.2237E-004   9.9115E-001   8.6267E-003   2.8554E-014   7.5007E-040   6.9822E-066   5.8687E-092   8.3079E-119
    1.231406E+04   2.7951E-004   9.9559E-001   4.1330E-003   2.6792E-015   3.0866E-042   7.7935E-067   2.8737E-094   1.1096E-119
    1.239842E+04   3.4190E-004   9.9746E-001   2.1948E-003   3.5515E-016   2.8804E-044   1.1717E-067   3.0402E-096   1.9000E-120
    1.256481E+04   4.0663E-004   9.9843E-001   1.1656E-003   4.4942E-017   2.2620E-046   1.6532E-068   2.6584E-098   3.0026E-121
    1.321135E+04   2.3738E-004   9.9759E-001   2.1709E-003   1.8097E-016   2.5269E-045   6.7298E-068   2.9702E-097   1.2258E-120
    1.378971E+04   1.4073E-004   9.9490E-001   4.9606E-003   1.6190E-015   2.1793E-043   5.6196E-067   2.3602E-095   9.3847E-120
    1.426236E+04   1.1960E-004   9.9476E-001   5.1221E-003   1.3763E-015   1.0468E-043   5.1316E-067   1.2089E-095   9.0960E-120
    1.471893E+04   1.2885E-004   9.9681E-001   3.0567E-003   2.2533E-016   1.2980E-045   1.0057E-067   1.7959E-097   2.1194E-120
    1.520339E+04   1.6939E-004   9.9848E-001   1.3544E-003   1.7107E-017   5.3332E-048   9.3430E-069   1.0058E-099   2.3906E-121
    1.569984E+04   2.7730E-004   9.9933E-001   3.9611E-004   4.0247E-019   1.9347E-050   2.6752E-070   5.2696E-102   8.2413E-123
    1.625603E+04   4.6721E-004   9.9944E-001   9.2152E-005   4.1996E-021   4.6488E-055   3.1747E-072   1.3315E-106   1.1253E-124
    1.692188E+04   9.0467E-004   9.9908E-001   1.9393E-005   3.8064E-023   3.8920E-056   3.9172E-074   1.2379E-107   1.9257E-126
    1.755155E+04   1.3833E-003   9.9861E-001   5.7064E-006   7.9958E-025   1.7557E-056   1.2488E-075   8.4975E-108   9.4958E-128
    1.815678E+04   1.6417E-003   9.9836E-001   2.5257E-006   4.9208E-026   1.0866E-056   1.0694E-076   7.3178E-108   1.1507E-128
    1.877630E+04   1.8737E-003   9.9812E-001   1.2832E-006   4.7566E-027   7.4809E-057   1.4165E-077   6.8192E-108   2.0952E-129
    1.943029E+04   2.1972E-003   9.9780E-001   7.0255E-007   6.5932E-028   5.4823E-057   2.7609E-078   6.6967E-108   5.5425E-130
    2.010428E+04   1.9052E-003   9.9809E-001   6.5370E-007   3.8032E-028   4.6737E-057   1.5991E-078   5.2366E-108   2.9766E-130
    2.090850E+04   1.7012E-003   9.9830E-001   6.5474E-007   3.3582E-028   4.0624E-057   1.5102E-078   3.9496E-108   2.4701E-130
    2.182676E+04   1.8698E-003   9.9813E-001   5.3674E-007   2.8157E-028   3.3506E-057   1.6321E-078   3.2732E-108   2.7106E-130
    2.283367E+04   1.7619E-003   9.9824E-001   6.2390E-007   7.4216E-028   3.0763E-057   4.2489E-078   2.3641E-108   5.6120E-130
    2.394324E+04   1.7847E-003   9.9821E-001   6.8595E-007   1.4954E-027   2.9109E-057   8.3260E-078   1.9170E-108   9.4966E-130
    2.516734E+04   1.6192E-003   9.9838E-001   9.4677E-007   3.6730E-027   3.1821E-057   1.8493E-077   1.6507E-108   1.6767E-129
    2.638649E+04   1.8497E-003   9.9815E-001   8.9447E-007   4.0013E-027   2.9737E-057   2.0642E-077   1.5225E-108   1.8542E-129
    2.758311E+04   1.4134E-003   9.9858E-001   1.8481E-006   1.5415E-026   4.4775E-057   6.7310E-077   1.6558E-108   4.4115E-129
    2.884269E+04   1.2180E-003   9.9878E-001   3.0699E-006   3.6298E-026   6.3171E-057   1.4643E-076   1.9706E-108   8.1534E-129
    3.014497E+04   9.8731E-004   9.9901E-001   5.9716E-006   1.1050E-025   1.0442E-056   4.0535E-076   2.7424E-108   1.9099E-128
    3.148085E+04   8.6539E-004   9.9912E-001   9.9926E-006   2.5015E-025   1.5900E-056   8.6255E-076   3.7705E-108   3.6893E-128
    3.276289E+04   8.7180E-004   9.9912E-001   1.2689E-005   3.6661E-025   1.9462E-056   1.2522E-075   4.4262E-108   5.1489E-128
    3.391810E+04   8.7803E-004   9.9911E-001   1.6107E-005   5.3677E-025   2.3898E-056   1.8171E-075   5.2316E-108   7.2106E-128
    3.495083E+04   8.1103E-004   9.9917E-001   2.3545E-005   1.0168E-024   3.3401E-056   3.3436E-075   6.9446E-108   1.2627E-127
    3.592850E+04   7.1196E-004   9.9925E-001   3.5951E-005   2.1122E-024   4.8947E-056   6.7761E-075   9.6962E-108   2.4418E-127
    3.688885E+04   6.2157E-004   9.9933E-001   5.2380E-005   4.2191E-024   6.9196E-056   1.3466E-074   1.3202E-107   4.6816E-127
    3.786912E+04   5.5362E-004   9.9938E-001   6.9534E-005   7.7129E-024   9.0105E-056   2.4933E-074   1.6745E-107   8.4599E-127
    3.888044E+04   5.1182E-004   9.9941E-001   8.1929E-005   1.2588E-023   1.0515E-055   4.1424E-074   1.9231E-107   1.3863E-126
    3.991994E+04   4.8223E-004   9.9943E-001   8.9267E-005   1.9917E-023   1.1408E-055   6.6084E-074   2.0648E-107   2.1923E-126
    4.098383E+04   4.5651E-004   9.9945E-001   9.2515E-005   3.1913E-023   1.1809E-055   1.0480E-073   2.1204E-107   3.4505E-126
    4.207443E+04   4.3046E-004   9.9948E-001   9.2484E-005   5.1933E-023   1.1820E-055   1.6515E-073   2.1080E-107   5.3911E-126
    4.319619E+04   4.0083E-004   9.9951E-001   9.0255E-005   8.5410E-023   1.1587E-055   2.5721E-073   2.0572E-107   8.3139E-126
    4.435339E+04   3.6530E-004   9.9955E-001   8.6970E-005   1.4121E-022   1.1278E-055   3.9420E-073   2.0043E-107   1.2617E-125
    4.555005E+04   3.2306E-004   9.9959E-001   8.3939E-005   2.3502E-022   1.1080E-055   5.9564E-073   1.9898E-107   1.8916E-125
    4.678738E+04   2.7597E-004   9.9964E-001   8.2301E-005   3.9372E-022   1.1146E-055   8.8783E-073   2.0455E-107   2.8073E-125
    4.806468E+04   2.2865E-004   9.9969E-001   8.2377E-005   6.5375E-022   1.1504E-055   1.2885E-072   2.1790E-107   4.0725E-125
    4.937985E+04   1.8524E-004   9.9973E-001   8.3962E-005   1.0512E-021   1.2096E-055   1.7901E-072   2.3800E-107   5.6786E-125
    5.073002E+04   1.4706E-004   9.9977E-001   8.6757E-005   1.6080E-021   1.2849E-055   2.3612E-072   2.6319E-107   7.5493E-125
    5.211198E+04   1.1394E-004   9.9980E-001   9.0559E-005   2.3168E-021   1.3727E-055   2.9631E-072   2.9255E-107   9.6024E-125
    5.352349E+04   8.6280E-005   9.9982E-001   9.5385E-005   3.1376E-021   1.4755E-055   3.5692E-072   3.2700E-107   1.1823E-124
    5.496004E+04   6.5044E-005   9.9983E-001   1.0072E-004   3.9880E-021   1.5902E-055   4.1503E-072   3.6689E-107   1.4218E-124
    5.642085E+04   5.0112E-005   9.9984E-001   1.0543E-004   4.7517E-021   1.7049E-055   4.6627E-072   4.1108E-107   1.6765E-124
    5.789881E+04   4.0042E-005   9.9985E-001   1.0824E-004   5.3065E-021   1.8048E-055   5.0508E-072   4.5747E-107   1.9393E-124
    5.939226E+04   3.3083E-005   9.9986E-001   1.0820E-004   5.5769E-021   1.8789E-055   5.2770E-072   5.0495E-107   2.2052E-124
    6.088737E+04   2.8249E-005   9.9987E-001   1.0530E-004   5.5575E-021   1.9292E-055   5.3466E-072   5.5622E-107   2.4795E-124
    6.237825E+04   2.4608E-005   9.9988E-001   1.0027E-004   5.3060E-021   1.9699E-055   5.3132E-072   6.1941E-107   2.7886E-124
    6.383998E+04   2.1447E-005   9.9988E-001   9.3992E-005   4.9052E-021   2.0134E-055   5.2421E-072   7.0359E-107   3.1645E-124
    6.526223E+04   1.8283E-005   9.9989E-001   8.7081E-005   4.4241E-021   2.0658E-055   5.1751E-072   8.1782E-107   3.6375E-124
    6.660986E+04   1.5398E-005   9.9990E-001   8.0601E-005   3.9558E-021   2.1377E-055   5.1628E-072   9.7099E-107   4.2402E-124
    6.786444E+04   1.2905E-005   9.9991E-001   7.5343E-005   3.5393E-021   2.2439E-055   5.2158E-072   1.1769E-106   4.9941E-124
    6.899777E+04   1.1115E-005   9.9992E-001   6.9502E-005   3.0252E-021   2.3146E-055   5.0384E-072   1.3950E-106   5.5540E-124
    6.951321E+04   1.0339E-005   9.9993E-001   6.2791E-005   2.4646E-021   2.2054E-055   4.3602E-072   1.4282E-106   5.1937E-124
    6.977237E+04   1.0027E-005   9.9993E-001   5.6863E-005   1.9887E-021   2.0505E-055   3.6294E-072   1.3747E-106   4.4714E-124
    6.990232E+04   9.8476E-006   9.9994E-001   5.1446E-005   1.5632E-021   1.8805E-055   2.9006E-072   1.2849E-106   3.6432E-124
    6.996738E+04   9.7911E-006   9.9994E-001   4.7425E-005   1.2546E-021   1.7455E-055   2.3485E-072   1.2048E-106   2.9803E-124
    6.999830E+04   9.7860E-006   9.9995E-001   4.4612E-005   1.0483E-021   1.6483E-055   1.9725E-072   1.1445E-106   2.5185E-124
    6.999993E+04   9.7903E-006   9.9995E-001   4.4322E-005   1.0263E-021   1.6382E-055   1.9320E-072   1.1382E-106   2.4683E-124
#TIME:     0.733
#NVEL: 115
#vel_mid[km/s]           fe0           fe1           fe2           fe3           fe4           fe5           fe6           fe7
    8.484664E+02   1.1857E-036   2.9783E-028   3.2649E-021   7.8132E-015   1.6611E-009   3.8352E-005   3.5018E-002   9.6494E-001
    8.528610E+02   1.1857E-036   2.9783E-028   3.2649E-021   7.8132E-015   1.6611E-009   3.8352E-005   3.5018E-002   9.6494E-001
    8.661820E+02   1.1857E-036   2.9783E-028   3.2649E-021   7.8133E-015   1.6612E-009   3.8353E-005   3.5018E-002   9.6494E-001
    8.934513E+02   1.1859E-036   2.9788E-028   3.2654E-021   7.8143E-015   1.6613E-009   3.8356E-005   3.5019E-002   9.6494E-001
    9.472405E+02   1.1866E-036   2.9805E-028   3.2672E-021   7.8181E-015   1.6620E-009   3.8368E-005   3.5025E-002   9.6494E-001
    1.007109E+03   1.1891E-036   2.9863E-028   3.2730E-021   7.8306E-015   1.6643E-009   3.8406E-005   3.5044E-002   9.6492E-001
    1.070759E+03   1.1930E-036   2.9968E-028   3.2849E-021   7.8579E-015   1.6696E-009   3.8503E-005   3.5094E-002   9.6487E-001
    1.138432E+03   1.1637E-036   2.9323E-028   3.2245E-021   7.7392E-015   1.6501E-009   3.8194E-005   3.4951E-002   9.6501E-001
    1.210381E+03   9.7022E-037   2.4678E-028   2.7459E-021   6.7084E-015   1.4605E-009   3.4886E-005   3.3274E-002   9.6669E-001
    1.286878E+03   3.6465E-037   9.5984E-029   1.1224E-021   2.9933E-015   7.2529E-010   2.0620E-005   2.4935E-002   9.7504E-001
    1.368209E+03   1.1275E-038   3.4503E-030   4.9383E-023   1.8319E-016   6.5217E-011   3.4076E-006   9.2851E-003   9.9071E-001
    1.454681E+03   2.9534E-040   1.0600E-031   1.8811E-024   9.9471E-018   5.2718E-012   5.2238E-007   3.3157E-003   9.9668E-001
    1.546618E+03   6.9273E-041   2.6664E-032   5.1859E-025   3.1745E-018   1.9732E-012   2.5220E-007   2.2270E-003   9.9777E-001
    1.644365E+03   1.2032E-041   5.0705E-033   1.1077E-025   8.1270E-019   6.1332E-013   1.0656E-007   1.3935E-003   9.9861E-001
    1.748290E+03   8.9933E-043   4.3603E-034   1.1380E-026   1.0982E-019   1.1060E-013   3.0363E-008   7.0626E-004   9.9929E-001
    1.858783E+03   1.0151E-043   5.7264E-035   1.7860E-027   2.2058E-020   2.8647E-014   1.1456E-008   4.1966E-004   9.9958E-001
    1.976259E+03   9.9611E-045   6.4827E-036   2.4085E-028   3.8481E-021   6.5058E-015   3.9321E-009   2.3729E-004   9.9976E-001
    2.101160E+03   1.0319E-045   7.8466E-037   3.5066E-029   7.2648E-022   1.5982E-015   1.4440E-009   1.3987E-004   9.9986E-001
    2.233954E+03   9.5541E-047   8.5199E-038   4.6094E-030   1.2550E-022   3.6354E-016   5.0524E-010   8.0694E-005   9.9992E-001
    2.375142E+03   1.0920E-047   1.1379E-038   7.3944E-031   2.5971E-023   9.7057E-017   1.9991E-010   4.9906E-005   9.9995E-001
    2.525252E+03   2.0621E-048   2.4468E-039   1.8463E-031   7.9221E-024   3.6150E-017   1.0056E-010   3.5068E-005   9.9996E-001
    2.684850E+03   7.1800E-049   9.4011E-040   7.9030E-032   3.8722E-024   2.0168E-017   6.7293E-011   2.8583E-005   9.9997E-001
    2.854534E+03   5.5681E-049   7.7375E-040   6.8741E-032   3.5206E-024   1.9171E-017   6.5417E-011   2.8226E-005   9.9997E-001
    3.034942E+03   9.5877E-049   1.3726E-039   1.2321E-031   6.0614E-024   3.1727E-017   9.4083E-011   3.4142E-005   9.9997E-001
    3.226752E+03   6.4387E-048   8.6692E-039   7.0480E-031   2.8487E-023   1.2247E-016   2.4678E-010   5.6586E-005   9.9994E-001
    3.430685E+03   1.9659E-046   2.5627E-037   1.8641E-029   5.4990E-022   1.7092E-015   1.7074E-009   1.6030E-004   9.9984E-001
    3.647506E+03   6.5780E-044   5.8763E-035   2.7180E-027   4.2101E-020   6.7043E-014   2.4455E-008   6.6892E-004   9.9933E-001
    3.878031E+03   2.6349E-042   1.5689E-033   4.7433E-026   4.5703E-019   4.4836E-013   9.2424E-008   1.3386E-003   9.9866E-001
    4.123125E+03   3.3572E-039   2.0390E-030   5.3721E-023   3.0444E-016   1.5206E-010   8.0343E-006   1.6374E-002   9.8362E-001
    4.383709E+03   5.1724E-036   2.6736E-027   5.2998E-020   1.6711E-013   3.7322E-008   5.1072E-004   1.5682E-001   8.4267E-001
    4.660762E+03   2.4754E-035   1.2758E-026   2.4465E-019   6.9294E-013   1.2955E-007   1.2939E-003   2.5176E-001   7.4695E-001
    4.955325E+03   1.4274E-035   7.8938E-027   1.6265E-019   4.9682E-013   1.0053E-007   1.0940E-003   2.3354E-001   7.6537E-001
    5.268505E+03   4.2975E-036   2.6148E-027   5.9919E-020   2.0898E-013   4.9542E-008   6.6324E-004   1.8320E-001   8.1614E-001
    5.601477E+03   2.6215E-036   1.7221E-027   4.2583E-020   1.6005E-013   4.0832E-008   5.8683E-004   1.7356E-001   8.2585E-001
    5.955494E+03   2.5107E-036   1.7086E-027   4.3601E-020   1.6754E-013   4.3308E-008   6.1980E-004   1.7931E-001   8.2007E-001
    6.331885E+03   7.0731E-036   4.7530E-027   1.1758E-019   4.1867E-013   9.5863E-008   1.1176E-003   2.4144E-001   7.5745E-001
    6.732064E+03   4.3631E-035   2.8402E-026   6.5938E-019   2.0376E-012   3.7239E-007   2.9957E-003   3.8342E-001   6.1359E-001
    7.157534E+03   3.2753E-034   1.9892E-025   4.1723E-018   1.0752E-011   1.4933E-006   7.8626E-003   5.6217E-001   4.2996E-001
    7.609895E+03   3.4049E-033   1.9029E-024   3.5293E-017   7.2752E-011   7.1284E-006   2.1966E-002   7.5215E-001   2.2588E-001
    8.090845E+03   5.7696E-032   2.7973E-023   4.3000E-016   6.5308E-010   4.0230E-005   6.2683E-002   8.5624E-001   8.1034E-002
    8.602191E+03   1.1260E-029   4.2409E-021   4.6104E-014   3.8439E-008   8.9690E-004   3.3487E-001   6.5884E-001   5.3946E-003
    9.145855E+03   2.2671E-025   4.0969E-017   1.7656E-010   3.2798E-005   6.9811E-002   9.0951E-001   2.0641E-002   6.3720E-007
    9.716757E+03   1.7270E-019   8.2248E-012   6.3526E-006   5.7828E-002   9.2773E-001   1.4432E-002   4.2977E-008   1.8412E-017
    1.017136E+04   2.1840E-015   3.2858E-008   4.2192E-003   9.6284E-001   3.2939E-002   9.9604E-008   3.0678E-018   6.8216E-034
    1.058976E+04   5.1791E-012   2.3346E-005   3.1647E-001   6.8349E-001   9.5572E-006   5.9230E-016   9.1504E-033   2.3030E-056
    1.103681E+04   8.0693E-009   4.5703E-003   9.9473E-001   7.0396E-004   1.1702E-014   6.0776E-033   1.7052E-060   3.4323E-086
    1.143091E+04   2.8747E-006   2.0371E-001   7.9628E-001   3.5462E-007   1.7333E-023   3.3373E-049   6.3235E-076   1.8720E-102
    1.169743E+04   2.5455E-005   6.0070E-001   3.9928E-001   9.6398E-009   3.8536E-027   1.3521E-055   1.5042E-079   7.9790E-109
    1.185375E+04   5.0818E-005   7.8262E-001   2.1733E-001   1.0270E-009   2.2711E-029   1.6389E-059   9.3552E-082   1.0169E-112
    1.195751E+04   8.2554E-005   9.0119E-001   9.8727E-002   6.7873E-011   4.1121E-032   9.8633E-063   1.8567E-084   6.7163E-116
    1.203767E+04   1.1779E-004   9.6233E-001   3.7551E-002   2.5874E-012   1.8697E-035   4.3239E-064   9.9762E-088   3.5009E-117
    1.210835E+04   1.5428E-004   9.8473E-001   1.5116E-002   1.2627E-013   1.5295E-038   2.5950E-065   1.0062E-090   2.6105E-118
    1.217533E+04   1.9478E-004   9.9300E-001   6.8057E-003   9.3208E-015   3.4351E-041   2.3335E-066   2.7555E-093   2.8823E-119
    1.224092E+04   2.3885E-004   9.9627E-001   3.4908E-003   1.0841E-015   2.3105E-043   3.1582E-067   2.1574E-095   4.5649E-120
    1.231061E+04   2.8638E-004   9.9774E-001   1.9732E-003   1.7531E-016   3.4120E-045   5.6940E-068   3.5521E-097   9.2138E-121
    1.238832E+04   3.3558E-004   9.9846E-001   1.2088E-003   3.6867E-017   9.3210E-047   1.2932E-068   1.0477E-098   2.2668E-121
    1.249177E+04   3.9002E-004   9.9886E-001   7.4975E-004   8.0086E-018   2.7171E-048   2.9922E-069   3.2516E-100   5.5999E-122
    1.273320E+04   4.6160E-004   9.9914E-001   3.9457E-004   9.6978E-019   1.8939E-050   3.9281E-070   2.4545E-102   7.9779E-123
    1.314431E+04   5.0535E-004   9.9927E-001   2.2731E-004   1.4368E-019   2.5931E-052   6.3694E-071   4.0602E-104   1.4079E-123
    1.356973E+04   5.6542E-004   9.9930E-001   1.3014E-004   2.1679E-020   2.6610E-052   1.0668E-071   5.6160E-104   2.5674E-124
    1.397745E+04   7.3420E-004   9.9921E-001   5.7166E-005   1.6672E-021   1.1609E-052   9.9523E-073   2.7232E-104   2.6260E-125
    1.437971E+04   1.0813E-003   9.9890E-001   1.9799E-005   7.8550E-023   9.0755E-054   6.7615E-074   2.4626E-105   1.9887E-126
    1.481384E+04   1.7882E-003   9.9821E-001   5.5994E-006   2.3724E-024   1.7647E-055   2.9190E-075   5.4610E-107   9.7754E-128
    1.527443E+04   3.3555E-003   9.9664E-001   1.3130E-006   3.9016E-026   3.6767E-057   6.3779E-077   1.1071E-108   2.5113E-129
    1.573281E+04   5.7240E-003   9.9428E-001   3.4999E-007   8.3657E-028   6.7495E-058   1.8131E-078   1.9997E-109   8.6908E-131
    1.619433E+04   8.2402E-003   9.9176E-001   1.2429E-007   3.6287E-029   3.0520E-058   1.0249E-079   1.1518E-109   6.3218E-132
    1.667669E+04   1.2480E-002   9.8752E-001   4.4988E-008   1.8239E-030   1.5444E-058   7.2153E-081   8.1171E-110   6.2640E-133
    1.717287E+04   1.8868E-002   9.8113E-001   1.7389E-008   1.1265E-031   9.2559E-059   6.9646E-082   7.4885E-110   9.4437E-134
    1.768426E+04   2.3511E-002   9.7649E-001   9.9001E-009   1.2764E-032   8.7178E-059   1.2474E-082   1.1605E-109   2.8221E-134
    1.825695E+04   2.4677E-002   9.7532E-001   7.9180E-009   2.6806E-033   1.1379E-058   3.9973E-083   2.4688E-109   1.4912E-134
    1.899553E+04   3.0288E-002   9.6971E-001   5.6113E-009   3.8921E-034   1.3244E-058   9.3056E-084   4.7129E-109   5.7720E-135
