#NTIMES: 50
#NSTAGES 4
#TIMES[d]: 199.16 202.02 204.93 207.87 210.86 213.89 216.97 220.09 223.25 226.46 229.71 233.01 236.36 239.76 243.21 246.70 250.25 253.85 257.49 261.20 264.95 268.76 272.62 276.54 280.51 284.55 288.64 292.79 296.99 301.26 305.59 309.99 314.44 318.96 323.54 328.20 332.91 337.70 342.55 347.48 352.47 357.54 362.67 367.89 373.18 378.54 383.98 389.50 395.10 400.78
#
#TIME: 199.16
#NVEL 78
#vel_mid[km/s] o0 o1 o2 o3
1060.83 8.2243e-03 8.3677e-01 1.5121e-01 3.7968e-03
1919.29 8.3936e-03 8.5183e-01 1.3677e-01 3.0088e-03
2581.60 6.1969e-03 7.9229e-01 1.9583e-01 5.6799e-03
3084.17 3.7529e-03 6.7052e-01 3.1433e-01 1.1405e-02
3472.46 1.9941e-03 5.3737e-01 4.4140e-01 1.9232e-02
3909.64 9.7482e-04 4.4357e-01 5.2672e-01 2.8737e-02
4148.46 1.4080e-03 4.6943e-01 5.0037e-01 2.8785e-02
4670.75 1.3957e-03 4.8782e-01 4.8261e-01 2.8170e-02
4956.05 8.3094e-04 4.3240e-01 5.3257e-01 3.4200e-02
5258.79 3.4433e-04 3.1217e-01 6.4309e-01 4.4396e-02
5580.02 1.3664e-04 2.4522e-01 7.0272e-01 5.1923e-02
5920.87 6.3383e-05 2.0792e-01 7.3303e-01 5.8992e-02
6282.54 3.5953e-05 1.7341e-01 7.6037e-01 6.6180e-02
6666.30 3.1661e-05 1.6139e-01 7.6848e-01 7.0101e-02
7073.50 2.8607e-05 1.5343e-01 7.7326e-01 7.3278e-02
7505.58 2.6477e-05 1.4833e-01 7.7390e-01 7.7747e-02
7964.05 3.5958e-05 1.5865e-01 7.6457e-01 7.6744e-02
8450.53 7.7231e-05 1.9265e-01 7.3255e-01 7.4718e-02
8966.72 1.6778e-04 2.3776e-01 6.9490e-01 6.7176e-02
9514.44 3.4258e-04 2.9583e-01 6.4165e-01 6.2178e-02
10095.62 7.0518e-04 4.0385e-01 5.4512e-01 5.0325e-02
10712.30 1.2220e-03 4.5178e-01 5.0336e-01 4.3640e-02
11366.65 1.6445e-03 5.0742e-01 4.5153e-01 3.9406e-02
12061.10 1.9935e-03 5.6312e-01 4.0014e-01 3.4743e-02
12793.43 2.5217e-03 5.4713e-01 4.1389e-01 3.6457e-02
13528.61 2.3792e-03 5.6613e-01 3.9576e-01 3.5731e-02
14194.74 2.4827e-03 5.4868e-01 4.0452e-01 4.4317e-02
14757.77 2.6756e-03 5.6271e-01 3.9439e-01 4.0227e-02
15240.48 2.7472e-03 5.6801e-01 3.9487e-01 3.4371e-02
15646.99 3.0018e-03 6.7753e-01 3.0109e-01 1.8378e-02
15960.30 4.8626e-03 7.6904e-01 2.1748e-01 8.6144e-03
16187.41 5.1663e-03 8.0275e-01 1.8596e-01 6.1241e-03
16354.17 3.9578e-03 8.0933e-01 1.8062e-01 6.0858e-03
16484.18 3.0698e-03 7.8741e-01 2.0282e-01 6.6930e-03
16593.12 1.9749e-03 7.6435e-01 2.2652e-01 7.1550e-03
16691.99 1.4575e-03 7.2223e-01 2.6604e-01 1.0268e-02
16788.59 1.9016e-03 7.4289e-01 2.4454e-01 1.0670e-02
16888.37 1.4280e-03 7.5030e-01 2.3737e-01 1.0906e-02
16998.79 1.8967e-03 6.9845e-01 2.8514e-01 1.4510e-02
17146.37 1.1543e-03 6.2652e-01 3.5587e-01 1.6456e-02
17415.23 7.1515e-04 6.2173e-01 3.5864e-01 1.8912e-02
17888.12 5.9569e-04 5.7274e-01 3.9534e-01 3.1325e-02
18532.37 4.4520e-04 5.1519e-01 4.4601e-01 3.8356e-02
19260.76 2.4975e-04 4.6536e-01 4.8489e-01 4.9501e-02
20034.10 1.4718e-04 4.2008e-01 5.1127e-01 6.8496e-02
20838.00 8.3447e-05 2.6112e-01 6.4711e-01 9.1690e-02
21647.97 1.1424e-04 1.8288e-01 7.1419e-01 1.0282e-01
22447.94 6.3453e-05 1.9897e-01 6.1186e-01 1.8911e-01
23245.88 9.4142e-05 2.1108e-01 6.1175e-01 1.7708e-01
24052.47 1.5016e-04 1.9957e-01 5.5169e-01 2.4860e-01
24867.72 7.4372e-05 1.7289e-01 5.8879e-01 2.3824e-01
25698.86 6.4087e-05 1.5323e-01 5.8247e-01 2.6423e-01
26587.16 3.1366e-05 9.9448e-02 5.9221e-01 3.0831e-01
27637.54 2.5736e-05 1.2168e-01 5.4359e-01 3.3471e-01
28986.97 1.3443e-06 6.2281e-03 6.0207e-01 3.9170e-01
#TIME: 202.02
#NVEL 78
#vel_mid[km/s] o0 o1 o2 o3
1060.83 7.8230e-03 8.2717e-01 1.6106e-01 3.9464e-03
1919.29 8.9547e-03 8.4887e-01 1.3902e-01 3.1561e-03
2581.60 6.5475e-03 7.9443e-01 1.9349e-01 5.5396e-03
3084.17 3.7885e-03 6.7187e-01 3.1309e-01 1.1252e-02
3472.46 1.8712e-03 5.5182e-01 4.2783e-01 1.8485e-02
3909.64 1.1089e-03 4.4067e-01 5.2914e-01 2.9078e-02
4148.46 1.2481e-03 4.6405e-01 5.0482e-01 2.9887e-02
4670.75 1.4776e-03 4.7210e-01 4.9781e-01 2.8613e-02
4956.05 8.1084e-04 3.9612e-01 5.6535e-01 3.7715e-02
5258.79 3.3370e-04 3.0666e-01 6.4689e-01 4.6111e-02
5580.02 1.2600e-04 2.3481e-01 7.1155e-01 5.3519e-02
5920.87 6.1643e-05 2.0910e-01 7.3136e-01 5.9482e-02
6282.54 3.7444e-05 1.7931e-01 7.5386e-01 6.6792e-02
6666.30 3.0021e-05 1.6359e-01 7.6792e-01 6.8460e-02
7073.50 3.3728e-05 1.7066e-01 7.5971e-01 6.9597e-02
7505.58 3.3782e-05 1.6651e-01 7.5870e-01 7.4752e-02
7964.05 3.5697e-05 1.5914e-01 7.6239e-01 7.8441e-02
8450.53 8.2897e-05 2.0685e-01 7.1940e-01 7.3666e-02
8966.72 1.7260e-04 2.4679e-01 6.8529e-01 6.7743e-02
9514.44 3.6798e-04 3.0016e-01 6.3772e-01 6.1748e-02
10095.62 6.6886e-04 3.5613e-01 5.8889e-01 5.4311e-02
10712.30 1.2007e-03 4.3462e-01 5.1909e-01 4.5096e-02
11366.65 1.9050e-03 5.2365e-01 4.3656e-01 3.7882e-02
12061.10 2.0779e-03 5.6036e-01 4.0287e-01 3.4688e-02
12793.43 2.3651e-03 5.7918e-01 3.8414e-01 3.4324e-02
13528.61 2.6742e-03 5.8223e-01 3.7985e-01 3.5252e-02
14194.74 2.3969e-03 5.2553e-01 4.2701e-01 4.5066e-02
14757.77 2.7606e-03 5.7007e-01 3.8920e-01 3.7971e-02
15240.48 2.6179e-03 6.1287e-01 3.5267e-01 3.1841e-02
15646.99 3.3003e-03 6.8225e-01 2.9648e-01 1.7971e-02
15960.30 4.0234e-03 7.8612e-01 2.0230e-01 7.5567e-03
16187.41 6.3274e-03 8.1678e-01 1.7138e-01 5.5198e-03
16354.17 2.5869e-03 8.2858e-01 1.6397e-01 4.8703e-03
16484.18 2.7346e-03 7.9513e-01 1.9577e-01 6.3680e-03
16593.12 3.3162e-03 7.6562e-01 2.2272e-01 8.3498e-03
16691.99 3.4230e-03 7.3875e-01 2.4591e-01 1.1924e-02
16788.59 2.4342e-03 7.4308e-01 2.4362e-01 1.0861e-02
16888.37 1.5345e-03 7.2201e-01 2.6463e-01 1.1835e-02
16998.79 2.0722e-03 6.8380e-01 2.9905e-01 1.5073e-02
17146.37 1.5130e-03 6.5970e-01 3.2201e-01 1.6778e-02
17415.23 7.3343e-04 6.3165e-01 3.4769e-01 1.9929e-02
17888.12 5.2438e-04 5.8545e-01 3.8325e-01 3.0772e-02
18532.37 4.5901e-04 5.1266e-01 4.4805e-01 3.8822e-02
19260.76 2.3869e-04 4.6494e-01 4.8720e-01 4.7626e-02
20034.10 2.1236e-04 4.1732e-01 5.1684e-01 6.5632e-02
20838.00 9.0716e-05 2.9690e-01 6.1659e-01 8.6414e-02
21647.97 8.2268e-05 2.0624e-01 6.6820e-01 1.2547e-01
22447.94 3.3939e-05 1.2211e-01 6.8811e-01 1.8974e-01
23245.88 7.0575e-05 2.9107e-01 5.5390e-01 1.5495e-01
24052.47 2.9479e-05 1.8814e-01 6.0419e-01 2.0764e-01
24867.72 2.0315e-05 4.8329e-02 5.9300e-01 3.5865e-01
25698.86 5.4644e-05 1.6601e-01 5.6117e-01 2.7276e-01
26587.16 4.0241e-06 1.2578e-02 6.7638e-01 3.1104e-01
27637.54 5.8148e-05 6.9215e-02 5.9912e-01 3.3161e-01
28986.97 4.1761e-06 1.6343e-02 5.8258e-01 4.0107e-01
#TIME: 204.93
#NVEL 78
#vel_mid[km/s] o0 o1 o2 o3
1060.83 1.0066e-02 8.4356e-01 1.4293e-01 3.4488e-03
1919.29 8.8069e-03 8.5059e-01 1.3750e-01 3.0983e-03
2581.60 6.3792e-03 7.9201e-01 1.9593e-01 5.6791e-03
3084.17 3.9793e-03 6.6480e-01 3.1985e-01 1.1373e-02
3472.46 1.7998e-03 5.3291e-01 4.4577e-01 1.9523e-02
3909.64 1.1233e-03 4.4338e-01 5.2515e-01 3.0349e-02
4148.46 1.0777e-03 4.4508e-01 5.2354e-01 3.0307e-02
4670.75 1.4605e-03 4.9416e-01 4.7661e-01 2.7766e-02
4956.05 8.2670e-04 4.1044e-01 5.5333e-01 3.5405e-02
5258.79 3.5476e-04 3.1523e-01 6.4057e-01 4.3844e-02
5580.02 1.2606e-04 2.3431e-01 7.1237e-01 5.3189e-02
5920.87 5.7849e-05 1.9712e-01 7.4257e-01 6.0253e-02
6282.54 3.3897e-05 1.6707e-01 7.6591e-01 6.6992e-02
6666.30 3.0720e-05 1.6451e-01 7.6586e-01 6.9595e-02
7073.50 3.2594e-05 1.7044e-01 7.5906e-01 7.0471e-02
7505.58 3.4397e-05 1.6007e-01 7.6463e-01 7.5268e-02
7964.05 3.5715e-05 1.5923e-01 7.6046e-01 8.0276e-02
8450.53 8.0130e-05 1.9648e-01 7.2980e-01 7.3638e-02
8966.72 1.8097e-04 2.4636e-01 6.8589e-01 6.7566e-02
9514.44 3.7266e-04 2.9069e-01 6.4559e-01 6.3351e-02
10095.62 6.2889e-04 3.8224e-01 5.6405e-01 5.3085e-02
10712.30 9.7600e-04 4.4522e-01 5.0962e-01 4.4187e-02
11366.65 1.8101e-03 5.1471e-01 4.4612e-01 3.7357e-02
12061.10 2.3051e-03 5.3542e-01 4.2606e-01 3.6214e-02
12793.43 2.9934e-03 5.6871e-01 3.9256e-01 3.5745e-02
13528.61 3.0008e-03 5.8304e-01 3.7907e-01 3.4892e-02
14194.74 2.5970e-03 5.4228e-01 4.1235e-01 4.2779e-02
14757.77 2.1753e-03 5.0557e-01 4.4784e-01 4.4408e-02
15240.48 2.9103e-03 5.9998e-01 3.6660e-01 3.0503e-02
15646.99 3.9394e-03 6.6382e-01 3.1361e-01 1.8638e-02
15960.30 5.7086e-03 7.6537e-01 2.2010e-01 8.8197e-03
16187.41 7.9684e-03 8.0639e-01 1.7986e-01 5.7828e-03
16354.17 4.2359e-03 8.0617e-01 1.8398e-01 5.6208e-03
16484.18 2.4718e-03 8.0445e-01 1.8661e-01 6.4670e-03
16593.12 1.8009e-03 7.6590e-01 2.2486e-01 7.4365e-03
16691.99 3.3381e-03 7.4884e-01 2.3582e-01 1.2009e-02
16788.59 1.7153e-03 7.1142e-01 2.6809e-01 1.8780e-02
16888.37 1.6467e-03 7.3197e-01 2.5501e-01 1.1369e-02
16998.79 1.4478e-03 6.6721e-01 3.1453e-01 1.6812e-02
17146.37 1.9758e-03 6.6891e-01 3.1219e-01 1.6927e-02
17415.23 7.5029e-04 6.4868e-01 3.3013e-01 2.0437e-02
17888.12 5.9587e-04 5.6930e-01 4.0175e-01 2.8352e-02
18532.37 3.5955e-04 5.1498e-01 4.4753e-01 3.7128e-02
19260.76 4.3009e-04 4.4506e-01 5.0650e-01 4.8011e-02
20034.10 1.6437e-04 4.0403e-01 5.3100e-01 6.4806e-02
20838.00 1.0832e-04 3.0683e-01 5.9357e-01 9.9493e-02
21647.97 8.4218e-05 2.1218e-01 6.7242e-01 1.1532e-01
22447.94 3.8479e-05 1.3941e-01 7.1494e-01 1.4560e-01
23245.88 1.2773e-04 1.9674e-01 6.4285e-01 1.6028e-01
24052.47 2.8479e-05 1.1630e-01 6.8471e-01 1.9896e-01
24867.72 5.3818e-05 1.1703e-01 6.4359e-01 2.3933e-01
25698.86 1.2254e-04 1.4167e-01 6.0528e-01 2.5292e-01
26587.16 7.9996e-06 3.0716e-02 6.5148e-01 3.1780e-01
27637.54 1.0182e-05 2.9489e-02 6.2017e-01 3.5033e-01
28986.97 2.9003e-05 8.9058e-02 5.1469e-01 3.9622e-01
#TIME: 207.87
#NVEL 78
#vel_mid[km/s] o0 o1 o2 o3
1060.83 8.0231e-03 8.3974e-01 1.4851e-01 3.7236e-03
1919.29 9.1993e-03 8.5087e-01 1.3686e-01 3.0675e-03
2581.60 7.3441e-03 7.9450e-01 1.9270e-01 5.4552e-03
3084.17 3.6370e-03 6.6948e-01 3.1564e-01 1.1248e-02
3472.46 2.0335e-03 5.6025e-01 4.1950e-01 1.8219e-02
3909.64 1.0446e-03 4.4007e-01 5.2948e-01 2.9414e-02
4148.46 1.2901e-03 4.5446e-01 5.1415e-01 3.0105e-02
4670.75 1.5544e-03 4.8511e-01 4.8511e-01 2.8228e-02
4956.05 9.1351e-04 4.1420e-01 5.4997e-01 3.4919e-02
5258.79 3.7766e-04 3.0241e-01 6.5062e-01 4.6596e-02
5580.02 1.3353e-04 2.4966e-01 6.9808e-01 5.2124e-02
5920.87 5.9864e-05 2.0368e-01 7.3601e-01 6.0252e-02
6282.54 3.4904e-05 1.6770e-01 7.6459e-01 6.7672e-02
6666.30 3.1162e-05 1.6537e-01 7.6582e-01 6.8770e-02
7073.50 3.3250e-05 1.7050e-01 7.5984e-01 6.9635e-02
7505.58 3.1089e-05 1.4941e-01 7.7055e-01 8.0013e-02
7964.05 3.4953e-05 1.6221e-01 7.5992e-01 7.7834e-02
8450.53 7.7472e-05 1.9555e-01 7.2927e-01 7.5109e-02
8966.72 1.7852e-04 2.4983e-01 6.8039e-01 6.9602e-02
9514.44 3.4040e-04 3.0668e-01 6.3017e-01 6.2807e-02
10095.62 6.7893e-04 3.7880e-01 5.6788e-01 5.2644e-02
10712.30 1.1820e-03 4.6989e-01 4.8626e-01 4.2665e-02
11366.65 1.7032e-03 5.1195e-01 4.4765e-01 3.8692e-02
12061.10 1.9239e-03 5.4550e-01 4.1682e-01 3.5757e-02
12793.43 2.7090e-03 5.8255e-01 3.8021e-01 3.4530e-02
13528.61 2.6144e-03 5.7096e-01 3.9120e-01 3.5226e-02
14194.74 2.3238e-03 5.6292e-01 3.9520e-01 3.9552e-02
14757.77 1.8334e-03 5.2168e-01 4.3372e-01 4.2768e-02
15240.48 3.3765e-03 6.0641e-01 3.6015e-01 3.0058e-02
15646.99 4.0020e-03 6.8538e-01 2.9282e-01 1.7804e-02
15960.30 4.1960e-03 7.8704e-01 2.0107e-01 7.6907e-03
16187.41 5.9519e-03 7.9670e-01 1.9116e-01 6.1819e-03
16354.17 4.6617e-03 8.1555e-01 1.7455e-01 5.2344e-03
16484.18 5.2075e-03 8.0308e-01 1.8548e-01 6.2287e-03
16593.12 2.7581e-03 7.6762e-01 2.2161e-01 8.0082e-03
16691.99 3.0400e-03 7.7331e-01 2.1508e-01 8.5758e-03
16788.59 8.4830e-04 7.6660e-01 2.2279e-01 9.7684e-03
16888.37 1.5022e-03 7.5473e-01 2.3261e-01 1.1160e-02
16998.79 2.1332e-03 6.9758e-01 2.8574e-01 1.4549e-02
17146.37 1.3259e-03 6.8748e-01 2.9254e-01 1.8653e-02
17415.23 1.1864e-03 6.3304e-01 3.4286e-01 2.2921e-02
17888.12 6.1784e-04 5.7011e-01 3.9802e-01 3.1245e-02
18532.37 5.2407e-04 5.2897e-01 4.3438e-01 3.6122e-02
19260.76 3.9701e-04 4.3386e-01 5.1816e-01 4.7581e-02
20034.10 2.4241e-04 4.1875e-01 5.1851e-01 6.2489e-02
20838.00 1.1265e-04 2.2835e-01 6.8282e-01 8.8724e-02
21647.97 9.6225e-05 2.2828e-01 6.6740e-01 1.0422e-01
22447.94 5.8937e-05 2.1127e-01 6.6141e-01 1.2726e-01
23245.88 6.1219e-05 2.3724e-01 6.0172e-01 1.6098e-01
24052.47 3.8142e-05 9.9121e-02 6.9182e-01 2.0902e-01
24867.72 9.7773e-05 1.7987e-01 5.9020e-01 2.2983e-01
25698.86 6.6511e-05 1.4088e-01 6.1144e-01 2.4762e-01
26587.16 2.8980e-05 9.2697e-02 6.0432e-01 3.0296e-01
27637.54 4.2076e-05 1.1617e-01 5.3890e-01 3.4489e-01
28986.97 1.2107e-05 5.5929e-02 4.0667e-01 5.3739e-01
#TIME: 210.86
#NVEL 78
#vel_mid[km/s] o0 o1 o2 o3
1060.83 9.8795e-03 8.4430e-01 1.4252e-01 3.3028e-03
1919.29 8.3534e-03 8.5396e-01 1.3473e-01 2.9569e-03
2581.60 6.3076e-03 7.9454e-01 1.9360e-01 5.5541e-03
3084.17 3.6032e-03 6.7015e-01 3.1498e-01 1.1276e-02
3472.46 1.9767e-03 5.4665e-01 4.3268e-01 1.8697e-02
3909.64 1.0499e-03 4.4046e-01 5.2955e-01 2.8947e-02
4148.46 1.3165e-03 4.6971e-01 4.9950e-01 2.9468e-02
4670.75 1.4448e-03 5.0024e-01 4.7184e-01 2.6471e-02
4956.05 8.3780e-04 4.0537e-01 5.5656e-01 3.7234e-02
5258.79 3.8584e-04 3.1518e-01 6.3999e-01 4.4450e-02
5580.02 1.3858e-04 2.3555e-01 7.1085e-01 5.3466e-02
5920.87 6.1327e-05 2.0820e-01 7.3343e-01 5.8302e-02
6282.54 3.6635e-05 1.6847e-01 7.6416e-01 6.7330e-02
6666.30 3.0200e-05 1.5754e-01 7.7232e-01 7.0105e-02
7073.50 3.0159e-05 1.5858e-01 7.6701e-01 7.4382e-02
7505.58 2.9400e-05 1.4805e-01 7.7822e-01 7.3705e-02
7964.05 3.7588e-05 1.6235e-01 7.5857e-01 7.9042e-02
8450.53 7.7900e-05 1.8927e-01 7.3583e-01 7.4816e-02
8966.72 1.6329e-04 2.3297e-01 6.9670e-01 7.0162e-02
9514.44 3.9903e-04 3.0536e-01 6.3362e-01 6.0622e-02
10095.62 7.3455e-04 3.8536e-01 5.6114e-01 5.2767e-02
10712.30 1.1975e-03 4.4381e-01 5.1033e-01 4.4663e-02
11366.65 1.8403e-03 5.1840e-01 4.4271e-01 3.7045e-02
12061.10 2.2444e-03 5.6560e-01 3.9765e-01 3.4500e-02
12793.43 2.2012e-03 5.8221e-01 3.8220e-01 3.3389e-02
13528.61 2.7298e-03 5.8286e-01 3.7894e-01 3.5471e-02
14194.74 2.1844e-03 5.7085e-01 3.8871e-01 3.8260e-02
14757.77 1.5031e-03 5.3044e-01 4.2698e-01 4.1076e-02
15240.48 2.5879e-03 5.8268e-01 3.8030e-01 3.4440e-02
15646.99 4.3878e-03 7.1076e-01 2.7004e-01 1.4819e-02
15960.30 6.3141e-03 7.8511e-01 2.0107e-01 7.4974e-03
16187.41 5.1668e-03 8.1404e-01 1.7529e-01 5.4974e-03
16354.17 6.8086e-03 8.0500e-01 1.8253e-01 5.6616e-03
16484.18 3.6325e-03 8.0245e-01 1.8788e-01 6.0375e-03
16593.12 2.4154e-03 7.9411e-01 1.9602e-01 7.4543e-03
16691.99 2.9852e-03 7.7993e-01 2.0887e-01 8.2175e-03
16788.59 3.0249e-03 7.0298e-01 2.8210e-01 1.1898e-02
16888.37 1.6785e-03 7.3366e-01 2.5384e-01 1.0813e-02
16998.79 1.6550e-03 6.9861e-01 2.8631e-01 1.3426e-02
17146.37 1.3797e-03 6.9001e-01 2.8961e-01 1.9000e-02
17415.23 8.6551e-04 6.3368e-01 3.4703e-01 1.8424e-02
17888.12 7.9380e-04 5.5652e-01 4.1444e-01 2.8243e-02
18532.37 4.5135e-04 5.5325e-01 4.0950e-01 3.6798e-02
19260.76 3.5483e-04 4.4982e-01 5.0390e-01 4.5926e-02
20034.10 2.2835e-04 3.9893e-01 5.3903e-01 6.1806e-02
20838.00 1.6391e-04 3.7141e-01 5.2081e-01 1.0761e-01
21647.97 1.0786e-04 2.8163e-01 6.0021e-01 1.1805e-01
22447.94 1.1904e-04 3.0014e-01 5.8003e-01 1.1971e-01
23245.88 9.9216e-05 2.5732e-01 5.8227e-01 1.6031e-01
24052.47 3.3578e-05 9.8977e-02 6.9105e-01 2.0994e-01
24867.72 1.0092e-04 2.0693e-01 5.6588e-01 2.2709e-01
25698.86 5.6699e-05 1.3392e-01 6.0984e-01 2.5618e-01
26587.16 2.0438e-05 4.7471e-02 4.3836e-01 5.1415e-01
27637.54 3.4887e-05 1.1553e-01 5.2697e-01 3.5747e-01
28986.97 1.3397e-05 5.8862e-02 4.2248e-01 5.1865e-01
#TIME: 213.89
#NVEL 78
#vel_mid[km/s] o0 o1 o2 o3
1060.83 1.0096e-02 8.4121e-01 1.4529e-01 3.4102e-03
1919.29 7.6267e-03 8.5634e-01 1.3313e-01 2.9015e-03
2581.60 6.9603e-03 7.9493e-01 1.9261e-01 5.5005e-03
3084.17 3.7838e-03 6.6901e-01 3.1580e-01 1.1410e-02
3472.46 1.8849e-03 5.5098e-01 4.2862e-01 1.8524e-02
3909.64 1.0232e-03 4.4328e-01 5.2624e-01 2.9454e-02
4148.46 1.3109e-03 4.5831e-01 5.1077e-01 2.9606e-02
4670.75 1.5082e-03 4.8563e-01 4.8475e-01 2.8117e-02
4956.05 8.3758e-04 3.9861e-01 5.6472e-01 3.5834e-02
5258.79 3.6003e-04 3.0726e-01 6.4622e-01 4.6157e-02
5580.02 1.4361e-04 2.4859e-01 6.9740e-01 5.3873e-02
5920.87 5.2822e-05 1.9065e-01 7.4892e-01 6.0376e-02
6282.54 3.5673e-05 1.6526e-01 7.6882e-01 6.5880e-02
6666.30 3.0304e-05 1.6158e-01 7.6791e-01 7.0473e-02
7073.50 3.0203e-05 1.5380e-01 7.7376e-01 7.2405e-02
7505.58 3.0341e-05 1.5799e-01 7.6405e-01 7.7922e-02
7964.05 3.6030e-05 1.5600e-01 7.6389e-01 8.0070e-02
8450.53 8.1194e-05 1.9071e-01 7.3327e-01 7.5941e-02
8966.72 1.6694e-04 2.3540e-01 6.9524e-01 6.9199e-02
9514.44 4.0382e-04 3.1110e-01 6.2689e-01 6.1602e-02
10095.62 7.6899e-04 3.9790e-01 5.5064e-01 5.0690e-02
10712.30 1.3004e-03 4.6648e-01 4.8986e-01 4.2354e-02
11366.65 1.6630e-03 5.3341e-01 4.2786e-01 3.7068e-02
12061.10 2.7211e-03 5.5425e-01 4.0659e-01 3.6440e-02
12793.43 2.5984e-03 5.4325e-01 4.1781e-01 3.6343e-02
13528.61 3.0363e-03 5.8576e-01 3.7727e-01 3.3934e-02
14194.74 2.5041e-03 5.4697e-01 4.1023e-01 4.0299e-02
14757.77 1.7344e-03 5.2331e-01 4.3036e-01 4.4600e-02
15240.48 3.1806e-03 5.6206e-01 4.0024e-01 3.4524e-02
15646.99 3.1389e-03 7.0744e-01 2.7361e-01 1.5812e-02
15960.30 6.6373e-03 7.7918e-01 2.0573e-01 8.4574e-03
16187.41 5.2741e-03 8.2089e-01 1.6862e-01 5.2107e-03
16354.17 4.7971e-03 8.1734e-01 1.7317e-01 4.6917e-03
16484.18 4.0042e-03 7.7766e-01 2.1179e-01 6.5432e-03
16593.12 2.2629e-03 7.7903e-01 2.1097e-01 7.7293e-03
16691.99 2.0699e-03 7.6469e-01 2.2418e-01 9.0610e-03
16788.59 1.7388e-03 7.5235e-01 2.3519e-01 1.0725e-02
16888.37 1.2126e-03 7.2989e-01 2.5815e-01 1.0752e-02
16998.79 1.2862e-03 7.2291e-01 2.6323e-01 1.2582e-02
17146.37 1.6630e-03 6.9502e-01 2.8842e-01 1.4891e-02
17415.23 8.1731e-04 6.2291e-01 3.5399e-01 2.2282e-02
17888.12 6.3405e-04 5.6849e-01 4.0307e-01 2.7810e-02
18532.37 5.1716e-04 5.4684e-01 4.1280e-01 3.9846e-02
19260.76 2.4402e-04 4.7155e-01 4.8006e-01 4.8141e-02
20034.10 2.2061e-04 3.7583e-01 5.6393e-01 6.0020e-02
20838.00 1.4986e-04 3.3438e-01 5.7819e-01 8.7280e-02
21647.97 1.0689e-04 1.9021e-01 6.8079e-01 1.2889e-01
22447.94 1.0729e-04 2.4448e-01 6.3714e-01 1.1828e-01
23245.88 1.0594e-04 2.5981e-01 5.6573e-01 1.7435e-01
24052.47 1.1656e-04 2.5903e-01 5.5996e-01 1.8089e-01
24867.72 1.1724e-04 1.8820e-01 5.3842e-01 2.7326e-01
25698.86 5.4222e-05 1.7953e-01 5.6380e-01 2.5662e-01
26587.16 5.3547e-05 1.5300e-01 5.5800e-01 2.8894e-01
27637.54 2.3768e-05 1.1348e-01 5.3637e-01 3.5012e-01
28986.97 5.9359e-05 9.2221e-02 5.1836e-01 3.8936e-01
#TIME: 216.97
#NVEL 78
#vel_mid[km/s] o0 o1 o2 o3
1060.83 9.6645e-03 8.3947e-01 1.4737e-01 3.4972e-03
1919.29 7.9673e-03 8.5706e-01 1.3211e-01 2.8586e-03
2581.60 6.8036e-03 7.9686e-01 1.9093e-01 5.4025e-03
3084.17 4.0231e-03 6.7764e-01 3.0755e-01 1.0785e-02
3472.46 2.1841e-03 5.4958e-01 4.2938e-01 1.8849e-02
3909.64 1.1064e-03 4.5176e-01 5.1869e-01 2.8444e-02
4148.46 1.2370e-03 4.6359e-01 5.0588e-01 2.9297e-02
4670.75 1.4606e-03 4.8002e-01 4.8982e-01 2.8703e-02
4956.05 7.5447e-04 4.0590e-01 5.5859e-01 3.4755e-02
5258.79 4.0593e-04 3.1578e-01 6.3930e-01 4.4517e-02
5580.02 1.3919e-04 2.4918e-01 6.9896e-01 5.1728e-02
5920.87 5.5559e-05 2.0382e-01 7.3736e-01 5.8765e-02
6282.54 3.7616e-05 1.6742e-01 7.6568e-01 6.6857e-02
6666.30 3.3064e-05 1.6229e-01 7.6863e-01 6.9044e-02
7073.50 3.1758e-05 1.5895e-01 7.6744e-01 7.3585e-02
7505.58 3.2681e-05 1.6108e-01 7.6154e-01 7.7342e-02
7964.05 3.7430e-05 1.5959e-01 7.6126e-01 7.9116e-02
8450.53 8.3148e-05 1.9180e-01 7.3127e-01 7.6856e-02
8966.72 1.7886e-04 2.3967e-01 6.9295e-01 6.7196e-02
9514.44 3.7796e-04 3.0083e-01 6.3700e-01 6.1790e-02
10095.62 8.2599e-04 3.8850e-01 5.5974e-01 5.0929e-02
10712.30 1.4096e-03 4.7638e-01 4.7999e-01 4.2216e-02
11366.65 1.9791e-03 5.3332e-01 4.2908e-01 3.5619e-02
12061.10 2.5858e-03 5.7573e-01 3.8804e-01 3.3652e-02
12793.43 3.0106e-03 5.8415e-01 3.7973e-01 3.3105e-02
13528.61 3.6409e-03 5.7602e-01 3.8564e-01 3.4690e-02
14194.74 3.1431e-03 5.8333e-01 3.7828e-01 3.5241e-02
14757.77 2.3052e-03 5.7604e-01 3.8347e-01 3.8181e-02
15240.48 2.1903e-03 6.0432e-01 3.6269e-01 3.0798e-02
15646.99 4.2767e-03 7.2006e-01 2.6210e-01 1.3565e-02
15960.30 4.9789e-03 7.8584e-01 2.0189e-01 7.2932e-03
16187.41 6.0318e-03 8.1612e-01 1.7285e-01 4.9980e-03
16354.17 5.5717e-03 8.2852e-01 1.6121e-01 4.6950e-03
16484.18 3.8570e-03 7.8554e-01 2.0503e-01 5.5727e-03
16593.12 2.9603e-03 7.9821e-01 1.9219e-01 6.6431e-03
16691.99 2.9993e-03 7.7150e-01 2.1675e-01 8.7550e-03
16788.59 3.1954e-03 7.3916e-01 2.4811e-01 9.5395e-03
16888.37 1.7668e-03 7.4734e-01 2.4013e-01 1.0757e-02
16998.79 1.7035e-03 7.1356e-01 2.6833e-01 1.6409e-02
17146.37 1.5069e-03 7.3560e-01 2.5014e-01 1.2754e-02
17415.23 9.7000e-04 6.4516e-01 3.3387e-01 1.9993e-02
17888.12 4.6674e-04 5.6618e-01 4.0552e-01 2.7828e-02
18532.37 4.8202e-04 5.3562e-01 4.3017e-01 3.3735e-02
19260.76 3.4199e-04 4.5041e-01 5.0632e-01 4.2928e-02
20034.10 1.9280e-04 3.8474e-01 5.5060e-01 6.4461e-02
20838.00 1.4369e-04 3.2010e-01 5.9131e-01 8.8448e-02
21647.97 1.6479e-04 2.2854e-01 6.6851e-01 1.0279e-01
22447.94 1.7571e-04 1.8537e-01 6.8906e-01 1.2540e-01
23245.88 1.2557e-04 2.3431e-01 6.0588e-01 1.5968e-01
24052.47 1.1425e-04 1.3144e-01 6.6801e-01 2.0044e-01
24867.72 1.7559e-04 1.9285e-01 5.5676e-01 2.5021e-01
25698.86 1.5072e-04 1.8450e-01 5.7884e-01 2.3652e-01
26587.16 3.7998e-04 1.4015e-01 5.3327e-01 3.2620e-01
27637.54 5.5851e-05 1.1616e-01 5.3854e-01 3.4525e-01
28986.97 1.4092e-05 3.4896e-02 5.7783e-01 3.8726e-01
#TIME: 220.09
#NVEL 78
#vel_mid[km/s] o0 o1 o2 o3
1060.83 8.8375e-03 8.5152e-01 1.3657e-01 3.0716e-03
1919.29 8.0882e-03 8.5786e-01 1.3122e-01 2.8300e-03
2581.60 7.0507e-03 8.0103e-01 1.8668e-01 5.2393e-03
3084.17 4.2322e-03 6.7532e-01 3.0951e-01 1.0936e-02
3472.46 2.2199e-03 5.6288e-01 4.1698e-01 1.7920e-02
3909.64 1.0634e-03 4.3783e-01 5.3212e-01 2.8985e-02
4148.46 1.4310e-03 4.7951e-01 4.9081e-01 2.8250e-02
4670.75 1.5115e-03 4.7539e-01 4.9489e-01 2.8207e-02
4956.05 8.1745e-04 4.1580e-01 5.4866e-01 3.4732e-02
5258.79 4.0894e-04 3.1683e-01 6.3811e-01 4.4651e-02
5580.02 1.4208e-04 2.4580e-01 7.0086e-01 5.3194e-02
5920.87 5.6833e-05 1.9761e-01 7.4058e-01 6.1746e-02
6282.54 3.2840e-05 1.6089e-01 7.7130e-01 6.7775e-02
6666.30 3.3974e-05 1.6640e-01 7.6374e-01 6.9824e-02
7073.50 3.1284e-05 1.5696e-01 7.6950e-01 7.3512e-02
7505.58 3.0434e-05 1.4680e-01 7.7445e-01 7.8719e-02
7964.05 3.9477e-05 1.6754e-01 7.5196e-01 8.0458e-02
8450.53 8.2840e-05 1.9004e-01 7.3682e-01 7.3066e-02
8966.72 1.6611e-04 2.4106e-01 6.9017e-01 6.8607e-02
9514.44 3.7705e-04 3.0368e-01 6.3267e-01 6.3267e-02
10095.62 7.5166e-04 3.7183e-01 5.7296e-01 5.4453e-02
10712.30 1.3068e-03 4.8158e-01 4.7479e-01 4.2329e-02
11366.65 1.5582e-03 5.0524e-01 4.5538e-01 3.7824e-02
12061.10 2.5005e-03 5.4481e-01 4.1484e-01 3.7853e-02
12793.43 2.8124e-03 5.9604e-01 3.6974e-01 3.1405e-02
13528.61 2.6796e-03 5.7395e-01 3.8919e-01 3.4177e-02
14194.74 3.0146e-03 5.6184e-01 3.9826e-01 3.6881e-02
14757.77 2.9228e-03 5.7142e-01 3.8876e-01 3.6890e-02
15240.48 4.3781e-03 6.0905e-01 3.5649e-01 3.0082e-02
15646.99 2.9853e-03 7.1029e-01 2.7132e-01 1.5397e-02
15960.30 5.3659e-03 7.7740e-01 2.0937e-01 7.8654e-03
16187.41 7.3091e-03 7.9950e-01 1.8741e-01 5.7761e-03
16354.17 5.6148e-03 8.2620e-01 1.6355e-01 4.6365e-03
16484.18 2.4629e-03 8.0708e-01 1.8494e-01 5.5175e-03
16593.12 2.7082e-03 7.9460e-01 1.9604e-01 6.6500e-03
16691.99 3.4857e-03 7.5826e-01 2.2994e-01 8.3150e-03
16788.59 2.2897e-03 6.8350e-01 2.9933e-01 1.4887e-02
16888.37 2.9933e-03 7.0714e-01 2.7820e-01 1.1659e-02
16998.79 1.7637e-03 7.3205e-01 2.5531e-01 1.0877e-02
17146.37 1.3916e-03 7.1649e-01 2.7016e-01 1.1956e-02
17415.23 1.2575e-03 6.5007e-01 3.3026e-01 1.8415e-02
17888.12 5.9871e-04 5.6886e-01 4.0091e-01 2.9629e-02
18532.37 4.7990e-04 5.2422e-01 4.4284e-01 3.2456e-02
19260.76 3.5836e-04 5.2003e-01 4.3622e-01 4.3393e-02
20034.10 2.1728e-04 3.9692e-01 5.3921e-01 6.3650e-02
20838.00 1.5651e-04 3.6533e-01 5.5570e-01 7.8813e-02
21647.97 1.5454e-04 3.3271e-01 5.7704e-01 9.0101e-02
22447.94 1.2305e-04 1.8951e-01 6.8263e-01 1.2774e-01
23245.88 5.7831e-05 1.6749e-01 6.7776e-01 1.5469e-01
24052.47 1.4458e-04 2.3729e-01 5.7650e-01 1.8607e-01
24867.72 3.7065e-04 2.0285e-01 5.6702e-01 2.2975e-01
25698.86 5.1830e-05 6.2419e-02 6.7027e-01 2.6726e-01
26587.16 7.9518e-05 3.7350e-02 6.5486e-01 3.0771e-01
27637.54 1.8764e-05 4.0538e-02 6.1622e-01 3.4323e-01
28986.97 5.3221e-05 9.4866e-02 5.2561e-01 3.7947e-01
#TIME: 223.25
#NVEL 78
#vel_mid[km/s] o0 o1 o2 o3
1060.83 7.6245e-03 8.4318e-01 1.4584e-01 3.3578e-03
1919.29 9.2536e-03 8.5795e-01 1.3004e-01 2.7591e-03
2581.60 7.2523e-03 7.9861e-01 1.8891e-01 5.2223e-03
3084.17 3.9602e-03 6.7161e-01 3.1338e-01 1.1045e-02
3472.46 2.0909e-03 5.5939e-01 4.2035e-01 1.8172e-02
3909.64 1.2373e-03 4.5227e-01 5.1680e-01 2.9700e-02
4148.46 1.4147e-03 4.5787e-01 5.1108e-01 2.9640e-02
4670.75 1.4469e-03 4.9877e-01 4.7241e-01 2.7371e-02
4956.05 1.0296e-03 4.1009e-01 5.5371e-01 3.5170e-02
5258.79 4.1109e-04 3.2813e-01 6.2794e-01 4.3524e-02
5580.02 1.4080e-04 2.4125e-01 7.0520e-01 5.3406e-02
5920.87 5.6174e-05 1.9877e-01 7.4054e-01 6.0628e-02
6282.54 3.4317e-05 1.5969e-01 7.7452e-01 6.5756e-02
6666.30 3.4049e-05 1.6260e-01 7.6604e-01 7.1331e-02
7073.50 2.9468e-05 1.4744e-01 7.8093e-01 7.1605e-02
7505.58 2.9067e-05 1.4039e-01 7.8137e-01 7.8209e-02
7964.05 3.7618e-05 1.6224e-01 7.5854e-01 7.9183e-02
8450.53 7.7302e-05 1.8863e-01 7.3524e-01 7.6062e-02
8966.72 1.6267e-04 2.2824e-01 7.0117e-01 7.0419e-02
9514.44 3.6897e-04 2.9969e-01 6.3711e-01 6.2827e-02
10095.62 7.4080e-04 3.8055e-01 5.6432e-01 5.4387e-02
10712.30 1.1542e-03 4.6813e-01 4.8723e-01 4.3486e-02
11366.65 1.5876e-03 4.9916e-01 4.6078e-01 3.8469e-02
12061.10 2.3793e-03 5.4998e-01 4.1255e-01 3.5090e-02
12793.43 3.0639e-03 5.9714e-01 3.6783e-01 3.1970e-02
13528.61 3.3512e-03 5.6436e-01 3.9463e-01 3.7652e-02
14194.74 3.5890e-03 5.3082e-01 4.2430e-01 4.1294e-02
14757.77 2.1545e-03 5.7453e-01 3.8684e-01 3.6475e-02
15240.48 4.2385e-03 5.9218e-01 3.7352e-01 3.0067e-02
15646.99 3.9548e-03 6.9990e-01 2.8011e-01 1.6032e-02
15960.30 6.3246e-03 7.8231e-01 2.0416e-01 7.1985e-03
16187.41 8.0218e-03 8.2288e-01 1.6420e-01 4.8984e-03
16354.17 6.4949e-03 8.2764e-01 1.6117e-01 4.6977e-03
16484.18 5.5157e-03 8.1687e-01 1.7227e-01 5.3419e-03
16593.12 4.7417e-03 8.0127e-01 1.8753e-01 6.4539e-03
16691.99 2.0678e-03 7.2246e-01 2.6618e-01 9.2936e-03
16788.59 3.5061e-03 7.1745e-01 2.6825e-01 1.0787e-02
16888.37 3.5293e-03 7.4267e-01 2.4194e-01 1.1860e-02
16998.79 1.9772e-03 7.0055e-01 2.8369e-01 1.3779e-02
17146.37 1.2954e-03 7.0702e-01 2.7843e-01 1.3259e-02
17415.23 1.2013e-03 6.5735e-01 3.2397e-01 1.7486e-02
17888.12 7.0601e-04 5.8834e-01 3.8533e-01 2.5622e-02
18532.37 4.1031e-04 5.5783e-01 4.0994e-01 3.1824e-02
19260.76 2.9721e-04 5.0616e-01 4.5217e-01 4.1372e-02
20034.10 2.4717e-04 4.2178e-01 5.1484e-01 6.3132e-02
20838.00 3.1624e-04 4.3601e-01 4.9416e-01 6.9511e-02
21647.97 1.8877e-04 2.9200e-01 6.1498e-01 9.2830e-02
22447.94 1.1294e-04 2.4120e-01 6.3925e-01 1.1943e-01
23245.88 1.1186e-04 1.6588e-01 6.7232e-01 1.6169e-01
24052.47 8.5627e-05 1.3875e-01 6.6742e-01 1.9374e-01
24867.72 6.0828e-05 1.4579e-01 5.8163e-01 2.7252e-01
25698.86 7.7782e-05 1.1794e-01 6.2541e-01 2.5658e-01
26587.16 1.2396e-04 1.6032e-01 5.6008e-01 2.7948e-01
27637.54 1.6731e-04 1.0127e-01 5.5946e-01 3.3910e-01
28986.97 8.1301e-05 4.2121e-02 5.8248e-01 3.7532e-01
#TIME: 226.46
#NVEL 78
#vel_mid[km/s] o0 o1 o2 o3
1060.83 1.0300e-02 8.4586e-01 1.4061e-01 3.2274e-03
1919.29 9.7269e-03 8.6032e-01 1.2727e-01 2.6831e-03
2581.60 6.9632e-03 8.0306e-01 1.8481e-01 5.1671e-03
3084.17 3.9673e-03 6.8073e-01 3.0471e-01 1.0589e-02
3472.46 2.1184e-03 5.5019e-01 4.2914e-01 1.8553e-02
3909.64 1.2492e-03 4.5709e-01 5.1406e-01 2.7610e-02
4148.46 1.2302e-03 4.5567e-01 5.1347e-01 2.9637e-02
4670.75 1.3911e-03 4.8435e-01 4.8679e-01 2.7466e-02
4956.05 8.7711e-04 3.9921e-01 5.6326e-01 3.6656e-02
5258.79 4.3072e-04 3.3872e-01 6.1775e-01 4.3091e-02
5580.02 1.4163e-04 2.4966e-01 6.9767e-01 5.2532e-02
5920.87 5.7457e-05 1.9528e-01 7.4379e-01 6.0868e-02
6282.54 3.7816e-05 1.6748e-01 7.6524e-01 6.7237e-02
6666.30 3.5599e-05 1.6796e-01 7.6181e-01 7.0195e-02
7073.50 3.3289e-05 1.6322e-01 7.6427e-01 7.2478e-02
7505.58 3.0194e-05 1.5247e-01 7.6929e-01 7.8204e-02
7964.05 4.0945e-05 1.6601e-01 7.5240e-01 8.1543e-02
8450.53 7.7979e-05 1.9218e-01 7.3070e-01 7.7044e-02
8966.72 1.6401e-04 2.3529e-01 6.9207e-01 7.2467e-02
9514.44 3.6976e-04 3.0193e-01 6.3625e-01 6.1446e-02
10095.62 6.7858e-04 3.7717e-01 5.6848e-01 5.3667e-02
10712.30 1.2089e-03 4.5914e-01 4.9552e-01 4.4126e-02
11366.65 1.7001e-03 5.3467e-01 4.2726e-01 3.6370e-02
12061.10 2.3372e-03 5.5156e-01 4.1148e-01 3.4626e-02
12793.43 2.5813e-03 5.7732e-01 3.8720e-01 3.2899e-02
13528.61 4.7402e-03 5.8515e-01 3.7545e-01 3.4656e-02
14194.74 2.7123e-03 5.6638e-01 3.9571e-01 3.5197e-02
14757.77 1.9767e-03 5.2148e-01 4.2749e-01 4.9051e-02
15240.48 2.7663e-03 6.0416e-01 3.6273e-01 3.0341e-02
15646.99 5.7067e-03 7.0632e-01 2.7292e-01 1.5056e-02
15960.30 4.4714e-03 7.9352e-01 1.9476e-01 7.2462e-03
16187.41 6.8266e-03 8.1993e-01 1.6839e-01 4.8623e-03
16354.17 7.4145e-03 8.1707e-01 1.7059e-01 4.9269e-03
16484.18 6.3743e-03 8.2069e-01 1.6788e-01 5.0464e-03
16593.12 4.4001e-03 7.8383e-01 2.0447e-01 7.2963e-03
16691.99 5.5510e-03 7.8609e-01 2.0038e-01 7.9760e-03
16788.59 2.2675e-03 7.4482e-01 2.4296e-01 9.9482e-03
16888.37 2.3109e-03 6.7740e-01 3.0853e-01 1.1764e-02
16998.79 1.9215e-03 7.2206e-01 2.6394e-01 1.2078e-02
17146.37 1.3908e-03 6.8079e-01 3.0089e-01 1.6934e-02
17415.23 1.1492e-03 6.5993e-01 3.2137e-01 1.7547e-02
17888.12 6.9265e-04 5.8719e-01 3.8720e-01 2.4919e-02
18532.37 4.7184e-04 5.4666e-01 4.1999e-01 3.2886e-02
19260.76 2.6990e-04 5.0137e-01 4.5641e-01 4.1947e-02
20034.10 2.3475e-04 3.9476e-01 5.4069e-01 6.4313e-02
20838.00 1.7156e-04 3.9543e-01 5.3415e-01 7.0252e-02
21647.97 9.5823e-05 1.9943e-01 6.8925e-01 1.1123e-01
22447.94 2.1177e-04 3.3000e-01 5.5883e-01 1.1096e-01
23245.88 1.2922e-04 1.9211e-01 6.4865e-01 1.5910e-01
24052.47 1.6105e-04 2.3720e-01 5.7943e-01 1.8321e-01
24867.72 3.8384e-04 2.2167e-01 5.6514e-01 2.1280e-01
25698.86 3.9017e-05 4.0305e-02 6.5317e-01 3.0649e-01
26587.16 1.5858e-05 5.0483e-02 6.5623e-01 2.9327e-01
27637.54 7.5378e-05 1.4380e-01 5.5561e-01 3.0052e-01
28986.97 2.6987e-05 9.7362e-02 5.2384e-01 3.7877e-01
#TIME: 229.71
#NVEL 78
#vel_mid[km/s] o0 o1 o2 o3
1060.83 8.7741e-03 8.4401e-01 1.4387e-01 3.3426e-03
1919.29 6.0977e-03 8.3215e-01 1.5812e-01 3.6290e-03
2581.60 7.1189e-03 8.0526e-01 1.8253e-01 5.0982e-03
3084.17 3.9015e-03 6.7345e-01 3.1158e-01 1.1070e-02
3472.46 1.9817e-03 5.5300e-01 4.2675e-01 1.8267e-02
3909.64 1.2753e-03 4.6921e-01 5.0088e-01 2.8638e-02
4148.46 1.3670e-03 4.6152e-01 5.0782e-01 2.9294e-02
4670.75 1.4673e-03 4.8112e-01 4.8984e-01 2.7581e-02
4956.05 1.1172e-03 4.5105e-01 5.1548e-01 3.2353e-02
5258.79 4.1366e-04 3.1753e-01 6.3695e-01 4.5104e-02
5580.02 1.4035e-04 2.4430e-01 7.0202e-01 5.3541e-02
5920.87 5.9635e-05 2.0356e-01 7.3602e-01 6.0369e-02
6282.54 3.8332e-05 1.7416e-01 7.6000e-01 6.5807e-02
6666.30 3.3507e-05 1.6176e-01 7.6838e-01 6.9830e-02
7073.50 3.2492e-05 1.5347e-01 7.7402e-01 7.2478e-02
7505.58 2.9277e-05 1.4388e-01 7.7791e-01 7.8182e-02
7964.05 4.0952e-05 1.5987e-01 7.6101e-01 7.9080e-02
8450.53 7.3398e-05 1.8158e-01 7.4211e-01 7.6229e-02
8966.72 1.7626e-04 2.4292e-01 6.8690e-01 7.0004e-02
9514.44 3.3769e-04 2.8263e-01 6.5313e-01 6.3903e-02
10095.62 7.8712e-04 3.7350e-01 5.7165e-01 5.4062e-02
10712.30 1.3008e-03 4.6091e-01 4.9436e-01 4.3431e-02
11366.65 1.8006e-03 5.2357e-01 4.3866e-01 3.5972e-02
12061.10 2.7634e-03 5.6744e-01 3.9628e-01 3.3513e-02
12793.43 3.0337e-03 5.9779e-01 3.6797e-01 3.1211e-02
13528.61 4.2730e-03 6.0462e-01 3.5962e-01 3.1492e-02
14194.74 4.1443e-03 5.5030e-01 4.0825e-01 3.7305e-02
14757.77 3.0211e-03 5.7646e-01 3.8357e-01 3.6950e-02
15240.48 3.2444e-03 6.1870e-01 3.4825e-01 2.9799e-02
15646.99 5.2118e-03 6.9899e-01 2.7982e-01 1.5981e-02
15960.30 7.6158e-03 7.9900e-01 1.8697e-01 6.4142e-03
16187.41 8.7115e-03 8.1973e-01 1.6666e-01 4.8963e-03
16354.17 5.6552e-03 8.3623e-01 1.5384e-01 4.2712e-03
16484.18 5.1853e-03 8.2645e-01 1.6348e-01 4.8797e-03
16593.12 3.4180e-03 7.9842e-01 1.9168e-01 6.4853e-03
16691.99 3.6477e-03 7.8811e-01 2.0041e-01 7.8306e-03
16788.59 2.6556e-03 7.4665e-01 2.4174e-01 8.9508e-03
16888.37 3.0725e-03 6.9372e-01 2.9021e-01 1.2998e-02
16998.79 1.5698e-03 7.3205e-01 2.5480e-01 1.1582e-02
17146.37 1.4885e-03 7.0968e-01 2.7434e-01 1.4498e-02
17415.23 1.1051e-03 6.4499e-01 3.3497e-01 1.8933e-02
17888.12 6.4626e-04 6.0248e-01 3.7120e-01 2.5679e-02
18532.37 4.6831e-04 5.5462e-01 4.1198e-01 3.2934e-02
19260.76 3.2326e-04 5.0106e-01 4.5624e-01 4.2378e-02
20034.10 3.4148e-04 3.8949e-01 5.2284e-01 8.7325e-02
20838.00 3.7181e-04 4.3849e-01 4.8787e-01 7.3264e-02
21647.97 1.3628e-04 3.0819e-01 5.9448e-01 9.7191e-02
22447.94 2.2652e-04 2.6438e-01 6.1900e-01 1.1639e-01
23245.88 1.3693e-04 1.4291e-01 7.0704e-01 1.4992e-01
24052.47 1.1771e-04 2.1031e-01 6.0755e-01 1.8202e-01
24867.72 8.9982e-05 1.2141e-01 6.4752e-01 2.3098e-01
25698.86 3.3580e-05 3.7731e-02 6.9893e-01 2.6331e-01
26587.16 3.3748e-05 7.2474e-02 6.3557e-01 2.9193e-01
27637.54 1.2998e-05 2.2121e-02 4.4360e-01 5.3427e-01
28986.97 1.7607e-04 9.8228e-02 5.2455e-01 3.7705e-01
#TIME: 233.01
#NVEL 78
#vel_mid[km/s] o0 o1 o2 o3
1060.83 9.0172e-03 8.5327e-01 1.3470e-01 3.0052e-03
1919.29 5.3453e-02 7.9954e-01 1.4382e-01 3.1870e-03
2581.60 6.8135e-03 8.0678e-01 1.8145e-01 4.9618e-03
3084.17 4.0744e-03 6.8102e-01 3.0439e-01 1.0516e-02
3472.46 1.9916e-03 5.6020e-01 4.1961e-01 1.8196e-02
3909.64 1.3217e-03 4.6465e-01 5.0641e-01 2.7616e-02
4148.46 1.3534e-03 4.7374e-01 4.9649e-01 2.8412e-02
4670.75 1.4857e-03 5.0422e-01 4.6780e-01 2.6497e-02
4956.05 9.3987e-04 3.8827e-01 5.7522e-01 3.5569e-02
5258.79 4.3192e-04 3.2820e-01 6.2740e-01 4.3967e-02
5580.02 1.5491e-04 2.5203e-01 6.9553e-01 5.2282e-02
5920.87 6.7563e-05 2.1381e-01 7.2738e-01 5.8745e-02
6282.54 4.0453e-05 1.7431e-01 7.5910e-01 6.6544e-02
6666.30 3.3200e-05 1.5987e-01 7.6971e-01 7.0381e-02
7073.50 2.8315e-05 1.4744e-01 7.7690e-01 7.5622e-02
7505.58 3.0253e-05 1.4577e-01 7.7625e-01 7.7952e-02
7964.05 3.7875e-05 1.5085e-01 7.6912e-01 7.9994e-02
8450.53 7.7126e-05 1.9596e-01 7.2779e-01 7.6175e-02
8966.72 1.7678e-04 2.4117e-01 6.9010e-01 6.8556e-02
9514.44 3.5002e-04 2.8811e-01 6.4819e-01 6.3347e-02
10095.62 7.4434e-04 3.7705e-01 5.6784e-01 5.4366e-02
10712.30 1.5793e-03 4.6144e-01 4.9368e-01 4.3301e-02
11366.65 1.9912e-03 5.3546e-01 4.2712e-01 3.5431e-02
12061.10 2.4067e-03 5.2389e-01 4.3717e-01 3.6531e-02
12793.43 3.4176e-03 6.1789e-01 3.4866e-01 3.0038e-02
13528.61 3.5365e-03 5.9543e-01 3.6925e-01 3.1783e-02
14194.74 3.4756e-03 5.6108e-01 3.9498e-01 4.0456e-02
14757.77 3.2227e-03 5.4330e-01 4.1269e-01 4.0792e-02
15240.48 4.2401e-03 6.3075e-01 3.3897e-01 2.6040e-02
15646.99 4.7824e-03 7.0688e-01 2.7289e-01 1.5441e-02
15960.30 6.1149e-03 7.9387e-01 1.9308e-01 6.9378e-03
16187.41 7.5363e-03 8.2036e-01 1.6684e-01 5.2675e-03
16354.17 4.6099e-03 8.2538e-01 1.6533e-01 4.6765e-03
16484.18 8.1330e-03 8.0997e-01 1.7666e-01 5.2333e-03
16593.12 2.1111e-03 8.0821e-01 1.8340e-01 6.2744e-03
16691.99 2.4506e-03 8.0044e-01 1.8992e-01 7.1922e-03
16788.59 4.2881e-03 7.8102e-01 2.0636e-01 8.3324e-03
16888.37 3.0344e-03 7.3700e-01 2.4889e-01 1.1080e-02
16998.79 2.0101e-03 7.3101e-01 2.5560e-01 1.1386e-02
17146.37 1.2107e-03 7.3916e-01 2.4720e-01 1.2431e-02
17415.23 1.4341e-03 6.6853e-01 3.1212e-01 1.7915e-02
17888.12 8.1932e-04 6.2724e-01 3.4839e-01 2.3553e-02
18532.37 6.0883e-04 5.7735e-01 3.8837e-01 3.3671e-02
19260.76 2.8286e-04 5.2340e-01 4.3405e-01 4.2270e-02
20034.10 2.9444e-04 3.9910e-01 5.3013e-01 7.0483e-02
20838.00 2.6508e-04 4.0764e-01 5.2391e-01 6.8187e-02
21647.97 1.6587e-04 2.7960e-01 6.2079e-01 9.9445e-02
22447.94 1.3093e-04 2.7296e-01 6.0850e-01 1.1841e-01
23245.88 5.3638e-05 1.7847e-01 6.6641e-01 1.5507e-01
24052.47 1.5289e-04 2.0287e-01 6.0795e-01 1.8903e-01
24867.72 8.4812e-05 7.5841e-02 6.8618e-01 2.3789e-01
25698.86 4.3723e-05 3.2533e-02 7.0396e-01 2.6346e-01
26587.16 2.2148e-05 6.6829e-02 6.4098e-01 2.9216e-01
27637.54 1.4190e-05 2.1840e-02 6.3771e-01 3.4043e-01
28986.97 6.5979e-05 9.6964e-02 5.2290e-01 3.8007e-01
#TIME: 236.36
#NVEL 78
#vel_mid[km/s] o0 o1 o2 o3
1060.83 1.6469e-02 8.5098e-01 1.2973e-01 2.8191e-03
1919.29 1.7975e-02 8.4875e-01 1.3035e-01 2.9270e-03
2581.60 7.2939e-03 8.0563e-01 1.8209e-01 4.9850e-03
3084.17 4.2731e-03 6.7369e-01 3.1114e-01 1.0890e-02
3472.46 2.0744e-03 5.6472e-01 4.1520e-01 1.8008e-02
3909.64 1.2957e-03 4.7076e-01 5.0099e-01 2.6958e-02
4148.46 1.3861e-03 4.6160e-01 5.0780e-01 2.9209e-02
4670.75 1.4490e-03 4.8933e-01 4.8180e-01 2.7420e-02
4956.05 9.8416e-04 4.1493e-01 5.4969e-01 3.4392e-02
5258.79 4.5997e-04 3.2273e-01 6.3416e-01 4.2647e-02
5580.02 1.5122e-04 2.4717e-01 7.0031e-01 5.2370e-02
5920.87 6.8908e-05 2.0148e-01 7.3890e-01 5.9553e-02
6282.54 3.9323e-05 1.6523e-01 7.6581e-01 6.8917e-02
6666.30 3.3749e-05 1.6249e-01 7.6741e-01 7.0071e-02
7073.50 2.9176e-05 1.5594e-01 7.7154e-01 7.2489e-02
7505.58 2.8507e-05 1.4110e-01 7.8079e-01 7.8079e-02
7964.05 3.9004e-05 1.5314e-01 7.6625e-01 8.0576e-02
8450.53 7.9056e-05 1.9551e-01 7.2835e-01 7.6061e-02
8966.72 1.6486e-04 2.3575e-01 6.9581e-01 6.8277e-02
9514.44 3.4218e-04 2.8636e-01 6.4908e-01 6.4213e-02
10095.62 7.9312e-04 3.7628e-01 5.6985e-01 5.3081e-02
10712.30 1.3690e-03 4.6808e-01 4.8795e-01 4.2602e-02
11366.65 2.1668e-03 5.4112e-01 4.2205e-01 3.4670e-02
12061.10 2.7614e-03 5.6864e-01 3.9584e-01 3.2752e-02
12793.43 2.5727e-03 5.6587e-01 3.9683e-01 3.4737e-02
13528.61 2.5545e-03 6.0152e-01 3.6457e-01 3.1361e-02
14194.74 2.5189e-03 5.4165e-01 4.1663e-01 3.9200e-02
14757.77 2.5664e-03 5.6639e-01 3.9336e-01 3.7683e-02
15240.48 4.0289e-03 6.5398e-01 3.1710e-01 2.4893e-02
15646.99 2.5925e-03 6.8424e-01 2.9625e-01 1.6921e-02
15960.30 6.7666e-03 8.0122e-01 1.8570e-01 6.3182e-03
16187.41 9.3167e-03 8.2044e-01 1.6578e-01 4.4685e-03
16354.17 5.8538e-03 8.3242e-01 1.5733e-01 4.3968e-03
16484.18 4.3937e-03 8.3110e-01 1.6039e-01 4.1202e-03
16593.12 4.9340e-03 8.0507e-01 1.8396e-01 6.0370e-03
16691.99 4.7236e-03 7.7472e-01 2.1030e-01 1.0258e-02
16788.59 3.8203e-03 7.4024e-01 2.4626e-01 9.6870e-03
16888.37 2.0280e-03 6.8055e-01 3.0642e-01 1.1000e-02
16998.79 2.0867e-03 7.3747e-01 2.4929e-01 1.1155e-02
17146.37 2.8360e-03 7.3199e-01 2.5251e-01 1.2662e-02
17415.23 1.4362e-03 6.8088e-01 3.0196e-01 1.5720e-02
17888.12 9.5065e-04 6.0612e-01 3.6768e-01 2.5247e-02
18532.37 4.8286e-04 5.8276e-01 3.8786e-01 2.8891e-02
19260.76 4.3170e-04 5.0018e-01 4.5533e-01 4.4059e-02
20034.10 3.1304e-04 3.8340e-01 5.5880e-01 5.7480e-02
20838.00 3.6563e-04 3.8195e-01 5.4318e-01 7.4504e-02
21647.97 3.1253e-04 3.8573e-01 5.3340e-01 8.0566e-02
22447.94 2.4924e-04 2.4077e-01 6.2422e-01 1.3476e-01
23245.88 3.7277e-04 3.2045e-01 5.4569e-01 1.3349e-01
24052.47 8.2764e-05 1.3785e-01 5.9181e-01 2.7025e-01
24867.72 1.2066e-05 3.6017e-02 6.6623e-01 2.9774e-01
25698.86 4.6252e-05 1.4404e-01 6.1258e-01 2.4334e-01
26587.16 3.8675e-05 1.4352e-01 5.8404e-01 2.7240e-01
27637.54 5.1253e-05 1.3374e-01 5.4998e-01 3.1623e-01
28986.97 8.5222e-05 9.8667e-02 5.2466e-01 3.7659e-01
#TIME: 239.76
#NVEL 78
#vel_mid[km/s] o0 o1 o2 o3
1060.83 7.8875e-03 8.5609e-01 1.3310e-01 2.9277e-03
1919.29 1.9097e-02 8.4983e-01 1.2826e-01 2.8187e-03
2581.60 7.7866e-03 8.1116e-01 1.7623e-01 4.8324e-03
3084.17 4.1864e-03 6.9380e-01 2.9170e-01 1.0311e-02
3472.46 2.2633e-03 5.6063e-01 4.1886e-01 1.8249e-02
3909.64 1.5122e-03 4.6771e-01 5.0293e-01 2.7850e-02
4148.46 1.3831e-03 4.7783e-01 4.9332e-01 2.7471e-02
4670.75 1.6887e-03 4.9583e-01 4.7600e-01 2.6482e-02
4956.05 1.0465e-03 4.1423e-01 5.4928e-01 3.5436e-02
5258.79 4.3772e-04 3.2079e-01 6.3449e-01 4.4289e-02
5580.02 1.4904e-04 2.4159e-01 7.0477e-01 5.3491e-02
5920.87 6.4265e-05 1.9625e-01 7.4268e-01 6.1010e-02
6282.54 3.9406e-05 1.6817e-01 7.6368e-01 6.8113e-02
6666.30 3.3431e-05 1.6034e-01 7.7010e-01 6.9525e-02
7073.50 2.8800e-05 1.5556e-01 7.7174e-01 7.2670e-02
7505.58 2.8838e-05 1.4323e-01 7.7715e-01 7.9585e-02
7964.05 3.7373e-05 1.5267e-01 7.6395e-01 8.3345e-02
8450.53 7.2085e-05 1.7963e-01 7.4213e-01 7.8171e-02
8966.72 1.6546e-04 2.3090e-01 6.9812e-01 7.0812e-02
9514.44 3.8428e-04 2.9878e-01 6.3834e-01 6.2489e-02
10095.62 7.9636e-04 3.7851e-01 5.6684e-01 5.3853e-02
10712.30 1.3411e-03 4.6605e-01 4.8922e-01 4.3386e-02
11366.65 2.2888e-03 5.4051e-01 4.2181e-01 3.5392e-02
12061.10 2.4348e-03 5.3865e-01 4.2278e-01 3.6128e-02
