#NTIMES: 200
#NSTAGES: 7
#TIMES[d]: 1.3135 1.3409 1.3688 1.3973 1.4263 1.4560 1.4863 1.5173 1.5488 1.5811 1.6140 1.6476 1.6819 1.7169 1.7526 1.7891 1.8263 1.8643 1.9031 1.9427 1.9831 2.0244 2.0665 2.1096 2.1535 2.1983 2.2440 2.2907 2.3384 2.3871 2.4368 2.4875 2.5392 2.5921 2.6460 2.7011 2.7573 2.8147 2.8733 2.9331 2.9941 3.0564 3.1200 3.1850 3.2513 3.3189 3.3880 3.4585 3.5305 3.6040 3.6790 3.7555 3.8337 3.9135 3.9949 4.0781 4.1629 4.2496 4.3380 4.4283 4.5205 4.6145 4.7106 4.8086 4.9087 5.0109 5.1151 5.2216 5.3303 5.4412 5.5544 5.6700 5.7880 5.9085 6.0315 6.1570 6.2851 6.4159 6.5495 6.6858 6.8249 6.9670 7.1120 7.2600 7.4111 7.5653 7.7228 7.8835 8.0476 8.2150 8.3860 8.5605 8.7387 8.9206 9.1062 9.2957 9.4892 9.6867 9.8883 10.0941 10.3042 10.5186 10.7375 10.9610 11.1891 11.4220 11.6597 11.9023 12.1501 12.4029 12.6611 12.9246 13.1935 13.4681 13.7484 14.0346 14.3266 14.6248 14.9292 15.2399 15.5570 15.8808 16.2113 16.5487 16.8931 17.2447 17.6036 17.9700 18.3440 18.7257 19.1155 19.5133 19.9194 20.3340 20.7571 21.1891 21.6301 22.0803 22.5398 23.0089 23.4878 23.9766 24.4756 24.9850 25.5050 26.0358 26.5776 27.1308 27.6954 28.2718 28.8602 29.4608 30.0740 30.6999 31.3388 31.9910 32.6568 33.3365 34.0302 34.7385 35.4615 36.1995 36.9529 37.7219 38.5070 39.3084 40.1265 40.9616 41.8141 42.6843 43.5726 44.4795 45.4052 46.3501 47.3148 48.2995 49.3047 50.3308 51.3783 52.4476 53.5391 54.6534 55.7908 56.9519 58.1372 59.3472 60.5823 61.8431 63.1302 64.4440 65.7853 67.1544 68.5520 69.9787 71.4351 72.9218 74.4394 75.9886 77.5701 79.1845
#
#TIME: 1.3135
#NVEL: 115
#vel_mid[km/s] s0 s1 s2 s3 s4 s5 s6
4.2577e+02 2.3962e-43 2.1472e-34 1.4571e-25 1.5334e-17 1.7626e-10 6.3407e-05 9.9994e-01
8.5779e+02 6.1826e-32 6.9326e-25 5.8924e-18 7.7661e-12 1.1181e-06 5.0374e-03 9.9496e-01
8.7843e+02 6.1724e-32 6.9226e-25 5.8852e-18 7.7586e-12 1.1173e-06 5.0356e-03 9.9496e-01
9.1772e+02 6.1448e-32 6.8922e-25 5.8609e-18 7.7312e-12 1.1143e-06 5.0280e-03 9.9497e-01
9.7304e+02 5.9747e-32 6.7149e-25 5.7252e-18 7.5831e-12 1.0984e-06 4.9888e-03 9.9501e-01
1.0350e+03 5.5592e-32 6.2736e-25 5.3810e-18 7.2004e-12 1.0566e-06 4.8835e-03 9.9512e-01
1.1000e+03 4.4984e-32 5.1422e-25 4.4913e-18 6.1941e-12 9.4413e-07 4.5910e-03 9.9541e-01
1.1690e+03 2.5606e-32 3.0293e-25 2.7768e-18 4.1498e-12 6.9982e-07 3.8955e-03 9.9610e-01
1.2425e+03 7.9853e-33 1.0057e-25 1.0119e-18 1.7815e-12 3.7069e-07 2.7458e-03 9.9725e-01
1.3205e+03 1.4087e-33 1.9084e-26 2.1704e-19 4.8501e-13 1.3837e-07 1.5925e-03 9.9841e-01
1.4033e+03 1.8911e-34 2.7837e-27 3.6401e-20 1.0703e-13 4.4022e-08 8.4693e-04 9.9915e-01
1.4915e+03 2.8904e-35 4.6432e-28 6.9664e-21 2.6507e-14 1.5341e-08 4.7534e-04 9.9952e-01
1.5852e+03 5.1000e-36 9.0176e-29 1.5539e-21 7.5246e-15 5.9606e-09 2.8440e-04 9.9972e-01
1.6847e+03 8.6710e-37 1.7107e-29 3.4257e-22 2.1269e-15 2.3190e-09 1.7099e-04 9.9983e-01
1.7904e+03 1.3092e-37 2.9537e-30 7.0378e-23 5.7179e-16 8.7504e-10 1.0165e-04 9.9990e-01
1.9028e+03 1.7631e-38 4.6782e-31 1.3614e-23 1.4780e-16 3.2333e-10 6.0112e-05 9.9994e-01
2.0223e+03 2.4546e-39 7.6444e-32 2.7100e-24 3.9119e-17 1.2165e-10 3.6040e-05 9.9996e-01
2.1493e+03 3.5433e-40 1.2950e-32 5.5861e-25 1.0670e-17 4.6869e-11 2.1990e-05 9.9998e-01
2.2843e+03 6.3627e-41 2.6710e-33 1.3681e-25 3.3470e-18 1.9991e-11 1.4210e-05 9.9999e-01
2.4277e+03 1.5528e-41 7.3410e-34 4.3474e-26 1.3050e-18 1.0029e-11 1.0022e-05 9.9999e-01
2.5802e+03 5.7033e-42 2.9631e-34 1.9606e-26 6.8226e-19 6.2631e-12 7.9146e-06 9.9999e-01
2.7422e+03 3.5453e-42 1.9610e-34 1.3869e-26 5.2018e-19 5.1819e-12 7.1997e-06 9.9999e-01
2.9144e+03 4.1941e-42 2.3734e-34 1.6970e-26 6.2717e-19 6.0291e-12 7.7661e-06 9.9999e-01
3.0973e+03 1.0528e-41 5.8499e-34 3.9831e-26 1.3085e-18 1.0578e-11 1.0327e-05 9.9999e-01
3.2918e+03 5.8476e-41 3.1569e-33 1.9716e-25 5.2058e-18 3.0487e-11 1.7892e-05 9.9998e-01
3.4986e+03 1.3017e-39 5.9185e-32 2.8846e-24 4.9669e-17 1.6541e-10 4.3700e-05 9.9996e-01
3.7182e+03 1.0126e-37 3.1789e-30 9.8961e-23 9.0283e-16 1.3885e-09 1.3509e-04 9.9986e-01
3.9517e+03 9.5511e-36 2.2337e-28 4.6767e-21 2.2428e-14 1.5240e-08 4.9445e-04 9.9951e-01
4.1999e+03 2.2691e-33 5.3110e-26 9.0165e-19 2.1501e-12 5.2559e-07 3.6213e-03 9.9638e-01
4.4636e+03 6.3984e-31 1.3462e-23 1.6622e-16 1.8498e-10 1.6019e-05 2.4538e-02 9.7545e-01
4.7438e+03 1.1213e-29 2.1569e-22 2.1862e-15 1.6275e-09 8.3351e-05 6.0830e-02 9.3909e-01
5.0416e+03 2.1900e-29 4.2020e-22 4.1161e-15 2.7960e-09 1.2626e-04 7.6424e-02 9.2345e-01
5.3582e+03 1.5872e-29 3.2145e-22 3.3241e-15 2.3840e-09 1.1367e-04 7.2657e-02 9.2723e-01
5.6947e+03 1.3898e-29 2.9644e-22 3.2010e-15 2.3609e-09 1.1472e-04 7.3521e-02 9.2636e-01
6.0522e+03 2.1357e-29 4.6341e-22 4.9591e-15 3.4597e-09 1.5468e-04 8.6779e-02 9.1307e-01
6.4323e+03 6.6814e-29 1.4423e-21 1.4517e-14 8.6383e-09 3.1094e-04 1.2645e-01 8.7324e-01
6.8362e+03 3.9217e-28 8.2730e-21 7.4562e-14 3.4348e-08 8.7871e-04 2.1679e-01 7.8234e-01
7.2654e+03 3.3049e-27 6.6371e-20 5.1130e-13 1.6980e-07 2.8354e-03 3.7824e-01 6.1892e-01
7.7216e+03 4.0301e-26 7.5499e-19 4.7142e-12 1.0303e-06 1.0031e-02 6.1634e-01 3.7363e-01
8.2065e+03 1.1819e-24 1.9822e-17 8.8647e-11 1.0240e-05 4.4161e-02 8.4127e-01 1.1456e-01
8.7177e+03 3.4575e-22 4.7088e-15 1.0745e-08 3.6336e-04 3.3127e-01 6.6317e-01 5.1984e-03
9.2147e+03 9.3373e-19 8.4297e-12 5.0367e-06 1.7696e-02 9.5225e-01 3.0051e-02 1.3203e-06
9.6291e+03 3.5581e-15 2.0277e-08 2.0699e-03 4.0961e-01 5.8824e-01 7.8252e-05 4.0154e-12
9.9539e+03 1.7470e-12 6.5348e-06 9.8569e-02 8.7855e-01 2.2871e-02 5.9772e-09 1.4614e-19
1.0246e+04 2.6429e-10 5.0849e-04 7.9967e-01 1.9977e-01 4.6558e-05 7.7882e-15 2.4260e-29
1.0542e+04 1.5519e-08 1.0623e-02 9.8648e-01 2.8980e-03 1.6857e-09 2.4142e-23 8.3658e-43
1.0840e+04 2.7506e-06 3.1343e-01 6.8656e-01 7.3311e-06 2.2817e-15 3.2257e-34 0.0000e+00
1.1119e+04 6.3778e-05 9.6416e-01 3.5773e-02 8.9018e-10 7.9134e-23 0.0000e+00 0.0000e+00
1.1356e+04 4.3470e-04 9.9871e-01 8.5745e-04 8.2793e-14 4.1998e-30 0.0000e+00 0.0000e+00
1.1540e+04 2.5440e-03 9.9743e-01 2.3740e-05 1.1664e-17 4.8174e-37 0.0000e+00 0.0000e+00
1.1677e+04 1.0419e-02 9.8958e-01 9.1114e-07 3.2076e-21 1.5274e-43 0.0000e+00 0.0000e+00
1.1784e+04 3.2072e-02 9.6793e-01 5.1727e-08 2.2562e-24 0.0000e+00 0.0000e+00 0.0000e+00
1.1876e+04 8.3929e-02 9.1607e-01 4.3350e-09 4.7147e-27 0.0000e+00 0.0000e+00 0.0000e+00
1.1964e+04 1.7773e-01 8.2227e-01 4.9504e-10 2.3322e-29 0.0000e+00 0.0000e+00 0.0000e+00
1.2056e+04 2.7658e-01 7.2342e-01 8.6428e-11 3.1783e-31 0.0000e+00 0.0000e+00 0.0000e+00
1.2170e+04 3.9306e-01 6.0694e-01 1.6699e-11 6.1290e-33 0.0000e+00 0.0000e+00 0.0000e+00
1.2360e+04 5.8476e-01 4.1524e-01 1.4716e-12 2.2552e-35 0.0000e+00 0.0000e+00 0.0000e+00
1.2670e+04 8.4805e-01 1.5195e-01 1.5936e-14 1.0926e-39 0.0000e+00 0.0000e+00 0.0000e+00
1.3075e+04 9.6324e-01 3.6756e-02 7.7445e-17 1.4013e-44 0.0000e+00 0.0000e+00 0.0000e+00
1.3530e+04 9.9239e-01 7.6067e-03 2.7274e-19 0.0000e+00 0.0000e+00 0.0000e+00 0.0000e+00
1.4013e+04 9.9845e-01 1.5482e-03 9.1717e-22 0.0000e+00 0.0000e+00 0.0000e+00 0.0000e+00
1.4509e+04 9.9968e-01 3.2411e-04 3.3851e-24 0.0000e+00 0.0000e+00 0.0000e+00 0.0000e+00
1.5002e+04 9.9993e-01 7.2668e-05 1.5049e-26 0.0000e+00 0.0000e+00 0.0000e+00 0.0000e+00
1.5476e+04 9.9998e-01 1.9544e-05 1.1042e-28 0.0000e+00 0.0000e+00 0.0000e+00 0.0000e+00
1.5924e+04 9.9999e-01 6.6828e-06 1.5891e-30 0.0000e+00 0.0000e+00 0.0000e+00 0.0000e+00
1.6356e+04 1.0000e+00 2.7603e-06 4.2763e-32 0.0000e+00 0.0000e+00 0.0000e+00 0.0000e+00
1.6776e+04 1.0000e+00 1.2087e-06 1.5591e-33 0.0000e+00 0.0000e+00 0.0000e+00 0.0000e+00
1.7184e+04 1.0000e+00 5.6699e-07 7.9677e-35 0.0000e+00 0.0000e+00 0.0000e+00 0.0000e+00
1.7580e+04 1.0000e+00 3.0667e-07 6.9586e-36 0.0000e+00 0.0000e+00 0.0000e+00 0.0000e+00
1.7990e+04 1.0000e+00 1.8643e-07 8.9966e-37 0.0000e+00 0.0000e+00 0.0000e+00 0.0000e+00
1.8458e+04 1.0000e+00 9.9230e-08 7.5416e-38 0.0000e+00 0.0000e+00 0.0000e+00 0.0000e+00
1.9085e+04 1.0000e+00 3.8884e-08 2.0341e-39 0.0000e+00 0.0000e+00 0.0000e+00 0.0000e+00
2.0000e+04 1.0000e+00 1.3304e-08 1.9863e-41 0.0000e+00 0.0000e+00 0.0000e+00 0.0000e+00
2.1194e+04 1.0000e+00 3.7531e-08 1.0890e-40 0.0000e+00 0.0000e+00 0.0000e+00 0.0000e+00
2.2528e+04 1.0000e+00 1.3528e-07 1.4346e-39 0.0000e+00 0.0000e+00 0.0000e+00 0.0000e+00
2.3943e+04 1.0000e+00 4.2786e-07 1.6046e-38 0.0000e+00 0.0000e+00 0.0000e+00 0.0000e+00
2.5446e+04 1.0000e+00 8.7208e-07 7.3471e-38 0.0000e+00 0.0000e+00 0.0000e+00 0.0000e+00
2.7044e+04 1.0000e+00 1.5894e-06 2.7327e-37 0.0000e+00 0.0000e+00 0.0000e+00 0.0000e+00
2.8744e+04 1.0000e+00 3.1297e-06 1.2051e-36 0.0000e+00 0.0000e+00 0.0000e+00 0.0000e+00
3.0520e+04 9.9999e-01 5.8319e-06 4.5965e-36 0.0000e+00 0.0000e+00 0.0000e+00 0.0000e+00
3.2244e+04 9.9999e-01 8.6680e-06 1.0365e-35 0.0000e+00 0.0000e+00 0.0000e+00 0.0000e+00
3.3773e+04 9.9999e-01 1.1667e-05 1.8311e-35 0.0000e+00 0.0000e+00 0.0000e+00 0.0000e+00
3.5108e+04 9.9998e-01 1.6744e-05 3.6113e-35 0.0000e+00 0.0000e+00 0.0000e+00 0.0000e+00
3.6326e+04 9.9998e-01 2.4978e-05 7.5713e-35 0.0000e+00 0.0000e+00 0.0000e+00 0.0000e+00
3.7486e+04 9.9996e-01 3.6963e-05 1.5441e-34 0.0000e+00 0.0000e+00 0.0000e+00 0.0000e+00
3.8628e+04 9.9995e-01 5.2552e-05 2.8861e-34 0.0000e+00 0.0000e+00 0.0000e+00 0.0000e+00
3.9769e+04 9.9993e-01 7.2772e-05 5.0927e-34 0.0000e+00 0.0000e+00 0.0000e+00 0.0000e+00
4.0916e+04 9.9990e-01 9.9696e-05 8.7532e-34 0.0000e+00 0.0000e+00 0.0000e+00 0.0000e+00
4.2074e+04 9.9986e-01 1.3616e-04 1.4948e-33 0.0000e+00 0.0000e+00 0.0000e+00 0.0000e+00
4.3252e+04 9.9981e-01 1.8557e-04 2.5354e-33 0.0000e+00 0.0000e+00 0.0000e+00 0.0000e+00
4.4454e+04 9.9975e-01 2.5246e-04 4.2741e-33 0.0000e+00 0.0000e+00 0.0000e+00 0.0000e+00
4.5683e+04 9.9965e-01 3.4537e-04 7.3006e-33 0.0000e+00 0.0000e+00 0.0000e+00 0.0000e+00
4.6942e+04 9.9953e-01 4.7306e-04 1.2498e-32 0.0000e+00 0.0000e+00 0.0000e+00 0.0000e+00
4.8231e+04 9.9935e-01 6.4916e-04 2.1470e-32 0.0000e+00 0.0000e+00 0.0000e+00 0.0000e+00
4.9550e+04 9.9911e-01 8.9264e-04 3.7026e-32 0.0000e+00 0.0000e+00 0.0000e+00 0.0000e+00
5.0900e+04 9.9877e-01 1.2256e-03 6.3651e-32 0.0000e+00 0.0000e+00 0.0000e+00 0.0000e+00
5.2277e+04 9.9831e-01 1.6863e-03 1.1013e-31 0.0000e+00 0.0000e+00 0.0000e+00 0.0000e+00
5.3682e+04 9.9769e-01 2.3067e-03 1.8785e-31 0.0000e+00 0.0000e+00 0.0000e+00 0.0000e+00
5.5110e+04 9.9686e-01 3.1446e-03 3.1823e-31 0.0000e+00 0.0000e+00 0.0000e+00 0.0000e+00
5.6562e+04 9.9573e-01 4.2724e-03 5.3676e-31 0.0000e+00 0.0000e+00 0.0000e+00 0.0000e+00
5.8030e+04 9.9424e-01 5.7606e-03 8.9175e-31 0.0000e+00 0.0000e+00 0.0000e+00 0.0000e+00
5.9510e+04 9.9229e-01 7.7111e-03 1.4605e-30 0.0000e+00 0.0000e+00 0.0000e+00 0.0000e+00
6.0994e+04 9.8980e-01 1.0198e-02 2.3409e-30 0.0000e+00 0.0000e+00 0.0000e+00 0.0000e+00
6.2466e+04 9.8666e-01 1.3345e-02 3.6843e-30 0.0000e+00 0.0000e+00 0.0000e+00 0.0000e+00
6.3912e+04 9.8283e-01 1.7168e-02 5.6207e-30 0.0000e+00 0.0000e+00 0.0000e+00 0.0000e+00
6.5312e+04 9.7832e-01 2.1682e-02 8.3084e-30 0.0000e+00 0.0000e+00 0.0000e+00 0.0000e+00
6.6639e+04 9.7321e-01 2.6794e-02 1.1821e-29 0.0000e+00 0.0000e+00 0.0000e+00 0.0000e+00
6.7870e+04 9.6765e-01 3.2349e-02 1.6177e-29 0.0000e+00 0.0000e+00 0.0000e+00 0.0000e+00
6.8864e+04 9.6191e-01 3.8086e-02 2.1210e-29 0.0000e+00 0.0000e+00 0.0000e+00 0.0000e+00
6.9460e+04 9.5918e-01 4.0818e-02 2.3719e-29 0.0000e+00 0.0000e+00 0.0000e+00 0.0000e+00
6.9745e+04 9.5790e-01 4.2105e-02 2.4901e-29 0.0000e+00 0.0000e+00 0.0000e+00 0.0000e+00
6.9888e+04 9.5687e-01 4.3125e-02 2.5957e-29 0.0000e+00 0.0000e+00 0.0000e+00 0.0000e+00
6.9960e+04 9.5672e-01 4.3276e-02 2.6015e-29 0.0000e+00 0.0000e+00 0.0000e+00 0.0000e+00
6.9991e+04 9.5643e-01 4.3567e-02 2.6308e-29 0.0000e+00 0.0000e+00 0.0000e+00 0.0000e+00
7.0000e+04 9.1350e-01 8.6497e-02 1.0857e-28 0.0000e+00 0.0000e+00 0.0000e+00 0.0000e+00
#
#TIME: 1.3409
#NVEL: 115
#vel_mid[km/s] s0 s1 s2 s3 s4 s5 s6
4.2577e+02 1.6675e-43 1.5894e-34 1.1452e-25 1.2797e-17 1.5622e-10 5.9689e-05 9.9994e-01
8.5779e+02 3.0649e-32 3.7242e-25 3.4600e-18 5.0838e-12 8.2639e-07 4.2927e-03 9.9571e-01
8.7843e+02 3.0953e-32 3.7593e-25 3.4901e-18 5.1209e-12 8.3094e-07 4.3058e-03 9.9569e-01
9.1772e+02 3.0425e-32 3.6983e-25 3.4380e-18 5.0566e-12 8.2306e-07 4.2832e-03 9.9572e-01
9.7304e+02 2.9539e-32 3.5982e-25 3.3541e-18 4.9544e-12 8.1069e-07 4.2479e-03 9.9575e-01
1.0350e+03 2.7684e-32 3.3845e-25 3.1718e-18 4.7284e-12 7.8279e-07 4.1669e-03 9.9583e-01
1.1000e+03 2.2609e-32 2.7982e-25 2.6681e-18 4.0939e-12 7.0283e-07 3.9276e-03 9.9607e-01
1.1690e+03 1.3024e-32 1.6667e-25 1.6659e-18 2.7648e-12 5.2406e-07 3.3434e-03 9.9666e-01
1.2425e+03 4.1933e-33 5.6997e-26 6.2342e-19 1.2132e-12 2.8212e-07 2.3776e-03 9.9762e-01
1.3205e+03 7.5039e-34 1.0959e-26 1.3527e-19 3.3337e-13 1.0602e-07 1.3842e-03 9.9862e-01
1.4033e+03 1.0110e-34 1.6044e-27 2.2766e-20 7.3776e-14 3.3808e-08 7.3727e-04 9.9926e-01
1.4915e+03 1.5497e-35 2.6848e-28 4.3714e-21 1.8326e-14 1.1810e-08 4.1450e-04 9.9959e-01
1.5852e+03 2.7680e-36 5.2781e-29 9.8651e-22 5.2546e-15 4.6245e-09 2.4916e-04 9.9975e-01
1.6847e+03 4.7210e-37 1.0056e-29 2.1860e-22 1.4926e-15 1.8068e-09 1.5023e-04 9.9985e-01
1.7904e+03 7.0867e-38 1.7298e-30 4.4823e-23 4.0096e-16 6.8184e-10 8.9373e-05 9.9991e-01
1.9028e+03 9.6008e-39 2.7581e-31 8.7323e-24 1.0432e-16 2.5329e-10 5.3033e-05 9.9995e-01
2.0223e+03 1.3452e-39 4.5354e-32 1.7488e-24 2.7754e-17 9.5684e-11 3.1884e-05 9.9997e-01
2.1493e+03 1.9748e-40 7.8012e-33 3.6533e-25 7.6532e-18 3.7160e-11 1.9547e-05 9.9998e-01
2.2843e+03 3.5905e-41 1.6268e-33 9.0319e-26 2.4186e-18 1.5936e-11 1.2675e-05 9.9999e-01
2.4277e+03 8.7988e-42 4.4891e-34 2.8812e-26 9.4615e-19 8.0153e-12 8.9564e-06 9.9999e-01
2.5802e+03 3.1992e-42 1.7962e-34 1.2900e-26 4.9191e-19 4.9865e-12 7.0628e-06 9.9999e-01
2.7422e+03 1.9730e-42 1.1807e-34 9.0733e-27 3.7335e-19 4.1125e-12 6.4153e-06 9.9999e-01
2.9144e+03 2.3079e-42 1.4136e-34 1.0993e-26 4.4643e-19 4.7554e-12 6.8964e-06 9.9999e-01
3.0973e+03 5.7173e-42 3.4407e-34 2.5500e-26 9.2209e-19 8.2792e-12 9.1269e-06 9.9999e-01
3.2918e+03 3.1540e-41 1.8449e-33 1.2547e-25 3.6504e-18 2.3770e-11 1.5761e-05 9.9998e-01
3.4986e+03 6.8851e-40 3.3968e-32 1.8060e-24 3.4363e-17 1.2767e-10 3.8241e-05 9.9996e-01
3.7182e+03 5.1892e-38 1.7688e-30 6.0168e-23 6.0912e-16 1.0512e-09 1.1687e-04 9.9988e-01
3.9517e+03 4.8329e-36 1.2235e-28 2.7942e-21 1.4887e-14 1.1381e-08 4.2397e-04 9.9958e-01
4.1999e+03 1.1221e-33 2.8478e-26 5.2888e-19 1.4068e-12 3.8839e-07 3.0851e-03 9.9691e-01
4.4636e+03 3.1540e-31 7.1819e-24 9.6982e-17 1.2051e-10 1.1799e-05 2.0884e-02 9.7910e-01
4.7438e+03 5.6206e-30 1.1691e-22 1.2951e-15 1.0750e-09 6.2111e-05 5.2228e-02 9.4771e-01
5.0416e+03 1.1444e-29 2.3695e-22 2.5289e-15 1.9044e-09 9.6323e-05 6.6525e-02 9.3338e-01
5.3582e+03 8.5260e-30 1.8609e-22 2.0918e-15 1.6563e-09 8.8003e-05 6.3734e-02 9.3618e-01
5.6947e+03 7.5036e-30 1.7243e-22 2.0231e-15 1.6462e-09 8.9059e-05 6.4592e-02 9.3532e-01
6.0522e+03 1.1599e-29 2.7103e-22 3.1502e-15 2.4232e-09 1.2053e-04 7.6451e-02 9.2343e-01
6.4323e+03 3.6671e-29 8.5192e-22 9.3073e-15 6.1018e-09 2.4411e-04 1.1211e-01 8.8764e-01
6.8362e+03 2.1621e-28 4.9065e-21 4.8024e-14 2.4400e-08 6.9473e-04 1.9402e-01 8.0529e-01
7.2654e+03 1.8518e-27 3.9980e-20 3.3459e-13 1.2267e-07 2.2827e-03 3.4549e-01 6.5223e-01
7.7216e+03 2.3504e-26 4.7288e-19 3.2061e-12 7.7302e-07 8.3792e-03 5.8371e-01 4.0791e-01
8.2065e+03 7.0422e-25 1.2693e-17 6.1815e-11 7.9095e-06 3.8165e-02 8.3032e-01 1.3151e-01
8.7177e+03 2.1592e-22 3.1562e-15 7.8531e-09 2.9471e-04 3.0128e-01 6.9208e-01 6.3463e-03
9.2147e+03 6.0662e-19 5.8942e-12 3.8855e-06 1.5406e-02 9.4909e-01 3.5502e-02 1.8971e-06
9.6291e+03 2.3987e-15 1.4672e-08 1.6610e-03 3.7433e-01 6.2391e-01 1.0097e-04 6.5019e-12
9.9539e+03 1.2375e-12 5.0105e-06 8.5292e-02 8.8702e-01 2.7685e-02 9.2565e-09 3.0145e-19
1.0246e+04 2.0693e-10 4.3220e-04 7.7190e-01 2.2760e-01 6.4857e-05 1.4359e-14 6.2107e-29
1.0542e+04 1.2101e-08 9.1635e-03 9.8732e-01 3.5185e-03 2.5954e-09 5.1798e-23 2.6485e-42
1.0840e+04 2.0802e-06 2.7060e-01 7.2939e-01 1.0306e-05 4.5792e-15 1.0803e-33 0.0000e+00
1.1119e+04 5.3582e-05 9.5365e-01 4.6295e-02 1.6676e-09 2.3905e-22 0.0000e+00 0.0000e+00
1.1356e+04 3.5702e-04 9.9842e-01 1.2209e-03 1.9463e-13 1.9115e-29 0.0000e+00 0.0000e+00
1.1540e+04 2.0098e-03 9.9795e-01 3.8024e-05 3.7159e-17 3.8619e-36 0.0000e+00 0.0000e+00
1.1677e+04 8.1249e-03 9.9187e-01 1.6184e-06 1.3541e-20 2.1005e-42 0.0000e+00 0.0000e+00
1.1784e+04 2.3627e-02 9.7637e-01 1.0591e-07 1.3388e-23 0.0000e+00 0.0000e+00 0.0000e+00
1.1876e+04 5.7496e-02 9.4250e-01 1.0561e-08 4.0940e-26 0.0000e+00 0.0000e+00 0.0000e+00
1.1964e+04 1.2342e-01 8.7658e-01 1.2745e-09 2.1739e-28 0.0000e+00 0.0000e+00 0.0000e+00
1.2056e+04 1.9816e-01 8.0184e-01 2.3422e-10 3.1651e-30 0.0000e+00 0.0000e+00 0.0000e+00
1.2170e+04 3.1043e-01 6.8957e-01 3.9551e-11 4.2059e-32 0.0000e+00 0.0000e+00 0.0000e+00
1.2360e+04 5.0942e-01 4.9058e-01 3.1889e-12 1.1706e-34 0.0000e+00 0.0000e+00 0.0000e+00
1.2670e+04 7.9947e-01 2.0053e-01 4.1459e-14 7.5731e-39 0.0000e+00 0.0000e+00 0.0000e+00
1.3075e+04 9.5358e-01 4.6419e-02 1.5801e-16 5.4651e-44 0.0000e+00 0.0000e+00 0.0000e+00
1.3530e+04 9.8957e-01 1.0429e-02 7.2871e-19 0.0000e+00 0.0000e+00 0.0000e+00 0.0000e+00
1.4013e+04 9.9829e-01 1.7057e-03 1.1811e-21 0.0000e+00 0.0000e+00 0.0000e+00 0.0000e+00
1.4509e+04 9.9960e-01 3.9718e-04 6.2601e-24 0.0000e+00 0.0000e+00 0.0000e+00 0.0000e+00
1.5002e+04 9.9990e-01 1.0495e-04 5.0261e-26 0.0000e+00 0.0000e+00 0.0000e+00 0.0000e+00
1.5476e+04 9.9997e-01 2.9438e-05 4.4831e-28 0.0000e+00 0.0000e+00 0.0000e+00 0.0000e+00
1.5924e+04 9.9999e-01 1.1377e-05 1.0364e-29 0.0000e+00 0.0000e+00 0.0000e+00 0.0000e+00
1.6356e+04 9.9999e-01 6.0416e-06 7.0672e-31 0.0000e+00 0.0000e+00 0.0000e+00 0.0000e+00
1.6776e+04 1.0000e+00 3.1319e-06 4.6997e-32 0.0000e+00 0.0000e+00 0.0000e+00 0.0000e+00
1.7184e+04 1.0000e+00 1.8926e-06 5.6695e-33 0.0000e+00 0.0000e+00 0.0000e+00 0.0000e+00
1.7580e+04 1.0000e+00 1.1463e-06 6.7299e-34 0.0000e+00 0.0000e+00 0.0000e+00 0.0000e+00
1.7990e+04 1.0000e+00 7.5833e-07 1.0544e-34 0.0000e+00 0.0000e+00 0.0000e+00 0.0000e+00
1.8458e+04 1.0000e+00 4.9187e-07 1.5631e-35 0.0000e+00 0.0000e+00 0.0000e+00 0.0000e+00
1.9085e+04 1.0000e+00 3.4311e-07 2.6276e-36 0.0000e+00 0.0000e+00 0.0000e+00 0.0000e+00
2.0000e+04 1.0000e+00 3.2773e-07 7.1004e-37 0.0000e+00 0.0000e+00 0.0000e+00 0.0000e+00
2.1194e+04 1.0000e+00 3.2666e-07 1.3030e-37 0.0000e+00 0.0000e+00 0.0000e+00 0.0000e+00
2.2528e+04 1.0000e+00 8.6143e-07 7.2090e-37 0.0000e+00 0.0000e+00 0.0000e+00 0.0000e+00
2.3943e+04 1.0000e+00 1.9669e-06 3.1623e-36 0.0000e+00 0.0000e+00 0.0000e+00 0.0000e+00
2.5446e+04 1.0000e+00 3.8238e-06 1.2968e-35 0.0000e+00 0.0000e+00 0.0000e+00 0.0000e+00
2.7044e+04 9.9999e-01 5.8119e-06 2.4661e-35 0.0000e+00 0.0000e+00 0.0000e+00 0.0000e+00
2.8744e+04 9.9999e-01 8.8415e-06 4.1584e-35 0.0000e+00 0.0000e+00 0.0000e+00 0.0000e+00
3.0520e+04 9.9995e-01 4.8382e-05 5.7137e-33 0.0000e+00 0.0000e+00 0.0000e+00 0.0000e+00
3.2244e+04 9.9985e-01 1.5234e-04 1.5173e-31 0.0000e+00 0.0000e+00 0.0000e+00 0.0000e+00
3.3773e+04 9.9997e-01 2.8742e-05 3.5997e-34 0.0000e+00 0.0000e+00 0.0000e+00 0.0000e+00
3.5108e+04 9.9996e-01 4.4405e-05 8.9585e-34 0.0000e+00 0.0000e+00 0.0000e+00 0.0000e+00
3.6326e+04 9.9997e-01 2.8775e-05 1.1326e-34 0.0000e+00 0.0000e+00 0.0000e+00 0.0000e+00
3.7486e+04 9.9906e-01 9.4046e-04 6.6634e-30 0.0000e+00 0.0000e+00 0.0000e+00 0.0000e+00
3.8628e+04 9.9772e-01 2.2760e-03 6.8587e-29 0.0000e+00 0.0000e+00 0.0000e+00 0.0000e+00
3.9769e+04 9.9995e-01 5.3974e-05 1.7428e-34 0.0000e+00 0.0000e+00 0.0000e+00 0.0000e+00
4.0916e+04 9.8846e-01 1.1544e-02 5.1626e-27 0.0000e+00 0.0000e+00 0.0000e+00 0.0000e+00
4.2074e+04 9.9997e-01 3.2518e-05 1.1696e-35 0.0000e+00 0.0000e+00 0.0000e+00 0.0000e+00
4.3252e+04 9.9940e-01 5.9507e-04 1.0883e-31 0.0000e+00 0.0000e+00 0.0000e+00 0.0000e+00
4.4454e+04 9.1002e-01 8.9981e-02 2.0861e-24 0.0000e+00 0.0000e+00 0.0000e+00 0.0000e+00
4.5683e+04 9.9583e-01 4.1665e-03 2.3173e-29 0.0000e+00 0.0000e+00 0.0000e+00 0.0000e+00
4.6942e+04 9.9993e-01 6.7289e-05 1.8632e-35 0.0000e+00 0.0000e+00 0.0000e+00 0.0000e+00
4.8231e+04 1.0000e+00 3.0524e-06 3.5859e-40 0.0000e+00 0.0000e+00 0.0000e+00 0.0000e+00
4.9550e+04 8.1345e-01 1.8655e-01 6.9277e-24 0.0000e+00 0.0000e+00 0.0000e+00 0.0000e+00
5.0900e+04 9.9983e-01 1.7250e-04 9.7324e-35 0.0000e+00 0.0000e+00 0.0000e+00 0.0000e+00
5.2277e+04 9.9757e-01 2.4300e-03 3.3552e-31 0.0000e+00 0.0000e+00 0.0000e+00 0.0000e+00
5.3682e+04 9.9999e-01 5.6134e-06 4.1453e-40 0.0000e+00 0.0000e+00 0.0000e+00 0.0000e+00
5.5110e+04 7.8337e-01 2.1663e-01 1.8519e-24 0.0000e+00 0.0000e+00 0.0000e+00 0.0000e+00
5.6562e+04 9.9886e-01 1.1446e-03 6.8311e-33 0.0000e+00 0.0000e+00 0.0000e+00 0.0000e+00
5.8030e+04 7.2027e-01 2.7973e-01 2.6330e-24 0.0000e+00 0.0000e+00 0.0000e+00 0.0000e+00
5.9510e+04 9.9081e-01 9.1855e-03 2.4136e-30 0.0000e+00 0.0000e+00 0.0000e+00 0.0000e+00
6.0994e+04 9.9996e-01 3.7018e-05 2.2690e-38 0.0000e+00 0.0000e+00 0.0000e+00 0.0000e+00
6.2466e+04 9.1321e-01 8.6794e-02 2.7875e-27 0.0000e+00 0.0000e+00 0.0000e+00 0.0000e+00
6.3912e+04 1.8148e-05 9.9998e-01 2.2433e-10 4.2336e-34 0.0000e+00 0.0000e+00 0.0000e+00
6.5312e+04 1.3465e-04 9.9987e-01 1.3396e-12 9.9610e-40 0.0000e+00 0.0000e+00 0.0000e+00
6.6639e+04 6.3993e-01 3.6007e-01 7.6487e-25 0.0000e+00 0.0000e+00 0.0000e+00 0.0000e+00
6.7870e+04 9.8999e-01 1.0013e-02 2.8209e-31 0.0000e+00 0.0000e+00 0.0000e+00 0.0000e+00
6.8864e+04 9.9711e-01 2.8853e-03 3.5453e-33 0.0000e+00 0.0000e+00 0.0000e+00 0.0000e+00
6.9460e+04 9.9995e-01 4.6433e-05 4.4682e-39 0.0000e+00 0.0000e+00 0.0000e+00 0.0000e+00
6.9745e+04 1.0000e+00 1.8818e-06 9.6690e-44 0.0000e+00 0.0000e+00 0.0000e+00 0.0000e+00
6.9888e+04 1.0000e+00 1.6153e-06 5.6052e-44 0.0000e+00 0.0000e+00 0.0000e+00 0.0000e+00
6.9960e+04 1.0000e+00 4.7694e-06 2.0641e-42 0.0000e+00 0.0000e+00 0.0000e+00 0.0000e+00
6.9991e+04 1.0000e+00 4.5647e-06 1.7600e-42 0.0000e+00 0.0000e+00 0.0000e+00 0.0000e+00
7.0000e+04 9.9999e-01 8.9588e-06 5.5660e-42 0.0000e+00 0.0000e+00 0.0000e+00 0.0000e+00
#
#TIME: 1.3688
#NVEL: 115
#vel_mid[km/s] s0 s1 s2 s3 s4 s5 s6
4.2577e+02 2.9427e-43 2.8335e-34 2.0130e-25 2.0962e-17 2.2994e-10 7.4363e-05 9.9993e-01
8.5779e+02 4.6422e-32 5.7251e-25 5.2924e-18 7.3960e-12 1.1106e-06 5.0807e-03 9.9492e-01
8.7843e+02 5.1023e-32 6.2584e-25 5.7399e-18 7.9145e-12 1.1685e-06 5.2245e-03 9.9477e-01
9.1772e+02 4.9224e-32 6.0496e-25 5.5644e-18 7.7116e-12 1.1459e-06 5.1687e-03 9.9483e-01
9.7304e+02 4.6832e-32 5.7745e-25 5.3353e-18 7.4472e-12 1.1165e-06 5.0957e-03 9.9490e-01
1.0350e+03 4.4862e-32 5.5448e-25 5.1411e-18 7.2200e-12 1.0909e-06 5.0309e-03 9.9497e-01
1.1000e+03 3.6290e-32 4.5432e-25 4.2898e-18 6.2094e-12 9.7456e-07 4.7290e-03 9.9527e-01
1.1690e+03 2.0528e-32 2.6605e-25 2.6379e-18 4.1415e-12 7.1996e-07 4.0050e-03 9.9599e-01
1.2425e+03 6.5303e-33 8.9983e-26 9.7776e-19 1.8035e-12 3.8546e-07 2.8390e-03 9.9716e-01
1.3205e+03 1.1155e-33 1.6560e-26 2.0392e-19 4.7970e-13 1.4137e-07 1.6302e-03 9.9837e-01
1.4033e+03 1.4381e-34 2.3234e-27 3.2996e-20 1.0272e-13 4.3963e-08 8.5569e-04 9.9914e-01
1.4915e+03 2.1092e-35 3.7252e-28 6.0878e-21 2.4670e-14 1.4967e-08 4.7389e-04 9.9953e-01
1.5852e+03 3.7308e-36 7.2463e-29 1.3590e-21 7.0061e-15 5.8153e-09 2.8336e-04 9.9972e-01
1.6847e+03 6.2154e-37 1.3473e-29 2.9395e-22 1.9482e-15 2.2340e-09 1.6908e-04 9.9983e-01
1.7904e+03 9.2954e-38 2.3030e-30 5.9779e-23 5.1905e-16 8.3690e-10 1.0004e-04 9.9990e-01
1.9028e+03 1.2378e-38 3.6062e-31 1.1436e-23 1.3287e-16 3.0687e-10 5.8868e-05 9.9994e-01
2.0223e+03 1.6967e-39 5.8046e-32 2.2444e-24 3.4747e-17 1.1440e-10 3.5091e-05 9.9996e-01
2.1493e+03 2.3927e-40 9.6210e-33 4.5354e-25 9.3225e-18 4.3533e-11 2.1251e-05 9.9998e-01
2.2843e+03 4.2031e-41 1.9442e-33 1.0903e-25 2.8793e-18 1.8355e-11 1.3638e-05 9.9999e-01
2.4277e+03 1.0101e-41 5.2657e-34 3.4184e-26 1.1099e-18 9.1288e-12 9.5674e-06 9.9999e-01
2.5802e+03 3.6392e-42 2.0874e-34 1.5163e-26 5.7230e-19 5.6418e-12 7.5120e-06 9.9999e-01
2.7422e+03 2.2435e-42 1.3708e-34 1.0651e-26 4.3378e-19 4.6474e-12 6.8177e-06 9.9999e-01
2.9144e+03 2.6302e-42 1.6449e-34 1.2936e-26 5.1983e-19 5.3838e-12 7.3406e-06 9.9999e-01
3.0973e+03 6.6127e-42 4.0632e-34 3.0435e-26 1.0870e-18 9.4636e-12 9.7791e-06 9.9999e-01
3.2918e+03 3.8326e-41 2.2822e-33 1.5625e-25 4.4587e-18 2.7908e-11 1.7171e-05 9.9998e-01
3.4986e+03 8.9734e-40 4.4873e-32 2.3879e-24 4.4121e-17 1.5564e-10 4.2622e-05 9.9996e-01
3.7182e+03 6.9464e-38 2.4028e-30 8.1802e-23 8.0152e-16 1.3068e-09 1.3196e-04 9.9987e-01
3.9517e+03 6.7147e-36 1.7312e-28 3.9617e-21 2.0339e-14 1.4586e-08 4.8805e-04 9.9951e-01
4.1999e+03 1.8679e-33 4.7844e-26 8.7659e-19 2.1874e-12 5.4861e-07 3.7542e-03 9.9625e-01
4.4636e+03 5.9314e-31 1.3617e-23 1.7981e-16 2.0580e-10 1.7898e-05 2.6421e-02 9.7356e-01
4.7438e+03 1.1264e-29 2.3573e-22 2.5369e-15 1.9184e-09 9.7203e-05 6.6952e-02 9.3295e-01
5.0416e+03 2.3906e-29 4.9699e-22 5.1313e-15 3.4966e-09 1.5381e-04 8.6034e-02 9.1381e-01
5.3582e+03 1.8216e-29 3.9867e-22 4.3263e-15 3.0899e-09 1.4222e-04 8.2985e-02 9.1687e-01
5.6947e+03 1.5996e-29 3.6866e-22 4.1764e-15 3.0662e-09 1.4375e-04 8.4038e-02 9.1582e-01
6.0522e+03 2.5226e-29 5.9095e-22 6.6190e-15 4.5775e-09 1.9646e-04 9.9813e-02 8.9999e-01
6.4323e+03 8.0715e-29 1.8809e-21 1.9767e-14 1.1609e-08 3.9901e-04 1.4578e-01 8.5382e-01
6.8362e+03 4.7782e-28 1.0890e-20 1.0229e-13 4.6333e-08 1.1265e-03 2.4782e-01 7.5106e-01
7.2654e+03 4.0053e-27 8.7018e-20 6.9711e-13 2.2673e-07 3.5805e-03 4.2234e-01 5.7408e-01
7.7216e+03 4.8849e-26 9.9011e-19 6.3962e-12 1.3575e-06 1.2371e-02 6.6134e-01 3.2629e-01
8.2065e+03 1.4297e-24 2.5935e-17 1.1910e-10 1.3215e-05 5.2656e-02 8.5495e-01 9.2383e-02
8.7177e+03 4.2376e-22 6.2499e-15 1.4445e-08 4.5979e-04 3.7773e-01 6.1815e-01 3.6541e-03
9.2147e+03 1.0676e-18 1.0450e-11 6.2235e-06 2.0196e-02 9.5620e-01 2.3597e-02 7.4335e-07
9.6291e+03 4.1160e-15 2.5451e-08 2.5380e-03 4.5076e-01 5.4665e-01 5.2792e-05 1.7801e-12
9.9539e+03 1.9540e-12 7.8100e-06 1.1223e-01 8.6951e-01 1.8248e-02 3.2137e-09 4.7378e-20
1.0246e+04 2.8233e-10 5.6925e-04 8.2771e-01 1.7169e-01 3.0093e-05 3.0341e-15 4.9811e-30
1.0542e+04 1.7739e-08 1.2162e-02 9.8562e-01 2.2199e-03 8.6979e-10 6.3790e-24 9.5288e-44
1.0840e+04 3.0339e-06 3.4382e-01 6.5617e-01 5.3712e-06 1.1208e-15 8.0680e-35 0.0000e+00
1.1119e+04 6.6276e-05 9.7021e-01 2.9721e-02 5.2429e-10 2.8072e-23 0.0000e+00 0.0000e+00
1.1356e+04 4.5377e-04 9.9886e-01 6.8533e-04 4.4593e-14 1.2684e-30 0.0000e+00 0.0000e+00
1.1540e+04 2.7009e-03 9.9728e-01 1.7980e-05 5.4712e-18 1.1251e-37 0.0000e+00 0.0000e+00
1.1677e+04 1.1138e-02 9.8886e-01 6.5929e-07 1.3313e-21 2.8026e-44 0.0000e+00 0.0000e+00
1.1784e+04 3.4842e-02 9.6516e-01 3.6163e-08 8.6704e-25 0.0000e+00 0.0000e+00 0.0000e+00
1.1876e+04 9.3591e-02 9.0641e-01 2.8382e-09 1.5699e-27 0.0000e+00 0.0000e+00 0.0000e+00
1.1964e+04 2.0894e-01 7.9106e-01 2.6519e-10 4.9338e-30 0.0000e+00 0.0000e+00 0.0000e+00
1.2056e+04 3.2421e-01 6.7579e-01 4.2381e-11 5.6445e-32 0.0000e+00 0.0000e+00 0.0000e+00
1.2170e+04 4.5966e-01 5.4034e-01 7.0346e-12 8.0162e-34 0.0000e+00 0.0000e+00 0.0000e+00
1.2360e+04 6.6609e-01 3.3391e-01 4.7202e-13 1.7428e-36 0.0000e+00 0.0000e+00 0.0000e+00
1.2670e+04 8.8333e-01 1.1667e-01 5.3600e-15 1.0187e-40 0.0000e+00 0.0000e+00 0.0000e+00
1.3075e+04 9.7758e-01 2.2419e-02 1.2812e-17 0.0000e+00 0.0000e+00 0.0000e+00 0.0000e+00
1.3530e+04 9.9609e-01 3.9134e-03 2.5531e-20 0.0000e+00 0.0000e+00 0.0000e+00 0.0000e+00
1.4013e+04 9.9953e-01 4.7043e-04 1.4585e-23 0.0000e+00 0.0000e+00 0.0000e+00 0.0000e+00
1.4509e+04 9.9989e-01 1.0798e-04 6.8993e-26 0.0000e+00 0.0000e+00 0.0000e+00 0.0000e+00
1.5002e+04 9.9997e-01 2.9446e-05 5.4175e-28 0.0000e+00 0.0000e+00 0.0000e+00 0.0000e+00
1.5476e+04 9.9999e-01 8.8773e-06 5.5100e-30 0.0000e+00 0.0000e+00 0.0000e+00 0.0000e+00
1.5924e+04 1.0000e+00 3.6766e-06 1.5545e-31 0.0000e+00 0.0000e+00 0.0000e+00 0.0000e+00
1.6356e+04 1.0000e+00 1.9215e-06 9.9319e-33 0.0000e+00 0.0000e+00 0.0000e+00 0.0000e+00
1.6776e+04 1.0000e+00 1.1501e-06 1.1398e-33 0.0000e+00 0.0000e+00 0.0000e+00 0.0000e+00
1.7184e+04 1.0000e+00 7.9989e-07 2.3773e-34 0.0000e+00 0.0000e+00 0.0000e+00 0.0000e+00
1.7580e+04 1.0000e+00 4.6736e-07 2.6321e-35 0.0000e+00 0.0000e+00 0.0000e+00 0.0000e+00
1.7990e+04 1.0000e+00 3.5701e-07 7.1960e-36 0.0000e+00 0.0000e+00 0.0000e+00 0.0000e+00
1.8458e+04 1.0000e+00 2.5801e-07 1.6142e-36 0.0000e+00 0.0000e+00 0.0000e+00 0.0000e+00
1.9085e+04 1.0000e+00 1.6941e-07 2.2841e-37 0.0000e+00 0.0000e+00 0.0000e+00 0.0000e+00
2.0000e+04 1.0000e+00 1.4911e-07 4.7561e-38 0.0000e+00 0.0000e+00 0.0000e+00 0.0000e+00
2.1194e+04 1.0000e+00 1.3324e-07 6.0741e-39 0.0000e+00 0.0000e+00 0.0000e+00 0.0000e+00
2.2528e+04 1.0000e+00 1.8234e-07 3.3798e-39 0.0000e+00 0.0000e+00 0.0000e+00 0.0000e+00
2.3943e+04 1.0000e+00 3.4634e-07 6.6620e-39 0.0000e+00 0.0000e+00 0.0000e+00 0.0000e+00
2.5446e+04 1.0000e+00 5.8534e-07 1.5384e-38 0.0000e+00 0.0000e+00 0.0000e+00 0.0000e+00
2.7044e+04 1.0000e+00 5.8025e-07 6.4025e-39 0.0000e+00 0.0000e+00 0.0000e+00 0.0000e+00
2.8744e+04 1.0000e+00 2.5554e-06 5.1344e-37 0.0000e+00 0.0000e+00 0.0000e+00 0.0000e+00
3.0520e+04 1.0000e+00 2.1313e-06 1.1907e-37 0.0000e+00 0.0000e+00 0.0000e+00 0.0000e+00
3.2244e+04 9.9999e-01 5.1757e-06 1.5250e-36 0.0000e+00 0.0000e+00 0.0000e+00 0.0000e+00
3.3773e+04 1.0000e+00 3.5639e-06 2.7015e-37 0.0000e+00 0.0000e+00 0.0000e+00 0.0000e+00
3.5108e+04 1.0000e+00 2.5736e-06 5.1082e-38 0.0000e+00 0.0000e+00 0.0000e+00 0.0000e+00
3.6326e+04 9.9977e-01 2.2529e-04 1.0221e-31 0.0000e+00 0.0000e+00 0.0000e+00 0.0000e+00
3.7486e+04 9.9999e-01 1.2308e-05 3.2945e-36 0.0000e+00 0.0000e+00 0.0000e+00 0.0000e+00
3.8628e+04 9.9996e-01 3.6903e-05 7.6253e-35 0.0000e+00 0.0000e+00 0.0000e+00 0.0000e+00
3.9769e+04 1.0000e+00 3.7071e-07 6.2386e-42 0.0000e+00 0.0000e+00 0.0000e+00 0.0000e+00
4.0916e+04 9.9994e-01 6.3625e-05 1.6888e-34 0.0000e+00 0.0000e+00 0.0000e+00 0.0000e+00
4.2074e+04 1.0000e+00 9.7760e-09 0.0000e+00 0.0000e+00 0.0000e+00 0.0000e+00 0.0000e+00
4.3252e+04 9.9987e-01 1.3244e-04 7.1525e-34 0.0000e+00 0.0000e+00 0.0000e+00 0.0000e+00
4.4454e+04 9.9619e-01 3.8090e-03 2.6423e-29 0.0000e+00 0.0000e+00 0.0000e+00 0.0000e+00
4.5683e+04 9.9994e-01 5.5644e-05 1.4972e-35 0.0000e+00 0.0000e+00 0.0000e+00 0.0000e+00
4.6942e+04 4.8732e-01 5.1268e-01 8.7368e-21 0.0000e+00 0.0000e+00 0.0000e+00 0.0000e+00
4.8231e+04 8.2364e-02 9.1764e-01 2.9335e-17 0.0000e+00 0.0000e+00 0.0000e+00 0.0000e+00
4.9550e+04 9.9310e-01 6.8975e-03 2.5369e-29 0.0000e+00 0.0000e+00 0.0000e+00 0.0000e+00
5.0900e+04 8.1871e-01 1.8129e-01 3.3073e-24 0.0000e+00 0.0000e+00 0.0000e+00 0.0000e+00
5.2277e+04 9.9851e-01 1.4868e-03 6.2850e-32 0.0000e+00 0.0000e+00 0.0000e+00 0.0000e+00
5.3682e+04 3.2626e-08 9.9584e-01 4.1599e-03 1.4224e-15 9.9015e-38 0.0000e+00 0.0000e+00
5.5110e+04 9.8974e-01 1.0265e-02 1.3363e-29 0.0000e+00 0.0000e+00 0.0000e+00 0.0000e+00
5.6562e+04 5.6623e-01 4.3377e-01 6.1901e-23 0.0000e+00 0.0000e+00 0.0000e+00 0.0000e+00
5.8030e+04 9.9499e-01 5.0057e-03 4.8354e-31 0.0000e+00 0.0000e+00 0.0000e+00 0.0000e+00
5.9510e+04 1.0000e+00 7.1722e-08 0.0000e+00 0.0000e+00 0.0000e+00 0.0000e+00 0.0000e+00
6.0994e+04 9.8191e-01 1.8092e-02 1.3740e-29 0.0000e+00 0.0000e+00 0.0000e+00 0.0000e+00
6.2466e+04 2.4935e-01 7.5065e-01 1.8115e-21 0.0000e+00 0.0000e+00 0.0000e+00 0.0000e+00
6.3912e+04 1.4207e-04 9.9986e-01 1.6363e-12 1.8536e-39 0.0000e+00 0.0000e+00 0.0000e+00
6.5312e+04 1.4706e-03 9.9853e-01 4.7257e-15 1.4013e-45 0.0000e+00 0.0000e+00 0.0000e+00
6.6639e+04 9.8831e-01 1.1691e-02 6.1392e-31 0.0000e+00 0.0000e+00 0.0000e+00 0.0000e+00
6.7870e+04 1.0000e+00 8.1398e-07 8.4078e-45 0.0000e+00 0.0000e+00 0.0000e+00 0.0000e+00
6.8864e+04 1.0000e+00 4.5965e-06 2.1594e-42 0.0000e+00 0.0000e+00 0.0000e+00 0.0000e+00
6.9460e+04 1.0000e+00 5.3196e-08 0.0000e+00 0.0000e+00 0.0000e+00 0.0000e+00 0.0000e+00
6.9745e+04 9.9999e-01 6.3971e-06 5.3922e-42 0.0000e+00 0.0000e+00 0.0000e+00 0.0000e+00
6.9888e+04 9.9963e-01 3.7321e-04 3.3885e-36 0.0000e+00 0.0000e+00 0.0000e+00 0.0000e+00
6.9960e+04 1.0000e+00 6.9862e-07 2.8026e-45 0.0000e+00 0.0000e+00 0.0000e+00 0.0000e+00
6.9991e+04 1.0000e+00 8.0779e-07 4.2039e-45 0.0000e+00 0.0000e+00 0.0000e+00 0.0000e+00
7.0000e+04 1.0000e+00 2.3249e-07 0.0000e+00 0.0000e+00 0.0000e+00 0.0000e+00 0.0000e+00
#
#TIME: 1.3973
#NVEL: 115
#vel_mid[km/s] s0 s1 s2 s3 s4 s5 s6
4.2577e+02 5.5211e-43 5.3506e-34 3.7303e-25 3.5888e-17 3.4995e-10 9.4398e-05 9.9991e-01
8.5779e+02 6.8580e-32 8.5973e-25 7.9232e-18 1.0567e-11 1.4726e-06 5.9692e-03 9.9403e-01
8.7843e+02 7.0678e-32 8.8457e-25 8.1319e-18 1.0800e-11 1.4968e-06 6.0231e-03 9.9398e-01
9.1772e+02 6.8902e-32 8.6349e-25 7.9542e-18 1.0602e-11 1.4761e-06 5.9771e-03 9.9402e-01
9.7304e+02 6.5054e-32 8.1831e-25 7.5769e-18 1.0183e-11 1.4324e-06 5.8795e-03 9.9412e-01
1.0350e+03 6.3269e-32 7.9704e-25 7.3966e-18 9.9794e-12 1.4109e-06 5.8307e-03 9.9417e-01
1.1000e+03 5.0393e-32 6.4363e-25 6.0908e-18 8.4891e-12 1.2502e-06 5.4561e-03 9.9454e-01
1.1690e+03 2.8744e-32 3.7988e-25 3.7729e-18 5.6975e-12 9.2798e-07 4.6326e-03 9.9537e-01
1.2425e+03 9.0188e-33 1.2686e-25 1.3829e-18 2.4589e-12 4.9356e-07 3.2717e-03 9.9673e-01
1.3205e+03 1.4790e-33 2.2468e-26 2.7864e-19 6.3575e-13 1.7723e-07 1.8564e-03 9.9814e-01
1.4033e+03 1.8210e-34 3.0166e-27 4.3296e-20 1.3161e-13 5.3723e-08 9.6020e-04 9.9904e-01
1.4915e+03 2.5844e-35 4.6843e-28 7.7530e-21 3.0820e-14 1.7940e-08 5.2576e-04 9.9947e-01
1.5852e+03 4.4968e-36 8.9628e-29 1.7036e-21 8.6347e-15 6.8969e-09 3.1231e-04 9.9969e-01
1.6847e+03 7.3713e-37 1.6385e-29 3.6230e-22 2.3657e-15 2.6183e-09 1.8497e-04 9.9982e-01
1.7904e+03 1.0955e-37 2.7781e-30 7.2990e-23 6.2466e-16 9.7342e-10 1.0887e-04 9.9989e-01
1.9028e+03 1.4437e-38 4.2996e-31 1.3793e-23 1.5813e-16 3.5369e-10 6.3673e-05 9.9994e-01
2.0223e+03 1.9392e-39 6.7850e-32 2.6566e-24 4.0694e-17 1.3022e-10 3.7659e-05 9.9996e-01
2.1493e+03 2.6587e-40 1.0955e-32 5.2425e-25 1.0705e-17 4.8829e-11 2.2601e-05 9.9998e-01
2.2843e+03 4.5188e-41 2.1479e-33 1.2269e-25 3.2343e-18 2.0255e-11 1.4363e-05 9.9999e-01
2.4277e+03 1.0602e-41 5.6884e-34 3.7688e-26 1.2257e-18 9.9457e-12 9.9986e-06 9.9999e-01
2.5802e+03 3.7877e-42 2.2352e-34 1.6575e-26 6.2723e-19 6.1105e-12 7.8207e-06 9.9999e-01
2.7422e+03 2.3220e-42 1.4603e-34 1.1585e-26 4.7340e-19 5.0170e-12 7.0847e-06 9.9999e-01
2.9144e+03 2.7017e-42 1.7407e-34 1.3991e-26 5.6477e-19 5.7936e-12 7.6203e-06 9.9999e-01
3.0973e+03 6.8930e-42 4.3604e-34 3.3356e-26 1.1943e-18 1.0273e-11 1.0210e-05 9.9999e-01
3.2918e+03 4.1834e-41 2.5571e-33 1.7810e-25 5.0621e-18 3.1049e-11 1.8198e-05 9.9998e-01
3.4986e+03 1.0437e-39 5.3374e-32 2.8744e-24 5.2425e-17 1.7919e-10 4.6104e-05 9.9995e-01
3.7182e+03 8.1689e-38 2.8952e-30 9.9862e-23 9.6473e-16 1.5209e-09 1.4386e-04 9.9986e-01
3.9517e+03 8.1292e-36 2.1532e-28 4.9958e-21 2.5199e-14 1.7377e-08 5.4000e-04 9.9946e-01
4.1999e+03 2.7145e-33 7.0761e-26 1.2940e-18 3.0882e-12 7.2102e-07 4.3911e-03 9.9561e-01
4.4636e+03 9.7173e-31 2.2671e-23 2.9616e-16 3.1839e-10 2.5210e-05 3.2082e-02 9.6789e-01
4.7438e+03 1.9830e-29 4.2054e-22 4.4444e-15 3.1189e-09 1.4180e-04 8.2512e-02 9.1735e-01
5.0416e+03 4.4902e-29 9.4311e-22 9.5029e-15 5.9472e-09 2.3179e-04 1.0762e-01 8.9215e-01
5.3582e+03 3.5102e-29 7.7507e-22 8.1901e-15 5.3523e-09 2.1728e-04 1.0460e-01 8.9518e-01
5.6947e+03 3.1129e-29 7.2358e-22 7.9747e-15 5.3490e-09 2.2077e-04 1.0621e-01 8.9357e-01
6.0522e+03 5.0175e-29 1.1847e-21 1.2881e-14 8.1071e-09 3.0482e-04 1.2656e-01 8.7314e-01
6.4323e+03 1.6158e-28 3.7978e-21 3.8684e-14 2.0614e-08 6.1839e-04 1.8351e-01 8.1587e-01
6.8362e+03 9.5616e-28 2.2007e-20 1.9986e-13 8.1746e-08 1.7245e-03 3.0516e-01 6.9312e-01
7.2654e+03 7.8624e-27 1.7272e-19 1.3338e-12 3.8943e-07 5.2972e-03 4.9662e-01 4.9808e-01
7.7216e+03 9.2187e-26 1.8908e-18 1.1721e-11 2.2179e-06 1.7265e-02 7.2371e-01 2.5902e-01
8.2065e+03 2.6885e-24 4.9286e-17 2.1488e-10 2.0925e-05 6.9910e-02 8.6466e-01 6.5414e-02
8.7177e+03 7.5997e-22 1.1362e-14 2.4612e-08 6.7477e-04 4.5401e-01 5.4318e-01 2.1386e-03
9.2147e+03 1.7496e-18 1.7340e-11 9.4508e-06 2.5646e-02 9.5815e-01 1.6196e-02 3.1525e-07
9.6291e+03 6.4000e-15 4.0244e-08 3.6033e-03 5.1996e-01 4.7641e-01 2.9034e-05 5.4914e-13
9.9539e+03 2.8438e-12 1.1297e-05 1.4072e-01 8.4667e-01 1.2599e-02 1.2678e-09 9.3460e-21
1.0246e+04 3.6150e-10 7.1057e-04 8.6682e-01 1.3245e-01 1.5161e-05 7.6329e-16 5.3181e-31
1.0542e+04 2.4552e-08 1.5494e-02 9.8302e-01 1.4881e-03 3.3620e-10 1.0285e-24 5.6052e-45
1.0840e+04 3.9781e-06 4.0731e-01 5.9269e-01 3.1393e-06 3.5687e-16 9.8303e-36 0.0000e+00
1.1119e+04 7.6186e-05 9.7838e-01 2.1540e-02 2.2573e-10 5.8570e-24 0.0000e+00 0.0000e+00
1.1356e+04 5.2500e-04 9.9901e-01 4.6856e-04 1.6724e-14 2.0576e-31 0.0000e+00 0.0000e+00
1.1540e+04 3.1012e-03 9.9689e-01 1.2123e-05 1.9660e-18 1.6690e-38 0.0000e+00 0.0000e+00
1.1677e+04 1.2844e-02 9.8716e-01 4.2040e-07 4.1112e-22 2.8026e-45 0.0000e+00 0.0000e+00
1.1784e+04 4.0570e-02 9.5943e-01 2.2846e-08 2.6676e-25 0.0000e+00 0.0000e+00 0.0000e+00
1.1876e+04 1.1100e-01 8.8900e-01 1.6919e-09 4.3171e-28 0.0000e+00 0.0000e+00 0.0000e+00
1.1964e+04 2.5559e-01 7.4441e-01 1.3013e-10 8.9293e-31 0.0000e+00 0.0000e+00 0.0000e+00
1.2056e+04 3.9578e-01 6.0422e-01 1.7697e-11 7.3831e-33 0.0000e+00 0.0000e+00 0.0000e+00
1.2170e+04 5.4584e-01 4.5416e-01 2.5519e-12 8.1014e-35 0.0000e+00 0.0000e+00 0.0000e+00
1.2360e+04 7.4757e-01 2.5243e-01 1.3757e-13 1.1970e-37 0.0000e+00 0.0000e+00 0.0000e+00
1.2670e+04 9.1972e-01 8.0278e-02 1.3554e-15 5.6556e-42 0.0000e+00 0.0000e+00 0.0000e+00
1.3075e+04 9.8710e-01 1.2898e-02 1.8746e-18 0.0000e+00 0.0000e+00 0.0000e+00 0.0000e+00
1.3530e+04 9.9842e-01 1.5832e-03 1.1366e-21 0.0000e+00 0.0000e+00 0.0000e+00 0.0000e+00
1.4013e+04 9.9983e-01 1.6619e-04 3.9623e-25 0.0000e+00 0.0000e+00 0.0000e+00 0.0000e+00
1.4509e+04 9.9996e-01 3.6754e-05 1.4726e-27 0.0000e+00 0.0000e+00 0.0000e+00 0.0000e+00
1.5002e+04 9.9999e-01 9.9128e-06 9.8913e-30 0.0000e+00 0.0000e+00 0.0000e+00 0.0000e+00
1.5476e+04 1.0000e+00 3.2577e-06 1.2981e-31 0.0000e+00 0.0000e+00 0.0000e+00 0.0000e+00
1.5924e+04 1.0000e+00 1.5488e-06 6.0653e-33 0.0000e+00 0.0000e+00 0.0000e+00 0.0000e+00
1.6356e+04 1.0000e+00 8.5547e-07 4.8372e-34 0.0000e+00 0.0000e+00 0.0000e+00 0.0000e+00
1.6776e+04 1.0000e+00 5.8257e-07 9.1275e-35 0.0000e+00 0.0000e+00 0.0000e+00 0.0000e+00
1.7184e+04 1.0000e+00 4.3155e-07 2.4657e-35 0.0000e+00 0.0000e+00 0.0000e+00 0.0000e+00
1.7580e+04 1.0000e+00 3.2235e-07 6.7128e-36 0.0000e+00 0.0000e+00 0.0000e+00 0.0000e+00
1.7990e+04 1.0000e+00 2.3108e-07 1.5091e-36 0.0000e+00 0.0000e+00 0.0000e+00 0.0000e+00
1.8458e+04 1.0000e+00 2.5796e-07 1.5016e-36 0.0000e+00 0.0000e+00 0.0000e+00 0.0000e+00
1.9085e+04 1.0000e+00 1.7964e-07 2.5837e-37 0.0000e+00 0.0000e+00 0.0000e+00 0.0000e+00
2.0000e+04 1.0000e+00 2.6852e-07 3.1462e-37 0.0000e+00 0.0000e+00 0.0000e+00 0.0000e+00
2.1194e+04 1.0000e+00 6.4064e-07 1.0970e-36 0.0000e+00 0.0000e+00 0.0000e+00 0.0000e+00
2.2528e+04 1.0000e+00 9.1922e-07 7.8192e-37 0.0000e+00 0.0000e+00 0.0000e+00 0.0000e+00
2.3943e+04 1.0000e+00 2.4367e-06 5.8174e-36 0.0000e+00 0.0000e+00 0.0000e+00 0.0000e+00
2.5446e+04 1.0000e+00 4.1122e-06 1.4544e-35 0.0000e+00 0.0000e+00 0.0000e+00 0.0000e+00
2.7044e+04 9.9999e-01 6.1583e-06 2.6192e-35 0.0000e+00 0.0000e+00 0.0000e+00 0.0000e+00
2.8744e+04 9.9999e-01 5.3774e-06 6.4610e-36 0.0000e+00 0.0000e+00 0.0000e+00 0.0000e+00
3.0520e+04 9.9999e-01 7.8537e-06 1.0346e-35 0.0000e+00 0.0000e+00 0.0000e+00 0.0000e+00
3.2244e+04 9.9995e-01 4.7187e-05 2.5871e-33 0.0000e+00 0.0000e+00 0.0000e+00 0.0000e+00
3.3773e+04 9.9999e-01 1.0166e-05 9.2232e-36 0.0000e+00 0.0000e+00 0.0000e+00 0.0000e+00
3.5108e+04 9.9997e-01 2.6950e-05 1.4449e-34 0.0000e+00 0.0000e+00 0.0000e+00 0.0000e+00
3.6326e+04 9.9999e-01 6.3574e-06 5.9103e-37 0.0000e+00 0.0000e+00 0.0000e+00 0.0000e+00
3.7486e+04 9.9922e-01 7.7840e-04 3.0847e-30 0.0000e+00 0.0000e+00 0.0000e+00 0.0000e+00
3.8628e+04 9.9992e-01 7.8866e-05 8.9889e-34 0.0000e+00 0.0000e+00 0.0000e+00 0.0000e+00
3.9769e+04 7.7107e-05 9.9992e-01 3.6758e-08 3.5459e-27 0.0000e+00 0.0000e+00 0.0000e+00
4.0916e+04 9.9995e-01 4.9519e-05 6.7898e-35 0.0000e+00 0.0000e+00 0.0000e+00 0.0000e+00
4.2074e+04 2.6879e-06 9.9998e-01 2.0027e-05 1.4290e-20 1.4013e-45 0.0000e+00 0.0000e+00
