#NTIMES: 200
#NSTAGES: 10
#TIMES[d]: 1.3135 1.3409 1.3688 1.3973 1.4263 1.4560 1.4863 1.5173 1.5488 1.5811 1.6140 1.6476 1.6819 1.7169 1.7526 1.7891 1.8263 1.8643 1.9031 1.9427 1.9831 2.0244 2.0665 2.1096 2.1535 2.1983 2.2440 2.2907 2.3384 2.3871 2.4368 2.4875 2.5392 2.5921 2.6460 2.7011 2.7573 2.8147 2.8733 2.9331 2.9941 3.0564 3.1200 3.1850 3.2513 3.3189 3.3880 3.4585 3.5305 3.6040 3.6790 3.7555 3.8337 3.9135 3.9949 4.0781 4.1629 4.2496 4.3380 4.4283 4.5205 4.6145 4.7106 4.8086 4.9087 5.0109 5.1151 5.2216 5.3303 5.4412 5.5544 5.6700 5.7880 5.9085 6.0315 6.1570 6.2851 6.4159 6.5495 6.6858 6.8249 6.9670 7.1120 7.2600 7.4111 7.5653 7.7228 7.8835 8.0476 8.2150 8.3860 8.5605 8.7387 8.9206 9.1062 9.2957 9.4892 9.6867 9.8883 10.0941 10.3042 10.5186 10.7375 10.9610 11.1891 11.4220 11.6597 11.9023 12.1501 12.4029 12.6611 12.9246 13.1935 13.4681 13.7484 14.0346 14.3266 14.6248 14.9292 15.2399 15.5570 15.8808 16.2113 16.5487 16.8931 17.2447 17.6036 17.9700 18.3440 18.7257 19.1155 19.5133 19.9194 20.3340 20.7571 21.1891 21.6301 22.0803 22.5398 23.0089 23.4878 23.9766 24.4756 24.9850 25.5050 26.0358 26.5776 27.1308 27.6954 28.2718 28.8602 29.4608 30.0740 30.6999 31.3388 31.9910 32.6568 33.3365 34.0302 34.7385 35.4615 36.1995 36.9529 37.7219 38.5070 39.3084 40.1265 40.9616 41.8141 42.6843 43.5726 44.4795 45.4052 46.3501 47.3148 48.2995 49.3047 50.3308 51.3783 52.4476 53.5391 54.6534 55.7908 56.9519 58.1372 59.3472 60.5823 61.8431 63.1302 64.4440 65.7853 67.1544 68.5520 69.9787 71.4351 72.9218 74.4394 75.9886 77.5701 79.1845
#
#TIME: 1.3135
#NVEL: 115
#vel_mid[km/s] mn0 mn1 mn2 mn3 mn4 mn5 mn6 mn7 mn8 mn9
4.2577e+02 2.8026e-45 3.1794e-35 5.8233e-26 5.1634e-18 3.7586e-11 8.5516e-06 1.3797e-02 9.7843e-01 7.7695e-03 4.3942e-08
8.5779e+02 2.2155e-32 3.8588e-24 8.8519e-17 9.8303e-11 8.9623e-06 2.5539e-02 5.1605e-01 4.5836e-01 4.5586e-05 3.2291e-12
8.7843e+02 2.2114e-32 3.8525e-24 8.8394e-17 9.8187e-11 8.9541e-06 2.5524e-02 5.1595e-01 4.5847e-01 4.5624e-05 3.2340e-12
9.1772e+02 2.1991e-32 3.8315e-24 8.7945e-17 9.7727e-11 8.9185e-06 2.5454e-02 5.1546e-01 4.5903e-01 4.5851e-05 3.2638e-12
9.7304e+02 2.1272e-32 3.7139e-24 8.5515e-17 9.5331e-11 8.7391e-06 2.5111e-02 5.1306e-01 4.6177e-01 4.6910e-05 3.4029e-12
1.0350e+03 1.9505e-32 3.4198e-24 7.9333e-17 8.9119e-11 8.2642e-06 2.4182e-02 5.0634e-01 4.6942e-01 5.0043e-05 3.8327e-12
1.1000e+03 1.5112e-32 2.6848e-24 6.3691e-17 7.3209e-11 7.0220e-06 2.1659e-02 4.8683e-01 4.9145e-01 6.0149e-05 5.3801e-12
1.1690e+03 7.5869e-33 1.3960e-24 3.5158e-17 4.2970e-11 4.5074e-06 1.5994e-02 4.3416e-01 5.4974e-01 9.7162e-05 1.3134e-11
1.2425e+03 1.7206e-33 3.3750e-25 9.5806e-18 1.3253e-11 1.6681e-06 7.9574e-03 3.2384e-01 6.6794e-01 2.6284e-04 8.7458e-11
1.3205e+03 1.6324e-34 3.4480e-26 1.1590e-18 1.9172e-12 3.1392e-07 2.3597e-03 1.8212e-01 8.1436e-01 1.1657e-03 1.6636e-09
1.4033e+03 9.3684e-36 2.1488e-27 8.8088e-20 1.8092e-13 3.9747e-08 5.0471e-04 8.2592e-02 9.1099e-01 5.9150e-03 4.6348e-08
1.4915e+03 6.0697e-37 1.5159e-28 7.5456e-21 1.9283e-14 5.5375e-09 1.1349e-04 3.7235e-02 9.3848e-01 2.4165e-02 8.9047e-07
1.5852e+03 4.6719e-38 1.2803e-29 7.7030e-22 2.4484e-15 8.9862e-10 2.8202e-05 1.7270e-02 9.0484e-01 7.7851e-02 1.1080e-05
1.6847e+03 3.0812e-39 9.3823e-31 6.9056e-23 2.7804e-16 1.3114e-10 6.2740e-06 7.1725e-03 7.7530e-01 2.1740e-01 1.1577e-04
1.7904e+03 1.3850e-40 4.7985e-32 4.4250e-24 2.3271e-17 1.4407e-11 1.0615e-06 2.3069e-03 5.2090e-01 4.7585e-01 9.4290e-04
1.9028e+03 3.9923e-42 1.6173e-33 1.9160e-25 1.3562e-18 1.1292e-12 1.2897e-07 5.3775e-04 2.5428e-01 7.3990e-01 5.2877e-03
2.0223e+03 9.2486e-44 4.3864e-35 6.6586e-27 6.3652e-20 7.1366e-14 1.2454e-08 9.8974e-05 9.7176e-02 8.8065e-01 2.2078e-02
2.1493e+03 1.4013e-45 1.0900e-36 2.1160e-28 2.7381e-21 4.1490e-15 1.0894e-09 1.6289e-05 3.2756e-02 8.9211e-01 7.5116e-02
2.2843e+03 0.0000e+00 3.4290e-38 8.2737e-30 1.4083e-22 2.8136e-16 1.0589e-10 2.7990e-06 1.0794e-02 7.9157e-01 1.9763e-01
2.4277e+03 0.0000e+00 1.8023e-39 5.2145e-31 1.1164e-23 2.8216e-17 1.4214e-11 5.9443e-07 3.8871e-03 6.2661e-01 3.6950e-01
2.5802e+03 0.0000e+00 2.2464e-40 7.4293e-32 1.8758e-24 5.6236e-18 3.4674e-12 1.9700e-07 1.8333e-03 4.9273e-01 5.0543e-01
2.7422e+03 0.0000e+00 1.0140e-40 3.6030e-32 9.8452e-25 3.1991e-18 2.1524e-12 1.3661e-07 1.4359e-03 4.5154e-01 5.4702e-01
2.9144e+03 0.0000e+00 2.2969e-40 8.1212e-32 2.1600e-24 6.8008e-18 4.3412e-12 2.4314e-07 2.1816e-03 5.2501e-01 4.7280e-01
3.0973e+03 0.0000e+00 3.2126e-39 1.0368e-30 2.3790e-23 6.4114e-17 3.2879e-11 1.2178e-06 6.6552e-03 7.2278e-01 2.7056e-01
3.2918e+03 0.0000e+00 3.0016e-37 8.2068e-29 1.4484e-21 2.9949e-15 1.0132e-09 1.7233e-05 3.7596e-02 8.9975e-01 6.2638e-02
3.4986e+03 2.7045e-43 1.8846e-34 3.6257e-26 4.0483e-19 5.3222e-13 8.8176e-08 4.6794e-04 2.6710e-01 7.2791e-01 4.5198e-03
3.7182e+03 3.4598e-40 1.6806e-31 1.8667e-23 1.1107e-16 7.6884e-11 4.8969e-06 6.6241e-03 8.0034e-01 1.9295e-01 8.1620e-05
3.9517e+03 2.7190e-37 9.9059e-29 6.5572e-21 2.1816e-14 7.8329e-09 1.6788e-04 4.7897e-02 9.4011e-01 1.1820e-02 1.8411e-07
4.1999e+03 7.8603e-34 2.8482e-25 1.2626e-17 2.6989e-11 4.3102e-06 1.8471e-02 4.8476e-01 4.9673e-01 3.6991e-05 1.7045e-12
4.4636e+03 3.7004e-31 1.1724e-22 3.3838e-15 4.5850e-09 2.8195e-04 2.4640e-01 7.0746e-01 4.5860e-02 3.2167e-08 7.4032e-18
4.7438e+03 4.9167e-30 1.3964e-21 3.2111e-14 3.3697e-08 1.2442e-03 4.9640e-01 4.9381e-01 8.5508e-03 6.7276e-10 1.2924e-20
5.0416e+03 8.5496e-30 2.4069e-21 5.3173e-14 5.3042e-08 1.7308e-03 5.6587e-01 4.2719e-01 5.2141e-03 2.2671e-10 2.2142e-21
5.3582e+03 6.3616e-30 1.8905e-21 4.4089e-14 4.6430e-08 1.5997e-03 5.5232e-01 4.4040e-01 5.6786e-03 2.6098e-10 2.6946e-21
5.6947e+03 5.5301e-30 1.7277e-21 4.2014e-14 4.5997e-08 1.6158e-03 5.5758e-01 4.3541e-01 5.3912e-03 2.2305e-10 2.0277e-21
6.0522e+03 7.7288e-30 2.4431e-21 5.8653e-14 6.2776e-08 2.0313e-03 6.0768e-01 3.8662e-01 3.6727e-03 9.5718e-11 5.1219e-22
6.4323e+03 1.8856e-29 5.8587e-21 1.3152e-13 1.2859e-07 3.3532e-03 7.1242e-01 2.8275e-01 1.4761e-03 1.3985e-11 2.3585e-23
6.8362e+03 7.2097e-29 2.1463e-20 4.3007e-13 3.5995e-07 6.6577e-03 8.3261e-01 1.6040e-01 3.3591e-04 6.8891e-13 2.0302e-25
7.2654e+03 3.6245e-28 1.0011e-19 1.7224e-12 1.1653e-06 1.3974e-02 9.1267e-01 7.3302e-02 5.1072e-05 1.6896e-14 6.2379e-28
7.7216e+03 2.6318e-27 6.5462e-19 9.2869e-12 4.7329e-06 3.2638e-02 9.4199e-01 2.5361e-02 4.4754e-06 1.5376e-16 4.3098e-31
8.2065e+03 4.8918e-26 1.0276e-17 1.0941e-10 3.5519e-05 1.0535e-01 8.8995e-01 4.6693e-03 1.0573e-07 1.2482e-19 7.5428e-36
8.7177e+03 7.7729e-24 1.1702e-15 7.3416e-09 9.5269e-04 5.5246e-01 4.4648e-01 1.0465e-04 4.7884e-11 9.5926e-26 4.2039e-45
9.2147e+03 8.5538e-21 6.7105e-13 1.5953e-06 3.3671e-02 9.5549e-01 1.0841e-02 9.3408e-09 3.8267e-18 8.6390e-38 0.0000e+00
9.6291e+03 1.2642e-17 4.7386e-10 3.4211e-04 6.3972e-01 3.5992e-01 1.6074e-05 9.5345e-15 4.2505e-28 0.0000e+00 0.0000e+00
9.9539e+03 1.7886e-15 3.6650e-08 7.8096e-03 9.8523e-01 6.9601e-03 6.0609e-10 9.3663e-23 1.2975e-40 0.0000e+00 0.0000e+00
1.0246e+04 3.0325e-13 3.2937e-06 1.6388e-01 8.3608e-01 3.4549e-05 1.9909e-15 1.9252e-32 0.0000e+00 0.0000e+00 0.0000e+00
1.0542e+04 2.0309e-11 1.1214e-04 9.2075e-01 7.9133e-02 4.8235e-09 2.5258e-23 1.4013e-45 0.0000e+00 0.0000e+00 0.0000e+00
1.0840e+04 8.5885e-10 1.4996e-03 9.9807e-01 4.3051e-04 7.6181e-15 4.2142e-34 0.0000e+00 0.0000e+00 0.0000e+00 0.0000e+00
1.1119e+04 4.6823e-08 2.2521e-02 9.7748e-01 1.2803e-06 3.3528e-21 1.4013e-45 0.0000e+00 0.0000e+00 0.0000e+00 0.0000e+00
1.1356e+04 1.6427e-06 2.2495e-01 7.7504e-01 4.7873e-09 3.9173e-27 0.0000e+00 0.0000e+00 0.0000e+00 0.0000e+00 0.0000e+00
1.1540e+04 1.8711e-05 7.6348e-01 2.3650e-01 8.7548e-12 3.2667e-33 0.0000e+00 0.0000e+00 0.0000e+00 0.0000e+00 0.0000e+00
1.1677e+04 5.7862e-05 9.6273e-01 3.7209e-02 1.1491e-14 2.7501e-39 0.0000e+00 0.0000e+00 0.0000e+00 0.0000e+00 0.0000e+00
1.1784e+04 1.1940e-04 9.9338e-01 6.5040e-03 2.8483e-17 9.8091e-45 0.0000e+00 0.0000e+00 0.0000e+00 0.0000e+00 0.0000e+00
1.1876e+04 2.3172e-04 9.9838e-01 1.3922e-03 1.6964e-19 0.0000e+00 0.0000e+00 0.0000e+00 0.0000e+00 0.0000e+00 0.0000e+00
1.1964e+04 4.0612e-04 9.9922e-01 3.7344e-04 2.1631e-21 0.0000e+00 0.0000e+00 0.0000e+00 0.0000e+00 0.0000e+00 0.0000e+00
1.2056e+04 5.5736e-04 9.9930e-01 1.4120e-04 6.9199e-23 0.0000e+00 0.0000e+00 0.0000e+00 0.0000e+00 0.0000e+00 0.0000e+00
1.2170e+04 7.5403e-04 9.9919e-01 5.7903e-05 3.0446e-24 0.0000e+00 0.0000e+00 0.0000e+00 0.0000e+00 0.0000e+00 0.0000e+00
1.2360e+04 1.2149e-03 9.9877e-01 1.6213e-05 3.9248e-26 0.0000e+00 0.0000e+00 0.0000e+00 0.0000e+00 0.0000e+00 0.0000e+00
1.2670e+04 2.9276e-03 9.9707e-01 1.7599e-06 2.2468e-29 0.0000e+00 0.0000e+00 0.0000e+00 0.0000e+00 0.0000e+00 0.0000e+00
1.3075e+04 7.9888e-03 9.9201e-01 1.4635e-07 5.6658e-33 0.0000e+00 0.0000e+00 0.0000e+00 0.0000e+00 0.0000e+00 0.0000e+00
1.3530e+04 2.2470e-02 9.7753e-01 1.0823e-08 9.9481e-37 0.0000e+00 0.0000e+00 0.0000e+00 0.0000e+00 0.0000e+00 0.0000e+00
1.4013e+04 6.0901e-02 9.3910e-01 7.7064e-10 1.5948e-40 0.0000e+00 0.0000e+00 0.0000e+00 0.0000e+00 0.0000e+00 0.0000e+00
1.4509e+04 1.5157e-01 8.4843e-01 5.3827e-11 2.8026e-44 0.0000e+00 0.0000e+00 0.0000e+00 0.0000e+00 0.0000e+00 0.0000e+00
1.5002e+04 3.1721e-01 6.8279e-01 3.6511e-12 0.0000e+00 0.0000e+00 0.0000e+00 0.0000e+00 0.0000e+00 0.0000e+00 0.0000e+00
1.5476e+04 5.0948e-01 4.9052e-01 2.7985e-13 0.0000e+00 0.0000e+00 0.0000e+00 0.0000e+00 0.0000e+00 0.0000e+00 0.0000e+00
1.5924e+04 6.5600e-01 3.4400e-01 2.8756e-14 0.0000e+00 0.0000e+00 0.0000e+00 0.0000e+00 0.0000e+00 0.0000e+00 0.0000e+00
1.6356e+04 7.5388e-01 2.4612e-01 4.0231e-15 0.0000e+00 0.0000e+00 0.0000e+00 0.0000e+00 0.0000e+00 0.0000e+00 0.0000e+00
1.6776e+04 8.2870e-01 1.7130e-01 6.2586e-16 0.0000e+00 0.0000e+00 0.0000e+00 0.0000e+00 0.0000e+00 0.0000e+00 0.0000e+00
1.7184e+04 8.8175e-01 1.1825e-01 1.1216e-16 0.0000e+00 0.0000e+00 0.0000e+00 0.0000e+00 0.0000e+00 0.0000e+00 0.0000e+00
1.7580e+04 9.1334e-01 8.6662e-02 2.7234e-17 0.0000e+00 0.0000e+00 0.0000e+00 0.0000e+00 0.0000e+00 0.0000e+00 0.0000e+00
1.7990e+04 9.3211e-01 6.7894e-02 8.4722e-18 0.0000e+00 0.0000e+00 0.0000e+00 0.0000e+00 0.0000e+00 0.0000e+00 0.0000e+00
1.8458e+04 9.5164e-01 4.8358e-02 1.9601e-18 0.0000e+00 0.0000e+00 0.0000e+00 0.0000e+00 0.0000e+00 0.0000e+00 0.0000e+00
1.9085e+04 9.7153e-01 2.8472e-02 2.2333e-19 0.0000e+00 0.0000e+00 0.0000e+00 0.0000e+00 0.0000e+00 0.0000e+00 0.0000e+00
2.0000e+04 9.8289e-01 1.7114e-02 1.6766e-20 0.0000e+00 0.0000e+00 0.0000e+00 0.0000e+00 0.0000e+00 0.0000e+00 0.0000e+00
2.1194e+04 9.4934e-01 5.0661e-02 1.2036e-19 0.0000e+00 0.0000e+00 0.0000e+00 0.0000e+00 0.0000e+00 0.0000e+00 0.0000e+00
2.2528e+04 8.3910e-01 1.6090e-01 1.3857e-18 0.0000e+00 0.0000e+00 0.0000e+00 0.0000e+00 0.0000e+00 0.0000e+00 0.0000e+00
2.3943e+04 6.2829e-01 3.7171e-01 1.0594e-17 0.0000e+00 0.0000e+00 0.0000e+00 0.0000e+00 0.0000e+00 0.0000e+00 0.0000e+00
2.5446e+04 4.5870e-01 5.4130e-01 3.2710e-17 0.0000e+00 0.0000e+00 0.0000e+00 0.0000e+00 0.0000e+00 0.0000e+00 0.0000e+00
2.7044e+04 3.2285e-01 6.7715e-01 7.8080e-17 0.0000e+00 0.0000e+00 0.0000e+00 0.0000e+00 0.0000e+00 0.0000e+00 0.0000e+00
2.8744e+04 1.9946e-01 8.0054e-01 1.9151e-16 0.0000e+00 0.0000e+00 0.0000e+00 0.0000e+00 0.0000e+00 0.0000e+00 0.0000e+00
3.0520e+04 1.2013e-01 8.7987e-01 4.0746e-16 0.0000e+00 0.0000e+00 0.0000e+00 0.0000e+00 0.0000e+00 0.0000e+00 0.0000e+00
3.2244e+04 8.4483e-02 9.1552e-01 6.3542e-16 0.0000e+00 0.0000e+00 0.0000e+00 0.0000e+00 0.0000e+00 0.0000e+00 0.0000e+00
3.3773e+04 6.3827e-02 9.3617e-01 8.6565e-16 0.0000e+00 0.0000e+00 0.0000e+00 0.0000e+00 0.0000e+00 0.0000e+00 0.0000e+00
3.5108e+04 4.4933e-02 9.5507e-01 1.2453e-15 0.0000e+00 0.0000e+00 0.0000e+00 0.0000e+00 0.0000e+00 0.0000e+00 0.0000e+00
3.6326e+04 3.0184e-02 9.6982e-01 1.8413e-15 0.0000e+00 0.0000e+00 0.0000e+00 0.0000e+00 0.0000e+00 0.0000e+00 0.0000e+00
3.7486e+04 2.0281e-02 9.7972e-01 2.6743e-15 0.0000e+00 0.0000e+00 0.0000e+00 0.0000e+00 0.0000e+00 0.0000e+00 0.0000e+00
3.8628e+04 1.4107e-02 9.8589e-01 3.7065e-15 0.0000e+00 0.0000e+00 0.0000e+00 0.0000e+00 0.0000e+00 0.0000e+00 0.0000e+00
3.9769e+04 1.0042e-02 9.8996e-01 4.9829e-15 0.0000e+00 0.0000e+00 0.0000e+00 0.0000e+00 0.0000e+00 0.0000e+00 0.0000e+00
4.0916e+04 7.2084e-03 9.9279e-01 6.6060e-15 0.0000e+00 0.0000e+00 0.0000e+00 0.0000e+00 0.0000e+00 0.0000e+00 0.0000e+00
4.2074e+04 5.1858e-03 9.9481e-01 8.7228e-15 0.0000e+00 0.0000e+00 0.0000e+00 0.0000e+00 0.0000e+00 0.0000e+00 0.0000e+00
4.3252e+04 3.7342e-03 9.9627e-01 1.1475e-14 0.0000e+00 0.0000e+00 0.0000e+00 0.0000e+00 0.0000e+00 0.0000e+00 0.0000e+00
4.4454e+04 2.6910e-03 9.9731e-01 1.5047e-14 0.0000e+00 0.0000e+00 0.0000e+00 0.0000e+00 0.0000e+00 0.0000e+00 0.0000e+00
4.5683e+04 1.9288e-03 9.9807e-01 1.9851e-14 0.0000e+00 0.0000e+00 0.0000e+00 0.0000e+00 0.0000e+00 0.0000e+00 0.0000e+00
4.6942e+04 1.3803e-03 9.9862e-01 2.6215e-14 0.0000e+00 0.0000e+00 0.0000e+00 0.0000e+00 0.0000e+00 0.0000e+00 0.0000e+00
4.8231e+04 9.8575e-04 9.9901e-01 3.4675e-14 0.0000e+00 0.0000e+00 0.0000e+00 0.0000e+00 0.0000e+00 0.0000e+00 0.0000e+00
4.9550e+04 7.0235e-04 9.9930e-01 4.5952e-14 0.0000e+00 0.0000e+00 0.0000e+00 0.0000e+00 0.0000e+00 0.0000e+00 0.0000e+00
5.0900e+04 5.0105e-04 9.9950e-01 6.0800e-14 0.0000e+00 0.0000e+00 0.0000e+00 0.0000e+00 0.0000e+00 0.0000e+00 0.0000e+00
5.2277e+04 3.5680e-04 9.9964e-01 8.0688e-14 0.0000e+00 0.0000e+00 0.0000e+00 0.0000e+00 0.0000e+00 0.0000e+00 0.0000e+00
5.3682e+04 2.5536e-04 9.9974e-01 1.0636e-13 0.0000e+00 0.0000e+00 0.0000e+00 0.0000e+00 0.0000e+00 0.0000e+00 0.0000e+00
5.5110e+04 1.8333e-04 9.9982e-01 1.3972e-13 0.0000e+00 0.0000e+00 0.0000e+00 0.0000e+00 0.0000e+00 0.0000e+00 0.0000e+00
5.6562e+04 1.3208e-04 9.9987e-01 1.8314e-13 0.0000e+00 0.0000e+00 0.0000e+00 0.0000e+00 0.0000e+00 0.0000e+00 0.0000e+00
5.8030e+04 9.5846e-05 9.9990e-01 2.3829e-13 0.0000e+00 0.0000e+00 0.0000e+00 0.0000e+00 0.0000e+00 0.0000e+00 0.0000e+00
5.9510e+04 7.0019e-05 9.9993e-01 3.0791e-13 0.0000e+00 0.0000e+00 0.0000e+00 0.0000e+00 0.0000e+00 0.0000e+00 0.0000e+00
6.0994e+04 5.1771e-05 9.9995e-01 3.9364e-13 0.0000e+00 0.0000e+00 0.0000e+00 0.0000e+00 0.0000e+00 0.0000e+00 0.0000e+00
6.2466e+04 3.8678e-05 9.9996e-01 4.9872e-13 0.0000e+00 0.0000e+00 0.0000e+00 0.0000e+00 0.0000e+00 0.0000e+00 0.0000e+00
6.3912e+04 2.9385e-05 9.9997e-01 6.2218e-13 0.0000e+00 0.0000e+00 0.0000e+00 0.0000e+00 0.0000e+00 0.0000e+00 0.0000e+00
6.5312e+04 2.2748e-05 9.9998e-01 7.6398e-13 0.0000e+00 0.0000e+00 0.0000e+00 0.0000e+00 0.0000e+00 0.0000e+00 0.0000e+00
6.6639e+04 1.8005e-05 9.9998e-01 9.2024e-13 0.0000e+00 0.0000e+00 0.0000e+00 0.0000e+00 0.0000e+00 0.0000e+00 0.0000e+00
6.7870e+04 1.4603e-05 9.9999e-01 1.0866e-12 0.0000e+00 0.0000e+00 0.0000e+00 0.0000e+00 0.0000e+00 0.0000e+00 0.0000e+00
6.8864e+04 1.2163e-05 9.9999e-01 1.2552e-12 0.0000e+00 0.0000e+00 0.0000e+00 0.0000e+00 0.0000e+00 0.0000e+00 0.0000e+00
6.9460e+04 1.1242e-05 9.9999e-01 1.3330e-12 0.0000e+00 0.0000e+00 0.0000e+00 0.0000e+00 0.0000e+00 0.0000e+00 0.0000e+00
6.9745e+04 1.0848e-05 9.9999e-01 1.3686e-12 0.0000e+00 0.0000e+00 0.0000e+00 0.0000e+00 0.0000e+00 0.0000e+00 0.0000e+00
6.9888e+04 1.0563e-05 9.9999e-01 1.3990e-12 0.0000e+00 0.0000e+00 0.0000e+00 0.0000e+00 0.0000e+00 0.0000e+00 0.0000e+00
6.9960e+04 1.0513e-05 9.9999e-01 1.4014e-12 0.0000e+00 0.0000e+00 0.0000e+00 0.0000e+00 0.0000e+00 0.0000e+00 0.0000e+00
6.9991e+04 1.0434e-05 9.9999e-01 1.4098e-12 0.0000e+00 0.0000e+00 0.0000e+00 0.0000e+00 0.0000e+00 0.0000e+00 0.0000e+00
7.0000e+04 5.0194e-06 9.9999e-01 2.9305e-12 0.0000e+00 0.0000e+00 0.0000e+00 0.0000e+00 0.0000e+00 0.0000e+00 0.0000e+00
#
#TIME: 1.3409
#NVEL: 115
#vel_mid[km/s] mn0 mn1 mn2 mn3 mn4 mn5 mn6 mn7 mn8 mn9
4.2577e+02 1.4013e-45 2.2155e-35 4.3084e-26 4.0563e-18 3.1355e-11 7.5775e-06 1.2988e-02 9.7874e-01 8.2638e-03 4.9707e-08
8.5779e+02 9.9455e-33 1.8782e-24 4.7422e-17 5.8018e-11 5.9315e-06 1.9549e-02 4.7061e-01 5.0977e-01 6.7411e-05 6.5294e-12
8.7843e+02 1.0067e-32 1.9003e-24 4.7933e-17 5.8584e-11 5.9801e-06 1.9659e-02 4.7160e-01 5.0867e-01 6.6796e-05 6.4188e-12
9.1772e+02 9.8560e-33 1.8620e-24 4.7048e-17 5.7603e-11 5.8960e-06 1.9468e-02 4.6988e-01 5.1057e-01 6.7865e-05 6.6115e-12
9.7304e+02 9.5110e-33 1.8007e-24 4.5648e-17 5.6078e-11 5.7671e-06 1.9179e-02 4.6728e-01 5.1347e-01 6.9484e-05 6.9064e-12
1.0350e+03 8.7832e-33 1.6691e-24 4.2599e-17 5.2695e-11 5.4752e-06 1.8509e-02 4.6105e-01 5.2036e-01 7.3554e-05 7.6786e-12
1.1000e+03 6.8500e-33 1.3182e-24 3.4371e-17 4.3462e-11 4.6635e-06 1.6580e-02 4.4203e-01 5.4130e-01 8.7343e-05 1.0581e-11
1.1690e+03 3.4477e-33 6.8649e-25 1.8979e-17 2.5489e-11 2.9843e-06 1.2170e-02 3.9049e-01 5.9720e-01 1.3822e-04 2.5115e-11
1.2425e+03 7.9582e-34 1.6851e-25 5.2337e-18 7.9301e-12 1.1077e-06 6.0256e-03 2.8704e-01 7.0658e-01 3.5736e-04 1.5650e-10
1.3205e+03 7.4897e-35 1.7055e-26 6.2642e-19 1.1341e-12 2.0538e-07 1.7541e-03 1.5791e-01 8.3880e-01 1.5327e-03 2.8562e-09
1.4033e+03 4.2402e-36 1.0483e-27 4.6965e-20 1.0570e-13 2.5637e-08 3.6929e-04 7.0449e-02 9.2156e-01 7.6193e-03 7.7722e-08
1.4915e+03 2.7241e-37 7.3343e-29 3.9911e-21 1.1192e-14 3.5439e-09 8.2243e-05 3.1433e-02 9.3784e-01 3.0646e-02 1.4640e-06
1.5852e+03 2.0996e-38 6.2015e-30 4.0763e-22 1.4218e-15 5.7422e-10 2.0321e-05 1.4430e-02 8.8947e-01 9.6063e-02 1.7502e-05
1.6847e+03 1.3471e-39 4.4259e-31 3.5608e-23 1.5754e-16 8.1740e-11 4.3987e-06 5.8166e-03 7.3677e-01 2.5724e-01 1.7370e-04
1.7904e+03 5.6835e-41 2.1288e-32 2.1496e-24 1.2453e-17 8.4936e-12 7.0345e-07 1.7682e-03 4.6738e-01 5.2952e-01 1.3238e-03
1.9028e+03 1.5723e-42 6.8937e-34 8.9427e-26 6.9763e-19 6.3995e-13 8.1920e-08 3.9369e-04 2.1696e-01 7.7573e-01 6.9192e-03
2.0223e+03 3.6434e-44 1.8304e-35 3.0413e-27 3.2044e-20 3.9586e-14 7.7238e-09 7.0585e-05 8.0551e-02 8.9167e-01 2.7704e-02
2.1493e+03 1.4013e-45 4.5666e-37 9.6826e-29 1.3785e-21 2.2982e-15 6.7189e-10 1.1500e-05 2.6749e-02 8.8212e-01 9.1122e-02
2.2843e+03 0.0000e+00 1.4195e-38 3.7348e-30 6.9851e-23 1.5344e-16 6.4121e-11 1.9341e-06 8.6052e-03 7.6006e-01 2.3133e-01
2.4277e+03 0.0000e+00 7.2676e-40 2.2921e-31 5.3914e-24 1.4989e-17 8.3753e-12 3.9892e-07 3.0055e-03 5.8126e-01 4.1574e-01
2.5802e+03 0.0000e+00 8.6708e-41 3.1311e-32 8.7029e-25 2.8772e-18 1.9714e-12 1.2783e-07 1.3746e-03 4.4442e-01 5.5420e-01
2.7422e+03 0.0000e+00 3.8269e-41 1.4865e-32 4.4773e-25 1.6068e-18 1.2031e-12 8.7318e-08 1.0630e-03 4.0327e-01 5.9567e-01
2.9144e+03 0.0000e+00 8.5525e-41 3.3099e-32 9.7203e-25 3.3851e-18 2.4106e-12 1.5506e-07 1.6188e-03 4.7365e-01 5.2473e-01
3.0973e+03 0.0000e+00 1.2103e-39 4.2807e-31 1.0861e-23 3.2396e-17 1.8591e-11 7.9521e-07 5.0837e-03 6.7848e-01 3.1643e-01
3.2918e+03 0.0000e+00 1.1825e-37 3.5455e-29 6.9162e-22 1.5804e-15 5.9975e-10 1.1806e-05 3.0163e-02 8.9191e-01 7.7918e-02
3.4986e+03 1.0089e-43 7.6484e-35 1.6168e-26 1.9968e-19 2.9033e-13 5.4290e-08 3.3519e-04 2.2539e-01 7.6820e-01 6.0723e-03
3.7182e+03 1.3920e-40 7.3369e-32 8.9767e-24 5.9159e-17 4.5456e-11 3.3012e-06 5.2565e-03 7.5941e-01 2.3520e-01 1.3062e-04
3.9517e+03 1.1314e-37 4.4607e-29 3.2481e-21 1.1928e-14 4.7661e-09 1.1737e-04 3.9742e-02 9.4451e-01 1.5631e-02 3.2891e-07
4.1999e+03 3.4933e-34 1.3736e-25 6.7030e-18 1.5784e-11 2.8307e-06 1.4034e-02 4.3842e-01 5.4749e-01 5.4091e-05 3.3997e-12
4.4636e+03 1.8641e-31 6.4030e-23 2.0288e-15 3.0243e-09 2.0981e-04 2.1277e-01 7.2913e-01 5.7899e-02 5.4320e-08 1.7226e-17
4.7438e+03 2.6349e-30 8.1090e-22 2.0428e-14 2.3565e-08 9.8066e-04 4.5269e-01 5.3504e-01 1.1291e-02 1.1774e-09 3.0852e-20
5.0416e+03 4.7999e-30 1.4610e-21 3.5226e-14 3.8477e-08 1.4055e-03 5.2621e-01 4.6557e-01 6.8102e-03 3.8189e-10 4.9331e-21
5.3582e+03 3.6505e-30 1.1711e-21 2.9733e-14 3.4189e-08 1.3119e-03 5.1490e-01 4.7651e-01 7.2756e-03 4.2294e-10 5.6499e-21
5.6947e+03 3.1894e-30 1.0754e-21 2.8455e-14 3.3999e-08 1.3291e-03 5.2068e-01 4.7110e-01 6.8927e-03 3.5948e-10 4.2121e-21
6.0522e+03 4.5089e-30 1.5376e-21 4.0141e-14 4.6870e-08 1.6867e-03 5.7229e-01 4.2130e-01 4.7220e-03 1.5475e-10 1.0644e-21
6.4323e+03 1.1233e-29 3.7632e-21 9.1761e-14 9.7825e-08 2.8351e-03 6.8236e-01 3.1288e-01 1.9239e-03 2.2860e-11 4.9412e-23
6.8362e+03 4.3543e-29 1.3975e-20 3.0412e-13 2.7779e-07 5.7207e-03 8.1242e-01 1.8141e-01 4.4940e-04 1.1642e-12 4.4338e-25
7.2654e+03 2.2115e-28 6.5834e-20 1.2295e-12 9.0859e-07 1.2152e-02 9.0341e-01 8.4370e-02 6.9836e-05 2.9397e-14 1.4145e-27
7.7216e+03 1.6280e-27 4.3611e-19 6.7063e-12 3.7326e-06 2.8694e-02 9.4184e-01 2.9452e-02 6.1677e-06 2.6917e-16 9.8166e-31
8.2065e+03 3.0057e-26 6.8094e-18 7.8686e-11 2.8011e-05 9.3129e-02 9.0130e-01 5.5439e-03 1.5072e-07 2.3023e-19 1.8487e-35
8.7177e+03 5.0403e-24 8.1789e-16 5.5642e-09 7.9384e-04 5.1768e-01 4.8139e-01 1.3305e-04 7.3649e-11 1.9333e-25 1.1210e-44
9.2147e+03 5.6408e-21 4.7917e-13 1.2436e-06 2.9325e-02 9.5776e-01 1.2909e-02 1.3670e-08 7.1345e-18 2.2932e-37 0.0000e+00
9.6291e+03 8.9568e-18 3.6244e-10 2.8594e-04 6.0292e-01 3.9677e-01 2.1574e-05 1.6270e-14 9.6541e-28 0.0000e+00 0.0000e+00
9.9539e+03 1.2896e-15 2.8678e-08 6.7598e-03 9.8481e-01 8.4305e-03 9.3881e-10 1.9665e-22 3.9264e-40 0.0000e+00 0.0000e+00
1.0246e+04 2.2182e-13 2.6034e-06 1.4360e-01 8.5635e-01 4.3814e-05 3.3373e-15 4.5784e-32 0.0000e+00 0.0000e+00 0.0000e+00
1.0542e+04 1.6245e-11 9.7922e-05 9.0625e-01 9.3653e-02 7.3452e-09 5.3508e-23 2.8026e-45 0.0000e+00 0.0000e+00 0.0000e+00
1.0840e+04 6.5930e-10 1.2796e-03 9.9816e-01 5.6349e-04 1.4579e-14 1.3424e-33 0.0000e+00 0.0000e+00 0.0000e+00 0.0000e+00
1.1119e+04 3.3936e-08 1.8524e-02 9.8147e-01 1.8386e-06 8.0308e-21 4.2039e-45 0.0000e+00 0.0000e+00 0.0000e+00 0.0000e+00
1.1356e+04 1.1621e-06 1.8418e-01 8.1582e-01 8.1955e-09 1.3652e-26 0.0000e+00 0.0000e+00 0.0000e+00 0.0000e+00 0.0000e+00
1.1540e+04 1.4539e-05 7.0101e-01 2.9897e-01 2.1573e-11 2.1825e-32 0.0000e+00 0.0000e+00 0.0000e+00 0.0000e+00 0.0000e+00
1.1677e+04 4.8383e-05 9.4705e-01 5.2904e-02 3.7834e-14 3.2788e-38 0.0000e+00 0.0000e+00 0.0000e+00 0.0000e+00 0.0000e+00
1.1784e+04 9.6280e-05 9.8963e-01 1.0275e-02 1.2643e-16 1.9758e-43 0.0000e+00 0.0000e+00 0.0000e+00 0.0000e+00 0.0000e+00
1.1876e+04 1.7288e-04 9.9735e-01 2.4810e-03 1.0402e-18 0.0000e+00 0.0000e+00 0.0000e+00 0.0000e+00 0.0000e+00 0.0000e+00
1.1964e+04 2.9564e-04 9.9902e-01 6.8150e-04 1.3802e-20 0.0000e+00 0.0000e+00 0.0000e+00 0.0000e+00 0.0000e+00 0.0000e+00
1.2056e+04 4.0236e-04 9.9934e-01 2.6055e-04 4.5301e-22 0.0000e+00 0.0000e+00 0.0000e+00 0.0000e+00 0.0000e+00 0.0000e+00
1.2170e+04 5.7257e-04 9.9933e-01 9.6192e-05 1.4243e-23 0.0000e+00 0.0000e+00 0.0000e+00 0.0000e+00 0.0000e+00 0.0000e+00
1.2360e+04 9.6162e-04 9.9901e-01 2.4746e-05 1.4020e-25 0.0000e+00 0.0000e+00 0.0000e+00 0.0000e+00 0.0000e+00 0.0000e+00
1.2670e+04 2.2638e-03 9.9773e-01 2.8216e-06 9.3481e-29 0.0000e+00 0.0000e+00 0.0000e+00 0.0000e+00 0.0000e+00 0.0000e+00
1.3075e+04 6.6156e-03 9.9338e-01 2.0536e-07 1.5513e-32 0.0000e+00 0.0000e+00 0.0000e+00 0.0000e+00 0.0000e+00 0.0000e+00
1.3530e+04 1.7759e-02 9.8224e-01 1.7191e-08 4.0656e-36 0.0000e+00 0.0000e+00 0.0000e+00 0.0000e+00 0.0000e+00 0.0000e+00
1.4013e+04 5.6277e-02 9.4372e-01 8.7380e-10 2.2149e-40 0.0000e+00 0.0000e+00 0.0000e+00 0.0000e+00 0.0000e+00 0.0000e+00
1.4509e+04 1.3247e-01 8.6753e-01 7.3352e-11 6.7262e-44 0.0000e+00 0.0000e+00 0.0000e+00 0.0000e+00 0.0000e+00 0.0000e+00
1.5002e+04 2.6316e-01 7.3684e-01 6.8814e-12 0.0000e+00 0.0000e+00 0.0000e+00 0.0000e+00 0.0000e+00 0.0000e+00 0.0000e+00
1.5476e+04 4.3970e-01 5.6030e-01 6.0918e-13 0.0000e+00 0.0000e+00 0.0000e+00 0.0000e+00 0.0000e+00 0.0000e+00 0.0000e+00
1.5924e+04 5.7291e-01 4.2709e-01 8.4390e-14 0.0000e+00 0.0000e+00 0.0000e+00 0.0000e+00 0.0000e+00 0.0000e+00 0.0000e+00
1.6356e+04 6.4821e-01 3.5179e-01 2.0781e-14 0.0000e+00 0.0000e+00 0.0000e+00 0.0000e+00 0.0000e+00 0.0000e+00 0.0000e+00
1.6776e+04 7.2271e-01 2.7729e-01 4.8236e-15 0.0000e+00 0.0000e+00 0.0000e+00 0.0000e+00 0.0000e+00 0.0000e+00 0.0000e+00
1.7184e+04 7.7129e-01 2.2871e-01 1.5350e-15 0.0000e+00 0.0000e+00 0.0000e+00 0.0000e+00 0.0000e+00 0.0000e+00 0.0000e+00
1.7580e+04 8.1251e-01 1.8749e-01 4.8249e-16 0.0000e+00 0.0000e+00 0.0000e+00 0.0000e+00 0.0000e+00 0.0000e+00 0.0000e+00
1.7990e+04 8.3907e-01 1.6093e-01 1.8066e-16 0.0000e+00 0.0000e+00 0.0000e+00 0.0000e+00 0.0000e+00 0.0000e+00 0.0000e+00
1.8458e+04 8.6442e-01 1.3558e-01 6.4679e-17 0.0000e+00 0.0000e+00 0.0000e+00 0.0000e+00 0.0000e+00 0.0000e+00 0.0000e+00
1.9085e+04 8.7831e-01 1.2169e-01 2.6316e-17 0.0000e+00 0.0000e+00 0.0000e+00 0.0000e+00 0.0000e+00 0.0000e+00 0.0000e+00
2.0000e+04 8.5222e-01 1.4778e-01 1.8637e-17 0.0000e+00 0.0000e+00 0.0000e+00 0.0000e+00 0.0000e+00 0.0000e+00 0.0000e+00
2.1194e+04 7.9901e-01 2.0099e-01 1.2734e-17 0.0000e+00 0.0000e+00 0.0000e+00 0.0000e+00 0.0000e+00 0.0000e+00 0.0000e+00
2.2528e+04 5.8895e-01 4.1105e-01 6.2593e-17 0.0000e+00 0.0000e+00 0.0000e+00 0.0000e+00 0.0000e+00 0.0000e+00 0.0000e+00
2.3943e+04 3.7651e-01 6.2349e-01 2.0211e-16 0.0000e+00 0.0000e+00 0.0000e+00 0.0000e+00 0.0000e+00 0.0000e+00 0.0000e+00
2.5446e+04 2.4030e-01 7.5970e-01 4.9488e-16 0.0000e+00 0.0000e+00 0.0000e+00 0.0000e+00 0.0000e+00 0.0000e+00 0.0000e+00
2.7044e+04 1.6618e-01 8.3382e-01 7.6290e-16 0.0000e+00 0.0000e+00 0.0000e+00 0.0000e+00 0.0000e+00 0.0000e+00 0.0000e+00
2.8744e+04 1.0882e-01 8.9118e-01 1.0909e-15 0.0000e+00 0.0000e+00 0.0000e+00 0.0000e+00 0.0000e+00 0.0000e+00 0.0000e+00
3.0520e+04 3.0353e-02 9.6965e-01 1.2051e-14 0.0000e+00 0.0000e+00 0.0000e+00 0.0000e+00 0.0000e+00 0.0000e+00 0.0000e+00
3.2244e+04 1.2222e-02 9.8778e-01 5.7650e-14 0.0000e+00 0.0000e+00 0.0000e+00 0.0000e+00 0.0000e+00 0.0000e+00 0.0000e+00
3.3773e+04 3.4686e-02 9.6531e-01 3.5427e-15 0.0000e+00 0.0000e+00 0.0000e+00 0.0000e+00 0.0000e+00 0.0000e+00 0.0000e+00
3.5108e+04 2.2936e-02 9.7706e-01 5.6346e-15 0.0000e+00 0.0000e+00 0.0000e+00 0.0000e+00 0.0000e+00 0.0000e+00 0.0000e+00
3.6326e+04 2.6996e-02 9.7300e-01 2.2341e-15 0.0000e+00 0.0000e+00 0.0000e+00 0.0000e+00 0.0000e+00 0.0000e+00 0.0000e+00
3.7486e+04 2.0621e-03 9.9794e-01 3.8102e-13 0.0000e+00 0.0000e+00 0.0000e+00 0.0000e+00 0.0000e+00 0.0000e+00 0.0000e+00
3.8628e+04 9.6532e-04 9.9903e-01 1.1612e-12 0.0000e+00 0.0000e+00 0.0000e+00 0.0000e+00 0.0000e+00 0.0000e+00 0.0000e+00
3.9769e+04 1.2158e-02 9.8784e-01 3.0417e-15 0.0000e+00 0.0000e+00 0.0000e+00 0.0000e+00 0.0000e+00 0.0000e+00 0.0000e+00
4.0916e+04 2.3902e-04 9.9976e-01 9.1602e-12 0.0000e+00 0.0000e+00 0.0000e+00 0.0000e+00 0.0000e+00 0.0000e+00 0.0000e+00
4.2074e+04 1.3844e-02 9.8616e-01 9.2217e-16 0.0000e+00 0.0000e+00 0.0000e+00 0.0000e+00 0.0000e+00 0.0000e+00 0.0000e+00
4.3252e+04 1.6023e-03 9.9840e-01 6.5863e-14 0.0000e+00 0.0000e+00 0.0000e+00 0.0000e+00 0.0000e+00 0.0000e+00 0.0000e+00
4.4454e+04 4.2232e-05 9.9996e-01 1.6171e-10 0.0000e+00 0.0000e+00 0.0000e+00 0.0000e+00 0.0000e+00 0.0000e+00 0.0000e+00
4.5683e+04 3.1619e-04 9.9968e-01 8.3967e-13 0.0000e+00 0.0000e+00 0.0000e+00 0.0000e+00 0.0000e+00 0.0000e+00 0.0000e+00
4.6942e+04 5.4161e-03 9.9458e-01 1.2885e-15 0.0000e+00 0.0000e+00 0.0000e+00 0.0000e+00 0.0000e+00 0.0000e+00 0.0000e+00
4.8231e+04 4.0763e-02 9.5924e-01 8.4617e-18 0.0000e+00 0.0000e+00 0.0000e+00 0.0000e+00 0.0000e+00 0.0000e+00 0.0000e+00
4.9550e+04 1.6771e-05 9.9998e-01 3.2282e-10 0.0000e+00 0.0000e+00 0.0000e+00 0.0000e+00 0.0000e+00 0.0000e+00 0.0000e+00
5.0900e+04 2.0142e-03 9.9799e-01 3.0196e-15 0.0000e+00 0.0000e+00 0.0000e+00 0.0000e+00 0.0000e+00 0.0000e+00 0.0000e+00
5.2277e+04 2.6940e-04 9.9973e-01 1.3592e-13 0.0000e+00 0.0000e+00 0.0000e+00 0.0000e+00 0.0000e+00 0.0000e+00 0.0000e+00
5.3682e+04 1.7876e-02 9.8212e-01 1.0305e-17 0.0000e+00 0.0000e+00 0.0000e+00 0.0000e+00 0.0000e+00 0.0000e+00 0.0000e+00
5.5110e+04 9.6275e-06 9.9999e-01 1.9891e-10 0.0000e+00 0.0000e+00 0.0000e+00 0.0000e+00 0.0000e+00 0.0000e+00 0.0000e+00
5.6562e+04 3.3686e-04 9.9966e-01 2.4266e-14 0.0000e+00 0.0000e+00 0.0000e+00 0.0000e+00 0.0000e+00 0.0000e+00 0.0000e+00
5.8030e+04 6.4945e-06 9.9999e-01 2.5311e-10 0.0000e+00 0.0000e+00 0.0000e+00 0.0000e+00 0.0000e+00 0.0000e+00 0.0000e+00
5.9510e+04 6.0695e-05 9.9994e-01 3.9054e-13 0.0000e+00 0.0000e+00 0.0000e+00 0.0000e+00 0.0000e+00 0.0000e+00 0.0000e+00
6.0994e+04 2.8964e-03 9.9710e-01 7.5747e-17 0.0000e+00 0.0000e+00 0.0000e+00 0.0000e+00 0.0000e+00 0.0000e+00 0.0000e+00
6.2466e+04 1.0270e-05 9.9999e-01 1.0946e-11 0.0000e+00 0.0000e+00 0.0000e+00 0.0000e+00 0.0000e+00 0.0000e+00 0.0000e+00
6.3912e+04 2.8823e-09 9.2998e-01 7.0023e-02 3.6051e-23 0.0000e+00 0.0000e+00 0.0000e+00 0.0000e+00 0.0000e+00 0.0000e+00
6.5312e+04 1.1421e-08 9.9710e-01 2.8985e-03 7.4747e-28 0.0000e+00 0.0000e+00 0.0000e+00 0.0000e+00 0.0000e+00 0.0000e+00
6.6639e+04 2.9658e-06 1.0000e+00 1.7250e-10 0.0000e+00 0.0000e+00 0.0000e+00 0.0000e+00 0.0000e+00 0.0000e+00 0.0000e+00
6.7870e+04 3.3218e-05 9.9997e-01 1.6619e-13 0.0000e+00 0.0000e+00 0.0000e+00 0.0000e+00 0.0000e+00 0.0000e+00 0.0000e+00
6.8864e+04 7.6438e-05 9.9992e-01 2.2159e-14 0.0000e+00 0.0000e+00 0.0000e+00 0.0000e+00 0.0000e+00 0.0000e+00 0.0000e+00
6.9460e+04 1.4568e-03 9.9854e-01 4.0930e-17 0.0000e+00 0.0000e+00 0.0000e+00 0.0000e+00 0.0000e+00 0.0000e+00 0.0000e+00
6.9745e+04 1.3555e-02 9.8645e-01 2.8239e-19 0.0000e+00 0.0000e+00 0.0000e+00 0.0000e+00 0.0000e+00 0.0000e+00 0.0000e+00
6.9888e+04 1.4917e-02 9.8508e-01 2.1873e-19 0.0000e+00 0.0000e+00 0.0000e+00 0.0000e+00 0.0000e+00 0.0000e+00 0.0000e+00
6.9960e+04 7.0345e-03 9.9297e-01 1.1740e-18 0.0000e+00 0.0000e+00 0.0000e+00 0.0000e+00 0.0000e+00 0.0000e+00 0.0000e+00
6.9991e+04 7.2327e-03 9.9277e-01 1.0913e-18 0.0000e+00 0.0000e+00 0.0000e+00 0.0000e+00 0.0000e+00 0.0000e+00 0.0000e+00
7.0000e+04 3.5401e-03 9.9646e-01 1.9842e-18 0.0000e+00 0.0000e+00 0.0000e+00 0.0000e+00 0.0000e+00 0.0000e+00 0.0000e+00
#
#TIME: 1.3688
#NVEL: 115
#vel_mid[km/s] mn0 mn1 mn2 mn3 mn4 mn5 mn6 mn7 mn8 mn9
4.2577e+02 4.2039e-45 5.5601e-35 1.0458e-25 9.5009e-18 6.7225e-11 1.3623e-05 1.7999e-02 9.7734e-01 4.6440e-03 1.4507e-08
8.5779e+02 1.7195e-32 3.2916e-24 8.1403e-17 9.7354e-11 9.3374e-06 2.6904e-02 5.2918e-01 4.4387e-01 3.7296e-05 2.1528e-12
8.7843e+02 1.9241e-32 3.6626e-24 8.9699e-17 1.0621e-10 1.0033e-05 2.8229e-02 5.3775e-01 4.3397e-01 3.4243e-05 1.8417e-12
9.1772e+02 1.8435e-32 3.5163e-24 8.6430e-17 1.0272e-10 9.7595e-06 2.7711e-02 5.3445e-01 4.3780e-01 3.5399e-05 1.9569e-12
9.7304e+02 1.7382e-32 3.3266e-24 8.2208e-17 9.8241e-11 9.4093e-06 2.7045e-02 5.3013e-01 4.4278e-01 3.6938e-05 2.1148e-12
1.0350e+03 1.6512e-32 3.1679e-24 7.8631e-17 9.4391e-11 9.1030e-06 2.6451e-02 5.2616e-01 4.4734e-01 3.8416e-05 2.2724e-12
1.1000e+03 1.2815e-32 2.4913e-24 6.3235e-17 7.7663e-11 7.7490e-06 2.3738e-02 5.0688e-01 4.6932e-01 4.6277e-05 3.1976e-12
1.1690e+03 6.4204e-33 1.2933e-24 3.4863e-17 4.5541e-11 4.9769e-06 1.7569e-02 4.5390e-01 5.2845e-01 7.5533e-05 7.9221e-12
1.2425e+03 1.5105e-33 3.2401e-25 9.8189e-18 1.4472e-11 1.8942e-06 8.9468e-03 3.4397e-01 6.4688e-01 2.0298e-04 5.1593e-11
1.3205e+03 1.3937e-34 3.2254e-26 1.1604e-18 2.0484e-12 3.5121e-07 2.6370e-03 1.9419e-01 8.0224e-01 9.3507e-04 1.0440e-09
1.4033e+03 7.6347e-36 1.9226e-27 8.4617e-20 1.8583e-13 4.3098e-08 5.5290e-04 8.7478e-02 9.0704e-01 4.9330e-03 3.1234e-08
1.4915e+03 4.6930e-37 1.2894e-28 6.9148e-21 1.8940e-14 5.7842e-09 1.2116e-04 3.8973e-02 9.4002e-01 2.0884e-02 6.4313e-07
1.5852e+03 3.6577e-38 1.1019e-29 7.1352e-22 2.4242e-15 9.4655e-10 3.0394e-05 1.8226e-02 9.1385e-01 6.7889e-02 8.0860e-06
1.6847e+03 2.3823e-39 7.9780e-31 6.3285e-23 2.7245e-16 1.3711e-10 6.7574e-06 7.6208e-03 7.9613e-01 1.9616e-01 8.9193e-05
1.7904e+03 1.0863e-40 4.1377e-32 4.1131e-24 2.3107e-17 1.5276e-11 1.1645e-06 2.5066e-03 5.5012e-01 4.4660e-01 7.6569e-04
1.9028e+03 3.1599e-42 1.4071e-33 1.7979e-25 1.3591e-18 1.2090e-12 1.4352e-07 5.9527e-04 2.7516e-01 7.1974e-01 4.5108e-03
2.0223e+03 7.2868e-44 3.7714e-35 6.1833e-27 6.3165e-20 7.5721e-14 1.3805e-08 1.0973e-04 1.0599e-01 8.7439e-01 1.9509e-02
2.1493e+03 1.4013e-45 9.0685e-37 1.9062e-28 2.6416e-21 4.2871e-15 1.1833e-09 1.7835e-05 3.5577e-02 8.9603e-01 6.8372e-02
2.2843e+03 0.0000e+00 2.7659e-38 7.2444e-30 1.3238e-22 2.8369e-16 1.1285e-10 3.0293e-06 1.1677e-02 8.0344e-01 1.8488e-01
2.4277e+03 0.0000e+00 1.4226e-39 4.4752e-31 1.0303e-23 2.7957e-17 1.4941e-11 6.3835e-07 4.1968e-03 6.4208e-01 3.5372e-01
2.5802e+03 0.0000e+00 1.7071e-40 6.1517e-32 1.6749e-24 5.4028e-18 3.5487e-12 2.0751e-07 1.9566e-03 5.0582e-01 4.9223e-01
2.7422e+03 0.0000e+00 7.5667e-41 2.9325e-32 8.6515e-25 3.0286e-18 2.1745e-12 1.4248e-07 1.5224e-03 4.6304e-01 5.3544e-01
2.9144e+03 0.0000e+00 1.6734e-40 6.4617e-32 1.8589e-24 6.3200e-18 4.3136e-12 2.5010e-07 2.2901e-03 5.3542e-01 4.6229e-01
3.0973e+03 0.0000e+00 2.3345e-39 8.2289e-31 2.0432e-23 5.9539e-17 3.2622e-11 1.2488e-06 6.9607e-03 7.3174e-01 2.6129e-01
3.2918e+03 0.0000e+00 2.3504e-37 6.9857e-29 1.3275e-21 2.9566e-15 1.0576e-09 1.8312e-05 4.0092e-02 9.0197e-01 5.7918e-02
3.4986e+03 2.0599e-43 1.5845e-34 3.2963e-26 3.9453e-19 5.5599e-13 9.6031e-08 5.1016e-04 2.8661e-01 7.0897e-01 3.9008e-03
3.7182e+03 2.4866e-40 1.3319e-31 1.6027e-23 1.0268e-16 7.6302e-11 5.0551e-06 6.8556e-03 8.1524e-01 1.7784e-01 6.6362e-05
3.9517e+03 1.9876e-37 7.9852e-29 5.7227e-21 2.0541e-14 7.8775e-09 1.7396e-04 4.9316e-02 9.4007e-01 1.0444e-02 1.3958e-07
4.1999e+03 6.8281e-34 2.7043e-25 1.2812e-17 2.9237e-11 4.8325e-06 2.0456e-02 5.0694e-01 4.7257e-01 2.7995e-05 9.8205e-13
4.4636e+03 3.4021e-31 1.1721e-22 3.5937e-15 5.1501e-09 3.1928e-04 2.6672e-01 6.9414e-01 3.8818e-02 1.9889e-08 3.1602e-18
4.7438e+03 4.7087e-30 1.4479e-21 3.5187e-14 3.8711e-08 1.4166e-03 5.2852e-01 4.6338e-01 6.6812e-03 3.6289e-10 4.5130e-21
5.0416e+03 8.7054e-30 2.6404e-21 6.1216e-14 6.3442e-08 2.0194e-03 6.0382e-01 3.9033e-01 3.8279e-03 1.0850e-10 6.4283e-22
5.3582e+03 6.7672e-30 2.1601e-21 5.2626e-14 5.7277e-08 1.9077e-03 5.9473e-01 3.9931e-01 4.0525e-03 1.1746e-10 7.0872e-22
5.6947e+03 5.8912e-30 1.9766e-21 5.0214e-14 5.6795e-08 1.9274e-03 6.0006e-01 3.9418e-01 3.8366e-03 9.9906e-11 5.2954e-22
6.0522e+03 8.3477e-30 2.8302e-21 7.0858e-14 7.8110e-08 2.4281e-03 6.5036e-01 3.4467e-01 2.5420e-03 4.0875e-11 1.2465e-22
6.4323e+03 2.0431e-29 6.8023e-21 1.5912e-13 1.5968e-07 3.9746e-03 7.4981e-01 2.4523e-01 9.8032e-04 5.6033e-12 5.2490e-24
6.8362e+03 7.7723e-29 2.4787e-20 5.1790e-13 4.4337e-07 7.7803e-03 8.5727e-01 1.3474e-01 2.1323e-04 2.5820e-13 4.1226e-26
7.2654e+03 3.9116e-28 1.1574e-19 2.0784e-12 1.4326e-06 1.6193e-02 9.2390e-01 5.9873e-02 3.1064e-05 5.9240e-15 1.1525e-28
7.7216e+03 2.9184e-27 7.7641e-19 1.1484e-11 5.9147e-06 3.7977e-02 9.4198e-01 2.0032e-02 2.5615e-06 4.8542e-17 6.8160e-32
8.2065e+03 5.6078e-26 1.2567e-17 1.3925e-10 4.5169e-05 1.2281e-01 8.7362e-01 3.5269e-03 5.5977e-08 3.4565e-20 9.8470e-37
8.7177e+03 8.8466e-24 1.4166e-15 9.2212e-09 1.1705e-03 6.0409e-01 3.9468e-01 6.7479e-05 2.0220e-11 1.8973e-26 0.0000e+00
9.2147e+03 9.4152e-21 7.8466e-13 1.9272e-06 3.8861e-02 9.5274e-01 8.3937e-03 5.0052e-09 1.2567e-18 1.1940e-38 0.0000e+00
9.6291e+03 1.3354e-17 5.3333e-10 3.9442e-04 6.8307e-01 3.1653e-01 1.0237e-05 3.8274e-15 9.2846e-29 0.0000e+00 0.0000e+00
9.9539e+03 1.8728e-15 4.0742e-08 8.7405e-03 9.8581e-01 5.4518e-03 3.2033e-10 2.8443e-23 1.9111e-41 0.0000e+00 0.0000e+00
1.0246e+04 3.2901e-13 3.7977e-06 1.8688e-01 8.1309e-01 2.4399e-05 8.5058e-16 4.0826e-33 0.0000e+00 0.0000e+00 0.0000e+00
1.0542e+04 2.0892e-11 1.2019e-04 9.3659e-01 6.3290e-02 2.4913e-09 6.7131e-24 0.0000e+00 0.0000e+00 0.0000e+00 0.0000e+00
1.0840e+04 8.6765e-10 1.5794e-03 9.9808e-01 3.3641e-04 3.8268e-15 1.0825e-34 0.0000e+00 0.0000e+00 0.0000e+00 0.0000e+00
1.1119e+04 4.9809e-08 2.4513e-02 9.7549e-01 9.2216e-07 1.3821e-21 0.0000e+00 0.0000e+00 0.0000e+00 0.0000e+00 0.0000e+00
1.1356e+04 1.7552e-06 2.4398e-01 7.5602e-01 3.2014e-09 1.3862e-27 0.0000e+00 0.0000e+00 0.0000e+00 0.0000e+00 0.0000e+00
1.1540e+04 1.9224e-05 7.8746e-01 2.1252e-01 4.9636e-12 8.6038e-34 0.0000e+00 0.0000e+00 0.0000e+00 0.0000e+00 0.0000e+00
1.1677e+04 5.8049e-05 9.6809e-01 3.1850e-02 5.7588e-15 5.6584e-40 0.0000e+00 0.0000e+00 0.0000e+00 0.0000e+00 0.0000e+00
1.1784e+04 1.2145e-04 9.9448e-01 5.4035e-03 1.3285e-17 1.4013e-45 0.0000e+00 0.0000e+00 0.0000e+00 0.0000e+00 0.0000e+00
1.1876e+04 2.4275e-04 9.9865e-01 1.1055e-03 7.0081e-20 0.0000e+00 0.0000e+00 0.0000e+00 0.0000e+00 0.0000e+00 0.0000e+00
1.1964e+04 4.5183e-04 9.9928e-01 2.6368e-04 6.2132e-22 0.0000e+00 0.0000e+00 0.0000e+00 0.0000e+00 0.0000e+00 0.0000e+00
1.2056e+04 6.3281e-04 9.9927e-01 9.5760e-05 1.7551e-23 0.0000e+00 0.0000e+00 0.0000e+00 0.0000e+00 0.0000e+00 0.0000e+00
1.2170e+04 8.8509e-04 9.9908e-01 3.6638e-05 6.2035e-25 0.0000e+00 0.0000e+00 0.0000e+00 0.0000e+00 0.0000e+00 0.0000e+00
1.2360e+04 1.5062e-03 9.9848e-01 9.1514e-06 5.5763e-27 0.0000e+00 0.0000e+00 0.0000e+00 0.0000e+00 0.0000e+00 0.0000e+00
1.2670e+04 3.5232e-03 9.9648e-01 1.0557e-06 3.8884e-30 0.0000e+00 0.0000e+00 0.0000e+00 0.0000e+00 0.0000e+00 0.0000e+00
1.3075e+04 1.1071e-02 9.8893e-01 6.3882e-08 3.5528e-34 0.0000e+00 0.0000e+00 0.0000e+00 0.0000e+00 0.0000e+00 0.0000e+00
1.3530e+04 3.4332e-02 9.6567e-01 3.6202e-09 2.6543e-38 0.0000e+00 0.0000e+00 0.0000e+00 0.0000e+00 0.0000e+00 0.0000e+00
1.4013e+04 1.2613e-01 8.7387e-01 1.0735e-10 2.8727e-43 0.0000e+00 0.0000e+00 0.0000e+00 0.0000e+00 0.0000e+00 0.0000e+00
1.4509e+04 2.6890e-01 7.3110e-01 7.8017e-12 0.0000e+00 0.0000e+00 0.0000e+00 0.0000e+00 0.0000e+00 0.0000e+00 0.0000e+00
1.5002e+04 4.4999e-01 5.5001e-01 6.4558e-13 0.0000e+00 0.0000e+00 0.0000e+00 0.0000e+00 0.0000e+00 0.0000e+00 0.0000e+00
1.5476e+04 6.2519e-01 3.7481e-01 5.4703e-14 0.0000e+00 0.0000e+00 0.0000e+00 0.0000e+00 0.0000e+00 0.0000e+00 0.0000e+00
1.5924e+04 7.2951e-01 2.7049e-01 7.8747e-15 0.0000e+00 0.0000e+00 0.0000e+00 0.0000e+00 0.0000e+00 0.0000e+00 0.0000e+00
1.6356e+04 7.8890e-01 2.1110e-01 1.7833e-15 0.0000e+00 0.0000e+00 0.0000e+00 0.0000e+00 0.0000e+00 0.0000e+00 0.0000e+00
1.6776e+04 8.2901e-01 1.7099e-01 5.4508e-16 0.0000e+00 0.0000e+00 0.0000e+00 0.0000e+00 0.0000e+00 0.0000e+00 0.0000e+00
1.7184e+04 8.5257e-01 1.4743e-01 2.3245e-16 0.0000e+00 0.0000e+00 0.0000e+00 0.0000e+00 0.0000e+00 0.0000e+00 0.0000e+00
1.7580e+04 8.8515e-01 1.1485e-01 6.7030e-17 0.0000e+00 0.0000e+00 0.0000e+00 0.0000e+00 0.0000e+00 0.0000e+00 0.0000e+00
1.7990e+04 8.9502e-01 1.0499e-01 3.4419e-17 0.0000e+00 0.0000e+00 0.0000e+00 0.0000e+00 0.0000e+00 0.0000e+00 0.0000e+00
1.8458e+04 9.0721e-01 9.2788e-02 1.5606e-17 0.0000e+00 0.0000e+00 0.0000e+00 0.0000e+00 0.0000e+00 0.0000e+00 0.0000e+00
1.9085e+04 9.2079e-01 7.9205e-02 5.5669e-18 0.0000e+00 0.0000e+00 0.0000e+00 0.0000e+00 0.0000e+00 0.0000e+00 0.0000e+00
2.0000e+04 9.0796e-01 9.2044e-02 3.3418e-18 0.0000e+00 0.0000e+00 0.0000e+00 0.0000e+00 0.0000e+00 0.0000e+00 0.0000e+00
2.1194e+04 8.8018e-01 1.1982e-01 1.8480e-18 0.0000e+00 0.0000e+00 0.0000e+00 0.0000e+00 0.0000e+00 0.0000e+00 0.0000e+00
2.2528e+04 8.0389e-01 1.9611e-01 2.5296e-18 0.0000e+00 0.0000e+00 0.0000e+00 0.0000e+00 0.0000e+00 0.0000e+00 0.0000e+00
2.3943e+04 6.5359e-01 3.4641e-01 6.6410e-18 0.0000e+00 0.0000e+00 0.0000e+00 0.0000e+00 0.0000e+00 0.0000e+00 0.0000e+00
2.5446e+04 5.1570e-01 4.8430e-01 1.4394e-17 0.0000e+00 0.0000e+00 0.0000e+00 0.0000e+00 0.0000e+00 0.0000e+00 0.0000e+00
2.7044e+04 4.7019e-01 5.2981e-01 1.1015e-17 0.0000e+00 0.0000e+00 0.0000e+00 0.0000e+00 0.0000e+00 0.0000e+00 0.0000e+00
2.8744e+04 2.1645e-01 7.8355e-01 1.2762e-16 0.0000e+00 0.0000e+00 0.0000e+00 0.0000e+00 0.0000e+00 0.0000e+00 0.0000e+00
3.0520e+04 2.0602e-01 7.9398e-01 6.9067e-17 0.0000e+00 0.0000e+00 0.0000e+00 0.0000e+00 0.0000e+00 0.0000e+00 0.0000e+00
3.2244e+04 1.1265e-01 8.8735e-01 2.5677e-16 0.0000e+00 0.0000e+00 0.0000e+00 0.0000e+00 0.0000e+00 0.0000e+00 0.0000e+00
3.3773e+04 1.2902e-01 8.7098e-01 1.1639e-16 0.0000e+00 0.0000e+00 0.0000e+00 0.0000e+00 0.0000e+00 0.0000e+00 0.0000e+00
3.5108e+04 1.4069e-01 8.5931e-01 5.4938e-17 0.0000e+00 0.0000e+00 0.0000e+00 0.0000e+00 0.0000e+00 0.0000e+00 0.0000e+00
3.6326e+04 6.3988e-03 9.9360e-01 5.3192e-14 0.0000e+00 0.0000e+00 0.0000e+00 0.0000e+00 0.0000e+00 0.0000e+00 0.0000e+00
3.7486e+04 4.1324e-02 9.5868e-01 4.4644e-16 0.0000e+00 0.0000e+00 0.0000e+00 0.0000e+00 0.0000e+00 0.0000e+00 0.0000e+00
