#NTIMES:    67
#NSTAGES:     4
#TIMES[d]:     0.550    0.605    0.733    0.806    0.887    0.976    1.074    1.181    1.300    1.430    1.573    1.730    1.900    2.090    2.300    2.530    2.783    3.061    3.367    3.704    4.074    4.481    4.929    5.422    5.964    6.560    7.216    7.938    8.732    9.600   10.560   11.620   12.780   14.060   15.470   17.020   18.720   20.590   22.650   24.910   27.400   30.140   33.150   36.460   40.110   44.120   48.530   53.380   58.720   64.590   71.050   78.160   86.000   94.600  104.100  114.500  126.000  138.600  152.500  167.800  184.600  203.100  223.400  245.800  270.400  297.400  320.000
#
#TIME:     0.550
#NVEL: 115
#vel_mid[km/s]           ti0           ti1           ti2           ti3
    8.484663E+02   1.0000E-099   2.7797E-013   2.9900E-006   1.0000E+000
    8.542546E+02   1.0000E-099   2.7797E-013   2.9900E-006   1.0000E+000
    8.718573E+02   1.0000E-099   2.7797E-013   2.9900E-006   1.0000E+000
    9.081584E+02   1.0000E-099   2.7797E-013   2.9900E-006   1.0000E+000
    9.674554E+02   1.0000E-099   2.7798E-013   2.9901E-006   1.0000E+000
    1.028597E+03   1.0000E-099   2.7802E-013   2.9903E-006   1.0000E+000
    1.093605E+03   1.0000E-099   2.7788E-013   2.9890E-006   1.0000E+000
    1.162722E+03   1.0000E-099   2.7725E-013   2.9848E-006   1.0000E+000
    1.236207E+03   1.0000E-099   2.7611E-013   2.9813E-006   1.0000E+000
    1.314336E+03   1.0000E-099   2.6966E-013   2.9763E-006   1.0000E+000
    1.397402E+03   1.0000E-099   1.6896E-013   2.4858E-006   1.0000E+000
    1.485719E+03   1.0000E-099   1.1373E-013   2.1425E-006   1.0000E+000
    1.579618E+03   1.0000E-099   1.1120E-013   2.1261E-006   1.0000E+000
    1.679450E+03   1.0000E-099   8.7602E-014   1.9389E-006   1.0000E+000
    1.785593E+03   1.0000E-099   6.3136E-014   1.7047E-006   1.0000E+000
    1.898443E+03   1.0000E-099   4.6822E-014   1.4964E-006   1.0000E+000
    2.018426E+03   1.0000E-099   3.4703E-014   1.3286E-006   1.0000E+000
    2.145992E+03   1.0000E-099   2.5128E-014   1.1573E-006   1.0000E+000
    2.281620E+03   1.0000E-099   1.8253E-014   1.0151E-006   1.0000E+000
    2.425820E+03   1.0000E-099   1.3284E-014   8.8582E-007   1.0000E+000
    2.579133E+03   1.0000E-099   1.0428E-014   7.9674E-007   1.0000E+000
    2.742135E+03   1.0000E-099   8.7133E-015   7.3199E-007   1.0000E+000
    2.915440E+03   1.0000E-099   7.8589E-015   6.8998E-007   1.0000E+000
    3.099698E+03   1.0000E-099   7.7162E-015   6.6811E-007   1.0000E+000
    3.295601E+03   1.0000E-099   9.1639E-015   6.9898E-007   1.0000E+000
    3.503885E+03   1.0000E-099   1.2474E-014   7.5108E-007   1.0000E+000
    3.725332E+03   1.0000E-099   2.5975E-014   1.0338E-006   1.0000E+000
    3.960775E+03   1.0000E-099   4.9227E-014   1.4256E-006   1.0000E+000
    4.211099E+03   1.0000E-099   6.4543E-014   1.3508E-006   1.0000E+000
    4.477243E+03   1.0000E-099   7.2162E-014   1.3799E-006   1.0000E+000
    4.760207E+03   1.0000E-099   6.5840E-014   1.3091E-006   1.0000E+000
    5.061055E+03   1.0000E-099   5.2368E-014   1.1768E-006   1.0000E+000
    5.380917E+03   1.0000E-099   4.2678E-014   1.0694E-006   1.0000E+000
    5.720994E+03   1.0000E-099   3.7508E-014   1.0002E-006   1.0000E+000
    6.082565E+03   1.0000E-099   3.6052E-014   9.7727E-007   1.0000E+000
    6.466986E+03   1.0000E-099   3.8606E-014   9.9700E-007   1.0000E+000
    6.875704E+03   1.0000E-099   4.3186E-014   1.0345E-006   1.0000E+000
    7.310253E+03   1.0000E-099   5.1658E-014   1.1135E-006   1.0000E+000
    7.772265E+03   1.0000E-099   6.4327E-014   1.2197E-006   1.0000E+000
    8.263477E+03   1.0000E-099   9.2549E-014   1.4376E-006   1.0000E+000
    8.785734E+03   1.0000E-099   2.1101E-013   2.1317E-006   1.0000E+000
    9.340997E+03   1.0000E-099   2.4982E-012   7.9787E-006   9.9999E-001
    9.929841E+03   1.0000E-099   2.9079E-010   1.4545E-004   9.9985E-001
    1.041447E+04   1.0000E-099   4.2704E-008   4.2052E-003   9.9579E-001
    1.083674E+04   1.0000E-099   1.2505E-005   1.8688E-001   8.1310E-001
    1.136786E+04   1.0000E-099   8.0225E-003   9.9164E-001   3.3623E-004
    1.167027E+04   1.0000E-099   3.8125E-002   9.6185E-001   2.3071E-005
    1.185735E+04   1.0000E-099   7.8693E-002   9.2130E-001   6.0424E-006
    1.198132E+04   1.0000E-099   2.3173E-001   7.6827E-001   2.8498E-007
    1.207995E+04   1.0000E-099   4.7389E-001   5.2611E-001   1.3430E-008
    1.216774E+04   1.0000E-099   6.2563E-001   3.7437E-001   1.9402E-009
    1.225420E+04   1.0000E-099   7.6072E-001   2.3928E-001   2.4341E-010
    1.234075E+04   1.0000E-099   8.6048E-001   1.3952E-001   2.7486E-011
    1.244043E+04   1.0000E-099   9.1599E-001   8.4013E-002   4.0999E-012
    1.256653E+04   1.0000E-099   9.3651E-001   6.3489E-002   1.3850E-012
    1.291944E+04   1.0000E-099   9.1963E-001   8.0373E-002   2.2020E-012
    1.356464E+04   1.0000E-099   7.8891E-001   2.1109E-001   4.4606E-011
    1.414194E+04   1.0000E-099   6.9803E-001   3.0197E-001   1.3144E-010
    1.463678E+04   1.0000E-099   7.4123E-001   2.5877E-001   5.0390E-011
    1.515385E+04   1.0000E-099   7.8795E-001   2.1205E-001   1.9528E-011
    1.570238E+04   1.0000E-099   8.6975E-001   1.3025E-001   2.8484E-012
    1.628316E+04   1.0000E-099   9.6081E-001   3.9194E-002   3.9751E-014
    1.695591E+04   1.0000E-099   9.8845E-001   1.1553E-002   8.8682E-016
    1.773545E+04   1.0000E-099   9.9604E-001   3.9607E-003   2.6273E-017
    1.852426E+04   1.0000E-099   9.9804E-001   1.9605E-003   1.8292E-018
    1.933673E+04   1.0000E-099   9.9875E-001   1.2492E-003   3.7688E-019
    2.006825E+04   1.0000E-099   9.9870E-001   1.3015E-003   3.4045E-019
    2.082304E+04   1.0000E-099   9.9852E-001   1.4839E-003   5.9749E-019
    2.162788E+04   1.0000E-099   9.9867E-001   1.3340E-003   6.7412E-019
    2.248295E+04   1.0000E-099   9.9825E-001   1.7479E-003   1.9109E-018
    2.340334E+04   1.0000E-099   9.9842E-001   1.5797E-003   1.9501E-018
    2.427003E+04   1.0000E-099   9.9793E-001   2.0716E-003   4.0250E-018
    2.528269E+04   1.0000E-099   9.9765E-001   2.3516E-003   5.2267E-018
    2.627013E+04   1.0000E-099   9.9782E-001   2.1803E-003   4.4360E-018
    2.723040E+04   1.0000E-099   9.9654E-001   3.4602E-003   1.0139E-017
    2.827004E+04   1.0000E-099   9.9558E-001   4.4191E-003   1.4097E-017
    2.934273E+04   1.0000E-099   9.9346E-001   6.5373E-003   2.6446E-017
    3.052012E+04   1.0000E-099   9.9061E-001   9.3944E-003   4.6163E-017
    3.176086E+04   1.0000E-099   9.8785E-001   1.2151E-002   6.8695E-017
    3.295538E+04   1.0000E-099   9.8672E-001   1.3276E-002   7.6464E-017
    3.403161E+04   1.0000E-099   9.8535E-001   1.4654E-002   9.0923E-017
    3.500379E+04   1.0000E-099   9.8252E-001   1.7481E-002   1.2724E-016
    3.593430E+04   1.0000E-099   9.7877E-001   2.1229E-002   1.8309E-016
    3.686142E+04   1.0000E-099   9.7484E-001   2.5163E-002   2.4823E-016
    3.781660E+04   1.0000E-099   9.7169E-001   2.8314E-002   3.0624E-016
    3.881204E+04   1.0000E-099   9.7049E-001   2.9512E-002   3.3737E-016
    3.984228E+04   1.0000E-099   9.7093E-001   2.9069E-002   3.4872E-016
    4.090108E+04   1.0000E-099   9.7242E-001   2.7579E-002   3.4737E-016
    4.198933E+04   1.0000E-099   9.7447E-001   2.5526E-002   3.3527E-016
    4.310952E+04   1.0000E-099   9.7664E-001   2.3365E-002   3.1566E-016
    4.426353E+04   1.0000E-099   9.7858E-001   2.1424E-002   2.9308E-016
    4.545322E+04   1.0000E-099   9.8005E-001   1.9951E-002   2.7364E-016
    4.667980E+04   1.0000E-099   9.8090E-001   1.9103E-002   2.6267E-016
    4.794258E+04   1.0000E-099   9.8116E-001   1.8844E-002   2.6091E-016
    4.924062E+04   1.0000E-099   9.8093E-001   1.9071E-002   2.6687E-016
    5.057272E+04   1.0000E-099   9.8023E-001   1.9771E-002   2.8025E-016
    5.193717E+04   1.0000E-099   9.7909E-001   2.0908E-002   2.9981E-016
    5.333235E+04   1.0000E-099   9.7779E-001   2.2212E-002   3.2006E-016
    5.475676E+04   1.0000E-099   9.7669E-001   2.3306E-002   3.3467E-016
    5.620758E+04   1.0000E-099   9.7606E-001   2.3945E-002   3.4041E-016
    5.768166E+04   1.0000E-099   9.7588E-001   2.4120E-002   3.3708E-016
    5.917412E+04   1.0000E-099   9.7607E-001   2.3934E-002   3.2636E-016
    6.067730E+04   1.0000E-099   9.7655E-001   2.3448E-002   3.0981E-016
    6.217708E+04   1.0000E-099   9.7730E-001   2.2696E-002   2.8949E-016
    6.366086E+04   1.0000E-099   9.7825E-001   2.1748E-002   2.6792E-016
    6.510379E+04   1.0000E-099   9.7937E-001   2.0629E-002   2.4597E-016
    6.648389E+04   1.0000E-099   9.8051E-001   1.9489E-002   2.2512E-016
    6.776932E+04   1.0000E-099   9.8189E-001   1.8107E-002   2.0206E-016
    6.895129E+04   1.0000E-099   9.8344E-001   1.6560E-002   1.7394E-016
    6.949055E+04   1.0000E-099   9.8511E-001   1.4893E-002   1.4217E-016
    6.976176E+04   1.0000E-099   9.8609E-001   1.3912E-002   1.1882E-016
    6.989776E+04   1.0000E-099   9.8694E-001   1.3057E-002   9.6943E-017
    6.996586E+04   1.0000E-099   9.8759E-001   1.2414E-002   8.0124E-017
    6.999823E+04   1.0000E-099   9.8798E-001   1.2017E-002   6.8720E-017
    6.999993E+04   1.0000E-099   9.8807E-001   1.1931E-002   6.7206E-017
#TIME:     0.605
#NVEL: 115
#vel_mid[km/s]           ti0           ti1           ti2           ti3
    8.484664E+02   1.0000E-099   2.2261E-013   2.6015E-006   1.0000E+000
    8.543246E+02   1.0000E-099   2.2261E-013   2.6015E-006   1.0000E+000
    8.721432E+02   1.0000E-099   2.2261E-013   2.6015E-006   1.0000E+000
    9.089031E+02   1.0000E-099   2.2261E-013   2.6015E-006   1.0000E+000
    9.682894E+02   1.0000E-099   2.2263E-013   2.6016E-006   1.0000E+000
    1.029084E+03   1.0000E-099   2.2269E-013   2.6019E-006   1.0000E+000
    1.093701E+03   1.0000E-099   2.2254E-013   2.6006E-006   1.0000E+000
    1.162375E+03   1.0000E-099   2.2162E-013   2.5949E-006   1.0000E+000
    1.235362E+03   1.0000E-099   2.1857E-013   2.5812E-006   1.0000E+000
    1.312931E+03   1.0000E-099   2.0563E-013   2.5354E-006   1.0000E+000
    1.395371E+03   1.0000E-099   1.3078E-013   2.1270E-006   1.0000E+000
    1.482988E+03   1.0000E-099   8.9995E-014   1.8483E-006   1.0000E+000
    1.576106E+03   1.0000E-099   8.4849E-014   1.8072E-006   1.0000E+000
    1.675071E+03   1.0000E-099   6.7095E-014   1.6499E-006   1.0000E+000
    1.780251E+03   1.0000E-099   4.8412E-014   1.4511E-006   1.0000E+000
    1.892034E+03   1.0000E-099   3.5572E-014   1.2691E-006   1.0000E+000
    2.010837E+03   1.0000E-099   2.6344E-014   1.1264E-006   1.0000E+000
    2.137099E+03   1.0000E-099   1.8960E-014   9.7924E-007   1.0000E+000
    2.271289E+03   1.0000E-099   1.3708E-014   8.5744E-007   1.0000E+000
    2.413905E+03   1.0000E-099   9.9421E-015   7.4769E-007   1.0000E+000
    2.565477E+03   1.0000E-099   7.7525E-015   6.7097E-007   1.0000E+000
    2.726565E+03   1.0000E-099   6.4414E-015   6.1541E-007   1.0000E+000
    2.897769E+03   1.0000E-099   5.8066E-015   5.8036E-007   1.0000E+000
    3.079722E+03   1.0000E-099   5.6584E-015   5.6050E-007   1.0000E+000
    3.273101E+03   1.0000E-099   6.6854E-015   5.8578E-007   1.0000E+000
    3.478622E+03   1.0000E-099   8.4995E-015   6.0962E-007   1.0000E+000
    3.697048E+03   1.0000E-099   1.8521E-014   8.5174E-007   1.0000E+000
    3.929188E+03   1.0000E-099   3.7665E-014   1.2100E-006   1.0000E+000
    4.175906E+03   1.0000E-099   4.5304E-014   1.1271E-006   1.0000E+000
    4.438115E+03   1.0000E-099   6.0324E-014   1.2350E-006   1.0000E+000
    4.716788E+03   1.0000E-099   5.7342E-014   1.1927E-006   1.0000E+000
    5.012959E+03   1.0000E-099   4.6757E-014   1.0824E-006   1.0000E+000
    5.327727E+03   1.0000E-099   3.7885E-014   9.8063E-007   1.0000E+000
    5.662260E+03   1.0000E-099   3.2924E-014   9.1304E-007   1.0000E+000
    6.017798E+03   1.0000E-099   3.1191E-014   8.8651E-007   1.0000E+000
    6.395661E+03   1.0000E-099   3.3116E-014   9.0310E-007   1.0000E+000
    6.797251E+03   1.0000E-099   3.6976E-014   9.3865E-007   1.0000E+000
    7.224056E+03   1.0000E-099   4.4244E-014   1.0125E-006   1.0000E+000
    7.677661E+03   1.0000E-099   5.5038E-014   1.1126E-006   1.0000E+000
    8.159748E+03   1.0000E-099   7.8195E-014   1.3094E-006   1.0000E+000
    8.672106E+03   1.0000E-099   1.5874E-013   1.8498E-006   1.0000E+000
    9.216636E+03   1.0000E-099   1.2863E-012   5.6774E-006   9.9999E-001
    9.793140E+03   1.0000E-099   8.4362E-011   7.0750E-005   9.9993E-001
    1.026683E+04   1.0000E-099   9.2946E-009   1.6342E-003   9.9837E-001
    1.070804E+04   1.0000E-099   3.3870E-006   8.6752E-002   9.1324E-001
    1.120152E+04   1.0000E-099   2.2151E-003   9.9458E-001   3.2033E-003
    1.159423E+04   1.0000E-099   3.6820E-002   9.6316E-001   1.6339E-005
    1.180243E+04   1.0000E-099   8.4515E-002   9.1548E-001   3.7539E-006
    1.192916E+04   1.0000E-099   1.7690E-001   8.2310E-001   5.4814E-007
    1.202084E+04   1.0000E-099   3.6297E-001   6.3703E-001   4.0683E-008
    1.209768E+04   1.0000E-099   5.4774E-001   4.5226E-001   4.2925E-009
    1.216841E+04   1.0000E-099   6.7109E-001   3.2891E-001   8.1312E-010
    1.223949E+04   1.0000E-099   7.8344E-001   2.1656E-001   1.2634E-010
    1.231406E+04   1.0000E-099   8.6589E-001   1.3411E-001   1.8649E-011
    1.239842E+04   1.0000E-099   9.1405E-001   8.5953E-002   3.5222E-012
    1.256481E+04   1.0000E-099   9.4551E-001   5.4489E-002   6.3455E-013
    1.321135E+04   1.0000E-099   9.0530E-001   9.4697E-002   2.3072E-012
    1.378971E+04   1.0000E-099   8.2127E-001   1.7873E-001   1.5152E-011
    1.426236E+04   1.0000E-099   8.1028E-001   1.8972E-001   1.3917E-011
    1.471893E+04   1.0000E-099   8.6183E-001   1.3817E-001   3.2986E-012
    1.520339E+04   1.0000E-099   9.2240E-001   7.7600E-002   3.9186E-013
    1.569984E+04   1.0000E-099   9.6993E-001   3.0070E-002   1.6438E-014
    1.625603E+04   1.0000E-099   9.9041E-001   9.5921E-003   3.3934E-016
    1.692188E+04   1.0000E-099   9.9729E-001   2.7082E-003   5.9308E-018
    1.755155E+04   1.0000E-099   9.9897E-001   1.0346E-003   2.2920E-019
    1.815678E+04   1.0000E-099   9.9943E-001   5.6841E-004   2.3749E-020
    1.877630E+04   1.0000E-099   9.9965E-001   3.4792E-004   3.7916E-021
    1.943029E+04   1.0000E-099   9.9978E-001   2.2367E-004   9.5439E-022
    2.010428E+04   1.0000E-099   9.9977E-001   2.3133E-004   1.0530E-021
    2.090850E+04   1.0000E-099   9.9975E-001   2.5413E-004   2.2420E-021
    2.182676E+04   1.0000E-099   9.9977E-001   2.3135E-004   3.5996E-021
    2.283367E+04   1.0000E-099   9.9971E-001   2.9036E-004   1.2439E-020
    2.394324E+04   1.0000E-099   9.9966E-001   3.4231E-004   2.5935E-020
    2.516734E+04   1.0000E-099   9.9951E-001   4.8594E-004   6.0652E-020
    2.638649E+04   1.0000E-099   9.9950E-001   4.9831E-004   6.3670E-020
    2.758311E+04   1.0000E-099   9.9906E-001   9.3659E-004   2.3138E-019
    2.884269E+04   1.0000E-099   9.9856E-001   1.4442E-003   5.2018E-019
    3.014497E+04   1.0000E-099   9.9759E-001   2.4144E-003   1.4931E-018
    3.148085E+04   1.0000E-099   9.9643E-001   3.5732E-003   3.2469E-018
    3.276289E+04   1.0000E-099   9.9576E-001   4.2425E-003   4.7103E-018
    3.391810E+04   1.0000E-099   9.9505E-001   4.9507E-003   6.8235E-018
    3.495083E+04   1.0000E-099   9.9361E-001   6.3879E-003   1.2590E-017
    3.592850E+04   1.0000E-099   9.9131E-001   8.6886E-003   2.4979E-017
    3.688885E+04   1.0000E-099   9.8825E-001   1.1747E-002   4.6744E-017
    3.786912E+04   1.0000E-099   9.8483E-001   1.5170E-002   7.7904E-017
    3.888044E+04   1.0000E-099   9.8204E-001   1.7955E-002   1.1145E-016
    3.991994E+04   1.0000E-099   9.8021E-001   1.9795E-002   1.4510E-016
    4.098383E+04   1.0000E-099   9.7936E-001   2.0635E-002   1.7641E-016
    4.207443E+04   1.0000E-099   9.7942E-001   2.0582E-002   2.0086E-016
    4.319619E+04   1.0000E-099   9.8005E-001   1.9955E-002   2.1594E-016
    4.435339E+04   1.0000E-099   9.8088E-001   1.9119E-002   2.2246E-016
    4.555005E+04   1.0000E-099   9.8158E-001   1.8415E-002   2.2502E-016
    4.678738E+04   1.0000E-099   9.8191E-001   1.8093E-002   2.2949E-016
    4.806468E+04   1.0000E-099   9.8180E-001   1.8196E-002   2.3834E-016
    4.937985E+04   1.0000E-099   9.8132E-001   1.8684E-002   2.5181E-016
    5.073002E+04   1.0000E-099   9.8042E-001   1.9582E-002   2.7067E-016
    5.211198E+04   1.0000E-099   9.7914E-001   2.0857E-002   2.9400E-016
    5.352349E+04   1.0000E-099   9.7777E-001   2.2230E-002   3.1638E-016
    5.496004E+04   1.0000E-099   9.7668E-001   2.3324E-002   3.3180E-016
    5.642085E+04   1.0000E-099   9.7607E-001   2.3931E-002   3.3758E-016
    5.789881E+04   1.0000E-099   9.7593E-001   2.4070E-002   3.3402E-016
    5.939226E+04   1.0000E-099   9.7615E-001   2.3851E-002   3.2300E-016
    6.088737E+04   1.0000E-099   9.7666E-001   2.3337E-002   3.0632E-016
    6.237825E+04   1.0000E-099   9.7743E-001   2.2565E-002   2.8610E-016
    6.383998E+04   1.0000E-099   9.7839E-001   2.1608E-002   2.6487E-016
    6.526223E+04   1.0000E-099   9.7950E-001   2.0497E-002   2.4336E-016
    6.660986E+04   1.0000E-099   9.8064E-001   1.9362E-002   2.2287E-016
    6.786444E+04   1.0000E-099   9.8200E-001   1.7998E-002   2.0010E-016
    6.899777E+04   1.0000E-099   9.8357E-001   1.6433E-002   1.7150E-016
    6.951321E+04   1.0000E-099   9.8518E-001   1.4815E-002   1.4040E-016
    6.977237E+04   1.0000E-099   9.8615E-001   1.3853E-002   1.1728E-016
    6.990232E+04   1.0000E-099   9.8698E-001   1.3016E-002   9.5884E-017
    6.996738E+04   1.0000E-099   9.8760E-001   1.2396E-002   7.9618E-017
    6.999830E+04   1.0000E-099   9.8799E-001   1.2014E-002   6.8646E-017
    6.999993E+04   1.0000E-099   9.8807E-001   1.1930E-002   6.7185E-017
#TIME:     0.733
#NVEL: 115
#vel_mid[km/s]           ti0           ti1           ti2           ti3
    8.484664E+02   1.0000E-099   1.4706E-013   2.0021E-006   1.0000E+000
    8.528610E+02   1.0000E-099   1.4706E-013   2.0021E-006   1.0000E+000
    8.661820E+02   1.0000E-099   1.4706E-013   2.0021E-006   1.0000E+000
    8.934513E+02   1.0000E-099   1.4706E-013   2.0021E-006   1.0000E+000
    9.472405E+02   1.0000E-099   1.4707E-013   2.0022E-006   1.0000E+000
    1.007109E+03   1.0000E-099   1.4711E-013   2.0024E-006   1.0000E+000
    1.070759E+03   1.0000E-099   1.4707E-013   2.0020E-006   1.0000E+000
    1.138432E+03   1.0000E-099   1.4614E-013   1.9958E-006   1.0000E+000
    1.210381E+03   1.0000E-099   1.4297E-013   1.9773E-006   1.0000E+000
    1.286878E+03   1.0000E-099   1.3085E-013   1.9120E-006   1.0000E+000
    1.368209E+03   1.0000E-099   9.0824E-014   1.6547E-006   1.0000E+000
    1.454681E+03   1.0000E-099   6.1930E-014   1.4285E-006   1.0000E+000
    1.546618E+03   1.0000E-099   5.2588E-014   1.3405E-006   1.0000E+000
    1.644365E+03   1.0000E-099   4.2698E-014   1.2347E-006   1.0000E+000
    1.748290E+03   1.0000E-099   3.1049E-014   1.0885E-006   1.0000E+000
    1.858783E+03   1.0000E-099   2.2345E-014   9.4612E-007   1.0000E+000
    1.976259E+03   1.0000E-099   1.6292E-014   8.3220E-007   1.0000E+000
    2.101160E+03   1.0000E-099   1.1625E-014   7.2253E-007   1.0000E+000
    2.233954E+03   1.0000E-099   8.2214E-015   6.2640E-007   1.0000E+000
    2.375142E+03   1.0000E-099   5.8835E-015   5.4429E-007   1.0000E+000
    2.525252E+03   1.0000E-099   4.4654E-015   4.8338E-007   1.0000E+000
    2.684850E+03   1.0000E-099   3.6391E-015   4.4049E-007   1.0000E+000
    2.854534E+03   1.0000E-099   3.2418E-015   4.1402E-007   1.0000E+000
    3.034942E+03   1.0000E-099   3.1031E-015   3.9737E-007   1.0000E+000
    3.226752E+03   1.0000E-099   3.6211E-015   4.1383E-007   1.0000E+000
    3.430685E+03   1.0000E-099   4.1480E-015   4.1112E-007   1.0000E+000
    3.647506E+03   1.0000E-099   9.5142E-015   5.8226E-007   1.0000E+000
    3.878031E+03   1.0000E-099   2.1861E-014   8.6790E-007   1.0000E+000
    4.123125E+03   1.0000E-099   2.5355E-014   8.2797E-007   1.0000E+000
    4.383709E+03   1.0000E-099   4.1929E-014   9.9230E-007   1.0000E+000
    4.660762E+03   1.0000E-099   4.4328E-014   1.0072E-006   1.0000E+000
    4.955325E+03   1.0000E-099   3.8408E-014   9.3813E-007   1.0000E+000
    5.268505E+03   1.0000E-099   3.1165E-014   8.4876E-007   1.0000E+000
    5.601477E+03   1.0000E-099   2.6760E-014   7.8631E-007   1.0000E+000
    5.955494E+03   1.0000E-099   2.5094E-014   7.6024E-007   1.0000E+000
    6.331885E+03   1.0000E-099   2.6549E-014   7.7639E-007   1.0000E+000
    6.732064E+03   1.0000E-099   2.9913E-014   8.1553E-007   1.0000E+000
    7.157534E+03   1.0000E-099   3.6471E-014   8.9324E-007   1.0000E+000
    7.609895E+03   1.0000E-099   4.6564E-014   1.0031E-006   1.0000E+000
    8.090845E+03   1.0000E-099   6.8086E-014   1.2111E-006   1.0000E+000
    8.602191E+03   1.0000E-099   1.4049E-013   1.7700E-006   1.0000E+000
    9.145855E+03   1.0000E-099   1.0491E-012   5.4627E-006   9.9999E-001
    9.716757E+03   1.0000E-099   5.7538E-011   6.4030E-005   9.9994E-001
    1.017136E+04   1.0000E-099   5.3477E-009   1.3358E-003   9.9866E-001
    1.058976E+04   1.0000E-099   1.5419E-006   6.1490E-002   9.3851E-001
    1.103681E+04   1.0000E-099   7.5500E-004   9.8435E-001   1.4893E-002
    1.143091E+04   1.0000E-099   2.2383E-002   9.7760E-001   2.1231E-005
    1.169743E+04   1.0000E-099   9.8272E-002   9.0173E-001   1.3830E-006
    1.185375E+04   1.0000E-099   1.8490E-001   8.1510E-001   2.9079E-007
    1.195751E+04   1.0000E-099   3.2379E-001   6.7621E-001   4.3940E-008
    1.203767E+04   1.0000E-099   5.1607E-001   4.8393E-001   4.1827E-009
    1.210835E+04   1.0000E-099   6.8641E-001   3.1359E-001   4.2655E-010
    1.217533E+04   1.0000E-099   8.0350E-001   1.9650E-001   5.4672E-011
    1.224092E+04   1.0000E-099   8.7352E-001   1.2648E-001   9.5457E-012
    1.231061E+04   1.0000E-099   9.1544E-001   8.4555E-002   2.1204E-012
    1.238832E+04   1.0000E-099   9.4096E-001   5.9040E-002   5.7727E-013
    1.249177E+04   1.0000E-099   9.5867E-001   4.1326E-002   1.6045E-013
    1.273320E+04   1.0000E-099   9.7436E-001   2.5638E-002   2.7467E-014
    1.314431E+04   1.0000E-099   9.8278E-001   1.7222E-002   5.6736E-015
    1.356973E+04   1.0000E-099   9.8858E-001   1.1416E-002   1.2057E-015
    1.397745E+04   1.0000E-099   9.9398E-001   6.0157E-003   1.6433E-016
    1.437971E+04   1.0000E-099   9.9742E-001   2.5810E-003   1.7752E-017
    1.481384E+04   1.0000E-099   9.9907E-001   9.2914E-004   1.2091E-018
    1.527443E+04   1.0000E-099   9.9972E-001   2.8446E-004   4.4531E-020
    1.573281E+04   1.0000E-099   9.9990E-001   9.8750E-005   2.1072E-021
    1.619433E+04   1.0000E-099   9.9996E-001   4.4454E-005   1.6832E-022
    1.667669E+04   1.0000E-099   9.9998E-001   2.0305E-005   1.5010E-023
    1.717287E+04   1.0000E-099   9.9999E-001   9.8960E-006   1.6365E-024
    1.768426E+04   1.0000E-099   9.9999E-001   6.9908E-006   3.2989E-025
    1.825695E+04   1.0000E-099   9.9999E-001   6.7948E-006   1.2249E-025
    1.899553E+04   1.0000E-099   9.9999E-001   6.1163E-006   3.7311E-026
    1.999671E+04   1.0000E-099   9.9999E-001   7.9806E-006   5.8309E-026
    2.125276E+04   1.0000E-099   9.9999E-001   1.3902E-005   3.9778E-025
    2.259595E+04   1.0000E-099   9.9998E-001   1.9702E-005   2.0818E-024
    2.402403E+04   1.0000E-099   9.9996E-001   3.6006E-005   1.2089E-023
    2.554236E+04   1.0000E-099   9.9993E-001   6.6348E-005   4.7395E-023
    2.715756E+04   1.0000E-099   9.9989E-001   1.0801E-004   1.2378E-022
    2.877497E+04   1.0000E-099   9.9972E-001   2.8370E-004   1.2277E-021
    3.035869E+04   1.0000E-099   9.9946E-001   5.3851E-004   7.0125E-021
    3.187471E+04   1.0000E-099   9.9920E-001   8.0451E-004   2.4849E-020
    3.324789E+04   1.0000E-099   9.9902E-001   9.7799E-004   5.2957E-020
    3.445101E+04   1.0000E-099   9.9873E-001   1.2720E-003   1.4085E-019
    3.554577E+04   1.0000E-099   9.9810E-001   1.8975E-003   4.9785E-019
    3.658462E+04   1.0000E-099   9.9697E-001   3.0259E-003   1.7947E-018
    3.762248E+04   1.0000E-099   9.9519E-001   4.8070E-003   5.6791E-018
    3.867668E+04   1.0000E-099   9.9294E-001   7.0597E-003   1.4120E-017
    3.975213E+04   1.0000E-099   9.9048E-001   9.5176E-003   2.9290E-017
    4.084453E+04   1.0000E-099   9.8816E-001   1.1844E-002   5.2023E-017
    4.195824E+04   1.0000E-099   9.8634E-001   1.3664E-002   8.1511E-017
    4.309818E+04   1.0000E-099   9.8517E-001   1.4832E-002   1.1206E-016
    4.426979E+04   1.0000E-099   9.8453E-001   1.5467E-002   1.3916E-016
    4.547749E+04   1.0000E-099   9.8414E-001   1.5856E-002   1.6158E-016
    4.672340E+04   1.0000E-099   9.8370E-001   1.6299E-002   1.8207E-016
    4.800748E+04   1.0000E-099   9.8307E-001   1.6933E-002   2.0306E-016
    4.932825E+04   1.0000E-099   9.8221E-001   1.7788E-002   2.2559E-016
    5.068335E+04   1.0000E-099   9.8106E-001   1.8936E-002   2.5107E-016
    5.207013E+04   1.0000E-099   9.7961E-001   2.0386E-002   2.7936E-016
    5.348629E+04   1.0000E-099   9.7811E-001   2.1891E-002   3.0572E-016
    5.492827E+04   1.0000E-099   9.7691E-001   2.3092E-002   3.2436E-016
    5.639439E+04   1.0000E-099   9.7622E-001   2.3779E-002   3.3260E-016
    5.787868E+04   1.0000E-099   9.7603E-001   2.3972E-002   3.3079E-016
    5.937786E+04   1.0000E-099   9.7621E-001   2.3790E-002   3.2094E-016
    6.087934E+04   1.0000E-099   9.7670E-001   2.3297E-002   3.0499E-016
    6.237552E+04   1.0000E-099   9.7746E-001   2.2538E-002   2.8521E-016
    6.384322E+04   1.0000E-099   9.7841E-001   2.1586E-002   2.6422E-016
    6.526864E+04   1.0000E-099   9.7952E-001   2.0478E-002   2.4287E-016
    6.661842E+04   1.0000E-099   9.8066E-001   1.9344E-002   2.2246E-016
    6.787517E+04   1.0000E-099   9.8202E-001   1.7978E-002   1.9969E-016
    6.900452E+04   1.0000E-099   9.8359E-001   1.6410E-002   1.7102E-016
    6.951650E+04   1.0000E-099   9.8520E-001   1.4800E-002   1.4004E-016
    6.977391E+04   1.0000E-099   9.8616E-001   1.3841E-002   1.1699E-016
    6.990298E+04   1.0000E-099   9.8699E-001   1.3008E-002   9.5677E-017
    6.996760E+04   1.0000E-099   9.8761E-001   1.2390E-002   7.9501E-017
    6.999832E+04   1.0000E-099   9.8799E-001   1.2011E-002   6.8600E-017
    6.999993E+04   1.0000E-099   9.8807E-001   1.1927E-002   6.7148E-017
#TIME:     0.806
#NVEL: 115
#vel_mid[km/s]           ti0           ti1           ti2           ti3
    8.484664E+02   1.0000E-099   1.2168E-013   1.7758E-006   1.0000E+000
    8.540175E+02   1.0000E-099   1.2168E-013   1.7758E-006   1.0000E+000
    8.708899E+02   1.0000E-099   1.2168E-013   1.7758E-006   1.0000E+000
    9.056412E+02   1.0000E-099   1.2168E-013   1.7758E-006   1.0000E+000
    9.639886E+02   1.0000E-099   1.2169E-013   1.7759E-006   1.0000E+000
    1.024912E+03   1.0000E-099   1.2172E-013   1.7761E-006   1.0000E+000
    1.089687E+03   1.0000E-099   1.2138E-013   1.7736E-006   1.0000E+000
    1.158556E+03   1.0000E-099   1.1973E-013   1.7626E-006   1.0000E+000
    1.231778E+03   1.0000E-099   1.1298E-013   1.7197E-006   1.0000E+000
    1.309627E+03   1.0000E-099   9.3691E-014   1.5957E-006   1.0000E+000
    1.392396E+03   1.0000E-099   6.3979E-014   1.3709E-006   1.0000E+000
    1.480396E+03   1.0000E-099   4.7265E-014   1.2196E-006   1.0000E+000
    1.573958E+03   1.0000E-099   3.9067E-014   1.1305E-006   1.0000E+000
    1.673433E+03   1.0000E-099   3.0300E-014   1.0215E-006   1.0000E+000
    1.779195E+03   1.0000E-099   2.2068E-014   8.9864E-007   1.0000E+000
    1.891642E+03   1.0000E-099   1.5657E-014   7.7699E-007   1.0000E+000
    2.011195E+03   1.0000E-099   1.1325E-014   6.8052E-007   1.0000E+000
    2.138303E+03   1.0000E-099   7.9323E-015   5.8637E-007   1.0000E+000
    2.273445E+03   1.0000E-099   5.5993E-015   5.0776E-007   1.0000E+000
    2.417128E+03   1.0000E-099   4.0549E-015   4.4311E-007   1.0000E+000
    2.569892E+03   1.0000E-099   3.1370E-015   3.9635E-007   1.0000E+000
    2.732311E+03   1.0000E-099   2.6295E-015   3.6492E-007   1.0000E+000
    2.904995E+03   1.0000E-099   2.3943E-015   3.4524E-007   1.0000E+000
    3.088592E+03   1.0000E-099   2.4323E-015   3.3977E-007   1.0000E+000
    3.283793E+03   1.0000E-099   2.7465E-015   3.4444E-007   1.0000E+000
    3.491331E+03   1.0000E-099   4.0890E-015   3.8883E-007   1.0000E+000
    3.711985E+03   1.0000E-099   8.9930E-015   5.4782E-007   1.0000E+000
    3.946585E+03   1.0000E-099   1.7916E-014   7.4745E-007   1.0000E+000
    4.196011E+03   1.0000E-099   2.4692E-014   7.7723E-007   1.0000E+000
    4.461202E+03   1.0000E-099   3.6914E-014   9.1181E-007   1.0000E+000
    4.743153E+03   1.0000E-099   3.9548E-014   9.3624E-007   1.0000E+000
    5.042923E+03   1.0000E-099   3.3414E-014   8.6191E-007   1.0000E+000
    5.361639E+03   1.0000E-099   2.7545E-014   7.8437E-007   1.0000E+000
    5.700497E+03   1.0000E-099   2.4183E-014   7.3452E-007   1.0000E+000
    6.060772E+03   1.0000E-099   2.3707E-014   7.2552E-007   1.0000E+000
    6.443817E+03   1.0000E-099   2.5646E-014   7.5027E-007   1.0000E+000
    6.851070E+03   1.0000E-099   2.9984E-014   8.0627E-007   1.0000E+000
    7.284062E+03   1.0000E-099   3.7637E-014   9.0052E-007   1.0000E+000
    7.744419E+03   1.0000E-099   5.0760E-014   1.0468E-006   1.0000E+000
    8.233871E+03   1.0000E-099   8.0615E-014   1.3325E-006   1.0000E+000
    8.754256E+03   1.0000E-099   2.2792E-013   2.3649E-006   1.0000E+000
    9.307531E+03   1.0000E-099   2.8447E-012   1.0431E-005   9.9999E-001
    9.857056E+03   1.0000E-099   2.3637E-010   1.7499E-004   9.9983E-001
    1.026219E+04   1.0000E-099   2.2963E-008   3.9067E-003   9.9609E-001
    1.066046E+04   1.0000E-099   5.8446E-006   1.6283E-001   8.3716E-001
    1.108456E+04   1.0000E-099   1.3599E-003   9.9495E-001   3.6860E-003
    1.145920E+04   1.0000E-099   3.4383E-002   9.6561E-001   6.7701E-006
    1.170019E+04   1.0000E-099   1.3077E-001   8.6922E-001   5.2434E-007
    1.184807E+04   1.0000E-099   2.2846E-001   7.7154E-001   1.1957E-007
    1.194895E+04   1.0000E-099   3.7787E-001   6.2213E-001   1.8630E-008
    1.202846E+04   1.0000E-099   5.8900E-001   4.1100E-001   1.4144E-009
    1.209713E+04   1.0000E-099   7.6221E-001   2.3779E-001   1.0416E-010
    1.216131E+04   1.0000E-099   8.6060E-001   1.3940E-001   1.1745E-011
    1.222467E+04   1.0000E-099   9.1407E-001   8.5928E-002   1.9203E-012
    1.229131E+04   1.0000E-099   9.4551E-001   5.4487E-002   3.8093E-013
    1.236339E+04   1.0000E-099   9.6480E-001   3.5200E-002   8.4892E-014
    1.245100E+04   1.0000E-099   9.7797E-001   2.2032E-002   1.7538E-014
    1.259630E+04   1.0000E-099   9.8867E-001   1.1328E-002   1.9269E-015
    1.288977E+04   1.0000E-099   9.9618E-001   3.8228E-003   5.4720E-017
    1.326716E+04   1.0000E-099   9.9881E-001   1.1853E-003   1.4266E-018
    1.368028E+04   1.0000E-099   9.9963E-001   3.6828E-004   9.2369E-020
    1.412000E+04   1.0000E-099   9.9989E-001   1.1331E-004   1.0123E-020
    1.458947E+04   1.0000E-099   9.9997E-001   3.3643E-005   8.7842E-022
    1.507487E+04   1.0000E-099   9.9999E-001   8.5576E-006   4.0826E-023
    1.554368E+04   1.0000E-099   1.0000E+000   2.2759E-006   1.9716E-024
    1.599734E+04   1.0000E-099   1.0000E+000   8.8421E-007   1.9229E-025
    1.645628E+04   1.0000E-099   1.0000E+000   4.3481E-007   2.5749E-026
    1.692588E+04   1.0000E-099   1.0000E+000   2.3280E-007   3.8042E-027
    1.740008E+04   1.0000E-099   1.0000E+000   1.8298E-007   9.1955E-028
    1.790650E+04   1.0000E-099   1.0000E+000   2.5843E-007   4.8520E-028
    1.855795E+04   1.0000E-099   1.0000E+000   4.8696E-007   3.2744E-028
    1.953644E+04   1.0000E-099   1.0000E+000   1.0192E-006   5.4260E-028
    2.077905E+04   1.0000E-099   1.0000E+000   2.7074E-006   4.2491E-027
    2.209229E+04   1.0000E-099   9.9999E-001   5.0450E-006   3.4810E-026
    2.348854E+04   1.0000E-099   9.9999E-001   9.6310E-006   2.4410E-025
    2.497303E+04   1.0000E-099   9.9998E-001   2.1200E-005   1.4097E-024
    2.655134E+04   1.0000E-099   9.9996E-001   3.9523E-005   4.6176E-024
    2.823401E+04   1.0000E-099   9.9989E-001   1.0733E-004   4.4671E-023
    2.993365E+04   1.0000E-099   9.9974E-001   2.5660E-004   4.8361E-022
    3.153760E+04   1.0000E-099   9.9958E-001   4.2377E-004   2.5404E-021
    3.299099E+04   1.0000E-099   9.9947E-001   5.3481E-004   6.8085E-021
    3.426462E+04   1.0000E-099   9.9931E-001   6.9476E-004   2.0560E-020
    3.540831E+04   1.0000E-099   9.9894E-001   1.0591E-003   8.9073E-020
    3.648732E+04   1.0000E-099   9.9822E-001   1.7841E-003   4.2583E-019
    3.755144E+04   1.0000E-099   9.9697E-001   3.0309E-003   1.7967E-018
    3.862706E+04   1.0000E-099   9.9521E-001   4.7896E-003   5.7540E-018
    3.971922E+04   1.0000E-099   9.9305E-001   6.9529E-003   1.4731E-017
    4.082638E+04   1.0000E-099   9.9071E-001   9.2895E-003   3.1148E-017
    4.195195E+04   1.0000E-099   9.8860E-001   1.1396E-002   5.6013E-017
    4.310219E+04   1.0000E-099   9.8701E-001   1.2994E-002   8.5602E-017
    4.428215E+04   1.0000E-099   9.8593E-001   1.4069E-002   1.1497E-016
    4.549618E+04   1.0000E-099   9.8517E-001   1.4833E-002   1.4134E-016
    4.674647E+04   1.0000E-099   9.8443E-001   1.5574E-002   1.6608E-016
    4.803285E+04   1.0000E-099   9.8357E-001   1.6429E-002   1.9086E-016
    4.935417E+04   1.0000E-099   9.8256E-001   1.7441E-002   2.1645E-016
    5.070872E+04   1.0000E-099   9.8130E-001   1.8698E-002   2.4429E-016
    5.209387E+04   1.0000E-099   9.7978E-001   2.0222E-002   2.7432E-016
    5.350827E+04   1.0000E-099   9.7822E-001   2.1777E-002   3.0199E-016
    5.494800E+04   1.0000E-099   9.7699E-001   2.3009E-002   3.2161E-016
    5.641221E+04   1.0000E-099   9.7628E-001   2.3718E-002   3.3061E-016
    5.789415E+04   1.0000E-099   9.7607E-001   2.3928E-002   3.2935E-016
    5.939153E+04   1.0000E-099   9.7624E-001   2.3756E-002   3.1991E-016
    6.089052E+04   1.0000E-099   9.7673E-001   2.3272E-002   3.0426E-016
    6.238510E+04   1.0000E-099   9.7748E-001   2.2518E-002   2.8469E-016
    6.385045E+04   1.0000E-099   9.7843E-001   2.1572E-002   2.6386E-016
    6.527461E+04   1.0000E-099   9.7953E-001   2.0467E-002   2.4261E-016
    6.662249E+04   1.0000E-099   9.8066E-001   1.9335E-002   2.2228E-016
    6.787764E+04   1.0000E-099   9.8203E-001   1.7972E-002   1.9956E-016
    6.900561E+04   1.0000E-099   9.8360E-001   1.6404E-002   1.7092E-016
    6.951703E+04   1.0000E-099   9.8520E-001   1.4796E-002   1.3996E-016
    6.977416E+04   1.0000E-099   9.8616E-001   1.3838E-002   1.1692E-016
    6.990309E+04   1.0000E-099   9.8699E-001   1.3005E-002   9.5629E-017
    6.996763E+04   1.0000E-099   9.8761E-001   1.2389E-002   7.9471E-017
    6.999832E+04   1.0000E-099   9.8799E-001   1.2009E-002   6.8583E-017
    6.999993E+04   1.0000E-099   9.8807E-001   1.1926E-002   6.7132E-017
#TIME:     0.887
#NVEL: 115
#vel_mid[km/s]           ti0           ti1           ti2           ti3
    8.484664E+02   1.0000E-099   1.0138E-013   1.5832E-006   1.0000E+000
    8.550285E+02   1.0000E-099   1.0138E-013   1.5832E-006   1.0000E+000
    8.750210E+02   1.0000E-099   1.0138E-013   1.5832E-006   1.0000E+000
    9.164194E+02   1.0000E-099   1.0138E-013   1.5832E-006   1.0000E+000
    9.788524E+02   1.0000E-099   1.0138E-013   1.5832E-006   1.0000E+000
    1.040712E+03   1.0000E-099   1.0129E-013   1.5825E-006   1.0000E+000
    1.106486E+03   1.0000E-099   1.0047E-013   1.5765E-006   1.0000E+000
    1.176417E+03   1.0000E-099   9.7221E-014   1.5536E-006   1.0000E+000
    1.250767E+03   1.0000E-099   8.6912E-014   1.4808E-006   1.0000E+000
    1.329816E+03   1.0000E-099   6.7722E-014   1.3375E-006   1.0000E+000
    1.413861E+03   1.0000E-099   4.7553E-014   1.1610E-006   1.0000E+000
    1.503218E+03   1.0000E-099   3.6228E-014   1.0432E-006   1.0000E+000
    1.598223E+03   1.0000E-099   2.8964E-014   9.5276E-007   1.0000E+000
    1.699231E+03   1.0000E-099   2.1870E-014   8.5037E-007   1.0000E+000
    1.806624E+03   1.0000E-099   1.5867E-014   7.4566E-007   1.0000E+000
    1.920803E+03   1.0000E-099   1.1107E-014   6.4100E-007   1.0000E+000
    2.042199E+03   1.0000E-099   7.9306E-015   5.5798E-007   1.0000E+000
    2.171268E+03   1.0000E-099   5.4978E-015   4.7872E-007   1.0000E+000
    2.308493E+03   1.0000E-099   3.8920E-015   4.1484E-007   1.0000E+000
    2.454391E+03   1.0000E-099   2.8554E-015   3.6375E-007   1.0000E+000
    2.609510E+03   1.0000E-099   2.2531E-015   3.2777E-007   1.0000E+000
    2.774433E+03   1.0000E-099   1.9394E-015   3.0464E-007   1.0000E+000
    2.949779E+03   1.0000E-099   1.8107E-015   2.9085E-007   1.0000E+000
    3.136206E+03   1.0000E-099   1.8971E-015   2.8904E-007   1.0000E+000
    3.334417E+03   1.0000E-099   2.2305E-015   2.9654E-007   1.0000E+000
    3.545154E+03   1.0000E-099   3.8465E-015   3.6167E-007   1.0000E+000
    3.769210E+03   1.0000E-099   8.5433E-015   5.1445E-007   1.0000E+000
    4.007426E+03   1.0000E-099   1.6032E-014   6.7236E-007   1.0000E+000
    4.260698E+03   1.0000E-099   2.3344E-014   7.3103E-007   1.0000E+000
    4.529976E+03   1.0000E-099   3.3710E-014   8.5881E-007   1.0000E+000
    4.816274E+03   1.0000E-099   3.6218E-014   8.8663E-007   1.0000E+000
    5.120665E+03   1.0000E-099   3.0208E-014   8.1063E-007   1.0000E+000
    5.444294E+03   1.0000E-099   2.5307E-014   7.4263E-007   1.0000E+000
    5.788377E+03   1.0000E-099   2.2845E-014   7.0512E-007   1.0000E+000
    6.154206E+03   1.0000E-099   2.3186E-014   7.0905E-007   1.0000E+000
    6.543156E+03   1.0000E-099   2.5773E-014   7.4557E-007   1.0000E+000
    6.956687E+03   1.0000E-099   3.1190E-014   8.1974E-007   1.0000E+000
    7.396354E+03   1.0000E-099   4.0546E-014   9.3787E-007   1.0000E+000
    7.863808E+03   1.0000E-099   5.7812E-014   1.1315E-006   1.0000E+000
    8.360805E+03   1.0000E-099   1.0396E-013   1.5609E-006   1.0000E+000
    8.889213E+03   1.0000E-099   4.1034E-013   3.4459E-006   1.0000E+000
    9.452613E+03   1.0000E-099   8.5850E-012   2.2107E-005   9.9998E-001
    9.911633E+03   1.0000E-099   4.9838E-010   3.1434E-004   9.9969E-001
    1.025666E+04   1.0000E-099   3.6874E-008   5.8404E-003   9.9416E-001
    1.063251E+04   1.0000E-099   6.4841E-006   1.8997E-001   8.1002E-001
    1.104178E+04   1.0000E-099   1.1268E-003   9.9482E-001   4.0545E-003
    1.140357E+04   1.0000E-099   2.8132E-002   9.7186E-001   7.4093E-006
    1.166212E+04   1.0000E-099   1.4311E-001   8.5689E-001   3.0252E-007
    1.181968E+04   1.0000E-099   2.6085E-001   7.3915E-001   5.9637E-008
    1.192439E+04   1.0000E-099   4.2974E-001   5.7026E-001   8.3980E-009
    1.200433E+04   1.0000E-099   6.7584E-001   3.2416E-001   3.8426E-010
    1.207252E+04   1.0000E-099   8.4315E-001   1.5685E-001   1.6912E-011
    1.213615E+04   1.0000E-099   9.1637E-001   8.3635E-002   1.5555E-012
    1.219834E+04   1.0000E-099   9.5207E-001   4.7930E-002   2.1854E-013
    1.226330E+04   1.0000E-099   9.7191E-001   2.8093E-002   3.6055E-014
    1.233279E+04   1.0000E-099   9.8344E-001   1.6558E-002   6.3478E-015
    1.241499E+04   1.0000E-099   9.9072E-001   9.2843E-003   9.7736E-016
    1.254315E+04   1.0000E-099   9.9592E-001   4.0850E-003   7.0501E-017
    1.282934E+04   1.0000E-099   9.9917E-001   8.3399E-004   4.5362E-019
    1.322638E+04   1.0000E-099   9.9987E-001   1.2572E-004   1.2617E-021
    1.367464E+04   1.0000E-099   9.9998E-001   1.9373E-005   1.2769E-023
    1.415777E+04   1.0000E-099   1.0000E+000   3.1764E-006   1.2247E-024
    1.466368E+04   1.0000E-099   1.0000E+000   5.4863E-007   1.1454E-025
    1.516469E+04   1.0000E-099   1.0000E+000   9.1277E-008   5.8278E-027
    1.563737E+04   1.0000E-099   1.0000E+000   1.9583E-008   3.9430E-028
    1.608825E+04   1.0000E-099   1.0000E+000   7.9071E-009   6.2066E-029
    1.653823E+04   1.0000E-099   1.0000E+000   4.8532E-009   1.2734E-029
    1.698531E+04   1.0000E-099   1.0000E+000   3.5925E-009   2.9905E-030
    1.742613E+04   1.0000E-099   1.0000E+000   4.4838E-009   1.2638E-030
    1.788818E+04   1.0000E-099   1.0000E+000   1.0658E-008   1.2711E-030
    1.844225E+04   1.0000E-099   1.0000E+000   3.2861E-008   1.6115E-030
    1.926325E+04   1.0000E-099   1.0000E+000   1.2649E-007   5.7613E-030
