#NTIMES: 50
#NSTAGES 4
#TIMES[d]: 199.16 202.02 204.93 207.87 210.86 213.89 216.97 220.09 223.25 226.46 229.71 233.01 236.36 239.76 243.21 246.70 250.25 253.85 257.49 261.20 264.95 268.76 272.62 276.54 280.51 284.55 288.64 292.79 296.99 301.26 305.59 309.99 314.44 318.96 323.54 328.20 332.91 337.70 342.55 347.48 352.47 357.54 362.67 367.89 373.18 378.54 383.98 389.50 395.10 400.78
#
#TIME: 199.16
#NVEL 78
#vel_mid[km/s] ar0 ar1 ar2 ar3
1060.83 1.8093e-02 5.9202e-01 3.5168e-01 3.8207e-02
1919.29 2.0209e-02 6.1913e-01 3.2880e-01 3.1859e-02
2581.60 1.0077e-02 5.3669e-01 4.0258e-01 5.0652e-02
3084.17 2.5367e-03 3.4769e-01 5.6211e-01 8.7665e-02
3472.46 4.7805e-04 1.4731e-01 7.1466e-01 1.3755e-01
3909.64 1.7523e-04 9.8061e-02 7.2322e-01 1.7854e-01
4148.46 2.0170e-04 1.1006e-01 7.0812e-01 1.8162e-01
4670.75 2.7049e-04 1.3557e-01 6.8892e-01 1.7523e-01
4956.05 1.0273e-04 8.4822e-02 7.1527e-01 1.9981e-01
5258.79 1.9451e-05 3.5611e-02 7.2837e-01 2.3600e-01
5580.02 2.5818e-06 1.1827e-02 7.2637e-01 2.6180e-01
5920.87 5.9065e-07 5.5610e-03 7.1159e-01 2.8285e-01
6282.54 2.4060e-07 3.4008e-03 6.8517e-01 3.1142e-01
6666.30 2.1330e-07 3.1727e-03 6.7867e-01 3.1816e-01
7073.50 2.2421e-07 3.6037e-03 6.6902e-01 3.2738e-01
7505.58 2.0313e-07 3.5638e-03 6.5460e-01 3.4184e-01
7964.05 3.2640e-07 4.3404e-03 6.5830e-01 3.3736e-01
8450.53 1.4350e-06 9.9977e-03 6.6887e-01 3.2113e-01
8966.72 6.2434e-06 2.4826e-02 6.7104e-01 3.0413e-01
9514.44 2.5954e-05 5.0602e-02 6.6227e-01 2.8710e-01
10095.62 7.6408e-05 8.8876e-02 6.5224e-01 2.5881e-01
10712.30 1.7525e-04 1.3416e-01 6.2830e-01 2.3737e-01
11366.65 3.7794e-04 1.7111e-01 6.0634e-01 2.2217e-01
12061.10 3.8034e-04 1.8423e-01 5.9205e-01 2.2333e-01
12793.43 5.2792e-04 2.2705e-01 5.5826e-01 2.1416e-01
13528.61 4.4296e-04 1.8843e-01 5.8141e-01 2.2972e-01
14194.74 1.7912e-04 1.3283e-01 6.1149e-01 2.5551e-01
14757.77 3.6472e-04 1.1966e-01 6.1038e-01 2.6960e-01
15240.48 1.1382e-04 4.3713e-02 6.9805e-01 2.5812e-01
15646.99 1.0331e-04 4.4546e-02 7.6147e-01 1.9388e-01
15960.30 1.6954e-04 4.8034e-02 8.1404e-01 1.3776e-01
16187.41 1.6068e-04 4.9627e-02 8.3509e-01 1.1512e-01
16354.17 2.0827e-04 4.6904e-02 8.3576e-01 1.1713e-01
16484.18 1.0863e-04 4.7425e-02 8.3222e-01 1.2025e-01
16593.12 2.7037e-05 2.2488e-02 8.5850e-01 1.1899e-01
16691.99 1.0538e-05 1.7914e-02 8.3433e-01 1.4774e-01
16788.59 1.3148e-05 1.3113e-02 8.2928e-01 1.5760e-01
16888.37 1.2076e-05 1.7827e-02 8.1498e-01 1.6718e-01
16998.79 2.6748e-05 2.4386e-02 8.0444e-01 1.7115e-01
17146.37 5.2841e-06 8.8446e-03 8.2114e-01 1.7001e-01
17415.23 3.0080e-06 8.7797e-03 8.0442e-01 1.8680e-01
17888.12 2.7426e-06 7.5293e-03 7.5317e-01 2.3929e-01
18532.37 1.1252e-06 3.9341e-03 7.2825e-01 2.6782e-01
19260.76 4.3476e-07 2.6572e-03 6.9356e-01 3.0379e-01
20034.10 2.6992e-07 2.4307e-03 6.5035e-01 3.4722e-01
20838.00 1.6686e-07 1.8353e-03 6.3677e-01 3.6139e-01
21647.97 3.1272e-07 1.5667e-03 5.9608e-01 4.0235e-01
22447.94 9.4179e-08 9.3911e-04 5.1544e-01 4.8362e-01
23245.88 2.2785e-07 1.7806e-03 4.5152e-01 5.4670e-01
24052.47 3.7677e-07 1.2951e-03 4.2830e-01 5.7040e-01
24867.72 7.9427e-08 5.5413e-04 3.6973e-01 6.2971e-01
25698.86 1.3862e-07 9.6677e-04 3.4540e-01 6.5363e-01
26587.16 5.2828e-08 5.3908e-04 3.1462e-01 6.8485e-01
27637.54 3.0164e-08 4.5849e-04 2.8332e-01 7.1622e-01
28986.97 7.4200e-08 9.7889e-04 2.7821e-01 7.2081e-01
#TIME: 202.02
#NVEL 78
#vel_mid[km/s] ar0 ar1 ar2 ar3
1060.83 2.1076e-02 5.8589e-01 3.5445e-01 3.8585e-02
1919.29 1.5815e-02 6.1415e-01 3.3637e-01 3.3662e-02
2581.60 9.2984e-03 5.3887e-01 4.0147e-01 5.0364e-02
3084.17 2.9242e-03 3.5302e-01 5.5720e-01 8.6856e-02
3472.46 5.1702e-04 1.4932e-01 7.1326e-01 1.3691e-01
3909.64 1.5364e-04 9.8587e-02 7.2215e-01 1.7911e-01
4148.46 1.9101e-04 1.0637e-01 7.1110e-01 1.8234e-01
4670.75 2.4899e-04 1.2736e-01 6.9525e-01 1.7714e-01
4956.05 1.0604e-04 8.7070e-02 7.1185e-01 2.0098e-01
5258.79 1.8778e-05 3.5172e-02 7.2843e-01 2.3638e-01
5580.02 2.5695e-06 1.1900e-02 7.2538e-01 2.6271e-01
5920.87 5.5228e-07 5.2005e-03 7.1049e-01 2.8431e-01
6282.54 2.8529e-07 3.9358e-03 6.8829e-01 3.0777e-01
6666.30 1.9957e-07 3.2843e-03 6.7792e-01 3.1880e-01
7073.50 2.4049e-07 3.5910e-03 6.7386e-01 3.2255e-01
7505.58 2.4522e-07 3.6863e-03 6.6348e-01 3.3283e-01
7964.05 3.2389e-07 4.3943e-03 6.5848e-01 3.3712e-01
8450.53 1.3398e-06 9.3228e-03 6.7261e-01 3.1807e-01
8966.72 5.7480e-06 2.1828e-02 6.7535e-01 3.0281e-01
9514.44 2.6012e-05 4.7968e-02 6.6537e-01 2.8664e-01
10095.62 8.3891e-05 8.8368e-02 6.4854e-01 2.6301e-01
10712.30 1.8248e-04 1.3651e-01 6.2538e-01 2.3793e-01
11366.65 2.9933e-04 1.9068e-01 5.9070e-01 2.1832e-01
12061.10 3.7140e-04 1.9274e-01 5.8795e-01 2.1894e-01
12793.43 4.1964e-04 1.9767e-01 5.8175e-01 2.2016e-01
13528.61 4.4354e-04 2.0665e-01 5.6453e-01 2.2838e-01
14194.74 2.9208e-04 1.3375e-01 6.1001e-01 2.5595e-01
14757.77 3.1086e-04 1.2265e-01 6.1531e-01 2.6173e-01
15240.48 2.1145e-04 1.0355e-01 6.5234e-01 2.4389e-01
15646.99 1.5271e-04 6.8263e-02 7.4393e-01 1.8765e-01
15960.30 1.6101e-04 4.9094e-02 8.1521e-01 1.3554e-01
16187.41 2.2281e-04 7.6146e-02 8.1086e-01 1.1277e-01
16354.17 1.2207e-04 5.4378e-02 8.4455e-01 1.0095e-01
16484.18 4.7359e-05 2.6215e-02 8.5440e-01 1.1934e-01
16593.12 3.2967e-05 2.3697e-02 8.3769e-01 1.3858e-01
16691.99 3.0492e-05 2.1168e-02 8.2791e-01 1.5089e-01
16788.59 1.2605e-05 1.0729e-02 8.3218e-01 1.5708e-01
16888.37 1.2236e-05 1.6902e-02 8.2179e-01 1.6129e-01
16998.79 3.0882e-05 2.0507e-02 8.0414e-01 1.7532e-01
17146.37 8.5551e-06 9.8029e-03 8.0560e-01 1.8459e-01
17415.23 2.3882e-06 6.0499e-03 7.9566e-01 1.9829e-01
17888.12 1.9485e-06 6.4917e-03 7.5726e-01 2.3624e-01
18532.37 1.3914e-06 4.6480e-03 7.3631e-01 2.5904e-01
19260.76 5.3549e-07 3.4557e-03 6.9716e-01 2.9938e-01
20034.10 2.5842e-07 1.6596e-03 6.5193e-01 3.4641e-01
20838.00 1.2508e-07 1.4058e-03 6.1561e-01 3.8299e-01
21647.97 2.6294e-07 1.7258e-03 5.8502e-01 4.1326e-01
22447.94 8.1104e-08 9.6304e-04 5.4966e-01 4.4937e-01
23245.88 1.2451e-07 1.5610e-03 4.5640e-01 5.4204e-01
24052.47 1.3052e-08 2.7038e-04 4.0499e-01 5.9473e-01
24867.72 2.1646e-07 1.2069e-03 3.9511e-01 6.0368e-01
25698.86 2.2723e-06 3.1783e-02 3.2745e-01 6.4077e-01
26587.16 1.8277e-07 2.1445e-03 2.4544e-01 7.5241e-01
27637.54 2.9784e-07 1.0443e-03 3.0664e-01 6.9232e-01
28986.97 4.3353e-08 3.5912e-04 2.6562e-01 7.3402e-01
#TIME: 204.93
#NVEL 78
#vel_mid[km/s] ar0 ar1 ar2 ar3
1060.83 2.7970e-02 5.9724e-01 3.3949e-01 3.5300e-02
1919.29 1.8637e-02 6.1889e-01 3.2972e-01 3.2758e-02
2581.60 9.1499e-03 5.4018e-01 4.0063e-01 5.0048e-02
3084.17 2.8480e-03 3.5344e-01 5.5721e-01 8.6501e-02
3472.46 5.1642e-04 1.4915e-01 7.1292e-01 1.3742e-01
3909.64 1.7400e-04 1.0163e-01 7.1999e-01 1.7821e-01
4148.46 1.7137e-04 1.1548e-01 7.0283e-01 1.8152e-01
4670.75 2.3420e-04 1.3119e-01 6.9386e-01 1.7472e-01
4956.05 1.0329e-04 7.8198e-02 7.1919e-01 2.0251e-01
5258.79 2.0183e-05 3.5307e-02 7.2890e-01 2.3578e-01
5580.02 2.5436e-06 1.1904e-02 7.2396e-01 2.6414e-01
5920.87 5.4068e-07 5.2415e-03 7.0777e-01 2.8699e-01
6282.54 2.4620e-07 3.5638e-03 6.8032e-01 3.1611e-01
6666.30 2.0529e-07 3.2492e-03 6.7760e-01 3.1915e-01
7073.50 2.3118e-07 3.5618e-03 6.7463e-01 3.2181e-01
7505.58 2.5486e-07 3.6084e-03 6.6101e-01 3.3538e-01
7964.05 3.0953e-07 4.2555e-03 6.5843e-01 3.3732e-01
8450.53 1.3670e-06 9.2777e-03 6.7166e-01 3.1906e-01
8966.72 5.8336e-06 2.0983e-02 6.7592e-01 3.0309e-01
9514.44 2.3085e-05 4.4337e-02 6.6767e-01 2.8797e-01
10095.62 6.8022e-05 8.8687e-02 6.5008e-01 2.6117e-01
10712.30 1.5309e-04 1.1973e-01 6.3955e-01 2.4057e-01
11366.65 3.3460e-04 1.6344e-01 6.1176e-01 2.2447e-01
12061.10 4.5371e-04 1.9904e-01 5.8188e-01 2.1863e-01
12793.43 6.8847e-04 2.3502e-01 5.5113e-01 2.1316e-01
13528.61 4.0940e-04 1.7153e-01 5.9104e-01 2.3702e-01
14194.74 3.6507e-04 1.7484e-01 5.8140e-01 2.4340e-01
14757.77 1.6887e-04 9.6658e-02 6.3013e-01 2.7304e-01
15240.48 8.9137e-05 5.0706e-02 7.0066e-01 2.4855e-01
15646.99 1.9165e-04 8.0847e-02 7.3315e-01 1.8581e-01
15960.30 1.4967e-04 6.0351e-02 8.0554e-01 1.3396e-01
16187.41 2.2577e-04 6.2188e-02 8.2149e-01 1.1609e-01
16354.17 1.4952e-04 6.4936e-02 8.2565e-01 1.0926e-01
16484.18 5.9485e-05 2.5704e-02 8.5310e-01 1.2114e-01
16593.12 3.5020e-05 3.4910e-02 8.4257e-01 1.2249e-01
16691.99 5.2281e-05 2.4654e-02 8.2016e-01 1.5513e-01
16788.59 9.0964e-06 1.1914e-02 8.3948e-01 1.4860e-01
16888.37 8.5389e-06 1.1172e-02 8.1993e-01 1.6889e-01
16998.79 1.5238e-05 1.8410e-02 8.1954e-01 1.6204e-01
17146.37 1.6077e-05 1.8503e-02 7.9403e-01 1.8745e-01
17415.23 3.1155e-06 7.3900e-03 7.9281e-01 1.9980e-01
17888.12 1.6448e-06 4.6873e-03 7.6337e-01 2.3194e-01
18532.37 7.0725e-07 3.2403e-03 7.3787e-01 2.5889e-01
19260.76 1.5068e-06 4.6222e-03 7.0703e-01 2.8834e-01
20034.10 1.8765e-07 1.5614e-03 6.5719e-01 3.4124e-01
20838.00 2.1079e-07 1.9751e-03 6.1984e-01 3.7819e-01
21647.97 2.0349e-07 1.4943e-03 5.8287e-01 4.1563e-01
22447.94 9.9370e-08 1.1885e-03 5.2239e-01 4.7642e-01
23245.88 1.0456e-05 2.6979e-02 4.7206e-01 5.0095e-01
24052.47 3.5376e-07 4.6029e-03 4.2451e-01 5.7088e-01
24867.72 1.2301e-07 7.5051e-04 3.8409e-01 6.1516e-01
25698.86 1.1273e-06 2.2907e-03 3.6720e-01 6.3051e-01
26587.16 4.5237e-07 5.0381e-03 2.9534e-01 6.9962e-01
27637.54 9.5154e-07 8.2422e-03 2.6951e-01 7.2224e-01
28986.97 1.7381e-06 1.4663e-02 2.4772e-01 7.3761e-01
#TIME: 207.87
#NVEL 78
#vel_mid[km/s] ar0 ar1 ar2 ar3
1060.83 1.1751e-02 6.0167e-01 3.4982e-01 3.6749e-02
1919.29 1.6443e-02 6.2191e-01 3.2930e-01 3.2341e-02
2581.60 9.3823e-03 5.4016e-01 4.0086e-01 4.9593e-02
3084.17 2.8392e-03 3.5012e-01 5.6015e-01 8.6892e-02
3472.46 5.0434e-04 1.4979e-01 7.1357e-01 1.3613e-01
3909.64 1.9243e-04 9.7742e-02 7.2452e-01 1.7754e-01
4148.46 1.9504e-04 1.0126e-01 7.1472e-01 1.8382e-01
4670.75 2.5848e-04 1.2797e-01 6.9613e-01 1.7564e-01
4956.05 1.0981e-04 9.2401e-02 7.0835e-01 1.9913e-01
5258.79 1.8649e-05 3.3345e-02 7.3056e-01 2.3608e-01
5580.02 2.4040e-06 1.1706e-02 7.2757e-01 2.6072e-01
5920.87 5.3226e-07 5.2619e-03 7.1013e-01 2.8461e-01
6282.54 2.5023e-07 3.5811e-03 6.8416e-01 3.1226e-01
6666.30 2.0636e-07 3.2552e-03 6.7788e-01 3.1886e-01
7073.50 2.1474e-07 3.3517e-03 6.7413e-01 3.2252e-01
7505.58 2.4118e-07 3.5334e-03 6.5506e-01 3.4141e-01
7964.05 3.1529e-07 4.4559e-03 6.5902e-01 3.3653e-01
8450.53 1.4406e-06 1.0342e-02 6.6904e-01 3.2061e-01
8966.72 6.2529e-06 2.2878e-02 6.7409e-01 3.0303e-01
9514.44 2.2229e-05 4.3688e-02 6.6732e-01 2.8897e-01
10095.62 6.5565e-05 7.8468e-02 6.5839e-01 2.6308e-01
10712.30 1.7965e-04 1.3810e-01 6.2492e-01 2.3680e-01
11366.65 3.1501e-04 1.7237e-01 6.0469e-01 2.2263e-01
12061.10 3.7414e-04 2.0062e-01 5.8238e-01 2.1663e-01
12793.43 4.8926e-04 2.2604e-01 5.6067e-01 2.1280e-01
13528.61 5.4756e-04 2.0100e-01 5.7498e-01 2.2348e-01
14194.74 3.1214e-04 1.4576e-01 6.0542e-01 2.4851e-01
14757.77 1.2463e-04 1.0164e-01 6.3169e-01 2.6655e-01
15240.48 1.1283e-04 5.4608e-02 7.0088e-01 2.4440e-01
15646.99 1.7362e-04 6.3415e-02 7.4499e-01 1.9143e-01
15960.30 1.5220e-04 6.5918e-02 7.9975e-01 1.3418e-01
16187.41 1.8978e-04 6.3261e-02 8.2268e-01 1.1387e-01
16354.17 2.8624e-04 8.6071e-02 8.0739e-01 1.0626e-01
16484.18 5.4332e-05 2.5174e-02 8.5619e-01 1.1858e-01
16593.12 6.5560e-05 3.5944e-02 8.3445e-01 1.2954e-01
16691.99 4.8022e-05 3.9689e-02 8.1484e-01 1.4542e-01
16788.59 2.8169e-05 3.4084e-02 8.1056e-01 1.5533e-01
16888.37 2.5601e-05 3.1054e-02 8.0525e-01 1.6367e-01
16998.79 2.2288e-05 1.7881e-02 8.0781e-01 1.7429e-01
17146.37 4.5859e-05 3.5471e-02 7.8506e-01 1.7943e-01
17415.23 1.0653e-05 1.2566e-02 7.8769e-01 1.9973e-01
17888.12 2.3459e-06 6.1189e-03 7.6351e-01 2.3037e-01
18532.37 1.1801e-06 3.7615e-03 7.3553e-01 2.6071e-01
19260.76 1.3533e-06 3.5746e-03 7.1110e-01 2.8532e-01
20034.10 4.3048e-07 2.4864e-03 6.5331e-01 3.4420e-01
20838.00 2.3702e-07 1.5642e-03 6.4213e-01 3.5631e-01
21647.97 1.7771e-07 1.3009e-03 5.8715e-01 4.1155e-01
22447.94 7.3070e-08 8.5065e-04 5.3461e-01 4.6454e-01
23245.88 7.2202e-08 1.0143e-03 4.6558e-01 5.3340e-01
24052.47 2.2870e-07 1.3027e-03 4.2483e-01 5.7387e-01
24867.72 9.7559e-07 4.1734e-03 3.8243e-01 6.1339e-01
25698.86 3.2686e-07 1.7270e-03 3.7435e-01 6.2392e-01
26587.16 2.3569e-07 1.9448e-03 3.2629e-01 6.7177e-01
27637.54 2.9732e-06 2.0130e-02 2.7748e-01 7.0238e-01
28986.97 9.1463e-07 1.5851e-02 2.6328e-01 7.2087e-01
#TIME: 210.86
#NVEL 78
#vel_mid[km/s] ar0 ar1 ar2 ar3
1060.83 2.0662e-02 6.0676e-01 3.3806e-01 3.4517e-02
1919.29 1.8401e-02 6.2499e-01 3.2508e-01 3.1529e-02
2581.60 9.1376e-03 5.4268e-01 3.9866e-01 4.9521e-02
3084.17 2.7062e-03 3.5743e-01 5.5406e-01 8.5805e-02
3472.46 5.0738e-04 1.5450e-01 7.0909e-01 1.3590e-01
3909.64 1.4689e-04 8.9293e-02 7.3167e-01 1.7889e-01
4148.46 2.3428e-04 1.0686e-01 7.1146e-01 1.8144e-01
4670.75 2.6323e-04 1.3082e-01 6.9444e-01 1.7447e-01
4956.05 1.1310e-04 8.0265e-02 7.1896e-01 2.0066e-01
5258.79 2.3803e-05 3.7276e-02 7.2768e-01 2.3502e-01
5580.02 2.8372e-06 1.2473e-02 7.2403e-01 2.6350e-01
5920.87 4.8978e-07 4.9965e-03 7.0994e-01 2.8506e-01
6282.54 2.4475e-07 3.3139e-03 6.8343e-01 3.1325e-01
6666.30 1.9866e-07 3.0440e-03 6.7499e-01 3.2197e-01
7073.50 2.0811e-07 3.2410e-03 6.6893e-01 3.2782e-01
7505.58 2.2202e-07 3.4367e-03 6.5479e-01 3.4177e-01
7964.05 3.0687e-07 4.0620e-03 6.6043e-01 3.3551e-01
8450.53 1.4908e-06 1.0129e-02 6.6947e-01 3.2040e-01
8966.72 5.7077e-06 2.0689e-02 6.7265e-01 3.0666e-01
9514.44 2.4822e-05 4.6078e-02 6.6526e-01 2.8864e-01
10095.62 7.7320e-05 8.0841e-02 6.5615e-01 2.6293e-01
10712.30 1.9745e-04 1.3356e-01 6.2932e-01 2.3692e-01
11366.65 3.1090e-04 1.7771e-01 6.0243e-01 2.1955e-01
12061.10 3.9887e-04 2.1756e-01 5.6690e-01 2.1514e-01
12793.43 4.8645e-04 2.3698e-01 5.5246e-01 2.1008e-01
13528.61 4.0872e-04 2.0438e-01 5.6686e-01 2.2835e-01
14194.74 4.2200e-04 1.9599e-01 5.6551e-01 2.3807e-01
14757.77 1.5940e-04 1.1164e-01 6.3022e-01 2.5799e-01
15240.48 1.1083e-04 7.1841e-02 6.8565e-01 2.4240e-01
15646.99 1.1891e-04 5.3786e-02 7.7454e-01 1.7156e-01
15960.30 1.7728e-04 5.1209e-02 8.1539e-01 1.3322e-01
16187.41 2.4674e-04 7.2546e-02 8.1630e-01 1.1091e-01
16354.17 2.7584e-04 5.7593e-02 8.3127e-01 1.1086e-01
16484.18 8.9499e-05 4.1232e-02 8.4017e-01 1.1851e-01
16593.12 2.9285e-05 2.1956e-02 8.4840e-01 1.2961e-01
16691.99 5.9046e-05 5.0959e-02 8.0835e-01 1.4063e-01
16788.59 5.5641e-05 2.4358e-02 8.2444e-01 1.5114e-01
16888.37 1.6541e-05 1.7509e-02 8.2601e-01 1.5647e-01
16998.79 1.1748e-05 1.1886e-02 8.1507e-01 1.7303e-01
17146.37 1.2656e-05 1.3109e-02 7.9627e-01 1.9061e-01
17415.23 5.4808e-06 9.3972e-03 8.0470e-01 1.8590e-01
17888.12 3.5817e-06 7.1105e-03 7.6712e-01 2.2576e-01
18532.37 8.7714e-07 3.1529e-03 7.3500e-01 2.6185e-01
19260.76 1.2719e-06 4.5299e-03 7.0675e-01 2.8872e-01
20034.10 3.5218e-07 1.9564e-03 6.7249e-01 3.2555e-01
20838.00 3.6958e-07 2.9094e-03 6.2099e-01 3.7610e-01
21647.97 1.6737e-07 1.5547e-03 5.9194e-01 4.0651e-01
22447.94 2.9338e-07 2.3390e-03 5.2366e-01 4.7400e-01
23245.88 1.9133e-07 1.2105e-03 4.5583e-01 5.4296e-01
24052.47 2.4948e-06 1.9601e-02 4.1000e-01 5.7040e-01
24867.72 3.7997e-06 3.4838e-02 3.6502e-01 6.0014e-01
25698.86 6.0473e-07 5.2268e-03 3.6407e-01 6.3071e-01
26587.16 6.9683e-07 4.5318e-03 3.2736e-01 6.6811e-01
27637.54 3.9913e-06 1.1824e-02 2.9737e-01 6.9081e-01
28986.97 1.6572e-06 1.7532e-02 2.7332e-01 7.0915e-01
#TIME: 213.89
#NVEL 78
#vel_mid[km/s] ar0 ar1 ar2 ar3
1060.83 1.6150e-02 6.0096e-01 3.4682e-01 3.6069e-02
1919.29 2.0936e-02 6.2507e-01 3.2275e-01 3.1244e-02
2581.60 9.3735e-03 5.4441e-01 3.9682e-01 4.9401e-02
3084.17 2.7152e-03 3.5764e-01 5.5408e-01 8.5564e-02
3472.46 5.0674e-04 1.5431e-01 7.0934e-01 1.3584e-01
3909.64 1.6195e-04 9.6955e-02 7.2597e-01 1.7692e-01
4148.46 2.1875e-04 1.0867e-01 7.1009e-01 1.8103e-01
4670.75 2.4848e-04 1.3341e-01 6.9233e-01 1.7401e-01
4956.05 1.2347e-04 8.2002e-02 7.1529e-01 2.0259e-01
5258.79 2.1311e-05 3.4776e-02 7.2933e-01 2.3588e-01
5580.02 2.8704e-06 1.2908e-02 7.2608e-01 2.6101e-01
5920.87 4.5543e-07 4.8653e-03 7.0966e-01 2.8547e-01
6282.54 2.5252e-07 3.4630e-03 6.8150e-01 3.1504e-01
6666.30 1.9565e-07 3.0865e-03 6.7564e-01 3.2127e-01
7073.50 2.2419e-07 3.4184e-03 6.6723e-01 3.2936e-01
7505.58 2.3494e-07 3.7269e-03 6.5496e-01 3.4131e-01
7964.05 3.2965e-07 4.3626e-03 6.5739e-01 3.3825e-01
8450.53 1.5199e-06 9.9861e-03 6.6691e-01 3.2310e-01
8966.72 5.6901e-06 2.1057e-02 6.7218e-01 3.0676e-01
9514.44 2.7111e-05 4.5385e-02 6.6586e-01 2.8872e-01
10095.62 7.9400e-05 9.3055e-02 6.4801e-01 2.5886e-01
10712.30 1.7592e-04 1.2120e-01 6.3701e-01 2.4162e-01
11366.65 3.9744e-04 1.8857e-01 5.9401e-01 2.1702e-01
12061.10 5.7526e-04 2.1214e-01 5.6948e-01 2.1781e-01
12793.43 6.9980e-04 2.2002e-01 5.6417e-01 2.1511e-01
13528.61 4.5108e-04 2.0205e-01 5.7207e-01 2.2543e-01
14194.74 2.3728e-04 1.4598e-01 6.0362e-01 2.5017e-01
14757.77 1.1459e-04 6.0943e-02 6.6454e-01 2.7441e-01
15240.48 1.6991e-04 6.3599e-02 6.8984e-01 2.4639e-01
15646.99 2.2543e-04 5.6272e-02 7.5474e-01 1.8876e-01
15960.30 2.2647e-04 6.0448e-02 8.0925e-01 1.3008e-01
16187.41 1.5836e-04 6.1995e-02 8.2702e-01 1.1083e-01
16354.17 9.2417e-05 3.7166e-02 8.6029e-01 1.0245e-01
16484.18 1.1159e-04 3.6219e-02 8.4854e-01 1.1513e-01
16593.12 2.5986e-05 2.2932e-02 8.5780e-01 1.1924e-01
16691.99 3.8808e-05 1.9994e-02 8.3599e-01 1.4398e-01
16788.59 1.0512e-05 1.8256e-02 8.2538e-01 1.5636e-01
16888.37 1.0279e-05 1.9207e-02 8.3488e-01 1.4590e-01
16998.79 1.1138e-05 1.2019e-02 8.1639e-01 1.7158e-01
17146.37 1.1441e-05 1.2459e-02 8.2195e-01 1.6558e-01
17415.23 2.8468e-06 6.9394e-03 8.0330e-01 1.8976e-01
17888.12 2.1573e-06 5.0163e-03 7.6567e-01 2.2931e-01
18532.37 1.5999e-06 5.2236e-03 7.3720e-01 2.5757e-01
19260.76 4.3876e-07 2.4704e-03 7.0905e-01 2.8848e-01
20034.10 5.6572e-07 2.7266e-03 6.7883e-01 3.1845e-01
20838.00 2.3992e-07 1.6008e-03 6.4192e-01 3.5648e-01
21647.97 4.3774e-07 2.0052e-03 6.2011e-01 3.7788e-01
22447.94 2.9354e-07 2.4505e-03 5.3922e-01 4.5833e-01
23245.88 3.3618e-07 2.2212e-03 4.9254e-01 5.0524e-01
24052.47 3.9214e-07 2.4199e-03 4.2118e-01 5.7640e-01
24867.72 1.9584e-06 4.9955e-03 3.9480e-01 6.0020e-01
25698.86 2.9355e-06 3.4660e-02 3.3315e-01 6.3219e-01
26587.16 2.9854e-06 2.8538e-02 3.1383e-01 6.5763e-01
27637.54 2.1550e-06 1.9371e-02 2.7221e-01 7.0842e-01
28986.97 5.7936e-06 1.5325e-02 2.5241e-01 7.3226e-01
#TIME: 216.97
#NVEL 78
#vel_mid[km/s] ar0 ar1 ar2 ar3
1060.83 1.9320e-02 5.9318e-01 3.5094e-01 3.6558e-02
1919.29 1.9691e-02 6.2737e-01 3.2206e-01 3.0876e-02
2581.60 1.0181e-02 5.4401e-01 3.9667e-01 4.9143e-02
3084.17 2.6388e-03 3.5728e-01 5.5484e-01 8.5241e-02
3472.46 5.6113e-04 1.4725e-01 7.1544e-01 1.3675e-01
3909.64 1.6481e-04 9.3369e-02 7.2914e-01 1.7733e-01
4148.46 2.0916e-04 1.2228e-01 6.9884e-01 1.7867e-01
4670.75 2.5666e-04 1.2952e-01 6.9614e-01 1.7408e-01
4956.05 1.2735e-04 8.7560e-02 7.1439e-01 1.9792e-01
5258.79 2.3037e-05 3.7147e-02 7.2782e-01 2.3501e-01
5580.02 2.6971e-06 1.2674e-02 7.2717e-01 2.6016e-01
5920.87 4.6787e-07 5.1310e-03 7.0917e-01 2.8569e-01
6282.54 2.4840e-07 3.3291e-03 6.8208e-01 3.1459e-01
6666.30 2.2726e-07 3.3746e-03 6.7590e-01 3.2073e-01
7073.50 2.1734e-07 3.2542e-03 6.6777e-01 3.2898e-01
7505.58 2.4212e-07 3.6735e-03 6.5721e-01 3.3911e-01
7964.05 3.4129e-07 4.4230e-03 6.5714e-01 3.3844e-01
8450.53 1.6094e-06 9.9723e-03 6.6645e-01 3.2358e-01
8966.72 5.6671e-06 2.0765e-02 6.7276e-01 3.0647e-01
9514.44 2.5582e-05 4.3579e-02 6.6519e-01 2.9120e-01
10095.62 9.5039e-05 9.1254e-02 6.4811e-01 2.6054e-01
10712.30 2.0401e-04 1.3591e-01 6.2664e-01 2.3725e-01
11366.65 2.4598e-04 1.5093e-01 6.2283e-01 2.2599e-01
12061.10 4.4204e-04 1.9114e-01 5.8767e-01 2.2075e-01
12793.43 5.8146e-04 2.0802e-01 5.7393e-01 2.1747e-01
13528.61 4.5399e-04 2.1192e-01 5.6502e-01 2.2260e-01
14194.74 2.8854e-04 1.2764e-01 6.1971e-01 2.5236e-01
14757.77 1.4056e-04 8.1637e-02 6.4675e-01 2.7147e-01
15240.48 1.0866e-04 6.7842e-02 6.8624e-01 2.4581e-01
15646.99 1.3552e-04 4.8789e-02 7.7655e-01 1.7453e-01
15960.30 1.9370e-04 6.4823e-02 8.0862e-01 1.2637e-01
16187.41 2.9912e-04 9.1545e-02 8.0802e-01 1.0014e-01
16354.17 1.4346e-04 4.9134e-02 8.4094e-01 1.0978e-01
16484.18 5.2883e-05 2.5583e-02 8.6882e-01 1.0554e-01
16593.12 7.3301e-05 4.2285e-02 8.3092e-01 1.2672e-01
16691.99 1.8109e-04 6.3430e-02 7.9554e-01 1.4085e-01
16788.59 3.1205e-05 2.2129e-02 8.3444e-01 1.4340e-01
16888.37 5.2163e-05 2.2735e-02 8.1762e-01 1.5959e-01
16998.79 2.2081e-05 2.5883e-02 7.9934e-01 1.7476e-01
17146.37 1.7145e-05 2.6639e-02 7.9598e-01 1.7736e-01
17415.23 7.0510e-06 1.0775e-02 7.9310e-01 1.9612e-01
17888.12 1.5757e-06 5.7272e-03 7.8808e-01 2.0619e-01
18532.37 1.5314e-06 4.7266e-03 7.4247e-01 2.5280e-01
19260.76 8.9711e-07 3.6443e-03 7.3618e-01 2.6017e-01
20034.10 3.8900e-07 2.3391e-03 6.7120e-01 3.2646e-01
20838.00 2.8055e-07 2.0764e-03 6.2548e-01 3.7245e-01
21647.97 5.7856e-07 2.5521e-03 5.8411e-01 4.1334e-01
22447.94 9.5020e-07 3.4843e-03 5.5886e-01 4.3765e-01
23245.88 3.0511e-07 1.1603e-03 4.6510e-01 5.3374e-01
24052.47 5.0775e-05 4.1047e-02 4.2391e-01 5.3499e-01
24867.72 9.0494e-06 2.7260e-02 3.7236e-01 6.0037e-01
25698.86 9.0348e-07 2.6691e-03 3.7353e-01 6.2380e-01
26587.16 1.1554e-04 3.1206e-02 3.2923e-01 6.3945e-01
27637.54 1.3353e-05 2.0090e-02 2.7739e-01 7.0250e-01
28986.97 1.0117e-07 8.1994e-04 2.6765e-01 7.3153e-01
#TIME: 220.09
#NVEL 78
#vel_mid[km/s] ar0 ar1 ar2 ar3
1060.83 2.3141e-02 6.1160e-01 3.3230e-01 3.2962e-02
1919.29 1.8943e-02 6.3206e-01 3.1868e-01 3.0321e-02
2581.60 1.1818e-02 5.4643e-01 3.9354e-01 4.8219e-02
3084.17 2.9245e-03 3.5365e-01 5.5775e-01 8.5676e-02
3472.46 5.7590e-04 1.5807e-01 7.0659e-01 1.3476e-01
3909.64 1.5393e-04 9.7809e-02 7.2487e-01 1.7716e-01
4148.46 2.3048e-04 1.1723e-01 7.0379e-01 1.7875e-01
4670.75 2.6586e-04 1.3525e-01 6.9209e-01 1.7239e-01
4956.05 1.4774e-04 1.0939e-01 6.9594e-01 1.9452e-01
5258.79 2.3876e-05 3.6184e-02 7.2962e-01 2.3418e-01
5580.02 2.6832e-06 1.1819e-02 7.2629e-01 2.6189e-01
5920.87 4.6087e-07 4.9052e-03 7.0703e-01 2.8806e-01
6282.54 2.3445e-07 3.3438e-03 6.8139e-01 3.1527e-01
6666.30 2.3246e-07 3.4470e-03 6.7731e-01 3.1924e-01
7073.50 2.3542e-07 3.6360e-03 6.6934e-01 3.2703e-01
7505.58 2.5388e-07 3.7009e-03 6.5683e-01 3.3947e-01
7964.05 3.4298e-07 4.4402e-03 6.5808e-01 3.3748e-01
8450.53 1.5041e-06 1.0091e-02 6.6508e-01 3.2483e-01
8966.72 5.4585e-06 2.0274e-02 6.7260e-01 3.0712e-01
9514.44 2.5084e-05 4.4896e-02 6.6563e-01 2.8945e-01
10095.62 8.3633e-05 8.7798e-02 6.4970e-01 2.6242e-01
10712.30 1.9271e-04 1.4243e-01 6.2345e-01 2.3393e-01
11366.65 2.5704e-04 1.5356e-01 6.1913e-01 2.2706e-01
12061.10 5.0089e-04 2.0752e-01 5.7449e-01 2.1748e-01
12793.43 4.1454e-04 2.0844e-01 5.7568e-01 2.1546e-01
13528.61 3.6762e-04 1.8922e-01 5.8515e-01 2.2526e-01
14194.74 2.8748e-04 1.6964e-01 5.8969e-01 2.4038e-01
14757.77 2.8523e-04 1.1798e-01 6.2300e-01 2.5874e-01
15240.48 1.5753e-04 6.5370e-02 6.8789e-01 2.4658e-01
15646.99 1.3603e-04 5.2303e-02 7.6290e-01 1.8466e-01
15960.30 2.0968e-04 7.0126e-02 8.0503e-01 1.2463e-01
16187.41 1.7689e-04 5.3915e-02 8.3756e-01 1.0835e-01
16354.17 8.7201e-05 4.3049e-02 8.4960e-01 1.0726e-01
16484.18 7.0648e-05 3.3557e-02 8.5379e-01 1.1258e-01
16593.12 4.3141e-05 2.5291e-02 8.5099e-01 1.2368e-01
16691.99 9.7260e-05 3.0426e-02 8.3755e-01 1.3193e-01
16788.59 1.1530e-04 3.5098e-02 8.1785e-01 1.4694e-01
16888.37 9.7312e-05 4.1469e-02 8.1386e-01 1.4457e-01
16998.79 1.0405e-05 1.2789e-02 8.2958e-01 1.5762e-01
17146.37 7.5548e-06 1.1307e-02 8.2452e-01 1.6417e-01
17415.23 5.5921e-06 7.5967e-03 7.9566e-01 1.9674e-01
17888.12 1.3308e-06 3.6476e-03 7.7291e-01 2.2344e-01
18532.37 1.2170e-06 4.2537e-03 7.5407e-01 2.4167e-01
19260.76 9.4495e-07 4.1120e-03 7.0751e-01 2.8838e-01
20034.10 4.0338e-07 2.3153e-03 6.6256e-01 3.3513e-01
20838.00 2.5622e-07 1.7748e-03 6.2641e-01 3.7182e-01
21647.97 2.0773e-07 1.5609e-03 5.8590e-01 4.1254e-01
22447.94 8.6187e-07 3.9021e-03 5.3737e-01 4.5873e-01
23245.88 3.3751e-07 3.1409e-03 4.8877e-01 5.0809e-01
24052.47 3.4869e-06 2.1379e-02 4.1380e-01 5.6482e-01
24867.72 1.3327e-05 8.6068e-03 3.7424e-01 6.1714e-01
25698.86 3.0439e-07 1.1034e-03 3.4986e-01 6.4904e-01
26587.16 5.7892e-06 5.5168e-03 3.3518e-01 6.5929e-01
27637.54 2.7111e-05 1.3232e-02 2.7876e-01 7.0798e-01
28986.97 9.9483e-06 8.4733e-03 2.6115e-01 7.3037e-01
#TIME: 223.25
#NVEL 78
#vel_mid[km/s] ar0 ar1 ar2 ar3
1060.83 1.7819e-02 6.1289e-01 3.3536e-01 3.3934e-02
1919.29 1.6740e-02 6.3268e-01 3.2043e-01 3.0152e-02
2581.60 8.9299e-03 5.4643e-01 3.9629e-01 4.8348e-02
3084.17 3.0201e-03 3.5509e-01 5.5627e-01 8.5619e-02
3472.46 6.0705e-04 1.6039e-01 7.0549e-01 1.3352e-01
3909.64 2.0417e-04 9.6082e-02 7.2712e-01 1.7659e-01
4148.46 2.0387e-04 1.1187e-01 7.0850e-01 1.7943e-01
4670.75 2.5241e-04 1.3396e-01 6.9393e-01 1.7186e-01
4956.05 1.5115e-04 8.9092e-02 7.1095e-01 1.9981e-01
5258.79 1.9806e-05 3.6216e-02 7.3004e-01 2.3372e-01
5580.02 2.4799e-06 1.1275e-02 7.2629e-01 2.6243e-01
5920.87 5.3739e-07 5.5207e-03 7.0864e-01 2.8584e-01
6282.54 2.2942e-07 3.1730e-03 6.7952e-01 3.1730e-01
6666.30 2.3450e-07 3.3429e-03 6.7614e-01 3.2052e-01
7073.50 2.2624e-07 3.4166e-03 6.6350e-01 3.3309e-01
7505.58 2.2074e-07 3.3444e-03 6.5056e-01 3.4610e-01
7964.05 3.5401e-07 4.6319e-03 6.5797e-01 3.3740e-01
8450.53 1.3137e-06 9.1743e-03 6.6613e-01 3.2469e-01
8966.72 4.7663e-06 1.8238e-02 6.7311e-01 3.0865e-01
9514.44 2.2311e-05 4.2981e-02 6.6568e-01 2.9132e-01
10095.62 7.2807e-05 7.5292e-02 6.5803e-01 2.6660e-01
10712.30 1.7271e-04 1.3718e-01 6.2475e-01 2.3790e-01
11366.65 2.5569e-04 1.7514e-01 6.0191e-01 2.2269e-01
12061.10 4.8112e-04 2.0119e-01 5.8112e-01 2.1720e-01
12793.43 4.7412e-04 1.9293e-01 5.8576e-01 2.2084e-01
13528.61 4.0150e-04 1.8523e-01 5.8991e-01 2.2445e-01
14194.74 6.1412e-04 1.6389e-01 5.9550e-01 2.3999e-01
14757.77 2.6937e-04 1.0623e-01 6.3367e-01 2.5983e-01
15240.48 2.4996e-04 8.3960e-02 6.7562e-01 2.4017e-01
15646.99 1.1009e-04 5.6960e-02 7.5871e-01 1.8422e-01
15960.30 2.2280e-04 6.5372e-02 8.0835e-01 1.2605e-01
16187.41 1.9432e-04 5.4290e-02 8.3474e-01 1.1078e-01
16354.17 1.5081e-04 4.0462e-02 8.5017e-01 1.0922e-01
16484.18 1.3832e-04 4.5316e-02 8.3943e-01 1.1511e-01
16593.12 7.1784e-05 3.9319e-02 8.3130e-01 1.2930e-01
16691.99 1.5660e-04 4.6243e-02 8.2445e-01 1.2915e-01
16788.59 4.5763e-05 2.4039e-02 8.2659e-01 1.4933e-01
16888.37 3.6275e-05 2.3424e-02 8.1546e-01 1.6108e-01
16998.79 3.8548e-05 2.6397e-02 8.0777e-01 1.6579e-01
17146.37 8.1641e-06 1.3569e-02 8.1463e-01 1.7179e-01
17415.23 5.7295e-06 9.4427e-03 7.9935e-01 1.9120e-01
17888.12 2.6491e-06 7.2355e-03 7.6362e-01 2.2914e-01
18532.37 6.8539e-07 2.8933e-03 7.3849e-01 2.5861e-01
19260.76 5.4853e-07 3.0808e-03 7.3240e-01 2.6452e-01
20034.10 3.8143e-07 2.0387e-03 6.6476e-01 3.3320e-01
20838.00 6.9107e-07 3.2957e-03 6.1925e-01 3.7745e-01
21647.97 4.2892e-07 2.2511e-03 6.1556e-01 3.8218e-01
22447.94 2.3526e-07 1.5588e-03 5.4853e-01 4.4991e-01
23245.88 5.4234e-07 1.7704e-03 4.8682e-01 5.1141e-01
24052.47 1.3295e-06 7.3371e-03 4.2967e-01 5.6300e-01
24867.72 1.6938e-07 1.2618e-03 4.0477e-01 5.9396e-01
25698.86 1.7919e-07 8.1666e-04 3.6833e-01 6.3085e-01
26587.16 5.6610e-07 1.4017e-03 3.2899e-01 6.6961e-01
27637.54 4.9032e-05 2.0135e-02 2.8539e-01 6.9443e-01
28986.97 6.6188e-06 1.1552e-02 2.6236e-01 7.2608e-01
#TIME: 226.46
#NVEL 78
#vel_mid[km/s] ar0 ar1 ar2 ar3
1060.83 2.3160e-02 6.0384e-01 3.3873e-01 3.4270e-02
1919.29 1.6516e-02 6.3249e-01 3.2098e-01 3.0020e-02
2581.60 1.1469e-02 5.4519e-01 3.9500e-01 4.8340e-02
3084.17 3.1421e-03 3.6379e-01 5.4914e-01 8.3923e-02
3472.46 5.7645e-04 1.5985e-01 7.0565e-01 1.3393e-01
3909.64 1.9001e-04 1.0654e-01 7.1796e-01 1.7531e-01
4148.46 2.3590e-04 1.2244e-01 6.9926e-01 1.7806e-01
4670.75 2.3272e-04 1.2805e-01 6.9771e-01 1.7400e-01
4956.05 1.2889e-04 8.4596e-02 7.1377e-01 2.0151e-01
5258.79 2.6676e-05 4.0314e-02 7.2901e-01 2.3065e-01
5580.02 2.6175e-06 1.2156e-02 7.2691e-01 2.6093e-01
5920.87 4.9969e-07 4.9897e-03 7.0731e-01 2.8770e-01
6282.54 2.5901e-07 3.4870e-03 6.8152e-01 3.1499e-01
6666.30 2.3371e-07 3.3179e-03 6.7663e-01 3.2005e-01
7073.50 2.2238e-07 3.2689e-03 6.7148e-01 3.2525e-01
7505.58 2.1056e-07 3.2833e-03 6.5405e-01 3.4267e-01
7964.05 3.5702e-07 4.4239e-03 6.5905e-01 3.3653e-01
8450.53 1.4860e-06 1.0140e-02 6.6740e-01 3.2246e-01
8966.72 5.6206e-06 2.1955e-02 6.7041e-01 3.0762e-01
9514.44 2.2056e-05 4.2327e-02 6.6650e-01 2.9115e-01
10095.62 7.7203e-05 8.0444e-02 6.5416e-01 2.6532e-01
10712.30 1.7401e-04 1.3115e-01 6.2971e-01 2.3896e-01
11366.65 3.2644e-04 1.8901e-01 5.9197e-01 2.1870e-01
12061.10 4.8498e-04 2.0427e-01 5.8213e-01 2.1312e-01
12793.43 4.2467e-04 2.1798e-01 5.6853e-01 2.1306e-01
13528.61 5.6745e-04 1.6506e-01 6.0163e-01 2.3275e-01
14194.74 3.8130e-04 1.5203e-01 6.0888e-01 2.3871e-01
14757.77 3.7577e-04 1.4915e-01 5.9831e-01 2.5217e-01
15240.48 3.0667e-04 1.3510e-01 6.4523e-01 2.1936e-01
15646.99 1.7307e-04 5.0475e-02 7.6430e-01 1.8505e-01
15960.30 1.0307e-04 4.7531e-02 8.2384e-01 1.2853e-01
16187.41 2.7867e-04 7.1626e-02 8.2307e-01 1.0503e-01
16354.17 2.6974e-04 7.0359e-02 8.3137e-01 9.8002e-02
16484.18 1.5182e-04 4.3650e-02 8.4344e-01 1.1276e-01
16593.12 7.5640e-05 2.7679e-02 8.4549e-01 1.2676e-01
16691.99 5.4760e-05 2.3681e-02 8.3088e-01 1.4539e-01
16788.59 2.6418e-05 2.1350e-02 8.2880e-01 1.4983e-01
16888.37 3.7311e-05 2.2744e-02 8.3651e-01 1.4071e-01
16998.79 1.3278e-05 1.3340e-02 8.2609e-01 1.6056e-01
17146.37 7.6434e-06 8.0749e-03 8.1427e-01 1.7765e-01
17415.23 5.1690e-06 7.1664e-03 8.0127e-01 1.9156e-01
17888.12 2.1141e-06 5.5034e-03 7.6502e-01 2.2947e-01
18532.37 2.0564e-06 6.1942e-03 7.6854e-01 2.2527e-01
19260.76 6.8885e-07 3.8821e-03 7.1120e-01 2.8491e-01
20034.10 5.4967e-07 2.8504e-03 6.7303e-01 3.2412e-01
20838.00 2.3520e-07 1.8141e-03 6.3349e-01 3.6470e-01
21647.97 2.0812e-07 1.2179e-03 6.1606e-01 3.8272e-01
22447.94 6.9883e-07 3.8214e-03 5.3298e-01 4.6320e-01
23245.88 4.3859e-07 2.6130e-03 4.7390e-01 5.2348e-01
24052.47 8.3810e-07 6.1004e-03 4.3145e-01 5.6245e-01
24867.72 2.8681e-05 4.7640e-02 3.7663e-01 5.7570e-01
25698.86 4.1483e-07 1.4124e-03 3.8238e-01 6.1620e-01
26587.16 5.7804e-08 5.6016e-04 3.1970e-01 6.7974e-01
27637.54 4.5198e-07 2.0133e-03 3.1329e-01 6.8470e-01
28986.97 3.7380e-06 1.6241e-02 2.5625e-01 7.2750e-01
#TIME: 229.71
#NVEL 78
#vel_mid[km/s] ar0 ar1 ar2 ar3
1060.83 1.8425e-02 6.1576e-01 3.3282e-01 3.2996e-02
1919.29 1.3757e-02 6.0414e-01 3.4695e-01 3.5152e-02
2581.60 9.6986e-03 5.5386e-01 3.8925e-01 4.7190e-02
3084.17 2.9836e-03 3.5986e-01 5.5269e-01 8.4472e-02
3472.46 5.5575e-04 1.5614e-01 7.0887e-01 1.3444e-01
3909.64 2.3296e-04 1.1047e-01 7.1570e-01 1.7360e-01
4148.46 2.1187e-04 1.1298e-01 7.0713e-01 1.7968e-01
4670.75 2.3790e-04 1.2683e-01 6.9982e-01 1.7311e-01
4956.05 1.3762e-04 9.6726e-02 7.0842e-01 1.9472e-01
5258.79 2.2838e-05 3.6376e-02 7.3052e-01 2.3308e-01
5580.02 2.7663e-06 1.2667e-02 7.2722e-01 2.6011e-01
5920.87 5.4039e-07 5.4644e-03 7.0815e-01 2.8639e-01
6282.54 2.6397e-07 3.5839e-03 6.8635e-01 3.1007e-01
6666.30 2.1488e-07 3.1334e-03 6.7613e-01 3.2074e-01
7073.50 2.2649e-07 3.2532e-03 6.6731e-01 3.2944e-01
7505.58 2.1620e-07 3.2416e-03 6.5199e-01 3.4477e-01
7964.05 3.9972e-07 4.7556e-03 6.5639e-01 3.3885e-01
8450.53 1.2308e-06 8.6644e-03 6.6584e-01 3.2549e-01
8966.72 6.0362e-06 2.1730e-02 6.7184e-01 3.0643e-01
9514.44 2.3113e-05 4.1513e-02 6.6495e-01 2.9351e-01
10095.62 8.6711e-05 8.8557e-02 6.4679e-01 2.6456e-01
10712.30 1.7552e-04 1.2852e-01 6.3162e-01 2.3968e-01
11366.65 2.5793e-04 1.5132e-01 6.2255e-01 2.2587e-01
12061.10 5.2518e-04 2.1190e-01 5.7477e-01 2.1281e-01
12793.43 4.4049e-04 2.2234e-01 5.6629e-01 2.1093e-01
13528.61 5.9393e-04 2.2123e-01 5.6198e-01 2.1620e-01
14194.74 5.3788e-04 1.9752e-01 5.7292e-01 2.2902e-01
14757.77 2.8593e-04 1.0570e-01 6.3539e-01 2.5862e-01
15240.48 1.7299e-04 7.2572e-02 6.8860e-01 2.3866e-01
15646.99 3.6113e-04 8.4534e-02 7.3623e-01 1.7888e-01
15960.30 2.1023e-04 6.8578e-02 8.0676e-01 1.2445e-01
16187.41 3.4751e-04 7.4400e-02 8.1972e-01 1.0554e-01
16354.17 1.5208e-04 4.3301e-02 8.5030e-01 1.0625e-01
16484.18 8.7651e-05 3.1495e-02 8.5543e-01 1.1299e-01
16593.12 7.7652e-05 3.7218e-02 8.3735e-01 1.2536e-01
16691.99 1.2202e-04 4.8382e-02 8.1204e-01 1.3946e-01
16788.59 4.9090e-05 4.0127e-02 8.2091e-01 1.3891e-01
16888.37 2.1613e-05 1.5199e-02 8.3777e-01 1.4701e-01
16998.79 1.1484e-05 1.3461e-02 8.1826e-01 1.6827e-01
17146.37 1.0712e-05 1.3144e-02 8.1320e-01 1.7364e-01
17415.23 5.9688e-06 8.6354e-03 8.0536e-01 1.8600e-01
17888.12 2.0282e-06 5.3623e-03 7.6866e-01 2.2598e-01
18532.37 9.4226e-07 3.5010e-03 7.4752e-01 2.4898e-01
19260.76 8.2335e-07 3.8376e-03 7.1120e-01 2.8496e-01
20034.10 1.3487e-06 4.7365e-03 6.7704e-01 3.1822e-01
20838.00 1.0996e-06 3.1849e-03 6.2275e-01 3.7407e-01
21647.97 1.8253e-07 1.2402e-03 5.9551e-01 4.0325e-01
22447.94 2.0950e-06 6.7828e-03 5.5598e-01 4.3723e-01
23245.88 1.9711e-06 4.6920e-03 4.8709e-01 5.0822e-01
24052.47 2.0378e-06 3.2121e-03 4.4115e-01 5.5564e-01
24867.72 1.6884e-05 3.4822e-02 3.8471e-01 5.8045e-01
25698.86 8.2062e-07 2.7106e-03 3.3222e-01 6.6507e-01
26587.16 2.4880e-07 1.6131e-03 3.2760e-01 6.7078e-01
27637.54 2.7166e-07 1.2412e-03 3.2519e-01 6.7357e-01
28986.97 2.6130e-05 1.6548e-02 2.5938e-01 7.2405e-01
#TIME: 233.01
#NVEL 78
#vel_mid[km/s] ar0 ar1 ar2 ar3
1060.83 2.6485e-02 6.1953e-01 3.2293e-01 3.1061e-02
1919.29 4.2385e-02 5.9497e-01 3.3093e-01 3.1710e-02
2581.60 1.1067e-02 5.5587e-01 3.8657e-01 4.6495e-02
3084.17 3.0126e-03 3.6294e-01 5.5048e-01 8.3563e-02
3472.46 5.4165e-04 1.5335e-01 7.1174e-01 1.3437e-01
3909.64 2.0975e-04 1.0505e-01 7.2050e-01 1.7425e-01
4148.46 2.0754e-04 1.1050e-01 7.1095e-01 1.7835e-01
4670.75 2.6139e-04 1.3241e-01 6.9624e-01 1.7109e-01
4956.05 1.0348e-04 8.7943e-02 7.1296e-01 1.9899e-01
5258.79 2.0109e-05 3.5278e-02 7.3258e-01 2.3212e-01
5580.02 2.7393e-06 1.1779e-02 7.2886e-01 2.5936e-01
5920.87 5.6573e-07 5.2294e-03 7.1281e-01 2.8196e-01
6282.54 2.9788e-07 3.7037e-03 6.8439e-01 3.1191e-01
6666.30 2.2363e-07 3.2761e-03 6.7573e-01 3.2099e-01
7073.50 1.7329e-07 2.7267e-03 6.6569e-01 3.3159e-01
7505.58 2.4332e-07 3.5275e-03 6.5305e-01 3.4342e-01
7964.05 3.6328e-07 4.4022e-03 6.5200e-01 3.4360e-01
8450.53 1.2431e-06 9.1643e-03 6.6729e-01 3.2355e-01
8966.72 5.3428e-06 2.0226e-02 6.7166e-01 3.0811e-01
9514.44 2.2775e-05 4.4268e-02 6.6446e-01 2.9125e-01
10095.62 8.6734e-05 8.8467e-02 6.4842e-01 2.6303e-01
10712.30 2.2373e-04 1.3170e-01 6.2815e-01 2.3992e-01
11366.65 2.7872e-04 1.6949e-01 6.1002e-01 2.2022e-01
12061.10 4.4456e-04 1.9437e-01 5.9004e-01 2.1515e-01
12793.43 5.6280e-04 2.4540e-01 5.5090e-01 2.0314e-01
13528.61 5.3048e-04 2.2556e-01 5.6411e-01 2.0980e-01
14194.74 7.1908e-04 1.9332e-01 5.7857e-01 2.2739e-01
14757.77 2.9884e-04 1.1948e-01 6.2334e-01 2.5688e-01
15240.48 3.4387e-04 9.0509e-02 6.8109e-01 2.2806e-01
15646.99 2.5088e-04 7.2384e-02 7.4944e-01 1.7792e-01
15960.30 3.1950e-04 7.6210e-02 8.0145e-01 1.2203e-01
16187.41 4.5258e-04 8.4390e-02 8.0925e-01 1.0591e-01
16354.17 2.1129e-04 7.6064e-02 8.2263e-01 1.0110e-01
16484.18 2.5519e-04 5.9278e-02 8.2937e-01 1.1110e-01
16593.12 7.9249e-05 5.1720e-02 8.2667e-01 1.2153e-01
16691.99 1.3398e-04 8.7783e-02 7.7956e-01 1.3252e-01
16788.59 6.1750e-05 3.7453e-02 8.1155e-01 1.5094e-01
16888.37 2.6215e-05 1.8035e-02 8.2787e-01 1.5407e-01
16998.79 1.8229e-05 2.0898e-02 8.2130e-01 1.5778e-01
17146.37 1.9856e-05 2.1904e-02 8.0107e-01 1.7700e-01
17415.23 8.6960e-06 1.1879e-02 7.9710e-01 1.9102e-01
17888.12 5.5497e-06 1.1966e-02 7.6364e-01 2.2439e-01
18532.37 1.3640e-06 4.1055e-03 7.4101e-01 2.5488e-01
19260.76 7.0429e-07 3.6827e-03 7.1453e-01 2.8178e-01
20034.10 6.0944e-07 2.3368e-03 6.7383e-01 3.2383e-01
20838.00 4.8031e-07 1.9985e-03 6.3537e-01 3.6263e-01
21647.97 4.1627e-07 2.1895e-03 6.1409e-01 3.8372e-01
22447.94 2.3041e-07 1.1266e-03 5.2421e-01 4.7466e-01
23245.88 1.0144e-07 1.0213e-03 4.9224e-01 5.0674e-01
24052.47 3.0557e-06 4.3996e-03 4.3090e-01 5.6470e-01
24867.72 7.7519e-06 8.1806e-03 4.1307e-01 5.7875e-01
25698.86 2.2761e-06 3.1045e-03 3.0736e-01 6.8953e-01
26587.16 1.4323e-07 9.1740e-04 3.4421e-01 6.5487e-01
27637.54 4.8978e-07 1.3506e-03 2.9098e-01 7.0767e-01
28986.97 3.9306e-06 1.6268e-02 2.5767e-01 7.2606e-01
#TIME: 236.36
#NVEL 78
#vel_mid[km/s] ar0 ar1 ar2 ar3
1060.83 2.2720e-02 6.2048e-01 3.2532e-01 3.1475e-02
1919.29 2.7309e-02 6.1928e-01 3.2204e-01 3.1377e-02
2581.60 1.0600e-02 5.5523e-01 3.8747e-01 4.6705e-02
3084.17 3.0740e-03 3.5841e-01 5.5415e-01 8.4364e-02
3472.46 5.8333e-04 1.6308e-01 7.0389e-01 1.3245e-01
3909.64 2.2049e-04 1.1055e-01 7.1654e-01 1.7269e-01
4148.46 2.6928e-04 1.1946e-01 7.0336e-01 1.7691e-01
4670.75 2.6637e-04 1.4048e-01 6.8949e-01 1.6977e-01
4956.05 1.1926e-04 9.0256e-02 7.1145e-01 1.9818e-01
5258.79 2.8223e-05 3.7852e-02 7.3003e-01 2.3209e-01
5580.02 2.7623e-06 1.1746e-02 7.2909e-01 2.5916e-01
5920.87 5.5022e-07 4.6864e-03 7.1005e-01 2.8526e-01
6282.54 2.8526e-07 3.5795e-03 6.8065e-01 3.1577e-01
6666.30 2.1914e-07 3.1720e-03 6.7560e-01 3.2123e-01
7073.50 1.8109e-07 2.8810e-03 6.6854e-01 3.2858e-01
7505.58 1.8908e-07 2.9458e-03 6.4936e-01 3.4770e-01
7964.05 3.7680e-07 4.4349e-03 6.5459e-01 3.4097e-01
8450.53 1.3148e-06 9.0204e-03 6.6883e-01 3.2214e-01
8966.72 5.1643e-06 2.0217e-02 6.7269e-01 3.0709e-01
9514.44 2.2252e-05 4.5421e-02 6.6360e-01 2.9095e-01
10095.62 8.2103e-05 8.6594e-02 6.4992e-01 2.6340e-01
10712.30 2.0401e-04 1.3658e-01 6.2571e-01 2.3750e-01
11366.65 2.9999e-04 1.6051e-01 6.1531e-01 2.2388e-01
12061.10 4.4137e-04 1.8914e-01 5.9364e-01 2.1678e-01
12793.43 5.7642e-04 2.1782e-01 5.6980e-01 2.1181e-01
13528.61 4.0365e-04 2.2476e-01 5.6372e-01 2.1111e-01
14194.74 3.5594e-04 1.5143e-01 6.0951e-01 2.3870e-01
14757.77 2.0934e-04 9.9585e-02 6.3820e-01 2.6201e-01
15240.48 3.0474e-04 9.1404e-02 6.7510e-01 2.3319e-01
15646.99 1.7606e-04 7.7907e-02 7.4766e-01 1.7425e-01
15960.30 2.4017e-04 6.3634e-02 8.1869e-01 1.1744e-01
16187.41 2.6703e-04 6.2915e-02 8.3709e-01 9.9724e-02
16354.17 3.6337e-04 9.4593e-02 8.0823e-01 9.6809e-02
16484.18 6.9456e-05 3.4004e-02 8.6705e-01 9.8882e-02
16593.12 5.8580e-05 2.5849e-02 8.5130e-01 1.2279e-01
16691.99 2.7494e-04 7.6615e-02 7.8937e-01 1.3374e-01
16788.59 1.1489e-04 4.4623e-02 8.1101e-01 1.4426e-01
16888.37 3.8573e-05 2.4857e-02 8.3995e-01 1.3515e-01
16998.79 2.5177e-05 2.3609e-02 8.1616e-01 1.6020e-01
17146.37 4.3439e-05 2.9268e-02 7.9477e-01 1.7592e-01
17415.23 6.6885e-06 1.0218e-02 8.0117e-01 1.8860e-01
17888.12 5.4945e-06 7.9274e-03 7.7372e-01 2.1835e-01
18532.37 1.5856e-06 5.2550e-03 7.4881e-01 2.4594e-01
19260.76 1.3739e-06 4.3350e-03 7.1958e-01 2.7609e-01
20034.10 9.3761e-07 3.6277e-03 6.8261e-01 3.1376e-01
20838.00 1.3739e-06 4.6267e-03 6.4378e-01 3.5159e-01
21647.97 1.2710e-06 4.4795e-03 5.9927e-01 3.9625e-01
22447.94 1.6620e-06 4.0836e-03 5.6762e-01 4.2829e-01
23245.88 1.5509e-06 3.9884e-03 4.8976e-01 5.0625e-01
24052.47 6.0197e-07 2.5082e-03 4.4965e-01 5.4784e-01
24867.72 8.1072e-08 8.1861e-04 4.0325e-01 5.9593e-01
25698.86 2.0717e-07 1.6167e-03 3.7202e-01 6.2637e-01
26587.16 1.3627e-07 9.2507e-04 3.3914e-01 6.5993e-01
27637.54 4.4755e-06 2.4238e-02 2.9788e-01 6.7788e-01
28986.97 4.8203e-06 1.6618e-02 2.5977e-01 7.2361e-01
#TIME: 239.76
#NVEL 78
#vel_mid[km/s] ar0 ar1 ar2 ar3
1060.83 1.5382e-02 6.2600e-01 3.2712e-01 3.1490e-02
1919.29 2.7230e-02 6.2378e-01 3.1846e-01 3.0531e-02
2581.60 1.0084e-02 5.6193e-01 3.8224e-01 4.5742e-02
3084.17 3.0963e-03 3.6631e-01 5.4746e-01 8.3133e-02
3472.46 6.2062e-04 1.6320e-01 7.0383e-01 1.3235e-01
3909.64 2.4289e-04 1.0884e-01 7.1837e-01 1.7255e-01
4148.46 2.3682e-04 1.1646e-01 7.0723e-01 1.7607e-01
4670.75 2.8193e-04 1.2711e-01 7.0107e-01 1.7154e-01
4956.05 1.4461e-04 8.1288e-02 7.2036e-01 1.9821e-01
5258.79 2.0421e-05 3.5085e-02 7.3318e-01 2.3171e-01
5580.02 2.9186e-06 1.2489e-02 7.2566e-01 2.6185e-01
5920.87 5.7320e-07 5.0689e-03 7.0979e-01 2.8514e-01
6282.54 2.5888e-07 3.4636e-03 6.8375e-01 3.1279e-01
6666.30 2.1382e-07 3.0932e-03 6.7510e-01 3.2181e-01
7073.50 1.9357e-07 3.1439e-03 6.6773e-01 3.2913e-01
7505.58 2.0301e-07 3.1463e-03 6.5237e-01 3.4448e-01
7964.05 3.6144e-07 4.4959e-03 6.5271e-01 3.4279e-01
8450.53 1.2001e-06 8.6817e-03 6.6579e-01 3.2552e-01
8966.72 5.2719e-06 2.0183e-02 6.6979e-01 3.1002e-01
9514.44 2.1289e-05 3.9244e-02 6.6754e-01 2.9320e-01
10095.62 7.5131e-05 8.0937e-02 6.5442e-01 2.6457e-01
10712.30 1.8849e-04 1.3014e-01 6.3258e-01 2.3710e-01
11366.65 3.7814e-04 1.8555e-01 5.9591e-01 2.1817e-01
