#NTIMES:     60
#NSTAGES:     6
#TIMES[d]:     2.000    2.001    2.002    2.003    2.005    2.010    2.020    2.050    2.100    2.200    2.400    2.640    2.900    3.190    3.510    3.860    4.250    4.670    5.140    5.650    6.210    6.830    7.510    8.260    9.090   10.000   11.000   12.100   13.310   14.640   16.100   17.710   19.480   21.430   23.570   25.930   28.520   31.370   34.510   37.960   41.760   45.940   50.530   55.580   61.140   67.250   73.970   81.370   89.510   98.460  108.300  118.000  128.000  138.000  148.000  158.000  168.000  180.000  190.000  200.000
#
#TIME:     2.000
#NVEL: 100
#vel_mid[km/s]           fe0           fe1           fe2           fe3           fe4           fe5
    1.025000E+03    1.0136E-40    3.2717E-30    7.1814E-22    9.9174E-14    1.4859E-06    1.0000E+00
    1.040053E+03    9.8953E-41    3.2099E-30    7.0783E-22    9.8225E-14    1.4786E-06    1.0000E+00
    1.070158E+03    9.7472E-41    3.1786E-30    7.0474E-22    9.8272E-14    1.4811E-06    1.0000E+00
    1.130368E+03    9.9118E-41    3.2485E-30    7.2374E-22    1.0074E-13    1.5070E-06    1.0000E+00
    1.241494E+03    1.0645E-40    3.5042E-30    7.8376E-22    1.0757E-13    1.5741E-06    1.0000E+00
    1.363544E+03    1.1735E-40    3.8719E-30    8.6751E-22    1.1670E-13    1.6606E-06    1.0000E+00
    1.497593E+03    1.3340E-40    4.3998E-30    9.8485E-22    1.2908E-13    1.7724E-06    1.0000E+00
    1.644821E+03    1.5824E-40    5.1954E-30    1.1570E-21    1.4654E-13    1.9215E-06    1.0000E+00
    1.806522E+03    1.9996E-40    6.4899E-30    1.4280E-21    1.7268E-13    2.1296E-06    1.0000E+00
    1.984119E+03    2.7846E-40    8.8327E-30    1.8988E-21    2.1519E-13    2.4391E-06    1.0000E+00
    2.179177E+03    4.4990E-40    1.3696E-29    2.8257E-21    2.9176E-13    2.9343E-06    1.0000E+00
    2.393410E+03    9.1222E-40    2.5911E-29    4.9906E-21    4.4970E-13    3.8029E-06    1.0000E+00
    2.628704E+03    2.6326E-39    6.6790E-29    1.1509E-20    8.4751E-13    5.5384E-06    9.9999E-01
    2.887130E+03    1.3392E-38    2.8328E-28    4.0865E-20    2.2147E-12    9.7492E-06    9.9999E-01
    3.114965E+03    9.7721E-38    1.6488E-27    1.9106E-19    7.1733E-12    1.9403E-05    9.9998E-01
    3.299448E+03    8.3454E-37    1.1035E-26    1.0122E-18    2.5762E-11    4.0914E-05    9.9996E-01
    3.449550E+03    7.8638E-36    8.0778E-26    5.8298E-18    9.9529E-11    8.9813E-05    9.9991E-01
    3.582805E+03    9.7111E-35    7.5457E-25    4.1891E-17    4.6057E-10    2.1841E-04    9.9978E-01
    3.691373E+03    1.2489E-33    7.3404E-24    3.1433E-16    2.2233E-09    5.4288E-04    9.9946E-01
    3.788986E+03    2.1253E-32    9.2141E-23    2.9812E-15    1.2987E-08    1.5022E-03    9.9850E-01
    3.867592E+03    3.4453E-31    1.1138E-21    2.7564E-14    7.4762E-08    4.1096E-03    9.9589E-01
    3.939331E+03    7.5028E-30    1.7646E-20    3.2706E-13    5.2546E-07    1.2552E-02    9.8745E-01
    4.001586E+03    1.8944E-28    3.2126E-19    4.4254E-12    4.0911E-06    4.0236E-02    9.5976E-01
    4.053810E+03    4.6878E-27    5.7590E-18    5.9132E-11    3.1176E-05    1.2386E-01    8.7611E-01
    4.102163E+03    1.3814E-25    1.1954E-16    8.8849E-10    2.4909E-04    3.5650E-01    6.4325E-01
    4.144813E+03    3.2807E-24    1.9749E-15    1.0430E-08    1.4803E-03    7.0557E-01    2.9295E-01
    4.181616E+03    5.6021E-23    2.3463E-14    8.7161E-08    6.0603E-03    9.1265E-01    8.1291E-02
    4.215036E+03    9.9111E-22    2.8426E-13    7.2036E-07    2.2782E-02    9.6159E-01    1.5632E-02
    4.242895E+03    1.6422E-20    3.2682E-12    5.6173E-06    7.9498E-02    9.1786E-01    2.6335E-03
    4.267784E+03    2.7375E-19    3.7757E-11    4.2946E-05    2.5733E-01    7.4230E-01    3.3200E-04
    4.289409E+03    3.3411E-18    3.2553E-10    2.4301E-04    5.9651E-01    4.0322E-01    2.5583E-05
    4.308154E+03    2.4458E-17    1.7427E-09    8.6094E-04    8.6467E-01    1.3446E-01    1.1685E-06
    4.325097E+03    1.6329E-16    8.4783E-09    2.6398E-03    9.6891E-01    2.8445E-02    2.5728E-08
    4.340694E+03    1.1556E-15    4.2843E-08    7.9481E-03    9.8718E-01    4.8763E-03    3.9598E-10
    4.354635E+03    9.6478E-15    2.4692E-07    2.5450E-02    9.7385E-01    7.0322E-04    4.2858E-12
    4.365589E+03    8.0956E-14    1.4458E-06    8.1021E-02    9.1889E-01    8.9755E-05    3.6881E-14
    4.374323E+03    5.9881E-13    7.6771E-06    2.3341E-01    7.6657E-01    9.4271E-06    2.3463E-16
    4.382197E+03    3.8217E-12    3.5066E-05    5.4574E-01    4.5422E-01    5.4241E-07    5.7051E-19
    4.388923E+03    1.6375E-11    1.0675E-04    8.2905E-01    1.7084E-01    1.8861E-08    7.9165E-22
    4.395244E+03    6.4013E-11    2.7624E-04    9.5796E-01    4.1765E-02    3.3093E-10    7.9767E-25
    4.401473E+03    2.7348E-10    7.2789E-04    9.9182E-01    7.4521E-03    2.9709E-12    7.0064E-26
    4.406903E+03    1.0811E-09    1.8151E-03    9.9682E-01    1.3632E-03    2.9135E-14    1.2721E-26
    4.412511E+03    4.8482E-09    4.9797E-03    9.9482E-01    2.0045E-04    1.5221E-16    1.9116E-27
    4.418048E+03    2.3892E-08    1.4646E-02    9.8533E-01    2.5069E-05    4.9722E-19    2.4817E-28
    4.422557E+03    9.8668E-08    3.7886E-02    9.6211E-01    3.9061E-06    3.0485E-21    3.9494E-29
    4.425956E+03    3.0961E-07    8.0936E-02    9.1906E-01    8.1817E-07    6.1788E-23    8.4826E-30
    4.428657E+03    8.2569E-07    1.5435E-01    8.4565E-01    1.8678E-07    1.8362E-23    2.0197E-30
    4.430743E+03    1.7734E-06    2.5232E-01    7.4768E-01    5.0299E-08    1.5944E-23    5.7183E-31
    4.433036E+03    4.0089E-06    4.1496E-01    5.8504E-01    9.2054E-09    1.2976E-23    1.1169E-31
    4.434874E+03    7.3394E-06    5.7709E-01    4.2290E-01    1.8468E-09    9.6612E-24    2.3458E-32
    4.436768E+03    1.2764E-05    7.3903E-01    2.6096E-01    2.7475E-10    6.0584E-24    3.5948E-33
    4.439238E+03    2.3805E-05    8.8982E-01    1.1015E-01    1.5187E-11    2.5478E-24    2.0074E-34
    4.441732E+03    4.1340E-05    9.6178E-01    3.8177E-02    5.8221E-13    8.6444E-25    7.6155E-36
    4.444930E+03    8.1005E-05    9.9156E-01    8.3632E-03    6.2861E-15    1.8335E-25    8.0500E-38
    4.448112E+03    1.5307E-04    9.9810E-01    1.7434E-03    5.9109E-17    3.7333E-26    7.4581E-40
    4.451446E+03    2.7302E-04    9.9937E-01    3.5358E-04    4.6944E-19    7.4180E-27    5.8466E-42
    4.454633E+03    4.1639E-04    9.9949E-01    8.9798E-05    6.3063E-21    1.8330E-27    7.6886E-44
    4.458394E+03    5.8868E-04    9.9939E-01    2.4459E-05    9.2480E-23    4.8077E-28    1.0925E-45
    4.463266E+03    7.9292E-04    9.9920E-01    7.7744E-06    1.1419E-23    1.4612E-28    1.2986E-46
    4.478077E+03    1.3151E-03    9.9868E-01    3.3714E-06    9.9015E-24    6.0966E-29    1.0911E-46
    4.828250E+03    3.0223E-02    9.6978E-01    4.5606E-08    1.1948E-23    1.0306E-30    1.6628E-46
    5.302911E+03    6.1861E-02    9.3814E-01    2.0988E-08    1.5075E-23    6.2021E-31    2.7768E-46
    5.824236E+03    5.7707E-02    9.4229E-01    2.2637E-08    1.9370E-23    8.5785E-31    4.6305E-46
    6.396812E+03    4.9054E-02    9.5095E-01    2.6976E-08    2.4554E-23    1.2870E-30    7.4802E-46
    7.025678E+03    4.0591E-02    9.5941E-01    3.3032E-08    3.0590E-23    1.9503E-30    1.1674E-45
    7.716367E+03    3.2996E-02    9.6700E-01    4.1063E-08    3.7470E-23    2.9527E-30    1.7628E-45
    8.474956E+03    2.6421E-02    9.7358E-01    5.1590E-08    4.5170E-23    4.4512E-30    2.5805E-45
    9.308123E+03    2.0935E-02    9.7906E-01    6.5096E-08    5.3646E-23    6.6474E-30    3.6687E-45
    1.022320E+04    1.6584E-02    9.8342E-01    8.1475E-08    6.2835E-23    9.7232E-30    5.0742E-45
    1.122823E+04    1.3373E-02    9.8663E-01    9.9060E-08    7.2656E-23    1.3654E-29    6.8378E-45
    1.233207E+04    1.1243E-02    9.8876E-01    1.1391E-07    8.3020E-23    1.7933E-29    8.9892E-45
    1.354443E+04    9.9664E-03    9.9003E-01    1.2205E-07    9.3836E-23    2.1712E-29    1.1546E-44
    1.475430E+04    9.2036E-03    9.9080E-01    1.2190E-07    1.0403E-22    2.4029E-29    1.4240E-44
    1.596250E+04    8.4657E-03    9.9153E-01    1.1662E-07    1.1364E-22    2.5084E-29    1.7024E-44
    1.715172E+04    7.5061E-03    9.9249E-01    1.1049E-07    1.2256E-22    2.5589E-29    1.9820E-44
    1.831808E+04    6.3892E-03    9.9361E-01    1.0715E-07    1.3080E-22    2.6442E-29    2.2583E-44
    1.946215E+04    5.3305E-03    9.9467E-01    1.0712E-07    1.3837E-22    2.7932E-29    2.5287E-44
    2.056623E+04    4.5130E-03    9.9549E-01    1.0687E-07    1.4521E-22    2.9226E-29    2.7871E-44
    2.164457E+04    3.9077E-03    9.9609E-01    1.0480E-07    1.5147E-22    2.9892E-29    3.0358E-44
    2.269608E+04    3.4298E-03    9.9657E-01    1.0343E-07    1.5720E-22    3.0620E-29    3.2738E-44
    2.371204E+04    3.0032E-03    9.9700E-01    1.0414E-07    1.6243E-22    3.1860E-29    3.4989E-44
    2.470288E+04    2.6014E-03    9.9740E-01    1.0713E-07    1.6726E-22    3.3747E-29    3.7135E-44
    2.567282E+04    2.2086E-03    9.9779E-01    1.1278E-07    1.7173E-22    3.6476E-29    3.9189E-44
    2.662453E+04    1.8503E-03    9.9815E-01    1.1947E-07    1.7590E-22    3.9575E-29    4.1160E-44
    2.756088E+04    1.5388E-03    9.9846E-01    1.2531E-07    1.7979E-22    4.2427E-29    4.3060E-44
    2.848473E+04    1.2835E-03    9.9872E-01    1.2753E-07    1.8345E-22    4.4059E-29    4.4894E-44
    2.939718E+04    1.0805E-03    9.9892E-01    1.2500E-07    1.8688E-22    4.4000E-29    4.6666E-44
    3.030159E+04    9.2730E-04    9.9907E-01    1.1709E-07    1.9013E-22    4.1944E-29    4.8381E-44
    3.120144E+04    8.1098E-04    9.9919E-01    1.0555E-07    1.9321E-22    3.8435E-29    5.0043E-44
    3.209856E+04    7.2429E-04    9.9928E-01    9.2012E-08    1.9616E-22    3.4025E-29    5.1659E-44
    3.299464E+04    6.5844E-04    9.9934E-01    7.7564E-08    1.9897E-22    2.9101E-29    5.3233E-44
    3.389124E+04    6.0753E-04    9.9939E-01    6.3380E-08    2.0166E-22    2.4106E-29    5.4771E-44
    3.478990E+04    5.6236E-04    9.9944E-01    5.1204E-08    2.0425E-22    1.9728E-29    5.6271E-44
    3.569221E+04    5.1057E-04    9.9949E-01    4.1460E-08    2.0674E-22    1.6171E-29    5.7733E-44
    3.659989E+04    4.5722E-04    9.9954E-01    3.3770E-08    2.0916E-22    1.3326E-29    5.9155E-44
    3.751483E+04    3.9754E-04    9.9960E-01    2.7698E-08    2.1151E-22    1.1053E-29    6.0542E-44
    3.843911E+04    3.5756E-04    9.9964E-01    2.1639E-08    2.1379E-22    8.7288E-30    6.1900E-44
    3.937508E+04    2.9811E-04    9.9970E-01    1.8392E-08    2.1604E-22    7.4965E-30    6.3240E-44
    4.030917E+04    2.5152E-04    9.9975E-01    1.6041E-08    2.1608E-22    6.5339E-30    6.2997E-44
    4.032500E+04    2.5351E-04    9.9975E-01    1.4791E-08    1.0028E-22    2.8855E-30    1.6195E-44
#TIME:     2.001
#NVEL: 100
#vel_mid[km/s]           fe0           fe1           fe2           fe3           fe4           fe5
    1.025000E+03    1.0425E-40    3.3529E-30    7.3308E-22    1.0089E-13    1.5007E-06    1.0000E+00
    1.033631E+03    1.0178E-40    3.2867E-30    7.2154E-22    9.9835E-14    1.4922E-06    1.0000E+00
    1.050893E+03    9.9236E-41    3.2216E-30    7.1104E-22    9.8952E-14    1.4858E-06    1.0000E+00
    1.085418E+03    9.8083E-41    3.2019E-30    7.1066E-22    9.9245E-14    1.4908E-06    1.0000E+00
    1.192830E+03    1.0325E-40    3.3923E-30    7.5751E-22    1.0479E-13    1.5468E-06    1.0000E+00
    1.310616E+03    1.1270E-40    3.7145E-30    8.3157E-22    1.1298E-13    1.6255E-06    1.0000E+00
    1.440032E+03    1.2642E-40    4.1706E-30    9.3393E-22    1.2393E-13    1.7263E-06    1.0000E+00
    1.582227E+03    1.4719E-40    4.8428E-30    1.0810E-21    1.3911E-13    1.8589E-06    1.0000E+00
    1.738464E+03    1.8086E-40    5.9012E-30    1.3056E-21    1.6127E-13    2.0405E-06    1.0000E+00
    1.910128E+03    2.4129E-40    7.7341E-30    1.6803E-21    1.9609E-13    2.3037E-06    1.0000E+00
    2.098743E+03    3.6551E-40    1.1334E-29    2.3818E-21    2.5633E-13    2.7129E-06    1.0000E+00
    2.305983E+03    6.7156E-40    1.9675E-29    3.9068E-21    3.7361E-13    3.4037E-06    1.0000E+00
    2.533686E+03    1.6653E-39    4.4397E-29    8.0343E-21    6.4697E-13    4.7197E-06    1.0000E+00
    2.784236E+03    6.6346E-39    1.5189E-28    2.3670E-20    1.4582E-12    7.6286E-06    9.9999E-01
    3.054040E+03    5.4289E-38    9.7986E-28    1.2106E-19    5.0628E-12    1.5828E-05    9.9998E-01
    3.277713E+03    6.2699E-37    8.5694E-27    8.1067E-19    2.1701E-11    3.7037E-05    9.9996E-01
    3.457358E+03    8.9022E-36    9.0242E-26    6.4257E-18    1.0720E-10    9.3819E-05    9.9991E-01
    3.600523E+03    1.4070E-34    1.0499E-24    5.6084E-17    5.7750E-10    2.4909E-04    9.9975E-01
    3.715668E+03    2.3647E-33    1.2973E-23    5.2103E-16    3.2994E-09    6.8202E-04    9.9932E-01
    3.816868E+03    5.3003E-32    2.0856E-22    6.1746E-15    2.3000E-08    2.0875E-03    9.9791E-01
    3.903355E+03    1.4584E-30    4.0581E-21    8.7644E-14    1.8590E-07    6.9277E-03    9.9307E-01
    3.976242E+03    4.6230E-29    9.0351E-20    1.4166E-12    1.6677E-06    2.4220E-02    9.7578E-01
    4.040206E+03    1.8847E-27    2.5368E-18    2.8341E-11    1.7561E-05    9.0576E-02    9.0941E-01
    4.094637E+03    7.7935E-26    7.1653E-17    5.6402E-10    1.7684E-04    3.0318E-01    6.9665E-01
    4.142797E+03    2.7706E-24    1.7013E-15    9.1701E-09    1.3542E-03    6.8774E-01    3.1091E-01
    4.184396E+03    6.9070E-23    2.8113E-14    1.0171E-07    6.6906E-03    9.2061E-01    7.2698E-02
    4.219843E+03    1.5260E-21    4.1304E-13    9.8786E-07    2.7681E-02    9.6031E-01    1.2011E-02
    4.250896E+03    3.7966E-20    6.7673E-12    1.0330E-05    1.1418E-01    8.8432E-01    1.4868E-03
    4.277520E+03    8.1827E-19    9.7209E-11    9.2916E-05    3.8589E-01    6.1390E-01    1.2341E-04
    4.300647E+03    1.0730E-17    8.7222E-10    5.1652E-04    7.7000E-01    2.2948E-01    4.8136E-06
    4.320861E+03    9.4576E-17    5.3691E-09    1.9192E-03    9.5209E-01    4.5990E-02    8.1767E-08
    4.338122E+03    7.4844E-16    2.9833E-08    6.2233E-03    9.8652E-01    7.2564E-03    1.0084E-09
    4.353834E+03    7.6397E-15    2.0310E-07    2.2339E-02    9.7678E-01    8.7603E-04    7.1475E-12
    4.366440E+03    8.4009E-14    1.4874E-06    8.2386E-02    9.1753E-01    8.6834E-05    3.4193E-14
    4.376598E+03    8.3978E-13    1.0132E-05    2.7550E-01    7.2448E-01    6.1125E-06    9.1318E-17
    4.385210E+03    5.7447E-12    4.8186E-05    6.2982E-01    3.7013E-01    2.4359E-07    1.1436E-19
    4.392810E+03    2.5911E-11    1.4751E-04    8.8743E-01    1.1242E-01    5.4290E-09    7.5898E-23
    4.399573E+03    1.0041E-10    3.7173E-04    9.7420E-01    2.5432E-02    8.4527E-11    2.7382E-25
    4.405855E+03    4.1499E-10    9.5440E-04    9.9444E-01    4.6037E-03    8.0382E-13    4.3189E-26
    4.411826E+03    1.9860E-09    2.7127E-03    9.9664E-01    6.4777E-04    3.8209E-15    6.0839E-27
    4.417378E+03    9.8531E-09    8.0083E-03    9.9191E-01    8.1310E-05    1.2727E-17    7.9034E-28
    4.421974E+03    4.1861E-08    2.1248E-02    9.7874E-01    1.2311E-05    7.0643E-20    1.2307E-28
    4.425875E+03    1.5977E-07    5.2062E-02    9.4794E-01    2.0696E-06    5.5502E-22    2.1111E-29
    4.429253E+03    5.4365E-07    1.1745E-01    8.8255E-01    3.5738E-07    2.2800E-23    3.7852E-30
    4.432481E+03    1.6689E-06    2.4352E-01    7.5648E-01    5.5562E-08    1.6107E-23    6.2910E-31
    4.436033E+03    4.5887E-06    4.4804E-01    5.5195E-01    6.7076E-09    1.2329E-23    8.2277E-32
    4.439854E+03    1.0112E-05    6.6404E-01    3.3595E-01    7.3756E-10    7.7611E-24    9.5468E-33
    4.443627E+03    1.7913E-05    8.1409E-01    1.8589E-01    9.0495E-11    4.3328E-24    1.1968E-33
    4.447309E+03    2.8262E-05    9.0251E-01    9.7462E-02    1.1619E-11    2.2607E-24    1.5431E-34
    4.451157E+03    4.3075E-05    9.5244E-01    4.7514E-02    1.3325E-12    1.0890E-24    1.7617E-35
    4.455229E+03    6.4477E-05    9.7751E-01    2.2427E-02    1.4769E-13    5.0680E-25    1.9370E-36
    4.459352E+03    9.4598E-05    9.8917E-01    1.0739E-02    1.7597E-14    2.3951E-25    2.2898E-37
    4.466296E+03    1.7607E-04    9.9659E-01    3.2337E-03    5.6304E-16    7.0909E-26    7.2549E-39
    4.588121E+03    1.6399E-03    9.9833E-01    3.3369E-05    1.0992E-21    7.4429E-28    1.4732E-44
    5.002020E+03    4.3441E-02    9.5656E-01    3.6111E-08    1.3126E-23    9.0475E-31    2.0402E-46
    5.505454E+03    6.1786E-02    9.3821E-01    2.0791E-08    1.6670E-23    6.7514E-31    3.4029E-46
    6.049088E+03    5.5160E-02    9.4484E-01    2.2756E-08    2.1317E-23    9.4057E-31    5.6048E-46
    6.646403E+03    4.6178E-02    9.5382E-01    2.7269E-08    2.6859E-23    1.4105E-30    8.9398E-46
    7.302700E+03    3.7933E-02    9.6207E-01    3.3330E-08    3.3256E-23    2.1222E-30    1.3781E-45
    8.023803E+03    3.0653E-02    9.6935E-01    4.1195E-08    4.0497E-23    3.1792E-30    2.0571E-45
    8.816110E+03    2.4447E-02    9.7555E-01    5.1131E-08    4.8549E-23    4.7139E-30    2.9795E-45
    9.691226E+03    1.9356E-02    9.8064E-01    6.3056E-08    5.7401E-23    6.8562E-30    4.2013E-45
    1.060708E+04    1.5600E-02    9.8440E-01    7.4996E-08    6.6481E-23    9.4299E-30    5.6850E-45
    1.152419E+04    1.3139E-02    9.8686E-01    8.3752E-08    7.5281E-23    1.1916E-29    7.3470E-45
    1.244041E+04    1.1548E-02    9.8845E-01    8.8032E-08    8.3728E-23    1.3926E-29    9.1477E-45
    1.336348E+04    1.0601E-02    9.8940E-01    8.7421E-08    9.1852E-23    1.5174E-29    1.1067E-44
    1.427953E+04    9.9372E-03    9.9006E-01    8.3892E-08    9.9533E-23    1.5787E-29    1.3046E-44
    1.518907E+04    9.3729E-03    9.9063E-01    7.9535E-08    1.0679E-22    1.6073E-29    1.5061E-44
    1.610294E+04    8.7194E-03    9.9128E-01    7.6446E-08    1.1373E-22    1.6468E-29    1.7117E-44
    1.702212E+04    7.8950E-03    9.9210E-01    7.5575E-08    1.2038E-22    1.7244E-29    1.9203E-44
    1.793623E+04    6.9593E-03    9.9304E-01    7.7199E-08    1.2666E-22    1.8540E-29    2.1281E-44
    1.884515E+04    6.0257E-03    9.9397E-01    8.0897E-08    1.3257E-22    2.0339E-29    2.3338E-44
    1.975653E+04    5.2389E-03    9.9476E-01    8.4823E-08    1.3817E-22    2.2237E-29    2.5375E-44
    2.067033E+04    4.5599E-03    9.9544E-01    8.8220E-08    1.4351E-22    2.4034E-29    2.7402E-44
    2.158540E+04    4.0480E-03    9.9595E-01    8.9883E-08    1.4859E-22    2.5377E-29    2.9410E-44
    2.250115E+04    3.6124E-03    9.9639E-01    9.1445E-08    1.5343E-22    2.6690E-29    3.1401E-44
    2.341322E+04    3.2021E-03    9.9680E-01    9.3967E-08    1.5804E-22    2.8282E-29    3.3364E-44
    2.432621E+04    2.7986E-03    9.9720E-01    9.7884E-08    1.6243E-22    3.0310E-29    3.5305E-44
    2.524083E+04    2.3904E-03    9.9761E-01    1.0379E-07    1.6661E-22    3.2984E-29    3.7220E-44
    2.615666E+04    2.0124E-03    9.9799E-01    1.1116E-07    1.7055E-22    3.6166E-29    3.9094E-44
    2.707356E+04    1.6736E-03    9.9833E-01    1.1854E-07    1.7420E-22    3.9392E-29    4.0916E-44
    2.799150E+04    1.4001E-03    9.9860E-01    1.2364E-07    1.7745E-22    4.1854E-29    4.2647E-44
    2.891055E+04    1.1825E-03    9.9882E-01    1.2446E-07    1.8052E-22    4.2867E-29    4.4374E-44
    2.983087E+04    1.0214E-03    9.9898E-01    1.1984E-07    1.8339E-22    4.1949E-29    4.6083E-44
    3.075270E+04    9.0505E-04    9.9909E-01    1.1027E-07    1.8640E-22    3.9240E-29    4.7858E-44
    3.167645E+04    8.2084E-04    9.9918E-01    9.7658E-08    1.8971E-22    3.5352E-29    4.9706E-44
    3.260268E+04    7.6063E-04    9.9924E-01    8.3333E-08    1.9321E-22    3.0696E-29    5.1558E-44
    3.353223E+04    7.1400E-04    9.9929E-01    6.8547E-08    1.9681E-22    2.5681E-29    5.3399E-44
    3.446626E+04    6.6985E-04    9.9933E-01    5.5111E-08    2.0024E-22    2.0978E-29    5.5149E-44
    3.540638E+04    6.1165E-04    9.9939E-01    4.4198E-08    2.0358E-22    1.7076E-29    5.6845E-44
    3.635490E+04    5.4032E-04    9.9946E-01    3.5609E-08    2.0669E-22    1.3949E-29    5.8458E-44
    3.731507E+04    4.5672E-04    9.9954E-01    2.8977E-08    2.0959E-22    1.1499E-29    6.0000E-44
    3.829161E+04    3.9911E-04    9.9960E-01    2.2393E-08    2.1230E-22    8.9936E-30    6.1499E-44
    3.929136E+04    3.2799E-04    9.9967E-01    1.8630E-08    2.1492E-22    7.5708E-30    6.3020E-44
    3.968816E+04    3.0094E-04    9.9970E-01    1.8136E-08    2.2028E-22    7.3816E-30    6.4681E-44
    3.995269E+04    2.8113E-04    9.9972E-01    1.8026E-08    2.2510E-22    7.3358E-30    6.6062E-44
    4.012905E+04    2.8351E-04    9.9972E-01    1.7412E-08    2.2368E-22    7.0839E-30    6.5531E-44
    4.024662E+04    3.1075E-04    9.9969E-01    1.6606E-08    2.1915E-22    6.7546E-30    6.4082E-44
    4.032422E+04    4.1556E-04    9.9958E-01    1.4839E-08    1.0832E-22    3.0600E-30    1.7590E-44
    4.032500E+04    4.1488E-04    9.9959E-01    1.4776E-08    1.0442E-22    2.9364E-30    1.6399E-44
#TIME:     2.002
#NVEL: 100
#vel_mid[km/s]           fe0           fe1           fe2           fe3           fe4           fe5
    1.025000E+03    1.0382E-40    3.3407E-30    7.3106E-22    1.0095E-13    1.5011E-06    1.0000E+00
    1.041817E+03    1.0091E-40    3.2658E-30    7.1874E-22    9.9803E-14    1.4926E-06    1.0000E+00
    1.075450E+03    9.8496E-41    3.2105E-30    7.1165E-22    9.9376E-14    1.4914E-06    1.0000E+00
    1.142716E+03    1.0011E-40    3.2830E-30    7.3199E-22    1.0196E-13    1.5188E-06    1.0000E+00
    1.252484E+03    1.0774E-40    3.5476E-30    7.9375E-22    1.0892E-13    1.5869E-06    1.0000E+00
    1.372656E+03    1.1891E-40    3.9229E-30    8.7893E-22    1.1819E-13    1.6740E-06    1.0000E+00
    1.504364E+03    1.3514E-40    4.4554E-30    9.9701E-22    1.3062E-13    1.7857E-06    1.0000E+00
    1.648709E+03    1.6012E-40    5.2535E-30    1.1693E-21    1.4807E-13    1.9339E-06    1.0000E+00
    1.806905E+03    2.0175E-40    6.5430E-30    1.4389E-21    1.7403E-13    2.1397E-06    1.0000E+00
    1.980279E+03    2.7914E-40    8.8501E-30    1.9021E-21    2.1585E-13    2.4434E-06    1.0000E+00
    2.170289E+03    4.4491E-40    1.3555E-29    2.7991E-21    2.9005E-13    2.9230E-06    1.0000E+00
    2.378531E+03    8.7913E-40    2.5065E-29    4.8451E-21    4.4049E-13    3.7553E-06    1.0000E+00
    2.606754E+03    2.4034E-39    6.1541E-29    1.0710E-20    8.0188E-13    5.3615E-06    9.9999E-01
    2.858101E+03    1.1062E-38    2.3910E-28    3.5175E-20    1.9725E-12    9.1073E-06    9.9999E-01
    3.109243E+03    9.2538E-38    1.5718E-27    1.8328E-19    6.9506E-12    1.9052E-05    9.9998E-01
    3.316877E+03    1.0494E-36    1.3537E-26    1.2117E-18    2.9554E-11    4.4358E-05    9.9996E-01
    3.485311E+03    1.4441E-35    1.3877E-25    9.3935E-18    1.4390E-10    1.1134E-04    9.9989E-01
    3.622380E+03    2.2840E-34    1.6169E-24    8.2238E-17    7.7868E-10    2.9619E-04    9.9970E-01
    3.733454E+03    3.8696E-33    2.0143E-23    7.7084E-16    4.4871E-09    8.1455E-04    9.9919E-01
    3.831415E+03    8.7445E-32    3.2657E-22    9.2196E-15    3.1546E-08    2.5039E-03    9.9750E-01
    3.916769E+03    2.5804E-30    6.7736E-21    1.3880E-13    2.6727E-07    8.5295E-03    9.9147E-01
    3.987480E+03    8.2628E-29    1.5238E-19    2.2673E-12    2.4172E-06    2.9895E-02    9.7010E-01
    4.048227E+03    3.0842E-27    3.9531E-18    4.2248E-11    2.4002E-05    1.0748E-01    8.9249E-01
    4.101072E+03    1.2183E-25    1.0686E-16    8.0551E-10    2.3156E-04    3.4463E-01    6.5513E-01
    4.146681E+03    3.6599E-24    2.1734E-15    1.1350E-08    1.5704E-03    7.1721E-01    2.8122E-01
    4.185285E+03    7.3455E-23    2.9672E-14    1.0656E-07    6.8952E-03    9.2290E-01    7.0201E-02
    4.219120E+03    1.4017E-21    3.8386E-13    9.2941E-07    2.6672E-02    9.6070E-01    1.2629E-02
    4.249228E+03    3.0560E-20    5.6054E-12    8.8335E-06    1.0415E-01    8.9412E-01    1.7248E-03
    4.275678E+03    6.3489E-19    7.8126E-11    7.7894E-05    3.5306E-01    6.4670E-01    1.5706E-04
    4.299131E+03    8.8037E-18    7.3878E-10    4.5618E-04    7.4335E-01    2.5619E-01    6.5383E-06
    4.318709E+03    7.1139E-17    4.2384E-09    1.6263E-03    9.3994E-01    5.8434E-02    1.4625E-07
    4.336485E+03    5.6068E-16    2.3499E-08    5.2981E-03    9.8529E-01    9.4078E-03    1.8588E-09
    4.351981E+03    5.1233E-15    1.4604E-07    1.7967E-02    9.8077E-01    1.2624E-03    1.6743E-11
    4.364624E+03    5.0277E-14    9.7057E-07    6.2442E-02    9.3741E-01    1.4525E-04    1.1120E-13
    4.374888E+03    4.6398E-13    6.1942E-06    2.0430E-01    7.9568E-01    1.3006E-05    4.7589E-16
    4.383476E+03    3.1428E-12    2.9878E-05    5.0367E-01    4.9630E-01    7.8854E-07    1.2224E-18
    4.391667E+03    1.5495E-11    1.0213E-04    8.1870E-01    1.8120E-01    2.2536E-08    1.1125E-21
    4.399102E+03    6.1368E-11    2.6719E-04    9.5497E-01    4.4766E-02    4.0067E-10    1.0005E-24
    4.405747E+03    2.4096E-10    6.6576E-04    9.9040E-01    8.9330E-03    4.8671E-12    8.4525E-26
    4.412008E+03    1.1177E-09    1.8465E-03    9.9681E-01    1.3398E-03    2.7822E-14    1.2552E-26
    4.417791E+03    5.6355E-09    5.4888E-03    9.9434E-01    1.6797E-04    9.3683E-17    1.6128E-27
    4.423266E+03    2.9610E-08    1.6850E-02    9.8313E-01    1.9258E-05    2.4109E-19    1.9189E-28
    4.428324E+03    1.5810E-07    5.1782E-02    9.4822E-01    2.0834E-06    5.6365E-22    2.1288E-29
    4.433005E+03    7.7920E-07    1.4924E-01    8.5076E-01    2.0141E-07    1.8671E-23    2.1763E-30
    4.438537E+03    3.4872E-06    3.8284E-01    6.1715E-01    1.2616E-08    1.3623E-23    1.5177E-31
    4.445733E+03    1.1360E-05    6.9340E-01    3.0659E-01    5.2401E-10    7.1299E-24    6.8448E-33
    4.453796E+03    2.5775E-05    8.8324E-01    1.1674E-01    2.0637E-11    2.7290E-24    2.7562E-34
    4.464985E+03    6.0572E-05    9.7233E-01    2.7614E-02    2.7925E-13    6.3175E-25    3.7025E-36
    4.502280E+03    2.5913E-04    9.9810E-01    1.6447E-03    8.1934E-17    3.6632E-26    1.0770E-39
    4.556641E+03    8.0194E-04    9.9902E-01    1.7388E-04    1.2846E-19    3.9081E-27    1.7227E-42
    4.651283E+03    2.4632E-03    9.9752E-01    1.7471E-05    1.8208E-22    4.0177E-28    2.5263E-45
    4.784543E+03    1.0038E-02    9.8996E-01    8.4563E-07    1.2575E-23    1.9826E-29    1.8034E-46
    5.048234E+03    4.4455E-02    9.5554E-01    3.8558E-08    1.3494E-23    9.9515E-31    2.1621E-46
    5.523686E+03    6.1998E-02    9.3800E-01    2.0409E-08    1.6806E-23    6.6828E-31    3.4611E-46
    6.057531E+03    5.5773E-02    9.4423E-01    2.1689E-08    2.1355E-23    8.9841E-31    5.6292E-46
    6.638758E+03    4.6989E-02    9.5301E-01    2.5673E-08    2.6736E-23    1.3225E-30    8.8631E-46
    7.275754E+03    3.8859E-02    9.6114E-01    3.1024E-08    3.2925E-23    1.9566E-30    1.3512E-45
    7.973871E+03    3.1634E-02    9.6837E-01    3.7873E-08    3.9912E-23    2.8816E-30    1.9981E-45
    8.738973E+03    2.5431E-02    9.7457E-01    4.6353E-08    4.7665E-23    4.1964E-30    2.8707E-45
    9.580535E+03    2.0302E-02    9.7970E-01    5.6238E-08    5.6159E-23    5.9825E-30    4.0181E-45
    1.047748E+04    1.6401E-02    9.8360E-01    6.5927E-08    6.5038E-23    8.1072E-30    5.4354E-45
    1.137398E+04    1.3822E-02    9.8618E-01    7.2255E-08    7.3625E-23    1.0048E-29    7.0200E-45
    1.226934E+04    1.2169E-02    9.8783E-01    7.4150E-08    8.1858E-23    1.1456E-29    8.7351E-45
    1.316433E+04    1.1179E-02    9.8882E-01    7.1608E-08    8.9706E-23    1.2119E-29    1.0546E-44
    1.405930E+04    1.0521E-02    9.8948E-01    6.6314E-08    9.7172E-23    1.2155E-29    1.2425E-44
    1.495410E+04    9.9962E-03    9.9000E-01    6.0505E-08    1.0426E-22    1.1902E-29    1.4348E-44
    1.584866E+04    9.4101E-03    9.9059E-01    5.6119E-08    1.1101E-22    1.1759E-29    1.6299E-44
    1.674306E+04    8.6506E-03    9.9135E-01    5.4282E-08    1.1743E-22    1.2040E-29    1.8266E-44
    1.763735E+04    7.7302E-03    9.9227E-01    5.5110E-08    1.2355E-22    1.2870E-29    2.0238E-44
    1.853138E+04    6.7525E-03    9.9325E-01    5.8474E-08    1.2934E-22    1.4309E-29    2.2200E-44
    1.942514E+04    5.8779E-03    9.9412E-01    6.3018E-08    1.3480E-22    1.6089E-29    2.4130E-44
    2.031876E+04    5.1483E-03    9.9485E-01    6.7744E-08    1.3995E-22    1.7982E-29    2.6032E-44
    2.121237E+04    4.5438E-03    9.9546E-01    7.1942E-08    1.4485E-22    1.9797E-29    2.7915E-44
    2.210613E+04    4.0804E-03    9.9592E-01    7.5521E-08    1.4951E-22    2.1492E-29    2.9775E-44
    2.300022E+04    3.6532E-03    9.9635E-01    7.9640E-08    1.5398E-22    2.3390E-29    3.1625E-44
    2.389468E+04    3.2327E-03    9.9677E-01    8.4741E-08    1.5826E-22    2.5631E-29    3.3460E-44
    2.478957E+04    2.8023E-03    9.9720E-01    9.1368E-08    1.6235E-22    2.8394E-29    3.5280E-44
    2.568494E+04    2.3773E-03    9.9762E-01    9.9546E-08    1.6621E-22    3.1705E-29    3.7071E-44
    2.658078E+04    1.9906E-03    9.9801E-01    1.0839E-07    1.6982E-22    3.5288E-29    3.8818E-44
    2.747714E+04    1.6547E-03    9.9835E-01    1.1613E-07    1.7299E-22    3.8510E-29    4.0459E-44
    2.837410E+04    1.3896E-03    9.9861E-01    1.2057E-07    1.7573E-22    4.0624E-29    4.2015E-44
    2.927179E+04    1.1844E-03    9.9882E-01    1.2019E-07    1.7816E-22    4.1078E-29    4.3555E-44
    3.017033E+04    1.0369E-03    9.9896E-01    1.1450E-07    1.8037E-22    3.9654E-29    4.5117E-44
    3.106992E+04    9.3129E-04    9.9907E-01    1.0460E-07    1.8294E-22    3.6776E-29    4.6874E-44
    3.197079E+04    8.4956E-04    9.9915E-01    9.2177E-08    1.8627E-22    3.3001E-29    4.8856E-44
    3.287327E+04    7.9035E-04    9.9921E-01    7.8347E-08    1.9008E-22    2.8598E-29    5.0913E-44
    3.377780E+04    7.4297E-04    9.9926E-01    6.4451E-08    1.9400E-22    2.3971E-29    5.2923E-44
    3.468506E+04    6.9622E-04    9.9930E-01    5.2132E-08    1.9783E-22    1.9731E-29    5.4818E-44
    3.559597E+04    6.3351E-04    9.9937E-01    4.2180E-08    2.0156E-22    1.6226E-29    5.6620E-44
    3.651180E+04    5.5606E-04    9.9944E-01    3.4354E-08    2.0505E-22    1.3413E-29    5.8301E-44
    3.743432E+04    4.7251E-04    9.9953E-01    2.8090E-08    2.0827E-22    1.1117E-29    5.9883E-44
    3.836602E+04    4.1153E-04    9.9959E-01    2.2005E-08    2.1114E-22    8.8164E-30    6.1373E-44
    3.931092E+04    3.3675E-04    9.9966E-01    1.8583E-08    2.1407E-22    7.5330E-30    6.2909E-44
    4.027398E+04    3.9065E-04    9.9961E-01    1.6268E-08    2.0039E-22    6.0759E-30    5.4423E-44
    4.029356E+04    4.2702E-04    9.9957E-01    1.5935E-08    1.7135E-22    5.0745E-30    4.0164E-44
    4.030662E+04    4.4358E-04    9.9956E-01    1.5570E-08    1.4714E-22    4.2573E-30    2.9919E-44
    4.031533E+04    4.4874E-04    9.9955E-01    1.5240E-08    1.3007E-22    3.6889E-30    2.3576E-44
    4.032113E+04    4.4836E-04    9.9955E-01    1.4978E-08    1.1864E-22    3.3127E-30    1.9737E-44
    4.032496E+04    4.4637E-04    9.9955E-01    1.4765E-08    1.0910E-22    3.0008E-30    1.6719E-44
    4.032500E+04    4.4636E-04    9.9955E-01    1.4761E-08    1.0891E-22    2.9947E-30    1.6660E-44
#TIME:     2.003
#NVEL: 100
#vel_mid[km/s]           fe0           fe1           fe2           fe3           fe4           fe5
    1.025000E+03    1.0420E-40    3.3524E-30    7.3360E-22    1.0131E-13    1.5045E-06    1.0000E+00
    1.038006E+03    1.0195E-40    3.2944E-30    7.2407E-22    1.0043E-13    1.4979E-06    1.0000E+00
    1.064018E+03    9.9324E-41    3.2306E-30    7.1467E-22    9.9674E-14    1.4934E-06    1.0000E+00
    1.116042E+03    9.9072E-41    3.2440E-30    7.2232E-22    1.0085E-13    1.5075E-06    1.0000E+00
    1.229119E+03    1.0593E-40    3.4868E-30    7.8006E-22    1.0746E-13    1.5730E-06    1.0000E+00
    1.353652E+03    1.1699E-40    3.8603E-30    8.6519E-22    1.1678E-13    1.6611E-06    1.0000E+00
    1.490804E+03    1.3329E-40    4.3967E-30    9.8458E-22    1.2940E-13    1.7752E-06    1.0000E+00
    1.641851E+03    1.5878E-40    5.2133E-30    1.1613E-21    1.4736E-13    1.9282E-06    1.0000E+00
    1.808202E+03    2.0234E-40    6.5635E-30    1.4438E-21    1.7460E-13    2.1443E-06    1.0000E+00
    1.991408E+03    2.8654E-40    9.0690E-30    1.9459E-21    2.1975E-13    2.4705E-06    1.0000E+00
    2.193176E+03    4.7705E-40    1.4443E-29    2.9642E-21    3.0309E-13    3.0020E-06    1.0000E+00
    2.415388E+03    1.0208E-39    2.8655E-29    5.4563E-21    4.8217E-13    3.9635E-06    1.0000E+00
    2.660113E+03    3.2164E-39    7.9766E-29    1.3447E-20    9.5060E-13    5.9285E-06    9.9999E-01
    2.929634E+03    1.8982E-38    3.8601E-28    5.3503E-20    2.7193E-12    1.0995E-05    9.9999E-01
    3.161279E+03    1.5893E-37    2.5395E-27    2.7929E-19    9.5892E-12    2.3002E-05    9.9998E-01
    3.350151E+03    1.6675E-36    2.0428E-26    1.7404E-18    3.9067E-11    5.2196E-05    9.9995E-01
    3.503070E+03    1.9884E-35    1.8450E-25    1.2085E-17    1.7503E-10    1.2476E-04    9.9988E-01
    3.628229E+03    2.6076E-34    1.8206E-24    9.1419E-17    8.4613E-10    3.1084E-04    9.9969E-01
    3.730910E+03    3.5920E-33    1.8862E-23    7.2767E-16    4.2908E-09    7.9399E-04    9.9921E-01
    3.823157E+03    6.5072E-32    2.5089E-22    7.2931E-15    2.6244E-08    2.2531E-03    9.9775E-01
    3.904584E+03    1.5033E-30    4.1756E-21    9.0072E-14    1.9015E-07    7.0210E-03    9.9298E-01
    3.973600E+03    3.8851E-29    7.7386E-20    1.2349E-12    1.4985E-06    2.2803E-02    9.7720E-01
    4.030556E+03    9.8328E-28    1.4149E-18    1.6806E-11    1.1678E-05    7.2346E-02    9.2764E-01
    4.084837E+03    3.6840E-26    3.6692E-17    3.1114E-10    1.1256E-04    2.4272E-01    7.5717E-01
    4.129675E+03    1.0026E-24    6.9573E-16    4.2119E-09    7.8246E-04    5.7457E-01    4.2465E-01
    4.169571E+03    2.0840E-23    9.9357E-15    4.1991E-08    3.7817E-03    8.6253E-01    1.3368E-01
    4.204231E+03    3.5772E-22    1.1732E-13    3.4188E-07    1.4368E-02    9.5702E-01    2.8616E-02
    4.235017E+03    6.5586E-21    1.4697E-12    2.8794E-06    5.3219E-02    9.4199E-01    4.7839E-03
    4.262184E+03    1.2743E-19    1.9429E-11    2.4872E-05    1.9001E-01    8.0935E-01    6.1006E-04
    4.285756E+03    1.9427E-18    2.0469E-10    1.6894E-04    5.1227E-01    4.8751E-01    4.9015E-05
    4.306524E+03    1.8634E-17    1.3878E-09    7.2969E-04    8.3741E-01    1.6186E-01    1.8867E-06
    4.323624E+03    1.1541E-16    6.3417E-09    2.1581E-03    9.5929E-01    3.8550E-02    5.3332E-08
    4.339690E+03    7.9191E-16    3.1283E-08    6.4305E-03    9.8670E-01    6.8658E-03    8.8431E-10
    4.354706E+03    7.2837E-15    1.9553E-07    2.1806E-02    9.7728E-01    9.1062E-04    7.8132E-12
    4.366914E+03    6.9137E-14    1.2667E-06    7.4308E-02    9.2559E-01    1.0522E-04    5.3004E-14
    4.376769E+03    5.7861E-13    7.4505E-06    2.2902E-01    7.7096E-01    9.8474E-06    2.5779E-16
    4.385949E+03    4.0938E-12    3.6947E-05    5.5901E-01    4.4095E-01    4.7861E-07    4.4220E-19
    4.394085E+03    1.8312E-11    1.1536E-04    8.4391E-01    1.5598E-01    1.4263E-08    4.6548E-22
    4.402079E+03    7.6675E-11    3.1065E-04    9.6502E-01    3.4673E-02    1.9748E-10    4.8517E-25
    4.408844E+03    3.0635E-10    7.8122E-04    9.9257E-01    6.6533E-03    2.1811E-12    6.2822E-26
    4.415076E+03    1.4094E-09    2.1578E-03    9.9685E-01    9.9686E-04    1.2388E-14    9.3664E-27
    4.420512E+03    6.2827E-09    5.9125E-03    9.9394E-01    1.4525E-04    6.2690E-17    1.4011E-27
    4.426176E+03    3.2823E-08    1.8073E-02    9.8191E-01    1.6764E-05    1.6437E-19    1.6764E-28
    4.431587E+03    1.8071E-07    5.6674E-02    9.4332E-01    1.7252E-06    3.4408E-22    1.7714E-29
    4.436933E+03    9.4100E-07    1.6892E-01    8.3108E-01    1.4771E-07    1.7823E-23    1.6175E-30
    4.443840E+03    4.3515E-06    4.3404E-01    5.6596E-01    7.6712E-09    1.2674E-23    9.4217E-32
    4.453884E+03    1.4696E-05    7.6044E-01    2.3955E-01    2.1594E-10    5.6230E-24    2.8635E-33
    4.468218E+03    3.9424E-05    9.3967E-01    6.0290E-02    2.7786E-12    1.4068E-24    3.7325E-35
    4.486815E+03    9.7385E-05    9.8843E-01    1.1472E-02    2.1926E-14    2.6136E-25    2.9149E-37
    4.511682E+03    2.4469E-04    9.9788E-01    1.8774E-03    1.1987E-16    4.2165E-26    1.5882E-39
    4.548833E+03    5.9361E-04    9.9908E-01    3.2149E-04    7.4859E-19    7.2476E-27    1.0044E-41
    4.622319E+03    1.6219E-03    9.9834E-01    4.2918E-05    2.2967E-21    9.8543E-28    3.1681E-44
    4.730526E+03    5.3404E-03    9.9466E-01    3.7894E-06    1.4639E-23    8.8953E-29    2.0873E-46
    4.890083E+03    2.1030E-02    9.7897E-01    2.0427E-07    1.2953E-23    4.9722E-30    1.9401E-46
    5.246516E+03    5.3996E-02    9.4600E-01    2.7125E-08    1.4812E-23    7.7601E-31    2.6460E-46
    5.778090E+03    6.1103E-02    9.3890E-01    1.9428E-08    1.8870E-23    7.1416E-31    4.3887E-46
    6.363523E+03    5.1948E-02    9.4805E-01    2.2378E-08    2.4101E-23    1.0430E-30    7.1931E-46
    7.008271E+03    4.2793E-02    9.5721E-01    2.7093E-08    3.0243E-23    1.5737E-30    1.1382E-45
    7.718344E+03    3.4687E-02    9.6531E-01    3.3174E-08    3.7272E-23    2.3614E-30    1.7392E-45
    8.500362E+03    2.7689E-02    9.7231E-01    4.0816E-08    4.5162E-23    3.5050E-30    2.5721E-45
    9.308525E+03    2.2206E-02    9.7779E-01    4.9257E-08    5.3321E-23    4.9785E-30    3.6138E-45
    1.011812E+04    1.8161E-02    9.8184E-01    5.7236E-08    6.1377E-23    6.6452E-30    4.8257E-45
    1.092922E+04    1.5317E-02    9.8468E-01    6.2960E-08    6.9233E-23    8.2339E-30    6.1856E-45
    1.174083E+04    1.3416E-02    9.8658E-01    6.5229E-08    7.6816E-23    9.4557E-30    7.6651E-45
    1.255296E+04    1.2178E-02    9.8782E-01    6.3965E-08    8.4096E-23    1.0143E-29    9.2378E-45
    1.336553E+04    1.1387E-02    9.8861E-01    5.9695E-08    9.1052E-23    1.0243E-29    1.0878E-44
    1.417407E+04    1.0856E-02    9.8914E-01    5.4068E-08    9.7648E-23    9.9452E-30    1.2554E-44
    1.498297E+04    1.0406E-02    9.8959E-01    4.8589E-08    1.0394E-22    9.5103E-30    1.4261E-44
    1.579264E+04    9.8859E-03    9.9011E-01    4.4462E-08    1.0995E-22    9.2047E-30    1.5988E-44
    1.660294E+04    9.2070E-03    9.9079E-01    4.2348E-08    1.1571E-22    9.2272E-30    1.7732E-44
    1.741299E+04    8.3687E-03    9.9163E-01    4.2201E-08    1.2123E-22    9.6358E-30    1.9479E-44
    1.822222E+04    7.4513E-03    9.9255E-01    4.3997E-08    1.2649E-22    1.0488E-29    2.1220E-44
    1.903107E+04    6.5683E-03    9.9343E-01    4.7150E-08    1.3147E-22    1.1693E-29    2.2937E-44
    1.984017E+04    5.8218E-03    9.9418E-01    5.0845E-08    1.3617E-22    1.3079E-29    2.4620E-44
    2.064948E+04    5.1661E-03    9.9483E-01    5.4872E-08    1.4064E-22    1.4604E-29    2.6282E-44
    2.145904E+04    4.6411E-03    9.9536E-01    5.8900E-08    1.4491E-22    1.6187E-29    2.7921E-44
    2.226892E+04    4.2209E-03    9.9578E-01    6.2969E-08    1.4899E-22    1.7837E-29    2.9541E-44
    2.307649E+04    3.8219E-03    9.9618E-01    6.7814E-08    1.5291E-22    1.9765E-29    3.1148E-44
    2.388432E+04    3.4254E-03    9.9657E-01    7.3579E-08    1.5667E-22    2.2028E-29    3.2741E-44
    2.469281E+04    3.0181E-03    9.9698E-01    8.0665E-08    1.6029E-22    2.4761E-29    3.4324E-44
    2.550192E+04    2.6051E-03    9.9739E-01    8.9082E-08    1.6375E-22    2.7979E-29    3.5887E-44
    2.631161E+04    2.2237E-03    9.9778E-01    9.8273E-08    1.6701E-22    3.1509E-29    3.7419E-44
    2.712188E+04    1.8777E-03    9.9812E-01    1.0703E-07    1.6993E-22    3.4928E-29    3.8864E-44
    2.793276E+04    1.5906E-03    9.9841E-01    1.1374E-07    1.7242E-22    3.7653E-29    4.0193E-44
    2.874431E+04    1.3597E-03    9.9864E-01    1.1692E-07    1.7460E-22    3.9194E-29    4.1474E-44
