#NTIMES: 50
#NSTAGES: 4
#TIMES[d]: 199.16 202.03 204.93 207.87 210.86 213.89 216.97 220.09 223.25 226.46 229.71 233.01 236.36 239.76 243.21 246.70 250.25 253.85 257.50 261.20 264.95 268.76 272.62 276.54 280.51 284.55 288.64 292.79 296.99 301.26 305.59 309.99 314.44 318.96 323.55 328.19 332.91 337.70 342.55 347.48 352.47 357.54 362.68 367.89 373.18 378.54 383.98 389.50 395.10 400.78
#
#TIME: 199.16
#NVEL: 162
#vel_mid[km/s] si0 si1 si2 si3
125.00 6.0740e-05 8.7940e-01 1.1539e-01 5.1545e-03
375.00 6.7001e-05 8.5851e-01 1.3510e-01 6.3163e-03
625.00 6.2901e-05 8.4956e-01 1.4337e-01 7.0070e-03
875.00 5.5921e-05 8.3762e-01 1.5445e-01 7.8692e-03
1125.00 5.5492e-05 8.2180e-01 1.6913e-01 9.0100e-03
1375.00 5.0819e-05 8.0762e-01 1.8232e-01 1.0009e-02
1625.00 5.1528e-05 8.0595e-01 1.8361e-01 1.0385e-02
1875.00 5.6793e-05 8.0570e-01 1.8367e-01 1.0575e-02
2125.00 6.1879e-05 8.0907e-01 1.8044e-01 1.0430e-02
2375.00 7.3069e-05 8.2193e-01 1.6837e-01 9.6251e-03
2625.00 1.0213e-04 8.3813e-01 1.5333e-01 8.4421e-03
2875.00 1.5868e-04 8.5822e-01 1.3463e-01 6.9880e-03
3125.00 3.1303e-04 8.7631e-01 1.1780e-01 5.5789e-03
3375.00 1.0868e-03 8.9742e-01 9.7474e-02 4.0210e-03
3625.00 1.5250e-02 9.0804e-01 7.4168e-02 2.5395e-03
3875.00 1.1526e-01 8.3217e-01 5.1081e-02 1.4885e-03
4125.00 2.0021e-01 7.6237e-01 3.6539e-02 8.8768e-04
4375.00 2.0948e-01 7.6070e-01 2.9230e-02 5.8874e-04
4625.00 2.3848e-01 7.3491e-01 2.6111e-02 5.0223e-04
4875.00 2.6233e-01 7.1268e-01 2.4521e-02 4.6575e-04
5125.00 2.8787e-01 6.8842e-01 2.3274e-02 4.3819e-04
5375.00 3.0827e-01 6.6877e-01 2.2543e-02 4.2470e-04
5625.00 3.3122e-01 6.4687e-01 2.1509e-02 4.0829e-04
5875.00 3.4472e-01 6.3367e-01 2.1204e-02 4.0477e-04
6125.00 3.5887e-01 6.2027e-01 2.0469e-02 3.9310e-04
6375.00 3.6405e-01 6.1532e-01 2.0249e-02 3.8976e-04
6625.00 3.6806e-01 6.1106e-01 2.0483e-02 3.9478e-04
6875.00 3.8375e-01 5.9585e-01 2.0005e-02 3.9451e-04
7125.00 3.8736e-01 5.9215e-01 2.0088e-02 4.0003e-04
7375.00 3.9982e-01 5.7977e-01 2.0008e-02 4.0988e-04
7625.00 3.7336e-01 6.0578e-01 2.0453e-02 4.1129e-04
7875.00 3.6016e-01 6.1838e-01 2.1038e-02 4.2117e-04
8125.00 3.8211e-01 5.9626e-01 2.1194e-02 4.4377e-04
8375.00 3.5341e-01 6.2419e-01 2.1942e-02 4.5507e-04
8625.00 3.3325e-01 6.4365e-01 2.2631e-02 4.7164e-04
8875.00 3.2328e-01 6.5285e-01 2.3377e-02 4.9193e-04
9125.00 2.9845e-01 6.7745e-01 2.3602e-02 4.9388e-04
9375.00 8.2936e-02 8.9062e-01 2.5994e-02 4.4820e-04
9625.00 9.4486e-02 8.7883e-01 2.6216e-02 4.6891e-04
9875.00 8.3217e-02 8.8841e-01 2.7870e-02 5.0731e-04
10125.00 1.5973e-01 8.1098e-01 2.8704e-02 5.8696e-04
10375.00 3.7035e-02 9.3117e-01 3.1209e-02 5.8168e-04
10625.00 2.4449e-02 9.4234e-01 3.2594e-02 6.1792e-04
10875.00 1.7504e-02 9.4635e-01 3.5454e-02 6.8976e-04
11125.00 7.2645e-03 9.5447e-01 3.7512e-02 7.4950e-04
11375.00 1.7951e-02 9.4506e-01 3.6261e-02 7.2509e-04
11625.00 2.6423e-03 9.5089e-01 4.5508e-02 9.6496e-04
11875.00 1.5931e-03 9.5472e-01 4.2741e-02 9.4504e-04
12125.00 1.2477e-03 9.4943e-01 4.8264e-02 1.0559e-03
12375.00 1.0054e-03 9.4744e-01 5.0413e-02 1.1464e-03
12625.00 6.8743e-04 9.4931e-01 4.8788e-02 1.2184e-03
12875.00 6.1850e-04 9.4080e-01 5.7096e-02 1.4810e-03
13125.00 5.5737e-04 9.4508e-01 5.2928e-02 1.4382e-03
13375.00 4.7670e-04 9.3905e-01 5.8823e-02 1.6545e-03
13625.00 4.0229e-04 9.3135e-01 6.6320e-02 1.9280e-03
13875.00 4.0090e-04 9.3017e-01 6.7375e-02 2.0504e-03
14125.00 4.9692e-04 9.2975e-01 6.7602e-02 2.1475e-03
14375.00 3.4607e-04 9.3255e-01 6.4945e-02 2.1591e-03
14625.00 3.6311e-04 9.2968e-01 6.7592e-02 2.3644e-03
14875.00 3.2098e-04 9.2222e-01 7.4729e-02 2.7298e-03
15125.00 3.2595e-04 9.1112e-01 8.5505e-02 3.0536e-03
15375.00 3.8178e-04 9.2742e-01 6.9435e-02 2.7633e-03
15625.00 3.7621e-04 9.1399e-01 8.2377e-02 3.2609e-03
15875.00 2.8543e-04 9.1285e-01 8.3314e-02 3.5486e-03
16125.00 3.5733e-04 9.0838e-01 8.7265e-02 3.9937e-03
16375.00 3.1529e-04 9.0224e-01 9.3012e-02 4.4348e-03
16625.00 3.4271e-04 9.0392e-01 9.1183e-02 4.5508e-03
16875.00 3.0578e-04 8.8928e-01 1.0509e-01 5.3248e-03
17125.00 2.8448e-04 8.7550e-01 1.1754e-01 6.6714e-03
17375.00 3.5272e-04 8.8113e-01 1.1218e-01 6.3400e-03
17625.00 3.1814e-04 8.6727e-01 1.2497e-01 7.4430e-03
17875.00 4.4982e-04 8.8284e-01 1.0393e-01 1.2784e-02
18125.00 3.5781e-04 8.8195e-01 1.0176e-01 1.5932e-02
18375.00 3.1689e-04 8.7915e-01 1.0736e-01 1.3176e-02
18625.00 3.9534e-04 8.7391e-01 1.1289e-01 1.2801e-02
18875.00 3.6056e-04 8.1725e-01 1.7004e-01 1.2348e-02
19125.00 3.2366e-04 8.6085e-01 1.2603e-01 1.2800e-02
19375.00 3.3337e-04 8.7241e-01 1.1522e-01 1.2038e-02
19625.00 4.4269e-04 8.8562e-01 1.0172e-01 1.2221e-02
19875.00 2.8870e-04 8.1966e-01 1.6508e-01 1.4973e-02
20125.00 3.3038e-04 8.2636e-01 1.5849e-01 1.4817e-02
20375.00 3.9518e-04 7.9020e-01 1.9120e-01 1.8207e-02
20625.00 4.5414e-04 8.5059e-01 1.1596e-01 3.2995e-02
20875.00 2.4149e-04 7.9044e-01 1.9070e-01 1.8618e-02
21125.00 4.5548e-04 8.4512e-01 1.2635e-01 2.8066e-02
21375.00 4.8306e-04 7.9937e-01 1.6767e-01 3.2469e-02
21625.00 5.6646e-04 8.6328e-01 1.1620e-01 1.9953e-02
21875.00 5.2839e-04 9.0942e-01 7.6666e-02 1.3382e-02
22125.00 4.4574e-04 8.6224e-01 1.1755e-01 1.9770e-02
22375.00 4.3033e-04 8.6977e-01 1.0907e-01 2.0725e-02
22625.00 4.0506e-04 8.2601e-01 1.4316e-01 3.0420e-02
22875.00 5.5907e-04 8.6638e-01 1.1077e-01 2.2287e-02
23125.00 5.0767e-04 7.9473e-01 1.6956e-01 3.5195e-02
23375.00 5.1101e-04 7.8237e-01 1.7559e-01 4.1519e-02
23625.00 5.2831e-04 8.5230e-01 1.1754e-01 2.9632e-02
23875.00 6.1646e-04 8.3146e-01 1.4184e-01 2.6090e-02
24125.00 4.9735e-04 8.0511e-01 1.5741e-01 3.6977e-02
24375.00 4.9555e-04 8.1179e-01 1.4806e-01 3.9656e-02
24625.00 5.8794e-04 8.0804e-01 1.5091e-01 4.0455e-02
24875.00 7.1638e-04 7.7902e-01 1.8129e-01 3.8973e-02
25125.00 6.8201e-04 7.8666e-01 1.7374e-01 3.8917e-02
25375.00 5.3451e-04 7.4388e-01 2.0381e-01 5.1782e-02
25625.00 7.7521e-04 7.1103e-01 2.2908e-01 5.9108e-02
25875.00 7.6991e-04 7.6961e-01 1.8315e-01 4.6473e-02
26125.00 4.3126e-04 7.4356e-01 1.9301e-01 6.2993e-02
26375.00 5.3434e-04 7.7413e-01 1.7634e-01 4.8998e-02
26625.00 6.7282e-04 7.2553e-01 2.0372e-01 7.0076e-02
26875.00 6.4959e-04 7.2932e-01 2.0125e-01 6.8780e-02
27125.00 5.3771e-04 5.3504e-01 3.4599e-01 1.1843e-01
27375.00 2.8550e-04 7.0897e-01 2.1276e-01 7.7983e-02
27625.00 6.0089e-04 7.1184e-01 2.1109e-01 7.6470e-02
27875.00 5.7326e-04 7.1146e-01 2.1125e-01 7.6726e-02
28125.00 4.5046e-04 6.3808e-01 2.6063e-01 1.0084e-01
28375.00 4.1414e-04 5.2847e-01 3.3382e-01 1.3729e-01
28625.00 5.4263e-04 6.5489e-01 2.4221e-01 1.0235e-01
28875.00 4.5084e-04 6.5118e-01 2.4006e-01 1.0831e-01
29125.00 3.2255e-04 3.2255e-01 4.2006e-01 2.5707e-01
29375.00 5.6762e-04 5.5876e-01 2.9948e-01 1.4119e-01
29625.00 6.4113e-04 6.1401e-01 2.5645e-01 1.2889e-01
29875.00 4.4176e-04 5.9562e-01 2.6307e-01 1.4087e-01
30125.00 3.0544e-04 5.7123e-01 2.7114e-01 1.5733e-01
30375.00 2.5658e-04 5.4531e-01 2.8021e-01 1.7423e-01
30625.00 2.9730e-04 5.2829e-01 2.8744e-01 1.8398e-01
30875.00 2.7130e-04 5.1027e-01 2.9177e-01 1.9768e-01
31125.00 2.0081e-04 4.8842e-01 3.0059e-01 2.1079e-01
31375.00 1.8846e-04 4.7217e-01 3.0635e-01 2.2130e-01
31625.00 2.9649e-04 5.5111e-01 2.7789e-01 1.7071e-01
31875.00 3.7235e-04 5.2579e-01 2.8734e-01 1.8650e-01
32125.00 3.2236e-04 4.9883e-01 2.9690e-01 2.0395e-01
32375.00 2.8544e-04 4.4881e-01 3.0907e-01 2.4184e-01
32625.00 2.6292e-04 4.0584e-01 3.1852e-01 2.7538e-01
32875.00 2.4007e-04 4.0000e-01 3.2728e-01 2.7249e-01
33125.00 2.0357e-04 3.2041e-01 3.4330e-01 3.3609e-01
33375.00 2.1260e-04 3.0120e-01 3.3932e-01 3.5927e-01
33625.00 1.7512e-04 2.5306e-01 3.4935e-01 3.9742e-01
33875.00 9.5298e-05 1.9205e-01 3.4943e-01 4.5843e-01
34125.00 3.3454e-05 1.2434e-01 3.5370e-01 5.2193e-01
34375.00 2.7025e-05 1.0950e-01 3.4826e-01 5.4222e-01
34625.00 2.2649e-05 9.0033e-02 3.3535e-01 5.7459e-01
34875.00 1.9327e-05 7.2457e-02 3.2664e-01 6.0089e-01
35125.00 1.1716e-05 5.2100e-02 3.1836e-01 6.2952e-01
35375.00 8.4795e-06 4.4563e-02 3.0404e-01 6.5139e-01
35625.00 5.6885e-06 3.4922e-02 2.8936e-01 6.7572e-01
35875.00 3.8607e-06 2.5809e-02 2.8215e-01 6.9203e-01
36125.00 2.7549e-06 2.2053e-02 2.6694e-01 7.1101e-01
36375.00 2.0540e-06 1.8972e-02 2.5237e-01 7.2866e-01
36625.00 1.3573e-06 1.6308e-02 2.3855e-01 7.4514e-01
36875.00 1.0169e-06 1.4138e-02 2.2534e-01 7.6052e-01
37125.00 6.4025e-07 1.1571e-02 2.0843e-01 7.8000e-01
37375.00 4.4504e-07 1.0621e-02 2.0010e-01 7.8928e-01
37625.00 4.0705e-07 9.2617e-03 1.8889e-01 8.0185e-01
37875.00 3.5402e-07 9.0142e-03 1.7560e-01 8.1539e-01
38125.00 2.9203e-07 8.2546e-03 1.6138e-01 8.3036e-01
38375.00 2.8774e-07 7.6685e-03 1.5757e-01 8.3476e-01
38625.00 6.9745e-08 6.5603e-03 1.4741e-01 8.4603e-01
38875.00 2.1554e-07 5.8331e-03 1.3998e-01 8.5419e-01
39125.00 2.2498e-07 6.2302e-03 1.3163e-01 8.6214e-01
39375.00 2.1864e-07 6.4147e-03 1.2312e-01 8.7047e-01
39625.00 1.4468e-07 5.7168e-03 1.1655e-01 8.7774e-01
39875.00 8.5551e-08 4.8420e-03 1.0928e-01 8.8588e-01
40125.00 1.3496e-07 4.4147e-03 1.0328e-01 8.9230e-01
40375.00 1.2228e-07 3.8411e-03 9.6804e-02 8.9935e-01
#TIME: 202.03
#NVEL: 162
#vel_mid[km/s] si0 si1 si2 si3
125.00 1.0876e-04 8.7582e-01 1.1886e-01 5.2124e-03
375.00 7.4993e-05 8.6113e-01 1.3264e-01 6.1564e-03
625.00 6.1048e-05 8.4593e-01 1.4690e-01 7.1118e-03
875.00 5.7638e-05 8.3733e-01 1.5478e-01 7.8229e-03
1125.00 5.8825e-05 8.1981e-01 1.7110e-01 9.0304e-03
1375.00 5.5294e-05 8.0770e-01 1.8228e-01 9.9616e-03
1625.00 5.3574e-05 8.0574e-01 1.8382e-01 1.0392e-02
1875.00 5.8519e-05 8.0897e-01 1.8054e-01 1.0425e-02
2125.00 6.3909e-05 8.0540e-01 1.8388e-01 1.0654e-02
2375.00 7.4934e-05 8.2101e-01 1.6923e-01 9.6836e-03
2625.00 1.0098e-04 8.3940e-01 1.5207e-01 8.4265e-03
2875.00 1.5798e-04 8.5658e-01 1.3620e-01 7.0534e-03
3125.00 3.3026e-04 8.7668e-01 1.1745e-01 5.5434e-03
3375.00 1.1782e-03 8.9750e-01 9.7303e-02 4.0180e-03
3625.00 1.7657e-02 9.0555e-01 7.4246e-02 2.5509e-03
3875.00 1.2314e-01 8.2505e-01 5.0334e-02 1.4722e-03
4125.00 2.0719e-01 7.5611e-01 3.5835e-02 8.6743e-04
4375.00 2.1872e-01 7.5212e-01 2.8587e-02 5.7599e-04
4625.00 2.4373e-01 7.3002e-01 2.5751e-02 4.9297e-04
4875.00 2.7096e-01 7.0446e-01 2.4130e-02 4.5775e-04
5125.00 3.0055e-01 6.7633e-01 2.2689e-02 4.3045e-04
5375.00 3.1543e-01 6.6210e-01 2.2058e-02 4.1412e-04
5625.00 3.3977e-01 6.3849e-01 2.1341e-02 4.0397e-04
5875.00 3.5250e-01 6.2653e-01 2.0573e-02 3.9291e-04
6125.00 3.6797e-01 6.1154e-01 2.0103e-02 3.8669e-04
6375.00 3.6777e-01 6.1191e-01 1.9939e-02 3.8139e-04
6625.00 3.7991e-01 6.0002e-01 1.9689e-02 3.8266e-04
6875.00 3.7938e-01 6.0030e-01 1.9935e-02 3.8417e-04
7125.00 3.9011e-01 5.8981e-01 1.9693e-02 3.9059e-04
7375.00 3.9686e-01 5.8292e-01 1.9816e-02 4.0096e-04
7625.00 3.7670e-01 6.0261e-01 2.0281e-02 4.0698e-04
7875.00 3.6581e-01 6.1314e-01 2.0635e-02 4.1193e-04
8125.00 3.8864e-01 5.9000e-01 2.0922e-02 4.3616e-04
8375.00 3.6512e-01 6.1256e-01 2.1862e-02 4.5188e-04
8625.00 3.4817e-01 6.2917e-01 2.2195e-02 4.6249e-04
8875.00 3.3348e-01 6.4306e-01 2.2976e-02 4.8289e-04
9125.00 3.0538e-01 6.7085e-01 2.3283e-02 4.8448e-04
9375.00 8.5456e-02 8.8830e-01 2.5800e-02 4.3936e-04
9625.00 9.4260e-02 8.7832e-01 2.6946e-02 4.7750e-04
9875.00 8.4207e-02 8.8850e-01 2.6811e-02 4.8582e-04
10125.00 1.6330e-01 8.0821e-01 2.7919e-02 5.7072e-04
10375.00 3.7330e-02 9.3199e-01 3.0118e-02 5.5709e-04
10625.00 2.1890e-02 9.4540e-01 3.2104e-02 6.0127e-04
10875.00 1.5728e-02 9.5037e-01 3.3257e-02 6.4213e-04
11125.00 7.0754e-03 9.5531e-01 3.6886e-02 7.2900e-04
11375.00 1.5201e-02 9.4464e-01 3.9345e-02 8.1779e-04
11625.00 2.6775e-03 9.5306e-01 4.3348e-02 9.1596e-04
11875.00 1.5814e-03 9.5542e-01 4.2126e-02 8.7538e-04
12125.00 1.1706e-03 9.5575e-01 4.2114e-02 9.6310e-04
12375.00 9.7247e-04 9.5174e-01 4.6190e-02 1.0974e-03
12625.00 6.8497e-04 9.4957e-01 4.8597e-02 1.1516e-03
12875.00 6.0063e-04 9.4956e-01 4.8579e-02 1.2627e-03
13125.00 5.6135e-04 9.4847e-01 4.9622e-02 1.3492e-03
13375.00 4.7694e-04 9.4228e-01 5.5671e-02 1.5728e-03
13625.00 4.0108e-04 9.3692e-01 6.0909e-02 1.7687e-03
13875.00 4.0377e-04 9.4135e-01 5.6515e-02 1.7297e-03
14125.00 4.2647e-04 9.3524e-01 6.2367e-02 1.9702e-03
14375.00 3.6759e-04 9.2897e-01 6.8404e-02 2.2575e-03
14625.00 3.7614e-04 9.2565e-01 7.1504e-02 2.4720e-03
14875.00 2.9492e-04 9.1847e-01 7.8550e-02 2.6809e-03
15125.00 3.2697e-04 9.1956e-01 7.7200e-02 2.9125e-03
15375.00 4.0721e-04 9.2082e-01 7.5799e-02 2.9772e-03
15625.00 3.5628e-04 9.1625e-01 8.0056e-02 3.3413e-03
15875.00 3.2786e-04 9.1383e-01 7.7495e-02 8.3433e-03
16125.00 3.3805e-04 8.9768e-01 9.7812e-02 4.1721e-03
16375.00 3.1054e-04 9.0105e-01 9.4451e-02 4.1903e-03
16625.00 3.3727e-04 9.0705e-01 8.8315e-02 4.2945e-03
16875.00 2.9724e-04 9.0061e-01 8.7835e-02 1.1256e-02
17125.00 2.9329e-04 8.9411e-01 1.0052e-01 5.0765e-03
17375.00 3.6241e-04 8.7195e-01 1.2094e-01 6.7537e-03
17625.00 3.4829e-04 8.4247e-01 1.4878e-01 8.3940e-03
17875.00 3.7258e-04 8.4223e-01 1.4856e-01 8.8307e-03
18125.00 3.1972e-04 8.5365e-01 1.3797e-01 8.0622e-03
18375.00 3.3919e-04 8.4380e-01 1.4013e-01 1.5731e-02
18625.00 4.0584e-04 8.5964e-01 1.2377e-01 1.6185e-02
18875.00 5.0859e-04 8.8311e-01 1.0561e-01 1.0769e-02
19125.00 3.6505e-04 8.7269e-01 1.1093e-01 1.6021e-02
19375.00 3.6863e-04 8.5784e-01 1.2318e-01 1.8611e-02
19625.00 5.8052e-04 8.8843e-01 9.8951e-02 1.2042e-02
19875.00 3.8696e-04 8.8371e-01 1.0118e-01 1.4720e-02
20125.00 3.1254e-04 8.3814e-01 1.4782e-01 1.3726e-02
20375.00 4.0908e-04 8.6198e-01 1.1695e-01 2.0668e-02
20625.00 4.0724e-04 8.8405e-01 9.9223e-02 1.6316e-02
20875.00 4.7647e-04 9.2199e-01 6.7253e-02 1.0279e-02
21125.00 4.3425e-04 8.7631e-01 1.0440e-01 1.8863e-02
21375.00 3.5591e-04 8.2059e-01 1.5234e-01 2.6710e-02
21625.00 4.0049e-04 8.4596e-01 1.2878e-01 2.4865e-02
21875.00 5.3652e-04 8.8754e-01 1.0075e-01 1.1170e-02
22125.00 4.3390e-04 8.6344e-01 1.2168e-01 1.4447e-02
22375.00 4.9477e-04 8.6220e-01 1.2128e-01 1.6018e-02
22625.00 4.9427e-04 8.8803e-01 9.3362e-02 1.8113e-02
22875.00 4.2167e-04 8.7949e-01 1.0022e-01 1.9864e-02
23125.00 4.8029e-04 8.3497e-01 1.3649e-01 2.8054e-02
23375.00 5.8852e-04 8.0155e-01 1.7230e-01 2.5559e-02
23625.00 5.9434e-04 8.0757e-01 1.6498e-01 2.6852e-02
23875.00 8.1570e-04 8.4760e-01 1.1906e-01 3.2522e-02
24125.00 8.4018e-04 8.2220e-01 1.4084e-01 3.6118e-02
24375.00 5.9658e-04 8.4151e-01 1.2575e-01 3.2137e-02
24625.00 5.5162e-04 8.0792e-01 1.5448e-01 3.7039e-02
24875.00 7.1066e-04 7.9890e-01 1.6091e-01 3.9486e-02
25125.00 7.7983e-04 7.9736e-01 1.6162e-01 4.0245e-02
25375.00 8.8925e-04 8.0576e-01 1.5628e-01 3.7078e-02
25625.00 9.0710e-04 7.8335e-01 1.6629e-01 4.9449e-02
25875.00 8.6033e-04 7.5600e-01 1.8531e-01 5.7833e-02
26125.00 5.2245e-04 7.4994e-01 1.8954e-01 5.9998e-02
26375.00 8.8386e-04 7.4017e-01 1.9567e-01 6.3281e-02
26625.00 6.5619e-04 7.3541e-01 1.9489e-01 6.9044e-02
26875.00 5.9389e-04 7.4023e-01 1.9222e-01 6.6961e-02
27125.00 6.2531e-04 7.2452e-01 2.0070e-01 7.4152e-02
27375.00 5.1389e-04 6.3969e-01 2.5819e-01 1.0160e-01
27625.00 5.3691e-04 6.9911e-01 2.2261e-01 7.7739e-02
27875.00 5.9825e-04 6.9143e-01 2.2066e-01 8.7312e-02
28125.00 8.2804e-04 6.6087e-01 2.3460e-01 1.0370e-01
28375.00 9.0529e-04 6.8199e-01 2.2486e-01 9.2241e-02
28625.00 7.3293e-04 6.3003e-01 2.4932e-01 1.1991e-01
28875.00 5.4746e-04 6.4767e-01 2.4157e-01 1.1021e-01
29125.00 6.0369e-04 6.4543e-01 2.4271e-01 1.1125e-01
29375.00 5.2312e-04 6.2234e-01 2.5295e-01 1.2418e-01
29625.00 3.5844e-04 6.1368e-01 2.5563e-01 1.3033e-01
29875.00 2.3368e-04 6.0343e-01 2.6001e-01 1.3632e-01
30125.00 2.4412e-04 5.8140e-01 2.6836e-01 1.5000e-01
30375.00 2.3251e-04 5.7122e-01 2.7411e-01 1.5444e-01
30625.00 2.1365e-04 5.5096e-01 2.8222e-01 1.6660e-01
30875.00 2.0114e-04 5.1751e-01 2.9565e-01 1.8663e-01
31125.00 2.0185e-04 4.9001e-01 3.0365e-01 2.0614e-01
31375.00 2.7690e-04 5.8672e-01 2.6590e-01 1.4711e-01
31625.00 1.6625e-04 4.3903e-01 3.2067e-01 2.4013e-01
31875.00 8.8815e-05 2.7690e-01 3.5670e-01 3.6631e-01
32125.00 2.1774e-04 3.6615e-01 3.2523e-01 3.0840e-01
32375.00 2.1022e-04 3.5950e-01 3.3213e-01 3.0817e-01
32625.00 3.2033e-04 4.1968e-01 3.2514e-01 2.5487e-01
32875.00 1.8264e-04 2.1612e-01 3.4384e-01 4.3986e-01
33125.00 3.2638e-04 3.3249e-01 3.5743e-01 3.0976e-01
33375.00 2.7415e-04 2.9312e-01 3.4920e-01 3.5741e-01
33625.00 7.4761e-05 1.2496e-01 3.4038e-01 5.3458e-01
33875.00 1.8428e-04 2.1844e-01 3.4752e-01 4.3385e-01
34125.00 5.3284e-05 1.3519e-01 3.5541e-01 5.0935e-01
34375.00 2.9522e-05 1.1471e-01 3.4982e-01 5.3544e-01
34625.00 2.0563e-05 9.4932e-02 3.3694e-01 5.6811e-01
34875.00 1.7379e-05 8.1010e-02 3.2281e-01 5.9617e-01
35125.00 1.2067e-05 6.7578e-02 3.0821e-01 6.2420e-01
35375.00 1.4631e-05 5.8304e-02 2.9534e-01 6.4635e-01
35625.00 2.2506e-05 4.9202e-02 2.8252e-01 6.6825e-01
35875.00 2.0344e-05 4.2588e-02 2.7021e-01 6.8719e-01
36125.00 1.2487e-05 3.6719e-02 2.5634e-01 7.0693e-01
36375.00 7.2346e-06 3.1825e-02 2.4311e-01 7.2506e-01
36625.00 4.2730e-06 2.8281e-02 2.3010e-01 7.4161e-01
36875.00 2.6015e-06 2.4634e-02 2.1779e-01 7.5758e-01
37125.00 2.0311e-06 2.0477e-02 2.0265e-01 7.7687e-01
37375.00 1.8802e-06 1.8582e-02 1.9473e-01 7.8669e-01
37625.00 1.6168e-06 1.6260e-02 1.8394e-01 7.9980e-01
37875.00 1.7200e-06 1.1592e-02 1.7160e-01 8.1680e-01
38125.00 1.7372e-06 9.5697e-03 1.6422e-01 8.2621e-01
38375.00 9.3813e-07 8.9911e-03 1.6039e-01 8.3062e-01
38625.00 5.9236e-07 7.7265e-03 1.4998e-01 8.4229e-01
38875.00 1.8992e-07 6.9558e-03 1.4258e-01 8.5046e-01
39125.00 1.2715e-07 5.0563e-03 1.3448e-01 8.6046e-01
39375.00 8.5095e-08 3.7686e-03 1.2592e-01 8.7031e-01
39625.00 8.7384e-08 3.3503e-03 1.1926e-01 8.7739e-01
39875.00 5.6201e-08 2.8368e-03 1.1175e-01 8.8542e-01
40125.00 6.5997e-08 2.5722e-03 1.0560e-01 8.9183e-01
40375.00 5.4143e-08 2.2319e-03 9.8987e-02 8.9878e-01
#TIME: 204.93
#NVEL: 162
#vel_mid[km/s] si0 si1 si2 si3
125.00 7.6782e-05 8.8773e-01 1.0740e-01 4.7964e-03
375.00 6.8678e-05 8.6092e-01 1.3284e-01 6.1741e-03
625.00 6.6030e-05 8.5214e-01 1.4094e-01 6.8575e-03
875.00 5.9847e-05 8.3465e-01 1.5731e-01 7.9830e-03
1125.00 6.1219e-05 8.2433e-01 1.6682e-01 8.7987e-03
1375.00 5.6165e-05 8.0685e-01 1.8307e-01 1.0026e-02
1625.00 5.6884e-05 8.0886e-01 1.8086e-01 1.0222e-02
1875.00 6.0926e-05 8.0499e-01 1.8431e-01 1.0641e-02
2125.00 6.5184e-05 8.0687e-01 1.8254e-01 1.0519e-02
2375.00 7.7362e-05 8.2496e-01 1.6550e-01 9.4608e-03
2625.00 1.0376e-04 8.3934e-01 1.5216e-01 8.3934e-03
2875.00 1.6536e-04 8.5854e-01 1.3432e-01 6.9802e-03
3125.00 3.3405e-04 8.7820e-01 1.1597e-01 5.4938e-03
3375.00 1.2237e-03 8.9904e-01 9.5779e-02 3.9610e-03
3625.00 2.0497e-02 9.0435e-01 7.2650e-02 2.5043e-03
3875.00 1.3093e-01 8.1758e-01 5.0019e-02 1.4687e-03
4125.00 2.1593e-01 7.4791e-01 3.5300e-02 8.5648e-04
4375.00 2.2839e-01 7.4297e-01 2.8083e-02 5.6332e-04
4625.00 2.5819e-01 7.1620e-01 2.5122e-02 4.8360e-04
4875.00 2.8295e-01 6.9308e-01 2.3523e-02 4.4727e-04
5125.00 3.0871e-01 6.6842e-01 2.2440e-02 4.2540e-04
5375.00 3.2500e-01 6.5307e-01 2.1530e-02 4.0555e-04
5625.00 3.4329e-01 6.3540e-01 2.0916e-02 3.9334e-04
5875.00 3.6250e-01 6.1674e-01 2.0377e-02 3.8751e-04
6125.00 3.7631e-01 6.0362e-01 1.9690e-02 3.7716e-04
6375.00 3.8060e-01 5.9965e-01 1.9379e-02 3.7415e-04
6625.00 3.8507e-01 5.9488e-01 1.9676e-02 3.7976e-04
6875.00 3.9676e-01 5.8404e-01 1.8838e-02 3.5705e-04
7125.00 3.9914e-01 5.8098e-01 1.9497e-02 3.8516e-04
7375.00 4.0362e-01 5.7625e-01 1.9735e-02 3.9767e-04
7625.00 3.8790e-01 5.9188e-01 1.9817e-02 3.9722e-04
7875.00 3.6144e-01 6.1756e-01 2.0607e-02 4.0008e-04
8125.00 3.7973e-01 5.9885e-01 2.0999e-02 4.2716e-04
8375.00 3.6092e-01 6.1736e-01 2.1285e-02 4.3441e-04
8625.00 3.5542e-01 6.2214e-01 2.1984e-02 4.5730e-04
8875.00 3.3160e-01 6.4542e-01 2.2507e-02 4.6605e-04
9125.00 3.1607e-01 6.6043e-01 2.3020e-02 4.8087e-04
9375.00 8.1869e-02 8.9211e-01 2.5592e-02 4.2937e-04
9625.00 9.8001e-02 8.7534e-01 2.6196e-02 4.5949e-04
9875.00 8.3671e-02 8.8826e-01 2.7577e-02 4.9216e-04
10125.00 1.6903e-01 8.0262e-01 2.7792e-02 5.6102e-04
10375.00 3.9448e-02 9.3028e-01 2.9726e-02 5.4476e-04
10625.00 2.2098e-02 9.4707e-01 3.0267e-02 5.6567e-04
10875.00 1.5410e-02 9.5097e-01 3.3016e-02 5.9946e-04
11125.00 6.5525e-03 9.5633e-01 3.6407e-02 7.1131e-04
11375.00 1.4862e-02 9.4691e-01 3.7462e-02 7.7010e-04
11625.00 2.4630e-03 9.5374e-01 4.2931e-02 8.6184e-04
11875.00 1.5635e-03 9.5498e-01 4.2534e-02 9.2596e-04
12125.00 1.2375e-03 9.5005e-01 4.7689e-02 1.0266e-03
12375.00 9.3739e-04 9.5348e-01 4.4539e-02 1.0447e-03
12625.00 6.8139e-04 9.5003e-01 4.8111e-02 1.1746e-03
12875.00 5.8391e-04 9.4686e-01 5.1311e-02 1.2496e-03
13125.00 5.2338e-04 9.4479e-01 5.3259e-02 1.4300e-03
13375.00 4.7579e-04 9.4155e-01 5.6496e-02 1.4807e-03
13625.00 4.3196e-04 9.4101e-01 5.6908e-02 1.6512e-03
13875.00 4.1690e-04 9.3837e-01 5.9412e-02 1.7967e-03
14125.00 4.5296e-04 9.3422e-01 6.3333e-02 1.9932e-03
14375.00 3.6413e-04 9.3368e-01 6.3858e-02 2.1022e-03
14625.00 3.8282e-04 9.2842e-01 6.8836e-02 2.3642e-03
14875.00 3.1032e-04 9.2724e-01 6.9971e-02 2.4776e-03
15125.00 3.0423e-04 9.2917e-01 6.7952e-02 2.5719e-03
15375.00 3.6736e-04 9.3062e-01 6.6578e-02 2.4363e-03
15625.00 3.6159e-04 9.0622e-01 8.9948e-02 3.4682e-03
15875.00 2.9698e-04 9.0323e-01 9.2598e-02 3.8755e-03
16125.00 3.3221e-04 9.0669e-01 8.9028e-02 3.9475e-03
16375.00 4.0633e-04 9.1036e-01 7.9219e-02 1.0019e-02
16625.00 3.7725e-04 8.8642e-01 1.0271e-01 1.0497e-02
16875.00 2.9330e-04 8.8534e-01 1.0896e-01 5.4011e-03
17125.00 2.8189e-04 8.9651e-01 9.8007e-02 5.2022e-03
17375.00 3.3424e-04 8.8645e-01 1.0722e-01 5.9900e-03
17625.00 3.5834e-04 9.0195e-01 9.2503e-02 5.1867e-03
17875.00 3.6587e-04 8.6910e-01 1.1758e-01 1.2953e-02
18125.00 2.8302e-04 8.7205e-01 1.1599e-01 1.1676e-02
18375.00 3.1281e-04 8.7631e-01 1.1205e-01 1.1330e-02
18625.00 3.5433e-04 8.7541e-01 1.1135e-01 1.2891e-02
18875.00 3.3201e-04 8.0526e-01 1.8160e-01 1.2811e-02
19125.00 3.5214e-04 8.8362e-01 1.0049e-01 1.5536e-02
19375.00 3.9789e-04 8.4986e-01 1.3560e-01 1.4135e-02
19625.00 3.4412e-04 8.3824e-01 1.4885e-01 1.2572e-02
19875.00 4.0362e-04 8.4488e-01 1.3928e-01 1.5434e-02
20125.00 2.8649e-04 7.9928e-01 1.8436e-01 1.6080e-02
20375.00 3.5625e-04 7.7315e-01 2.0696e-01 1.9536e-02
20625.00 3.8785e-04 8.5717e-01 1.2864e-01 1.3807e-02
20875.00 3.1432e-04 8.1811e-01 1.6461e-01 1.6975e-02
21125.00 3.8471e-04 8.3704e-01 1.3896e-01 2.3615e-02
21375.00 5.1117e-04 8.0303e-01 1.7144e-01 2.5020e-02
21625.00 4.8671e-04 8.7745e-01 1.0589e-01 1.6173e-02
21875.00 5.7977e-04 8.7494e-01 1.0694e-01 1.7543e-02
22125.00 5.1309e-04 8.5728e-01 1.2012e-01 2.2092e-02
22375.00 4.4868e-04 8.6694e-01 1.1212e-01 2.0487e-02
22625.00 4.4522e-04 8.7170e-01 1.0721e-01 2.0646e-02
22875.00 4.2607e-04 8.6432e-01 1.1285e-01 2.2408e-02
23125.00 4.4348e-04 8.4497e-01 1.3103e-01 2.3554e-02
23375.00 5.1250e-04 8.6149e-01 1.1759e-01 2.0411e-02
23625.00 6.1214e-04 8.3621e-01 1.3877e-01 2.4399e-02
23875.00 6.8272e-04 8.0650e-01 1.6485e-01 2.7969e-02
24125.00 7.0680e-04 8.4296e-01 1.3234e-01 2.3994e-02
24375.00 5.3288e-04 8.1490e-01 1.5057e-01 3.3995e-02
24625.00 4.3995e-04 8.2136e-01 1.4643e-01 3.1768e-02
24875.00 8.1717e-04 8.3913e-01 1.2712e-01 3.2930e-02
25125.00 7.6085e-04 7.7325e-01 1.7655e-01 4.9435e-02
25375.00 7.9994e-04 7.9491e-01 1.6331e-01 4.0985e-02
25625.00 7.7843e-04 7.6909e-01 1.7965e-01 5.0490e-02
25875.00 6.1908e-04 7.6310e-01 1.8213e-01 5.4142e-02
26125.00 7.6901e-04 6.9038e-01 2.2127e-01 8.7578e-02
26375.00 8.1617e-04 7.4020e-01 1.9565e-01 6.3329e-02
26625.00 8.6291e-04 7.7048e-01 1.7827e-01 5.0394e-02
26875.00 6.7174e-04 5.7204e-01 3.0895e-01 1.1834e-01
27125.00 8.2170e-04 5.9768e-01 2.8647e-01 1.1503e-01
27375.00 9.6665e-04 7.1834e-01 1.9716e-01 8.3533e-02
27625.00 5.4351e-04 4.2163e-01 4.0561e-01 1.7222e-01
27875.00 5.8516e-04 6.0086e-01 2.9999e-01 9.8573e-02
28125.00 5.4593e-04 6.5681e-01 2.5019e-01 9.2459e-02
28375.00 5.9302e-04 6.1561e-01 2.5397e-01 1.2982e-01
28625.00 6.0897e-04 5.8778e-01 2.6536e-01 1.4626e-01
28875.00 6.9389e-04 5.7210e-01 2.5729e-01 1.6991e-01
29125.00 6.2748e-04 5.6620e-01 2.7217e-01 1.6101e-01
29375.00 4.7257e-04 5.8208e-01 2.7033e-01 1.4712e-01
29625.00 4.6206e-04 5.0738e-01 3.1822e-01 1.7394e-01
29875.00 5.5503e-04 5.7665e-01 2.6878e-01 1.5402e-01
30125.00 3.5300e-04 5.6989e-01 2.7182e-01 1.5794e-01
30375.00 2.3899e-04 3.4995e-01 3.8607e-01 2.6374e-01
30625.00 2.2607e-04 4.1938e-01 3.5782e-01 2.2258e-01
30875.00 2.2217e-04 5.2373e-01 2.9259e-01 1.8347e-01
31125.00 2.3433e-04 5.0481e-01 2.9731e-01 1.9764e-01
31375.00 2.0332e-04 4.6871e-01 3.1028e-01 2.2080e-01
31625.00 3.2138e-04 5.6904e-01 2.7261e-01 1.5803e-01
31875.00 2.1240e-04 5.4399e-01 2.8274e-01 1.7306e-01
32125.00 1.9309e-04 5.2178e-01 2.9040e-01 1.8762e-01
32375.00 1.7337e-04 4.8652e-01 3.0457e-01 2.0873e-01
32625.00 9.3147e-05 3.2703e-01 3.3387e-01 3.3901e-01
32875.00 7.6328e-05 2.8340e-01 3.2891e-01 3.8761e-01
33125.00 6.6143e-05 2.4090e-01 3.4624e-01 4.1280e-01
33375.00 2.6588e-05 1.4883e-01 3.4436e-01 5.0679e-01
33625.00 1.0110e-04 2.9340e-01 3.5800e-01 3.4850e-01
33875.00 9.3175e-05 2.1994e-01 3.4220e-01 4.3777e-01
34125.00 4.1061e-05 1.3584e-01 3.5852e-01 5.0560e-01
34375.00 6.6060e-05 1.1155e-01 3.5243e-01 5.3595e-01
34625.00 6.4259e-05 9.4897e-02 3.4121e-01 5.6383e-01
34875.00 1.0852e-04 8.1469e-02 3.2732e-01 5.9111e-01
35125.00 7.8211e-05 6.7931e-02 3.1301e-01 6.1898e-01
35375.00 2.4102e-05 5.8545e-02 2.9995e-01 6.4148e-01
35625.00 1.5682e-05 4.9456e-02 2.8908e-01 6.6145e-01
35875.00 4.1930e-06 1.5832e-02 2.9316e-01 6.9100e-01
36125.00 2.8629e-06 1.3520e-02 2.7724e-01 7.0924e-01
36375.00 2.1751e-06 1.1597e-02 2.6210e-01 7.2630e-01
36625.00 2.3443e-06 9.9406e-03 2.4770e-01 7.4236e-01
36875.00 2.1370e-06 8.5808e-03 2.3385e-01 7.5756e-01
37125.00 1.3711e-06 7.0390e-03 2.1673e-01 7.7623e-01
37375.00 1.0711e-06 6.4799e-03 2.0840e-01 7.8512e-01
37625.00 1.2393e-06 8.0439e-03 1.9590e-01 7.9605e-01
37875.00 1.9950e-06 1.4300e-02 1.7314e-01 8.1256e-01
38125.00 1.5962e-06 1.3003e-02 1.6564e-01 8.2135e-01
38375.00 1.3219e-06 1.1423e-02 1.5638e-01 8.3220e-01
38625.00 9.4985e-07 9.8157e-03 1.4628e-01 8.4390e-01
38875.00 6.7580e-07 8.7759e-03 1.3923e-01 8.5199e-01
39125.00 4.8436e-07 7.5789e-03 1.3132e-01 8.6110e-01
39375.00 4.1319e-07 7.0845e-03 1.2778e-01 8.6513e-01
39625.00 2.5416e-07 6.3547e-03 1.2117e-01 8.7248e-01
39875.00 1.4196e-07 5.3728e-03 1.1354e-01 8.8109e-01
40125.00 1.3817e-07 5.0329e-03 1.0740e-01 8.8757e-01
40375.00 1.2201e-07 4.3949e-03 1.0071e-01 8.9490e-01
#TIME: 207.87
#NVEL: 162
#vel_mid[km/s] si0 si1 si2 si3
125.00 9.4097e-05 8.7170e-01 1.2278e-01 5.4208e-03
375.00 7.5100e-05 8.6481e-01 1.2920e-01 5.9175e-03
625.00 6.2312e-05 8.5467e-01 1.3852e-01 6.7528e-03
875.00 5.7985e-05 8.3624e-01 1.5580e-01 7.9012e-03
1125.00 5.5901e-05 8.2396e-01 1.6714e-01 8.8440e-03
1375.00 5.4958e-05 8.1214e-01 1.7806e-01 9.7466e-03
1625.00 5.6821e-05 8.0549e-01 1.8403e-01 1.0428e-02
1875.00 5.8793e-05 8.0489e-01 1.8442e-01 1.0624e-02
2125.00 6.6908e-05 8.1120e-01 1.7839e-01 1.0349e-02
2375.00 8.0396e-05 8.2502e-01 1.6544e-01 9.4547e-03
2625.00 1.0496e-04 8.4222e-01 1.4942e-01 8.2583e-03
2875.00 1.6958e-04 8.5816e-01 1.3466e-01 7.0158e-03
3125.00 3.4653e-04 8.7850e-01 1.1567e-01 5.4778e-03
3375.00 1.2955e-03 8.9860e-01 9.6151e-02 3.9574e-03
3625.00 2.3775e-02 9.0213e-01 7.1626e-02 2.4685e-03
3875.00 1.3932e-01 8.1031e-01 4.8934e-02 1.4368e-03
4125.00 2.2639e-01 7.3806e-01 3.4704e-02 8.4341e-04
4375.00 2.3889e-01 7.3271e-01 2.7836e-02 5.5894e-04
4625.00 2.6724e-01 7.0779e-01 2.4496e-02 4.7221e-04
4875.00 2.9469e-01 6.8180e-01 2.3073e-02 4.3798e-04
5125.00 3.1644e-01 6.6115e-01 2.1997e-02 4.1336e-04
5375.00 3.3359e-01 6.4482e-01 2.1199e-02 3.9677e-04
5625.00 3.4344e-01 6.3570e-01 2.0473e-02 3.8223e-04
5875.00 3.6596e-01 6.1375e-01 1.9915e-02 3.7543e-04
6125.00 3.8071e-01 5.9933e-01 1.9583e-02 3.7416e-04
6375.00 3.9403e-01 5.8652e-01 1.9084e-02 3.6781e-04
6625.00 4.0745e-01 5.7390e-01 1.8307e-02 3.4428e-04
6875.00 3.9961e-01 5.8090e-01 1.9124e-02 3.7089e-04
7125.00 4.0471e-01 5.7585e-01 1.9070e-02 3.7393e-04
7375.00 4.0761e-01 5.7283e-01 1.9178e-02 3.8492e-04
7625.00 3.9073e-01 5.8947e-01 1.9416e-02 3.8417e-04
7875.00 3.7852e-01 6.0120e-01 1.9889e-02 3.9442e-04
8125.00 3.8770e-01 5.9147e-01 2.0417e-02 4.1910e-04
8375.00 3.7634e-01 6.0231e-01 2.0920e-02 4.3413e-04
8625.00 3.4949e-01 6.2908e-01 2.1005e-02 4.2835e-04
8875.00 3.4115e-01 6.3641e-01 2.1983e-02 4.5769e-04
9125.00 3.2905e-01 6.4780e-01 2.2682e-02 4.7351e-04
9375.00 8.7788e-02 8.8600e-01 2.5775e-02 4.3410e-04
9625.00 9.3216e-02 8.8113e-01 2.5219e-02 4.3740e-04
9875.00 8.1342e-02 8.9067e-01 2.7506e-02 4.8465e-04
10125.00 1.7020e-01 8.0214e-01 2.7112e-02 5.4245e-04
10375.00 3.9084e-02 9.3120e-01 2.9187e-02 5.2692e-04
10625.00 2.1397e-02 9.4621e-01 3.1806e-02 5.8644e-04
10875.00 1.3743e-02 9.5215e-01 3.3475e-02 6.3111e-04
11125.00 6.2486e-03 9.5478e-01 3.8234e-02 7.3521e-04
11375.00 1.4576e-02 9.4883e-01 3.5861e-02 7.3227e-04
11625.00 2.4282e-03 9.5898e-01 3.7804e-02 7.8504e-04
11875.00 1.5553e-03 9.5578e-01 4.1766e-02 9.0216e-04
12125.00 1.2306e-03 9.5070e-01 4.7075e-02 9.9962e-04
12375.00 9.3180e-04 9.4991e-01 4.8090e-02 1.0691e-03
12625.00 6.5001e-04 9.4398e-01 5.4049e-02 1.3224e-03
12875.00 5.9362e-04 9.5051e-01 4.7694e-02 1.1989e-03
13125.00 5.5865e-04 9.4814e-01 4.9986e-02 1.3123e-03
13375.00 5.2292e-04 9.4570e-01 5.2354e-02 1.4273e-03
13625.00 4.6013e-04 9.4377e-01 5.4362e-02 1.4046e-03
13875.00 4.2067e-04 9.4189e-01 5.6096e-02 1.5953e-03
14125.00 4.5720e-04 9.3157e-01 6.5905e-02 2.0644e-03
14375.00 3.2738e-04 9.2401e-01 7.3399e-02 2.2616e-03
14625.00 3.9580e-04 9.2852e-01 6.8743e-02 2.3387e-03
14875.00 3.2930e-04 9.2995e-01 6.7334e-02 2.3827e-03
15125.00 3.1251e-04 9.2399e-01 7.3050e-02 2.6498e-03
15375.00 3.2993e-04 9.0492e-01 9.1230e-02 3.5207e-03
15625.00 3.8316e-04 9.2087e-01 7.1403e-02 7.3448e-03
15875.00 2.7192e-04 9.0628e-01 8.9642e-02 3.8042e-03
16125.00 3.3803e-04 9.0662e-01 8.9108e-02 3.9368e-03
16375.00 3.5413e-04 8.9424e-01 1.0072e-01 4.6905e-03
16625.00 4.0436e-04 8.8279e-01 1.0542e-01 1.1385e-02
16875.00 3.0133e-04 9.0614e-01 8.8962e-02 4.5927e-03
17125.00 4.1074e-04 9.1726e-01 7.4337e-02 7.9964e-03
17375.00 3.6672e-04 9.0928e-01 8.5590e-02 4.7618e-03
17625.00 3.7420e-04 9.0691e-01 8.2264e-02 1.0447e-02
17875.00 3.4158e-04 8.6999e-01 1.1515e-01 1.4519e-02
18125.00 2.6640e-04 8.7344e-01 1.1866e-01 7.6329e-03
18375.00 2.6522e-04 8.3543e-01 1.5384e-01 1.0461e-02
18625.00 4.2631e-04 8.6585e-01 1.1810e-01 1.5618e-02
18875.00 3.4571e-04 8.2318e-01 1.6420e-01 1.2269e-02
19125.00 3.9307e-04 8.5464e-01 1.2376e-01 2.1203e-02
19375.00 2.9493e-04 8.3375e-01 1.5316e-01 1.2794e-02
19625.00 5.3590e-04 9.0949e-01 7.9430e-02 1.0540e-02
19875.00 5.0476e-04 9.0272e-01 8.6387e-02 1.0389e-02
20125.00 5.3002e-04 9.1091e-01 7.8860e-02 9.6992e-03
20375.00 4.3515e-04 8.4781e-01 1.3597e-01 1.5782e-02
20625.00 3.8065e-04 8.6670e-01 1.2253e-01 1.0394e-02
20875.00 3.9177e-04 8.4047e-01 1.4374e-01 1.5401e-02
21125.00 4.0518e-04 8.2918e-01 1.5360e-01 1.6817e-02
21375.00 4.5540e-04 8.8099e-01 1.0430e-01 1.4260e-02
21625.00 3.5023e-04 8.1897e-01 1.6230e-01 1.8377e-02
21875.00 5.0382e-04 8.7522e-01 1.1128e-01 1.2998e-02
22125.00 5.0833e-04 8.4701e-01 1.3512e-01 1.7361e-02
22375.00 4.9622e-04 8.1749e-01 1.5632e-01 2.5691e-02
22625.00 5.2862e-04 8.3564e-01 1.3876e-01 2.5077e-02
22875.00 5.9550e-04 8.0876e-01 1.6901e-01 2.1630e-02
23125.00 4.9730e-04 8.4166e-01 1.3810e-01 1.9745e-02
23375.00 4.6092e-04 8.5807e-01 1.1872e-01 2.2758e-02
23625.00 4.8538e-04 8.6159e-01 1.1444e-01 2.3488e-02
23875.00 5.5057e-04 8.4249e-01 1.3199e-01 2.4968e-02
24125.00 7.7379e-04 8.4011e-01 1.3417e-01 2.4951e-02
24375.00 4.8016e-04 8.2826e-01 1.4169e-01 2.9571e-02
24625.00 4.6222e-04 8.0291e-01 1.5833e-01 3.8298e-02
24875.00 5.4910e-04 8.2619e-01 1.4043e-01 3.2835e-02
25125.00 5.9929e-04 8.2764e-01 1.4054e-01 3.1223e-02
25375.00 6.1494e-04 8.0202e-01 1.5867e-01 3.8690e-02
25625.00 5.9608e-04 7.4425e-01 2.0173e-01 5.3424e-02
25875.00 6.4264e-04 6.6380e-01 2.6571e-01 6.9849e-02
26125.00 4.1938e-04 7.0111e-01 2.3622e-01 6.2245e-02
26375.00 4.5492e-04 7.5234e-01 1.8403e-01 6.3180e-02
26625.00 4.9130e-04 6.0157e-01 2.6400e-01 1.3393e-01
26875.00 6.7914e-04 7.1328e-01 2.1658e-01 6.9466e-02
27125.00 6.2818e-04 5.9239e-01 3.0234e-01 1.0464e-01
27375.00 5.9696e-04 5.1251e-01 3.4187e-01 1.4502e-01
27625.00 6.8557e-04 5.5540e-01 3.3252e-01 1.1140e-01
27875.00 6.1856e-04 5.5373e-01 3.1147e-01 1.3419e-01
28125.00 6.1334e-04 6.1460e-01 2.7296e-01 1.1183e-01
28375.00 6.4344e-04 5.8886e-01 3.0197e-01 1.0853e-01
28625.00 6.2958e-04 5.8085e-01 2.7673e-01 1.4179e-01
28875.00 6.3729e-04 6.3827e-01 2.3722e-01 1.2387e-01
29125.00 6.1768e-04 5.5229e-01 2.8944e-01 1.5766e-01
29375.00 5.5634e-04 5.7959e-01 2.6849e-01 1.5137e-01
29625.00 4.8939e-04 6.0340e-01 2.4773e-01 1.4838e-01
29875.00 3.7403e-04 4.6724e-01 3.3029e-01 2.0209e-01
30125.00 4.0231e-04 5.4920e-01 2.7154e-01 1.7887e-01
30375.00 3.4703e-04 5.0311e-01 2.9110e-01 2.0545e-01
30625.00 2.8614e-04 5.3315e-01 2.5816e-01 2.0840e-01
30875.00 2.8834e-04 4.9212e-01 2.7897e-01 2.2863e-01
31125.00 3.3533e-04 4.6246e-01 2.9498e-01 2.4222e-01
31375.00 2.6383e-04 4.5499e-01 3.0202e-01 2.4273e-01
31625.00 2.7500e-04 4.3362e-01 3.0678e-01 2.5933e-01
31875.00 1.9919e-04 4.2686e-01 3.1238e-01 2.6056e-01
32125.00 2.2518e-04 3.8635e-01 3.2555e-01 2.8788e-01
32375.00 1.2438e-04 2.0651e-01 3.7610e-01 4.1727e-01
32625.00 1.2274e-04 2.8702e-01 3.2012e-01 3.9274e-01
32875.00 3.6354e-04 4.3220e-01 3.2045e-01 2.4699e-01
33125.00 1.7235e-04 3.7596e-01 3.4257e-01 2.8130e-01
33375.00 2.4809e-04 3.4883e-01 3.4451e-01 3.0641e-01
33625.00 3.8887e-05 1.2719e-01 3.5574e-01 5.1704e-01
33875.00 9.7075e-05 2.5007e-01 3.6428e-01 3.8555e-01
34125.00 3.0022e-05 1.3690e-01 3.5838e-01 5.0469e-01
34375.00 2.1604e-05 1.2025e-01 3.5215e-01 5.2758e-01
34625.00 1.5214e-05 9.9136e-02 3.4328e-01 5.5757e-01
34875.00 1.1157e-05 8.5539e-02 3.2977e-01 5.8468e-01
35125.00 8.5246e-06 7.1297e-02 3.1597e-01 6.1273e-01
35375.00 6.6336e-06 6.1472e-02 3.0317e-01 6.3535e-01
35625.00 5.1485e-06 5.2928e-02 2.8991e-01 6.5715e-01
35875.00 4.1822e-06 4.6323e-02 2.7750e-01 6.7618e-01
36125.00 3.4973e-06 3.9832e-02 2.6365e-01 6.9652e-01
36375.00 2.7100e-06 3.4491e-02 2.5030e-01 7.1521e-01
36625.00 2.1544e-06 2.9744e-02 2.3743e-01 7.3282e-01
36875.00 2.0209e-06 2.5867e-02 2.2488e-01 7.4925e-01
37125.00 1.7382e-06 2.1462e-02 2.0921e-01 7.6932e-01
37375.00 4.0765e-06 1.9823e-02 2.0124e-01 7.7893e-01
37625.00 2.6509e-06 9.2829e-03 1.9303e-01 7.9769e-01
37875.00 7.2805e-07 5.0289e-03 1.8554e-01 8.0944e-01
38125.00 5.1821e-07 4.5630e-03 1.7738e-01 8.1806e-01
38375.00 4.9952e-07 4.0015e-03 1.6732e-01 8.2868e-01
38625.00 4.7439e-07 3.4307e-03 1.5630e-01 8.4027e-01
38875.00 4.4402e-07 3.1427e-03 1.4873e-01 8.4813e-01
39125.00 3.6463e-07 2.7929e-03 1.4010e-01 8.5711e-01
39375.00 2.6735e-07 2.4332e-03 1.3104e-01 8.6653e-01
39625.00 2.2225e-07 2.1958e-03 1.2418e-01 8.7362e-01
39875.00 1.6246e-07 1.8766e-03 1.1634e-01 8.8178e-01
40125.00 9.8656e-08 1.7330e-03 1.1003e-01 8.8824e-01
40375.00 9.1664e-08 1.5288e-03 1.0313e-01 8.9534e-01
#TIME: 210.86
#NVEL: 162
#vel_mid[km/s] si0 si1 si2 si3
125.00 6.8191e-05 8.7463e-01 1.2001e-01 5.2897e-03
375.00 8.0820e-05 8.6582e-01 1.2820e-01 5.9003e-03
625.00 6.4462e-05 8.5586e-01 1.3739e-01 6.6875e-03
875.00 6.1373e-05 8.3734e-01 1.5478e-01 7.8177e-03
1125.00 6.1043e-05 8.2541e-01 1.6579e-01 8.7370e-03
1375.00 5.7637e-05 8.1421e-01 1.7606e-01 9.6748e-03
1625.00 5.9982e-05 8.0790e-01 1.8180e-01 1.0239e-02
1875.00 6.0865e-05 8.0586e-01 1.8354e-01 1.0541e-02
2125.00 6.6684e-05 8.1225e-01 1.7743e-01 1.0252e-02
2375.00 8.1741e-05 8.2529e-01 1.6518e-01 9.4456e-03
2625.00 1.1150e-04 8.4015e-01 1.5141e-01 8.3327e-03
2875.00 1.7108e-04 8.5727e-01 1.3550e-01 7.0543e-03
3125.00 3.5729e-04 8.7802e-01 1.1613e-01 5.4974e-03
3375.00 1.3721e-03 8.9873e-01 9.5938e-02 3.9596e-03
3625.00 2.6799e-02 8.9977e-01 7.0994e-02 2.4398e-03
3875.00 1.4888e-01 8.0114e-01 4.8545e-02 1.4293e-03
4125.00 2.3516e-01 7.2970e-01 3.4299e-02 8.3760e-04
4375.00 2.5404e-01 7.1818e-01 2.7236e-02 5.4826e-04
4625.00 2.7658e-01 6.9890e-01 2.4056e-02 4.6147e-04
4875.00 2.9863e-01 6.7828e-01 2.2658e-02 4.2771e-04
5125.00 3.2024e-01 6.5760e-01 2.1750e-02 4.0670e-04
5375.00 3.3350e-01 6.4529e-01 2.0830e-02 3.8565e-04
5625.00 3.6102e-01 6.1851e-01 2.0097e-02 3.7827e-04
5875.00 3.7115e-01 6.0906e-01 1.9426e-02 3.6500e-04
6125.00 3.8984e-01 5.9067e-01 1.9124e-02 3.6381e-04
6375.00 4.0211e-01 5.7880e-01 1.8730e-02 3.6112e-04
6625.00 4.1446e-01 5.6662e-01 1.8559e-02 3.6197e-04
6875.00 4.0864e-01 5.7233e-01 1.8669e-02 3.6435e-04
7125.00 4.0091e-01 5.8010e-01 1.8625e-02 3.6024e-04
7375.00 4.0936e-01 5.7132e-01 1.8945e-02 3.7595e-04
7625.00 3.9523e-01 5.8523e-01 1.9170e-02 3.7691e-04
7875.00 3.7990e-01 6.0005e-01 1.9662e-02 3.8496e-04
8125.00 3.8927e-01 5.9047e-01 1.9860e-02 4.0291e-04
8375.00 3.8372e-01 5.9559e-01 2.0278e-02 4.1774e-04
8625.00 3.5346e-01 6.2526e-01 2.0852e-02 4.2609e-04
8875.00 3.5951e-01 6.1844e-01 2.1595e-02 4.4990e-04
9125.00 3.3071e-01 6.4676e-01 2.2070e-02 4.6043e-04
9375.00 9.2693e-02 8.8170e-01 2.5191e-02 4.2005e-04
9625.00 8.9957e-02 8.8328e-01 2.6318e-02 4.4824e-04
9875.00 7.7966e-02 8.9440e-01 2.7168e-02 4.7139e-04
10125.00 1.6422e-01 8.0801e-01 2.7239e-02 5.3379e-04
10375.00 3.9958e-02 9.2904e-01 3.0462e-02 5.4492e-04
10625.00 2.2821e-02 9.4543e-01 3.1181e-02 5.6950e-04
10875.00 1.5028e-02 9.5146e-01 3.2891e-02 6.1876e-04
11125.00 7.3121e-03 9.5681e-01 3.5204e-02 6.7723e-04
11375.00 1.3390e-02 9.4903e-01 3.6753e-02 8.2980e-04
11625.00 2.4242e-03 9.5737e-01 3.9393e-02 8.1657e-04
11875.00 1.6099e-03 9.6058e-01 3.7015e-02 7.9662e-04
12125.00 1.1925e-03 9.5090e-01 4.6918e-02 9.9173e-04
12375.00 8.7092e-04 9.4857e-01 4.9478e-02 1.0846e-03
12625.00 6.4803e-04 9.4951e-01 4.8667e-02 1.1697e-03
12875.00 6.0279e-04 9.4836e-01 4.9792e-02 1.2498e-03
13125.00 5.9949e-04 9.4407e-01 5.3915e-02 1.4126e-03
13375.00 5.1961e-04 9.4160e-01 5.6351e-02 1.5259e-03
13625.00 4.5920e-04 9.3330e-01 6.4418e-02 1.8235e-03
13875.00 4.2724e-04 9.4107e-01 5.6831e-02 1.6686e-03
14125.00 4.9390e-04 9.4153e-01 5.6225e-02 1.7493e-03
14375.00 3.7438e-04 9.2982e-01 6.7765e-02 2.0441e-03
14625.00 4.5074e-04 9.3046e-01 6.6868e-02 2.2245e-03
14875.00 3.5806e-04 9.3132e-01 6.5968e-02 2.3498e-03
15125.00 3.2288e-04 9.3214e-01 6.5282e-02 2.2593e-03
15375.00 4.2393e-04 9.0851e-01 8.7674e-02 3.3889e-03
15625.00 3.6559e-04 8.9841e-01 9.7468e-02 3.7539e-03
15875.00 2.9378e-04 9.0057e-01 9.5131e-02 4.0013e-03
16125.00 3.8747e-04 9.2179e-01 7.4508e-02 3.3134e-03
16375.00 3.6910e-04 9.0733e-01 8.8284e-02 4.0206e-03
16625.00 3.8691e-04 8.9710e-01 9.2082e-02 1.0434e-02
16875.00 2.8316e-04 8.8099e-01 1.1337e-01 5.3522e-03
17125.00 3.0412e-04 8.8041e-01 1.1359e-01 5.6924e-03
17375.00 4.0582e-04 8.9577e-01 9.5724e-02 8.0997e-03
17625.00 3.5073e-04 8.6165e-01 1.2464e-01 1.3365e-02
17875.00 3.2839e-04 8.6171e-01 1.3063e-01 7.3382e-03
18125.00 2.5771e-04 8.5765e-01 1.3387e-01 8.2149e-03
18375.00 2.6922e-04 8.5633e-01 1.3479e-01 8.6148e-03
18625.00 4.4990e-04 8.6449e-01 1.2692e-01 8.1351e-03
18875.00 4.1026e-04 8.5945e-01 1.3073e-01 9.4105e-03
19125.00 4.2055e-04 8.8587e-01 9.9629e-02 1.4077e-02
19375.00 3.6570e-04 8.9087e-01 1.0124e-01 7.5211e-03
19625.00 4.9095e-04 8.9482e-01 9.1404e-02 1.3285e-02
19875.00 5.7259e-04 9.0505e-01 8.3671e-02 1.0703e-02
20125.00 5.2390e-04 8.7610e-01 1.0917e-01 1.4209e-02
20375.00 5.6593e-04 9.0549e-01 8.4159e-02 9.7824e-03
20625.00 4.2348e-04 8.8041e-01 1.0628e-01 1.2881e-02
20875.00 4.6191e-04 8.7190e-01 1.1489e-01 1.2754e-02
21125.00 4.5748e-04 8.4807e-01 1.3512e-01 1.6356e-02
21375.00 5.8350e-04 8.8060e-01 1.0525e-01 1.3567e-02
21625.00 4.4790e-04 8.7884e-01 1.0601e-01 1.4705e-02
21875.00 6.7884e-04 8.9734e-01 8.9128e-02 1.2855e-02
22125.00 5.7126e-04 8.9637e-01 8.8018e-02 1.5040e-02
22375.00 5.4937e-04 8.5377e-01 1.2925e-01 1.6427e-02
22625.00 5.1092e-04 8.5768e-01 1.2567e-01 1.6140e-02
22875.00 5.3093e-04 8.7603e-01 1.0580e-01 1.7640e-02
23125.00 5.6571e-04 8.5417e-01 1.2523e-01 2.0033e-02
23375.00 5.8571e-04 8.6966e-01 1.1170e-01 1.8055e-02
23625.00 6.3392e-04 8.6409e-01 1.1486e-01 2.0421e-02
23875.00 5.4002e-04 8.4903e-01 1.2742e-01 2.3010e-02
24125.00 5.0568e-04 8.3620e-01 1.3717e-01 2.6121e-02
24375.00 7.3439e-04 8.1272e-01 1.5543e-01 3.1115e-02
