#NTIMES: 257
#NSTAGES: 6
#TIMES[d]: 2.2 2.42 2.662 2.9282 3.22102 3.543122 3.897434 4.287178 4.715896 5.187485 5.706233 6.276857 6.904542 7.594996 8.354497 9.189946 10.10894 11.10894 12.10894 13.108941 14.108941 15.108941 16.108941 17.108941 18.108941 19.108941 20.108941 21.108941 22.108941 23.108941 24.108941 25.108941 26.108941 27.108941 28.108941 29.108941 30.108941 31.108941 32.108941 33.108941 34.108941 35.108941 36.108941 37.108941 38.108941 39.108941 40.108941 41.108941 42.108941 43.108941 44.108941 45.108941 46.108941 47.108941 48.108941 49.108941 50.108941 51.108941 52.108941 53.108941 54.108941 55.108941 56.108941 57.108941 58.108941 59.108941 60.108941 61.108941 62.108941 63.108941 64.108941 65.108941 66.108941 67.108941 68.108941 69.108941 70.108941 71.108941 72.108941 73.108941 74.108941 75.108941 76.108941 77.108941 78.108941 79.108941 80.108941 81.108941 82.108941 83.108941 84.108941 85.108941 86.108941 87.108941 88.108941 89.108941 90.108941 91.108941 92.108941 93.108941 94.108941 95.108941 96.108941 97.108935 98.108935 99.108935 100.108935 101.108935 102.108935 103.108935 104.108935 105.108935 106.108935 107.108935 108.108935 109.108935 110.108935 111.108935 112.108935 113.108935 114.108935 115.108935 116.108935 117.108935 118.108935 119.108935 120.108935 121.108935 122.108935 123.108935 124.108935 125.108935 126.108935 127.108935 128.108935 129.108935 130.108935 131.108935 132.108935 133.108935 134.108935 135.108935 136.108935 137.108935 138.108935 139.108935 140.108935 141.108935 142.108935 143.108935 144.108935 145.108935 146.108935 147.108935 148.108935 149.108935 150.108935 151.108935 152.108935 153.108935 154.108935 155.108935 156.108935 157.108935 158.108935 159.108935 160.108935 161.108935 162.108935 163.108935 164.108935 165.108935 166.108935 167.108935 168.108935 169.108935 170.108935 171.108935 172.108935 173.108935 174.108935 175.108935 176.108935 177.108935 178.108935 179.108935 180.108935 181.108935 182.108935 183.108935 184.108935 185.108935 186.108935 187.108935 188.108935 189.108935 190.108935 191.108935 192.108935 193.108935 194.108935 195.108935 196.108935 197.108935 198.108935 199.108935 200.108935 201.108935 202.108935 203.108935 204.108935 205.108935 206.108935 207.108935 208.108935 209.108935 210.108935 211.108935 212.108935 213.108935 214.108935 215.108935 216.108935 217.108935 218.108935 219.108935 220.108935 221.108935 222.108935 223.108935 224.108935 225.108935 226.108935 227.108935 228.108935 229.108935 230.108935 231.108935 232.108935 233.108935 234.108935 235.108935 236.108935 237.108935 238.108935 239.108935 240.108935 241.108935 242.108935 243.108935 244.108935 245.108935 246.108935 247.108935 248.108935 249.108935 250.108935 
#
#TIME: 2.200000
#NVEL: 81
#vel_mid[km/s] Co0 Co1 Co2 Co3 Co4 Co5
2.500e+02 4.107432e-39 1.025713e-29 8.052318e-21 1.412856e-12 4.270876e-05 9.999573e-01
7.500e+02 5.027884e-39 1.311616e-29 1.035500e-20 1.747440e-12 4.837863e-05 9.999516e-01
1.250e+03 6.922698e-39 1.875666e-29 1.469887e-20 2.336000e-12 5.741238e-05 9.999426e-01
1.750e+03 1.298010e-38 3.513826e-29 2.605644e-20 3.681119e-12 7.478020e-05 9.999252e-01
2.250e+03 4.878744e-38 1.206100e-28 7.587542e-20 8.364251e-12 1.195685e-04 9.998804e-01
2.750e+03 6.375075e-37 1.243085e-27 5.514886e-19 3.780236e-11 2.828556e-04 9.997171e-01
3.250e+03 5.812652e-35 7.549951e-26 1.854335e-17 5.699966e-10 1.358612e-03 9.986414e-01
3.750e+03 7.945230e-31 4.443794e-22 3.360588e-14 2.036725e-07 4.031885e-02 9.596810e-01
4.250e+03 1.360886e-21 9.736635e-14 3.885061e-07 1.642101e-02 9.832120e-01 3.666481e-04
4.750e+03 5.121715e-02 9.487828e-01 6.957348e-09 1.754255e-33 1.664576e-76 3.453912e-148
5.250e+03 4.430764e-02 9.556924e-01 8.159867e-09 2.395632e-33 2.646787e-76 6.394622e-148
5.750e+03 3.822950e-02 9.617705e-01 9.577888e-09 3.279745e-33 4.226417e-76 1.190972e-147
6.250e+03 3.290649e-02 9.670935e-01 1.125073e-08 4.500547e-33 6.775036e-76 2.230257e-147
6.750e+03 2.826582e-02 9.717342e-01 1.322388e-08 6.187884e-33 1.089651e-75 4.195944e-147
7.250e+03 2.423676e-02 9.757632e-01 1.555033e-08 8.521324e-33 1.757261e-75 7.924328e-147
7.750e+03 2.075224e-02 9.792477e-01 1.829135e-08 1.174819e-32 2.839605e-75 1.500866e-146
8.250e+03 1.774775e-02 9.822522e-01 2.151931e-08 1.621084e-32 4.595628e-75 2.848925e-146
8.750e+03 1.516503e-02 9.848349e-01 2.531682e-08 2.237829e-32 7.444004e-75 5.414809e-146
9.250e+03 1.294983e-02 9.870501e-01 2.978103e-08 3.089671e-32 1.206276e-74 1.029860e-145
9.750e+03 1.105432e-02 9.889456e-01 3.502177e-08 4.264576e-32 1.954229e-74 1.958267e-145
1.025e+04 9.434419e-03 9.905655e-01 4.116961e-08 5.883588e-32 3.164242e-74 3.721295e-145
1.075e+04 8.052191e-03 9.919478e-01 4.837144e-08 8.110754e-32 5.117942e-74 7.061979e-145
1.125e+04 6.873749e-03 9.931262e-01 5.679900e-08 1.116989e-31 8.266452e-74 1.337785e-144
1.175e+04 5.869128e-03 9.941308e-01 6.665595e-08 1.536761e-31 1.333324e-73 2.529659e-144
1.225e+04 5.013262e-03 9.949867e-01 7.816990e-08 2.111708e-31 2.146793e-73 4.772471e-144
1.275e+04 4.283953e-03 9.957160e-01 9.161186e-08 2.898278e-31 3.450565e-73 8.983327e-144
1.325e+04 3.662227e-03 9.963377e-01 1.072984e-07 3.973307e-31 5.536978e-73 1.687293e-143
1.375e+04 3.131966e-03 9.968679e-01 1.255983e-07 5.441288e-31 8.871185e-73 3.162704e-143
1.425e+04 2.679249e-03 9.973206e-01 1.469542e-07 7.445626e-31 1.419653e-72 5.919164e-143
1.475e+04 2.292503e-03 9.977073e-01 1.718786e-07 1.018152e-30 2.269683e-72 1.106406e-142
1.525e+04 1.961843e-03 9.980380e-01 2.009811e-07 1.391668e-30 3.626418e-72 2.066412e-142
1.575e+04 1.678773e-03 9.983210e-01 2.350032e-07 1.902170e-30 5.794112e-72 3.859414e-142
1.625e+04 1.436368e-03 9.985634e-01 2.747964e-07 2.600271e-30 9.259511e-72 7.210317e-142
1.675e+04 1.228553e-03 9.987711e-01 3.214132e-07 3.556586e-30 1.481034e-71 1.348632e-141
1.725e+04 1.050371e-03 9.989493e-01 3.760706e-07 4.868189e-30 2.371523e-71 2.526296e-141
1.775e+04 8.975103e-04 9.991020e-01 4.402564e-07 6.670734e-30 3.803675e-71 4.742749e-141
1.825e+04 7.663859e-04 9.992331e-01 5.157172e-07 9.152262e-30 6.112335e-71 8.926533e-141
1.875e+04 6.539103e-04 9.993455e-01 6.045589e-07 1.257574e-29 9.844428e-71 1.685172e-140
1.925e+04 5.575074e-04 9.994418e-01 7.092344e-07 1.730590e-29 1.589133e-70 3.190976e-140
1.975e+04 4.749117e-04 9.995243e-01 8.327206e-07 2.385488e-29 2.571682e-70 6.062531e-140
2.025e+04 4.042036e-04 9.995948e-01 9.785280e-07 3.293779e-29 4.172321e-70 1.155734e-139
2.075e+04 3.437405e-04 9.996551e-01 1.150788e-06 4.555249e-29 6.785644e-70 2.210380e-139
2.125e+04 2.920873e-04 9.997066e-01 1.354434e-06 6.309794e-29 1.106202e-69 4.240827e-139
2.175e+04 2.480045e-04 9.997504e-01 1.595324e-06 8.753434e-29 1.807465e-69 8.161277e-139
2.225e+04 2.104341e-04 9.997877e-01 1.880291e-06 1.215946e-28 2.959138e-69 1.574756e-138
2.275e+04 1.784417e-04 9.998193e-01 2.217543e-06 1.691199e-28 4.853772e-69 3.046217e-138
2.325e+04 1.512316e-04 9.998462e-01 2.616672e-06 2.354709e-28 7.974202e-69 5.905193e-138
2.375e+04 1.281107e-04 9.998688e-01 3.089058e-06 3.281567e-28 1.311893e-68 1.146865e-137
2.425e+04 1.084779e-04 9.998879e-01 3.648270e-06 4.577144e-28 2.161047e-68 2.231160e-137
2.475e+04 9.181869e-05 9.999039e-01 4.310333e-06 6.389038e-28 3.563871e-68 4.347158e-137
2.525e+04 7.769107e-05 9.999172e-01 5.094276e-06 8.924274e-28 5.883358e-68 8.481536e-137
2.575e+04 6.572444e-05 9.999283e-01 6.021937e-06 1.247026e-27 9.718002e-68 1.656057e-136
2.625e+04 5.558405e-05 9.999373e-01 7.120670e-06 1.743576e-27 1.606656e-67 3.237441e-136
2.675e+04 4.699611e-05 9.999446e-01 8.422003e-06 2.439085e-27 2.658278e-67 6.335351e-136
2.725e+04 3.972483e-05 9.999503e-01 9.963690e-06 3.413768e-27 4.401592e-67 1.241030e-135
2.775e+04 3.356979e-05 9.999546e-01 1.179064e-05 4.780427e-27 7.293866e-67 2.433581e-135
2.825e+04 2.836140e-05 9.999577e-01 1.395600e-05 6.697497e-27 1.209556e-66 4.776790e-135
2.875e+04 2.395452e-05 9.999595e-01 1.652353e-05 9.388484e-27 2.007474e-66 9.386447e-135
2.925e+04 2.022617e-05 9.999602e-01 1.956938e-05 1.316872e-26 3.334817e-66 1.846704e-134
2.975e+04 1.707322e-05 9.999597e-01 2.318329e-05 1.848160e-26 5.544548e-66 3.637387e-134
3.025e+04 1.440822e-05 9.999581e-01 2.747127e-05 2.595062e-26 9.225262e-66 7.171443e-134
3.075e+04 1.215524e-05 9.999553e-01 3.256291e-05 3.646178e-26 1.536436e-65 1.415754e-133
3.125e+04 1.025171e-05 9.999511e-01 3.860884e-05 5.125860e-26 2.560995e-65 2.797998e-133
3.175e+04 8.644089e-06 9.999456e-01 4.578877e-05 7.209640e-26 4.271989e-65 5.535330e-133
3.225e+04 7.287065e-06 9.999384e-01 5.431494e-05 1.014466e-25 7.130459e-65 1.095959e-132
3.275e+04 6.141487e-06 9.999294e-01 6.444521e-05 1.428183e-25 1.191075e-64 2.172157e-132
3.325e+04 5.174853e-06 9.999183e-01 7.648153e-05 2.011503e-25 1.990887e-64 4.308930e-132
3.375e+04 4.359561e-06 9.999049e-01 9.078208e-05 2.834090e-25 3.329576e-64 8.553842e-132
3.425e+04 3.672077e-06 9.998886e-01 1.077747e-04 3.994424e-25 5.571260e-64 1.699220e-131
3.475e+04 3.092472e-06 9.998689e-01 1.279693e-04 5.631715e-25 9.326901e-64 3.377777e-131
3.525e+04 2.604018e-06 9.998454e-01 1.519663e-04 7.942068e-25 1.562003e-63 6.717800e-131
3.575e+04 2.192532e-06 9.998173e-01 1.804766e-04 1.120194e-24 2.616540e-63 1.336468e-130
3.625e+04 1.845781e-06 9.997838e-01 2.143668e-04 1.580451e-24 4.384968e-63 2.660411e-130
3.675e+04 1.553756e-06 9.997438e-01 2.546362e-04 2.230097e-24 7.350030e-63 5.297262e-130
3.725e+04 1.307899e-06 9.996962e-01 3.024735e-04 3.146868e-24 1.232059e-62 1.054828e-129
3.775e+04 1.100805e-06 9.996396e-01 3.593371e-04 4.441532e-24 2.065976e-62 2.101430e-129
3.825e+04 9.264691e-07 9.995722e-01 4.268968e-04 6.269077e-24 3.464545e-62 4.186835e-129
3.875e+04 7.796729e-07 9.994920e-01 5.071912e-04 8.849854e-24 5.811155e-62 8.344219e-129
3.925e+04 6.561229e-07 9.993968e-01 6.025820e-04 1.249299e-23 9.747172e-62 1.662983e-128
3.975e+04 5.521295e-07 9.992835e-01 7.159158e-04 1.763629e-23 1.634987e-61 3.314503e-128
4.025e+04 4.646029e-07 9.991490e-01 8.505582e-04 2.489716e-23 2.742569e-61 6.606359e-128
#TIME: 2.420000
#NVEL: 81
#vel_mid[km/s] Co0 Co1 Co2 Co3 Co4 Co5
2.500e+02 4.208841e-40 1.537553e-30 1.827750e-21 5.058359e-13 2.520502e-05 9.999748e-01
7.500e+02 1.718834e-39 5.739900e-30 5.717722e-21 1.197124e-12 4.035748e-05 9.999596e-01
1.250e+03 3.423233e-39 1.141627e-29 1.069411e-20 1.964168e-12 5.366260e-05 9.999463e-01
1.750e+03 8.723123e-39 2.817149e-29 2.391230e-20 3.689097e-12 7.728808e-05 9.999227e-01
2.250e+03 5.175488e-38 1.459667e-28 9.877041e-20 1.096022e-11 1.444410e-04 9.998556e-01
2.750e+03 1.277640e-36 2.695638e-27 1.190128e-18 7.388128e-11 4.332685e-04 9.995667e-01
3.250e+03 4.769836e-34 5.932849e-25 1.228056e-16 2.724604e-09 3.510110e-03 9.964899e-01
3.750e+03 6.159750e-29 2.768287e-20 1.403489e-12 4.153597e-06 2.196413e-01 7.803545e-01
4.250e+03 7.557596e-20 4.347630e-12 1.030083e-05 1.249034e-01 8.750708e-01 1.552076e-05
4.750e+03 1.989588e-11 1.097470e-04 8.987859e-01 1.011043e-01 9.484925e-09 6.900939e-25
5.250e+03 2.511757e-09 3.675627e-03 9.961970e-01 1.273336e-04 3.847740e-16 4.246344e-39
5.750e+03 2.195408e-06 3.935229e-01 6.064749e-01 2.438032e-09 9.546608e-28 2.251233e-61
6.250e+03 2.088415e-04 9.992975e-01 4.936580e-04 2.341918e-19 2.375217e-48 2.036697e-98
6.750e+03 5.575924e-03 9.944237e-01 3.479104e-07 8.059934e-29 1.663948e-67 1.169799e-132
7.250e+03 1.613298e-02 9.838670e-01 2.824553e-08 3.841682e-32 2.770707e-74 7.551304e-145
7.750e+03 4.066473e-03 9.959330e-01 4.814575e-07 1.558804e-28 4.552510e-67 4.616357e-132
8.250e+03 3.661875e-03 9.963376e-01 5.038293e-07 1.526861e-28 3.706037e-67 2.583696e-132
8.750e+03 4.149069e-03 9.958506e-01 3.178972e-07 3.278118e-29 1.397771e-68 5.962685e-135
9.250e+03 2.210262e-03 9.977887e-01 1.056306e-06 1.029444e-27 1.271828e-65 9.388746e-130
9.750e+03 2.939670e-03 9.970599e-01 4.683545e-07 7.658625e-29 5.609768e-68 4.670448e-134
1.025e+04 3.150428e-03 9.968492e-01 3.340136e-07 2.372940e-29 4.442798e-69 4.056563e-136
1.075e+04 3.712966e-03 9.962868e-01 1.933794e-07 3.934898e-30 9.931901e-71 3.674637e-139
1.125e+04 2.509116e-03 9.974905e-01 3.801950e-07 2.556985e-29 3.723579e-69 1.932850e-136
1.175e+04 1.841742e-03 9.981576e-01 6.230008e-07 9.627286e-29 4.628149e-68 1.413714e-134
1.225e+04 1.748379e-03 9.982510e-01 5.799934e-07 6.637970e-29 1.850558e-68 2.219014e-135
1.275e+04 1.317309e-03 9.986818e-01 8.953575e-07 2.087171e-28 1.594995e-67 8.419854e-134
1.325e+04 9.292698e-04 9.990691e-01 1.589199e-06 9.942425e-28 3.174916e-66 1.419234e-131
1.375e+04 8.389476e-04 9.991594e-01 1.648174e-06 9.465940e-28 2.435660e-66 7.125379e-132
1.425e+04 7.597741e-04 9.992385e-01 1.697285e-06 8.821372e-28 1.788947e-66 3.308754e-132
1.475e+04 7.581365e-04 9.992404e-01 1.417784e-06 4.396799e-28 3.712190e-67 1.609829e-133
1.525e+04 7.200480e-04 9.992786e-01 1.317533e-06 3.013997e-28 1.466241e-67 2.470497e-134
1.575e+04 7.746445e-04 9.992244e-01 9.352893e-07 9.230814e-29 1.137102e-68 2.073634e-136
1.625e+04 7.447925e-04 9.992544e-01 8.464985e-07 5.846658e-29 3.827919e-69 2.392141e-137
1.675e+04 5.585300e-04 9.994402e-01 1.309021e-06 1.836931e-28 3.272918e-68 8.871642e-136
1.725e+04 4.210397e-04 9.995770e-01 1.993930e-06 5.499396e-28 2.529969e-67 2.736307e-134
1.775e+04 3.511992e-04 9.996464e-01 2.441515e-06 8.571139e-28 5.231738e-67 8.021735e-134
1.825e+04 2.852600e-04 9.997116e-01 3.159174e-06 1.572738e-27 1.501650e-66 4.211636e-133
1.875e+04 3.549152e-04 9.996434e-01 1.653715e-06 1.951325e-28 1.891603e-68 1.393080e-136
1.925e+04 2.853324e-04 9.997125e-01 2.188361e-06 3.830089e-28 6.222912e-68 9.333955e-136
1.975e+04 3.254413e-04 9.996732e-01 1.377501e-06 8.225404e-29 2.367449e-69 2.211398e-138
2.025e+04 2.105921e-04 9.997865e-01 2.883821e-06 6.316276e-28 1.215251e-67 1.976530e-135
2.075e+04 1.484346e-04 9.998465e-01 5.015502e-06 2.783051e-27 2.028913e-66 2.376310e-133
2.125e+04 1.538158e-04 9.998423e-01 3.876536e-06 1.102991e-27 2.658027e-67 5.108483e-135
2.175e+04 1.855870e-04 9.998122e-01 2.174185e-06 1.685513e-28 5.111098e-69 3.604672e-138
2.225e+04 1.729575e-04 9.998249e-01 2.100645e-06 1.295909e-28 2.540821e-69 8.319872e-139
2.275e+04 1.424547e-04 9.998549e-01 2.632109e-06 2.156414e-28 5.975536e-69 3.054176e-138
2.325e+04 1.208757e-04 9.998760e-01 3.096012e-06 2.972589e-28 9.615833e-69 5.701705e-138
2.375e+04 5.855297e-05 9.999297e-01 1.175492e-05 1.321794e-26 1.671458e-65 2.649582e-132
2.425e+04 7.106170e-05 9.999224e-01 6.537616e-06 1.976732e-27 3.088564e-67 1.749988e-135
2.475e+04 4.829482e-05 9.999395e-01 1.219910e-05 1.067817e-26 7.727501e-66 4.291403e-133
2.525e+04 5.736523e-05 9.999355e-01 7.098851e-06 1.826617e-27 1.871297e-67 4.586408e-136
2.575e+04 3.591685e-05 9.999484e-01 1.570002e-05 1.630950e-26 1.284379e-65 6.759126e-133
2.625e+04 2.588409e-05 9.999483e-01 2.584846e-05 6.064784e-26 1.512939e-64 4.326292e-131
2.675e+04 3.329737e-05 9.999539e-01 1.276909e-05 6.400242e-27 1.390935e-66 8.285731e-135
2.725e+04 6.101318e-05 9.999360e-01 3.007459e-06 7.503589e-29 1.538340e-70 6.088927e-142
2.775e+04 3.543630e-05 9.999568e-01 7.790809e-06 1.071962e-27 2.720666e-68 4.842109e-138
2.825e+04 1.680276e-05 9.999526e-01 3.059234e-05 5.218175e-26 5.618079e-65 3.017958e-132
2.875e+04 1.560569e-05 9.999547e-01 2.972869e-05 4.076545e-26 2.880407e-65 7.347082e-133
2.925e+04 4.630486e-05 9.999511e-01 2.578568e-06 2.490702e-29 8.441388e-72 1.421476e-144
2.975e+04 2.116716e-05 9.999678e-01 1.098318e-05 1.550159e-27 2.871751e-68 2.168043e-138
3.025e+04 1.166149e-05 9.999568e-01 3.149839e-05 2.971411e-26 9.098914e-66 4.812760e-134
3.075e+04 1.909679e-05 9.999715e-01 9.450229e-06 7.183286e-28 4.340706e-69 4.803979e-140
3.125e+04 1.200211e-05 9.999674e-01 2.064005e-05 6.156836e-27 2.733520e-67 6.043942e-137
3.175e+04 1.981504e-05 9.999741e-01 6.078573e-06 1.406489e-28 1.161686e-70 4.899911e-143
3.225e+04 6.037652e-06 9.999347e-01 5.927797e-05 1.003122e-25 5.234538e-65 4.347397e-133
3.275e+04 3.548155e-06 9.998490e-01 1.474432e-04 1.252766e-24 6.959217e-63 2.040249e-129
3.325e+04 1.004401e-05 9.999755e-01 1.442493e-05 1.114783e-27 4.433534e-69 1.613814e-140
3.375e+04 4.341837e-06 9.999278e-01 6.785501e-05 9.171581e-26 2.600903e-65 6.351276e-134
3.425e+04 6.256189e-06 9.999671e-01 2.668453e-05 4.958746e-27 6.278512e-68 1.138421e-138
3.475e+04 3.593395e-06 9.999267e-01 6.970663e-05 7.169136e-26 1.121943e-65 9.057549e-135
3.525e+04 9.539125e-06 9.999827e-01 7.751868e-06 9.274299e-29 1.507021e-71 2.677573e-145
3.575e+04 4.095768e-06 9.999588e-01 3.708032e-05 8.037743e-27 9.843449e-68 1.280458e-138
3.625e+04 2.298567e-06 9.998963e-01 1.013938e-04 1.327651e-25 2.293698e-65 1.628322e-134
3.675e+04 3.307577e-06 9.999566e-01 4.006551e-05 7.292308e-27 5.724787e-68 3.103731e-139
3.725e+04 2.271697e-05 9.999767e-01 6.122110e-07 2.628273e-32 5.597030e-79 6.641121e-159
3.775e+04 5.508606e-06 9.999848e-01 9.730707e-06 8.057596e-29 4.791350e-72 1.127283e-146
3.825e+04 1.624614e-05 9.999829e-01 8.549860e-07 5.114110e-32 1.513609e-78 2.486123e-158
3.875e+04 1.669683e-04 9.998330e-01 5.101207e-09 1.045457e-38 4.214925e-92 1.397604e-182
3.925e+04 1.104365e-04 9.998896e-01 1.037458e-08 7.475836e-38 1.905476e-90 1.018360e-179
3.975e+04 9.389192e-06 9.999891e-01 1.549386e-06 1.829369e-31 1.171221e-77 4.815782e-157
4.025e+04 6.584362e-05 9.999341e-01 2.167175e-08 4.892476e-37 6.031804e-89 3.117500e-177
#TIME: 2.662000
#NVEL: 81
#vel_mid[km/s] Co0 Co1 Co2 Co3 Co4 Co5
2.500e+02 3.664510e-40 1.543769e-30 2.008080e-21 5.715870e-13 2.739113e-05 9.999726e-01
7.500e+02 1.897771e-39 7.148561e-30 7.551073e-21 1.560954e-12 4.789274e-05 9.999521e-01
1.250e+03 3.827736e-39 1.441857e-29 1.434055e-20 2.605876e-12 6.471867e-05 9.999353e-01
1.750e+03 9.961273e-39 3.636443e-29 3.279128e-20 5.010493e-12 9.503032e-05 9.999050e-01
2.250e+03 5.988949e-38 1.915432e-28 1.381947e-19 1.525794e-11 1.813217e-04 9.998187e-01
2.750e+03 1.473588e-36 3.566397e-27 1.699205e-18 1.061694e-10 5.581435e-04 9.994419e-01
3.250e+03 6.225924e-34 8.815936e-25 1.960221e-16 4.332531e-09 4.797483e-03 9.952025e-01
3.750e+03 1.383203e-28 6.823161e-20 3.541015e-12 9.313572e-06 3.401835e-01 6.598072e-01
4.250e+03 4.801101e-20 3.445979e-12 9.764355e-06 1.285599e-01 8.714171e-01 1.327401e-05
4.750e+03 1.928447e-14 3.502994e-07 4.419070e-02 9.555495e-01 2.594586e-04 2.176637e-15
5.250e+03 2.070008e-11 1.392930e-04 9.514397e-01 4.842100e-02 1.073511e-09 7.199835e-27
5.750e+03 6.286364e-09 8.425386e-03 9.915586e-01 1.600240e-05 1.660698e-18 8.185494e-44
6.250e+03 6.403863e-07 2.118317e-01 7.881677e-01 1.219892e-08 3.016807e-26 9.916323e-59
6.750e+03 1.389983e-05 9.298086e-01 7.017749e-02 3.827257e-13 4.486981e-36 7.074028e-77
7.250e+03 1.454170e-04 9.993173e-01 5.372815e-04 1.672893e-19 6.487238e-49 8.972370e-100
7.750e+03 1.183643e-03 9.988111e-01 5.294379e-06 1.589671e-25 4.224830e-61 1.490135e-121
8.250e+03 3.526178e-03 9.964734e-01 4.026498e-07 6.008012e-29 4.277195e-68 3.827603e-134
8.750e+03 8.390155e-03 9.916098e-01 5.018268e-08 1.009791e-31 8.932728e-74 2.214225e-144
9.250e+03 1.549137e-02 9.845086e-01 1.100993e-08 9.450150e-34 6.133162e-78 6.730040e-152
9.750e+03 1.638112e-02 9.836189e-01 8.123448e-09 3.264146e-34 6.088427e-79 8.817853e-154
1.025e+04 1.886516e-02 9.811348e-01 4.971914e-09 6.478039e-35 1.979692e-80 1.581211e-156
1.075e+04 2.021631e-02 9.797837e-01 3.561022e-09 2.049942e-35 1.647886e-81 1.513995e-158
1.125e+04 1.721838e-02 9.827816e-01 4.219528e-09 2.885668e-35 2.772512e-81 3.073978e-158
1.175e+04 9.521978e-03 9.904780e-01 1.271137e-08 6.491196e-34 1.240773e-78 1.306448e-153
1.225e+04 4.998607e-03 9.950013e-01 4.272246e-08 2.051924e-32 1.115134e-75 1.949054e-148
1.275e+04 3.743261e-03 9.962567e-01 6.670078e-08 6.638949e-32 1.013758e-74 8.090501e-147
1.325e+04 3.499428e-03 9.965005e-01 6.422437e-08 5.060907e-32 4.963213e-75 1.822118e-147
1.375e+04 5.774917e-03 9.942251e-01 1.799139e-08 9.630996e-34 1.405071e-78 6.806731e-154
1.425e+04 6.236689e-03 9.937633e-01 1.268178e-08 2.894883e-34 1.051120e-79 5.368925e-156
1.475e+04 8.886809e-03 9.911132e-01 4.925744e-09 1.480067e-35 2.214940e-82 7.316140e-161
1.525e+04 1.436209e-02 9.856379e-01 1.457866e-09 3.400086e-37 9.367162e-86 5.738304e-167
1.575e+04 1.510557e-02 9.848944e-01 1.089109e-09 1.218967e-37 1.002536e-86 8.598678e-169
1.625e+04 1.437710e-02 9.856229e-01 1.010227e-09 8.299760e-38 3.903231e-87 1.285238e-169
1.675e+04 2.219294e-02 9.778071e-01 3.265796e-10 2.489280e-39 2.828703e-90 2.632273e-175
1.725e+04 3.169833e-02 9.683017e-01 1.229671e-10 1.173533e-40 5.080578e-93 2.699942e-180
1.775e+04 2.406857e-02 9.759314e-01 1.896302e-10 3.601053e-40 4.110430e-92 9.022509e-179
1.825e+04 3.552129e-02 9.644787e-01 6.594161e-11 1.341054e-41 4.584151e-95 3.947418e-184
1.875e+04 2.588029e-02 9.741197e-01 1.120959e-10 5.492306e-41 6.642289e-94 3.735077e-182
1.925e+04 3.212761e-02 9.678724e-01 5.751218e-11 6.472967e-42 7.550394e-96 1.025886e-185
1.975e+04 2.716431e-02 9.728357e-01 6.986575e-11 9.798591e-42 1.471654e-95 2.712648e-185
2.025e+04 2.875961e-02 9.712404e-01 5.123057e-11 3.325541e-42 1.409525e-96 3.330389e-187
2.075e+04 6.886043e-02 9.311396e-01 5.489137e-12 3.771543e-45 1.353580e-102 4.818580e-198
2.125e+04 8.592513e-02 9.140749e-01 2.601779e-12 3.505511e-46 9.391113e-105 5.346195e-202
2.175e+04 5.332208e-02 9.466779e-01 7.106841e-12 5.877439e-45 2.390024e-102 8.754242e-198
2.225e+04 8.333139e-02 9.166686e-01 1.951675e-12 1.082173e-46 6.287628e-106 2.794433e-204
2.275e+04 1.159660e-01 8.840340e-01 6.688602e-13 3.844920e-48 6.182024e-109 9.246824e-210
2.325e+04 4.472368e-02 9.552763e-01 6.223490e-12 2.444083e-45 2.472973e-103 8.038931e-200
2.375e+04 9.607410e-02 9.039259e-01 7.739005e-13 4.289473e-48 5.601079e-109 5.174288e-210
2.425e+04 5.123136e-02 9.487686e-01 3.128109e-12 2.302176e-46 1.504914e-105 5.780887e-204
2.475e+04 8.147399e-02 9.185260e-01 8.255087e-13 3.763252e-48 3.111279e-109 1.198924e-210
2.525e+04 4.900222e-02 9.509978e-01 2.409193e-12 7.686076e-47 1.179047e-106 3.993192e-206
2.575e+04 1.723453e-02 9.827655e-01 2.122115e-11 4.117969e-44 3.158665e-101 1.540682e-196
2.625e+04 5.702818e-02 9.429718e-01 1.159499e-12 6.361907e-48 5.517541e-109 1.791271e-210
2.675e+04 5.422978e-03 9.945770e-01 1.746006e-10 1.526579e-41 3.306041e-96 8.504013e-188
2.725e+04 2.136139e-02 9.786386e-01 7.656199e-12 1.238084e-45 1.637600e-104 1.116028e-202
2.775e+04 9.083514e-03 9.909165e-01 4.043647e-11 1.449749e-43 2.005404e-100 1.697165e-195
2.825e+04 2.234699e-03 9.977653e-01 6.626310e-10 4.947983e-40 2.189990e-93 4.630639e-183
2.875e+04 6.270304e-03 9.937297e-01 6.159677e-11 3.642187e-43 9.075178e-100 1.592404e-194
2.925e+04 2.930605e-03 9.970694e-01 2.570263e-10 2.142810e-41 2.785885e-96 2.056557e-188
2.975e+04 8.424551e-03 9.915754e-01 2.279264e-11 1.387234e-44 9.005684e-103 4.600445e-200
3.025e+04 2.050850e-02 9.794915e-01 2.784086e-12 2.341914e-47 2.004733e-108 3.182245e-210
3.075e+04 4.651259e-02 9.534874e-01 3.605121e-13 4.660953e-50 6.058355e-114 3.637892e-220
3.125e+04 1.041428e-02 9.895857e-01 8.360006e-12 4.380359e-46 5.164155e-106 4.002736e-206
3.175e+04 1.764170e-03 9.982358e-01 3.010074e-10 1.532684e-41 6.065144e-97 4.487072e-190
3.225e+04 5.675355e-03 9.943246e-01 2.102943e-11 4.848726e-45 4.605315e-104 7.546064e-203
3.275e+04 2.123076e-03 9.978769e-01 1.401317e-10 1.141896e-42 2.301453e-99 1.396243e-194
3.325e+04 4.562607e-03 9.954374e-01 2.308931e-11 4.619240e-45 2.961263e-104 2.193840e-203
3.375e+04 4.055427e-03 9.959446e-01 2.463453e-11 4.756726e-45 2.644738e-104 1.432866e-203
3.425e+04 8.541541e-04 9.991458e-01 5.664812e-10 4.552273e-41 2.356576e-96 1.690673e-189
3.475e+04 9.990200e-04 9.990010e-01 3.350185e-10 8.068371e-42 6.039897e-98 1.959570e-192
3.525e+04 3.892948e-03 9.961071e-01 1.545362e-11 7.342721e-46 3.683455e-106 3.633516e-207
3.575e+04 2.744696e-04 9.997255e-01 3.878299e-09 9.126796e-39 6.571909e-92 7.873957e-182
3.625e+04 5.285090e-04 9.994715e-01 7.630571e-10 5.891912e-41 2.041111e-96 5.503085e-190
3.675e+04 4.378150e-04 9.995622e-01 9.555040e-10 9.880966e-41 4.927299e-96 2.145487e-189
3.725e+04 2.078176e-03 9.979218e-01 2.778717e-11 2.182755e-45 1.657539e-105 2.150521e-206
3.775e+04 2.558820e-04 9.997441e-01 2.136462e-09 8.089241e-40 2.506146e-94 1.575891e-186
3.825e+04 8.907282e-04 9.991093e-01 1.164701e-10 1.123031e-43 3.317534e-102 1.054277e-200
3.875e+04 3.773693e-03 9.962263e-01 4.538369e-12 6.254026e-48 7.596972e-111 3.456572e-216
3.925e+04 5.517388e-04 9.994483e-01 2.257752e-10 5.903951e-43 6.782214e-101 1.489304e-198
3.975e+04 1.192843e-03 9.988072e-01 3.570507e-11 2.047934e-45 6.199687e-106 1.221198e-207
4.025e+04 1.697737e-03 9.983023e-01 1.403681e-11 1.088593e-46 1.417507e-108 1.932423e-212
#TIME: 2.928200
#NVEL: 81
#vel_mid[km/s] Co0 Co1 Co2 Co3 Co4 Co5
2.500e+02 3.300937e-40 1.601065e-30 2.272381e-21 6.629163e-13 3.036797e-05 9.999696e-01
7.500e+02 1.956739e-39 8.397488e-30 9.530733e-21 1.979882e-12 5.633996e-05 9.999437e-01
1.250e+03 4.185154e-39 1.789665e-29 1.902269e-20 3.450448e-12 7.841281e-05 9.999216e-01
1.750e+03 1.152640e-38 4.763050e-29 4.570328e-20 6.932495e-12 1.186381e-04 9.998814e-01
2.250e+03 7.245552e-38 2.625137e-28 2.015363e-19 2.206590e-11 2.334556e-04 9.997665e-01
2.750e+03 1.955328e-36 5.367438e-27 2.718899e-18 1.674897e-10 7.598155e-04 9.992402e-01
3.250e+03 1.082264e-33 1.704167e-24 3.945015e-16 8.291473e-09 7.292487e-03 9.927075e-01
3.750e+03 3.188074e-28 1.718747e-19 9.064593e-12 2.067816e-05 4.999747e-01 5.000046e-01
4.250e+03 1.577056e-20 1.504647e-12 5.671547e-06 9.950046e-02 9.004755e-01 1.835142e-05
4.750e+03 1.706626e-15 5.048996e-08 1.355489e-02 9.849652e-01 1.479874e-03 1.287568e-13
5.250e+03 3.034914e-12 3.639618e-05 7.418098e-01 2.581537e-01 9.444550e-08 3.730451e-23
5.750e+03 2.882435e-10 1.078705e-03 9.982217e-01 6.996102e-04 1.909640e-14 4.127547e-36
6.250e+03 2.744827e-08 2.809803e-02 9.719010e-01 9.238417e-07 1.034985e-21 3.741096e-50
6.750e+03 1.580710e-06 4.308023e-01 5.691961e-01 7.203568e-10 3.065693e-29 1.432254e-64
7.250e+03 1.228142e-05 9.425899e-01 5.739778e-02 1.344113e-13 3.454689e-37 4.072733e-79
7.750e+03 7.866001e-05 9.987377e-01 1.183635e-03 1.120961e-18 1.865047e-47 1.917277e-97
8.250e+03 4.991634e-04 9.994802e-01 2.059589e-05 5.965792e-24 4.042709e-58 1.714564e-116
8.750e+03 2.029114e-03 9.979701e-01 8.296093e-07 3.468469e-28 9.628417e-67 5.692111e-132
9.250e+03 7.176264e-03 9.928237e-01 4.329071e-08 4.258266e-32 1.004029e-74 2.521176e-146
9.750e+03 1.432480e-02 9.856752e-01 8.047476e-09 2.432257e-34 2.546999e-79 1.298798e-154
1.025e+04 3.253158e-02 9.674684e-01 1.095956e-09 5.614606e-37 1.049847e-84 2.639104e-164
1.075e+04 5.059339e-02 9.494066e-01 3.293882e-10 1.356807e-38 4.872341e-88 2.396452e-170
1.125e+04 9.195567e-02 9.080443e-01 6.234000e-11 8.323432e-41 1.395918e-92 1.458687e-178
1.175e+04 1.298618e-01 8.701382e-01 2.021821e-11 2.524796e-42 9.987475e-96 2.734820e-184
1.225e+04 1.373205e-01 8.626795e-01 1.433649e-11 7.763184e-43 7.790582e-97 2.301359e-186
1.275e+04 1.499918e-01 8.500082e-01 9.203572e-12 1.779689e-43 3.348756e-98 6.637830e-189
1.325e+04 2.143002e-01 7.856998e-01 2.451666e-12 3.066652e-45 7.529493e-102 1.515157e-195
1.375e+04 2.877343e-01 7.122657e-01 6.894169e-13 6.362294e-47 2.472836e-105 6.762411e-202
1.425e+04 2.732191e-01 7.267809e-01 7.026108e-13 5.658132e-47 1.660435e-105 2.721610e-202
1.475e+04 3.011535e-01 6.988465e-01 3.970762e-13 9.066906e-48 3.453924e-107 2.113255e-205
1.525e+04 5.182112e-01 4.817888e-01 2.131004e-14 1.846327e-51 1.045782e-114 5.422396e-219
1.575e+04 5.348288e-01 4.651712e-01 1.438530e-14 5.095536e-52 6.636517e-116 3.159591e-221
1.625e+04 5.478098e-01 4.521902e-01 1.014973e-14 1.592222e-52 5.406420e-117 2.881856e-223
1.675e+04 6.851975e-01 3.148025e-01 1.312341e-15 5.068897e-55 4.849599e-122 2.294113e-232
1.725e+04 7.910717e-01 2.089283e-01 1.846508e-16 2.413877e-57 1.091237e-126 1.054970e-240
1.775e+04 9.237650e-01 7.623496e-02 3.793418e-18 1.198168e-61 4.456455e-135 1.614866e-255
1.825e+04 8.955818e-01 1.044182e-01 9.389959e-18 8.423469e-61 1.445757e-133 5.243436e-253
1.875e+04 8.573089e-01 1.426911e-01 2.417461e-17 6.800252e-60 6.324333e-132 2.974006e-250
1.925e+04 9.483725e-01 5.162751e-02 5.884003e-19 6.110965e-64 9.296543e-140 4.957781e-264
1.975e+04 8.411360e-01 1.588640e-01 2.495866e-17 4.493880e-60 1.796802e-132 1.925322e-251
2.025e+04 9.367329e-01 6.326707e-02 7.983213e-19 7.449526e-64 8.136714e-140 2.178470e-264
2.075e+04 9.206575e-01 7.934246e-02 1.427422e-18 2.327829e-63 5.529192e-139 4.562448e-263
2.125e+04 8.433121e-01 1.566879e-01 1.356120e-17 4.639368e-61 1.123891e-134 1.178507e-255
2.175e+04 9.221517e-01 7.784832e-02 9.220942e-19 4.777676e-64 1.648568e-140 5.671579e-266
2.225e+04 9.179275e-01 8.207251e-02 9.174952e-19 3.631973e-64 7.630378e-141 1.112770e-266
2.275e+04 9.836104e-01 1.638960e-02 3.994189e-21 6.769590e-70 8.927647e-152 9.711436e-286
2.325e+04 9.001373e-01 9.986267e-02 1.250097e-18 4.591034e-64 7.311031e-141 5.854795e-267
2.375e+04 9.944980e-01 5.502031e-03 8.927109e-23 5.333645e-74 1.053720e-159 1.114244e-299
2.425e+04 9.710775e-01 2.892251e-02 1.392086e-20 5.593305e-69 2.127794e-150 9.130380e-284
2.475e+04 9.963724e-01 3.627582e-03 1.670076e-23 6.088982e-76 1.406591e-163 1.246885e-306
2.525e+04 9.721312e-01 2.786876e-02 8.510666e-21 1.012061e-69 5.021139e-152 7.603453e-287
2.575e+04 9.991997e-01 8.002601e-04 9.873915e-26 2.071013e-81 4.421680e-174 0.000000e+00
2.625e+04 9.779752e-01 2.202475e-02 2.764217e-21 4.130594e-71 7.205991e-155 5.032215e-292
2.675e+04 9.665626e-01 3.343738e-02 8.732661e-21 4.730669e-70 5.433309e-153 6.469953e-289
2.725e+04 9.759762e-01 2.402382e-02 2.508999e-21 1.895106e-71 9.778775e-156 8.592580e-294
2.775e+04 9.902964e-01 9.703558e-03 1.187986e-22 1.126855e-74 6.614715e-162 1.435078e-304
2.825e+04 9.658241e-01 3.417593e-02 5.348799e-21 6.532480e-71 5.914293e-155 1.038759e-292
2.875e+04 9.426353e-01 5.736474e-02 2.418465e-20 1.807364e-69 2.418583e-152 2.563101e-288
2.925e+04 9.754503e-01 2.454973e-02 1.272309e-21 1.272529e-72 2.101217e-158 6.133156e-299
2.975e+04 6.012152e-01 3.987848e-01 3.334711e-17 1.002536e-61 1.625864e-137 1.878513e-262
3.025e+04 7.781139e-01 2.218861e-01 1.854121e-18 3.844693e-65 2.433665e-144 1.124377e-274
3.075e+04 9.681306e-01 3.186940e-02 1.674380e-21 1.065871e-72 6.791044e-159 3.442810e-300
3.125e+04 5.797415e-01 4.202585e-01 2.519159e-17 2.506129e-62 5.862487e-139 2.598339e-265
3.175e+04 9.875739e-01 1.242608e-02 5.775418e-23 2.248951e-76 4.956167e-166 8.895503e-313
3.225e+04 4.902151e-01 5.097849e-01 5.376483e-17 1.368050e-61 1.223419e-137 3.935404e-263
3.275e+04 9.175010e-01 8.249899e-02 1.844210e-20 1.122498e-70 1.633045e-155 7.577899e-295
3.325e+04 9.740210e-01 2.597903e-02 3.402298e-22 6.275065e-75 1.144985e-163 4.146843e-309
3.375e+04 8.609377e-01 1.390623e-01 8.105559e-20 2.541512e-69 3.960457e-153 6.327004e-291
3.425e+04 4.426321e-01 5.573679e-01 4.584739e-17 4.063359e-62 5.324091e-139 6.304715e-266
3.475e+04 5.537683e-01 4.462317e-01 9.457292e-18 4.080687e-64 4.345272e-143 2.405664e-273
3.525e+04 8.126527e-01 1.873473e-01 1.435557e-19 5.091776e-69 7.636752e-153 9.075127e-291
3.575e+04 3.830457e-01 6.169543e-01 5.515875e-17 3.942905e-62 3.024294e-139 1.257424e-266
3.625e+04 6.407161e-01 3.592839e-01 1.700214e-18 2.046070e-66 6.498468e-148 3.034562e-282
3.675e+04 9.790159e-01 2.098412e-02 4.620069e-23 8.259567e-78 6.788948e-170 8.290422e-321
3.725e+04 9.884436e-01 1.155638e-02 5.814895e-24 4.868692e-80 3.405810e-174 0.000000e+00
3.775e+04 4.712687e-01 5.287313e-01 8.612727e-18 9.627395e-65 8.254159e-145 5.704896e-277
3.825e+04 2.894628e-01 7.105372e-01 7.468066e-17 3.900942e-62 1.311843e-139 1.058691e-267
3.875e+04 6.048577e-01 3.951423e-01 1.078339e-18 2.068644e-67 2.629434e-150 5.420742e-287
3.925e+04 9.943304e-01 5.669600e-03 2.939887e-25 1.497132e-83 3.031478e-181 0.000000e+00
3.975e+04 9.969065e-01 3.093519e-03 3.674133e-26 8.878919e-86 1.567600e-185 0.000000e+00
4.025e+04 9.996351e-01 3.649103e-04 3.774779e-29 7.016802e-93 5.858890e-199 0.000000e+00
#TIME: 3.221020
#NVEL: 81
#vel_mid[km/s] Co0 Co1 Co2 Co3 Co4 Co5
2.500e+02 3.333681e-40 1.842954e-30 2.813072e-21 8.254951e-13 3.521001e-05 9.999648e-01
7.500e+02 2.156498e-39 1.049675e-29 1.271613e-20 2.632590e-12 6.841347e-05 9.999316e-01
1.250e+03 4.837414e-39 2.340953e-29 2.647043e-20 4.764964e-12 9.774224e-05 9.999023e-01
1.750e+03 1.414180e-38 6.594577e-29 6.703440e-20 1.003367e-11 1.525449e-04 9.998475e-01
2.250e+03 9.347867e-38 3.827419e-28 3.114068e-19 3.358643e-11 3.104334e-04 9.996896e-01
2.750e+03 2.873860e-36 8.866172e-27 4.726051e-18 2.829689e-10 1.076365e-03 9.989236e-01
3.250e+03 2.132457e-33 3.705271e-24 8.843844e-16 1.733650e-08 1.165124e-02 9.883487e-01
3.750e+03 7.376507e-28 4.323473e-19 2.296096e-11 4.414922e-05 6.739317e-01 3.260241e-01
4.250e+03 9.085188e-21 1.092358e-12 5.002787e-06 9.820704e-02 9.017711e-01 1.684409e-05
4.750e+03 3.110466e-16 1.358192e-08 6.216220e-03 9.894958e-01 4.287927e-03 1.511041e-12
5.250e+03 4.250988e-13 8.170157e-06 3.936107e-01 6.063792e-01 1.918540e-06 1.679223e-20
5.750e+03 3.144511e-11 2.560908e-04 9.913323e-01 8.411568e-03 8.525683e-12 3.801093e-31
6.250e+03 1.757422e-09 4.596170e-03 9.953770e-01 2.680605e-05 4.187129e-18 2.639946e-43
6.750e+03 1.146954e-07 8.806065e-02 9.119392e-01 5.379081e-08 7.073164e-25 2.105468e-56
7.250e+03 2.574575e-06 6.319240e-01 3.680734e-01 5.821533e-11 8.104704e-32 1.448873e-69
7.750e+03 1.530470e-05 9.756414e-01 2.434332e-02 6.546601e-15 4.975946e-40 1.980709e-84
8.250e+03 6.713080e-05 9.989209e-01 1.011965e-03 4.605999e-19 1.990733e-48 1.989857e-99
8.750e+03 3.978515e-04 9.995817e-01 2.045079e-05 3.822549e-24 1.054401e-58 8.725933e-118
9.250e+03 1.919469e-03 9.980800e-01 5.723343e-07 7.500484e-29 2.806840e-68 5.821796e-135
9.750e+03 6.448764e-03 9.935512e-01 3.352098e-08 1.300893e-32 5.885777e-76 8.982476e-149
1.025e+04 2.593476e-02 9.740652e-01 1.348507e-09 7.944978e-37 1.600862e-84 3.909001e-164
1.075e+04 5.501357e-02 9.449864e-01 1.996625e-10 2.356826e-39 1.081891e-89 1.876939e-173
1.125e+04 1.570014e-01 8.429986e-01 1.025481e-11 3.052399e-43 1.238868e-97 9.072452e-188
1.175e+04 3.336842e-01 6.663158e-01 5.729689e-13 5.613756e-47 2.803909e-105 1.336278e-201
1.225e+04 5.592849e-01 4.407151e-01 2.833902e-14 9.649965e-51 6.241018e-113 2.025129e-215
1.275e+04 6.951306e-01 3.048694e-01 3.658776e-15 3.104609e-53 5.773430e-118 1.719211e-224
1.325e+04 8.220151e-01 1.779849e-01 3.162903e-16 4.329534e-56 1.204108e-123 1.207068e-234
1.375e+04 9.498258e-01 5.017422e-02 3.022961e-18 3.726873e-61 1.901134e-133 7.013510e-252
1.425e+04 9.642161e-01 3.578392e-02 8.330320e-19 1.323668e-62 2.677554e-136 5.975563e-257
1.475e+04 9.962346e-01 3.765370e-03 5.556413e-22 3.441143e-70 1.144146e-150 6.833041e-282
1.525e+04 9.969226e-01 3.077400e-03 2.447470e-22 3.815938e-71 1.409841e-152 2.538331e-285
1.575e+04 9.930398e-01 6.960243e-03 2.658429e-21 7.848399e-69 2.397542e-148 3.746594e-278
1.625e+04 9.978000e-01 2.199954e-03 5.871969e-23 7.712158e-73 5.434229e-156 1.745495e-291
1.675e+04 9.964197e-01 3.580285e-03 2.274580e-22 1.422143e-71 1.004763e-153 1.061729e-287
1.725e+04 9.983469e-01 1.653105e-03 1.645972e-23 2.242385e-74 4.141388e-159 3.885925e-297
1.775e+04 9.993644e-01 6.356289e-04 6.405857e-25 7.719235e-78 9.178536e-166 8.489100e-309
1.825e+04 9.998521e-01 1.479321e-04 4.272350e-27 3.229618e-83 3.953374e-176 0.000000e+00
1.875e+04 9.985109e-01 1.489145e-03 6.828028e-24 1.256761e-75 8.392342e-162 3.477944e-302
1.925e+04 9.997882e-01 2.118074e-04 1.011345e-26 1.642935e-82 5.730152e-175 0.000000e+00
1.975e+04 9.996942e-01 3.058029e-04 2.868853e-26 1.605939e-81 3.531821e-173 3.557273e-322
2.025e+04 9.995422e-01 4.577575e-04 8.986007e-26 1.938814e-80 3.170022e-171 6.724579e-319
2.075e+04 9.999588e-01 4.124077e-05 2.192561e-29 2.160007e-89 1.675533e-188 0.000000e+00
2.125e+04 9.999787e-01 2.130381e-05 1.769346e-30 3.091662e-92 4.091386e-194 0.000000e+00
2.175e+04 9.989543e-01 1.045694e-03 7.404483e-25 1.325013e-78 4.399087e-168 7.902994e-314
2.225e+04 9.984302e-01 1.569752e-03 2.231416e-24 1.361427e-77 2.723825e-166 7.314251e-311
2.275e+04 9.998591e-01 1.409308e-04 7.572665e-28 5.428741e-86 2.563659e-182 0.000000e+00
2.325e+04 9.985797e-01 1.420309e-03 1.125193e-24 1.580096e-78 2.811417e-168 1.473260e-314
2.375e+04 9.999886e-01 1.138176e-05 8.110900e-32 4.381185e-96 5.007544e-202 0.000000e+00
2.425e+04 9.999933e-01 6.717886e-06 1.006551e-32 1.754781e-98 8.605615e-207 0.000000e+00
2.475e+04 9.999879e-01 1.209109e-05 7.280360e-32 2.192482e-96 8.929292e-203 0.000000e+00
2.525e+04 9.999664e-01 3.364049e-05 2.358578e-30 1.114300e-92 1.170617e-195 0.000000e+00
2.575e+04 9.999831e-01 1.692498e-05 1.754511e-31 1.324639e-95 2.027075e-201 0.000000e+00
2.625e+04 9.999906e-01 9.439631e-06 1.816974e-32 3.458322e-98 1.554049e-206 0.000000e+00
2.675e+04 9.992168e-01 7.832085e-04 4.703478e-26 1.344156e-82 9.939647e-177 0.000000e+00
2.725e+04 9.999577e-01 4.226691e-05 2.637542e-30 5.927064e-93 1.508701e-196 0.000000e+00
2.775e+04 9.999076e-01 9.241036e-05 3.165462e-29 2.081108e-90 9.386920e-192 0.000000e+00
2.825e+04 9.999998e-01 2.364202e-07 1.022334e-38 1.323376e-114 4.582692e-239 0.000000e+00
2.875e+04 9.999895e-01 1.053299e-05 1.185432e-32 4.083712e-99 9.394861e-209 0.000000e+00
2.925e+04 9.992745e-01 7.254547e-04 1.464225e-26 2.218845e-84 1.193176e-180 0.000000e+00
2.975e+04 9.998930e-01 1.069829e-04 2.532431e-29 4.502939e-91 2.001209e-193 0.000000e+00
3.025e+04 9.999989e-01 1.080306e-06 1.669707e-36 3.188812e-109 8.977432e-229 0.000000e+00
3.075e+04 9.999999e-01 8.670670e-08 1.029235e-40 3.382996e-120 1.910236e-250 0.000000e+00
3.125e+04 9.999507e-01 4.927121e-05 1.110381e-30 1.072375e-94 1.185968e-200 0.000000e+00
3.175e+04 9.999994e-01 5.634840e-07 8.992108e-38 9.468880e-113 6.252433e-236 0.000000e+00
3.225e+04 9.999999e-01 8.417798e-08 5.727023e-41 4.166819e-121 1.867380e-252 0.000000e+00
3.275e+04 1.000000e+00 1.670978e-08 1.027519e-43 2.567924e-128 9.712472e-267 0.000000e+00
3.325e+04 9.988023e-01 1.197716e-03 1.599194e-26 3.030913e-85 3.395250e-183 0.000000e+00
3.375e+04 9.998138e-01 1.862340e-04 3.631769e-29 1.365882e-91 2.970747e-195 0.000000e+00
3.425e+04 9.999577e-01 4.225847e-05 2.297880e-31 5.358315e-97 1.199729e-205 0.000000e+00
3.475e+04 9.999999e-01 1.401203e-07 1.800761e-40 3.109530e-120 4.230273e-251 0.000000e+00
3.525e+04 9.999868e-01 1.323430e-05 3.001447e-33 7.544921e-102 3.551430e-215 0.000000e+00
3.575e+04 9.999997e-01 2.569825e-07 1.304372e-39 3.553465e-118 3.394386e-247 0.000000e+00
3.625e+04 9.999996e-01 3.593184e-07 3.942624e-39 5.100203e-117 5.403178e-245 0.000000e+00
3.675e+04 9.999999e-01 1.039683e-07 3.077099e-41 1.481452e-122 5.767860e-256 0.000000e+00
3.725e+04 9.998447e-01 1.552906e-04 5.586087e-30 2.503728e-94 3.398254e-201 0.000000e+00
3.775e+04 1.000000e+00 2.044539e-09 6.810357e-48 5.318015e-140 1.682611e-290 0.000000e+00
3.825e+04 9.998036e-01 1.964448e-04 8.192418e-30 3.633338e-94 4.114423e-201 0.000000e+00
3.875e+04 1.000000e+00 3.424195e-10 5.228431e-51 2.898541e-148 6.049929e-307 0.000000e+00
3.925e+04 9.995654e-01 4.346414e-04 6.988850e-29 3.273949e-92 1.159111e-197 0.000000e+00
3.975e+04 1.000000e+00 3.739379e-10 5.334939e-51 2.088065e-148 2.273977e-307 0.000000e+00
4.025e+04 1.000000e+00 9.146623e-12 2.902638e-57 8.749928e-165 0.000000e+00 0.000000e+00
#TIME: 3.543122
#NVEL: 81
#vel_mid[km/s] Co0 Co1 Co2 Co3 Co4 Co5
2.500e+02 3.680196e-40 2.302852e-30 3.742448e-21 1.090594e-12 4.243651e-05 9.999576e-01
7.500e+02 2.523888e-39 1.388384e-29 1.785982e-20 3.660620e-12 8.560396e-05 9.999144e-01
1.250e+03 5.944597e-39 3.244165e-29 3.883258e-20 6.892273e-12 1.255817e-04 9.998744e-01
1.750e+03 1.835282e-38 9.633956e-29 1.033766e-19 1.518811e-11 2.018678e-04 9.997981e-01
2.250e+03 1.301069e-37 5.997097e-28 5.143408e-19 5.417168e-11 4.276562e-04 9.995723e-01
2.750e+03 4.686674e-36 1.611402e-26 8.952891e-18 5.134300e-10 1.588651e-03 9.984113e-01
3.250e+03 4.870669e-33 9.255089e-24 2.251521e-15 4.018713e-08 1.971188e-02 9.802881e-01
3.750e+03 1.693916e-27 1.073116e-18 5.679778e-11 8.927775e-05 8.200168e-01 1.798939e-01
4.250e+03 7.986304e-21 1.163923e-12 6.050605e-06 1.165156e-01 8.834670e-01 1.137819e-05
