#NTIMES: 257
#NSTAGES: 6
#TIMES[d]: 2.200 2.420 2.662 2.928 3.221 3.543 3.897 4.287 4.716 5.187 5.706 6.277 6.905 7.595 8.354 9.190 10.109 11.109 12.109 13.109 14.109 15.109 16.109 17.109 18.109 19.109 20.109 21.109 22.109 23.109 24.109 25.109 26.109 27.109 28.109 29.109 30.109 31.109 32.109 33.109 34.109 35.109 36.109 37.109 38.109 39.109 40.109 41.109 42.109 43.109 44.109 45.109 46.109 47.109 48.109 49.109 50.109 51.109 52.109 53.109 54.109 55.109 56.109 57.109 58.109 59.109 60.109 61.109 62.109 63.109 64.109 65.109 66.109 67.109 68.109 69.109 70.109 71.109 72.109 73.109 74.109 75.109 76.109 77.109 78.109 79.109 80.109 81.109 82.109 83.109 84.109 85.109 86.109 87.109 88.109 89.109 90.109 91.109 92.109 93.109 94.109 95.109 96.109 97.109 98.109 99.109 100.109 101.109 102.109 103.109 104.109 105.109 106.109 107.109 108.109 109.109 110.109 111.109 112.109 113.109 114.109 115.109 116.109 117.109 118.109 119.109 120.109 121.109 122.109 123.109 124.109 125.109 126.109 127.109 128.109 129.109 130.109 131.109 132.109 133.109 134.109 135.109 136.109 137.109 138.109 139.109 140.109 141.109 142.109 143.109 144.109 145.109 146.109 147.109 148.109 149.109 150.109 151.109 152.109 153.109 154.109 155.109 156.109 157.109 158.109 159.109 160.109 161.109 162.109 163.109 164.109 165.109 166.109 167.109 168.109 169.109 170.109 171.109 172.109 173.109 174.109 175.109 176.109 177.109 178.109 179.109 180.109 181.109 182.109 183.109 184.109 185.109 186.109 187.109 188.109 189.109 190.109 191.109 192.109 193.109 194.109 195.109 196.109 197.109 198.109 199.109 200.109 201.109 202.109 203.109 204.109 205.109 206.109 207.109 208.109 209.109 210.109 211.109 212.109 213.109 214.109 215.109 216.109 217.109 218.109 219.109 220.109 221.109 222.109 223.109 224.109 225.109 226.109 227.109 228.109 229.109 230.109 231.109 232.109 233.109 234.109 235.109 236.109 237.109 238.109 239.109 240.109 241.109 242.109 243.109 244.109 245.109 246.109 247.109 248.109 249.109 250.109 
#
#TIME: 2.200000
#NVEL: 81
#vel_mid[km/s] Ca0 Ca1 Ca2 Ca3 Ca4 Ca5
2.500e+07 3.242952e-37 6.422064e-28 9.344510e-21 7.701324e-13 1.181861e-05 9.999882e-01
7.500e+07 4.443647e-37 9.242376e-28 1.267955e-20 9.647868e-13 1.327990e-05 9.999867e-01
1.250e+08 7.011190e-37 1.524144e-27 1.922646e-20 1.317351e-12 1.569578e-05 9.999843e-01
1.750e+08 1.552653e-36 3.397167e-27 3.701930e-20 2.149515e-12 2.050193e-05 9.999795e-01
2.250e+08 7.352115e-36 1.483084e-26 1.214541e-19 5.213980e-12 3.332422e-05 9.999667e-01
2.750e+08 1.383635e-34 2.231251e-25 1.081003e-18 2.719766e-11 8.285550e-05 9.999171e-01
3.250e+08 2.409091e-32 2.636450e-23 5.540424e-17 5.873582e-10 4.562213e-04 9.995438e-01
3.750e+08 1.303013e-27 6.232864e-19 3.637464e-13 5.758627e-07 2.014125e-02 9.798582e-01
4.250e+08 5.356698e-17 2.641356e-09 4.779722e-04 4.257556e-01 5.736532e-01 1.132726e-04
4.750e+08 4.939363e-04 9.987254e-01 7.806446e-04 2.895870e-45 1.535143e-103 2.936586e-180
5.250e+08 4.241871e-04 9.986669e-01 9.088998e-04 3.925814e-45 2.423191e-103 5.397213e-180
5.750e+08 3.636509e-04 9.985763e-01 1.060010e-03 5.340193e-45 3.844573e-103 9.987653e-180
6.250e+08 3.112547e-04 9.984506e-01 1.238139e-03 7.286693e-45 6.128239e-103 1.859795e-179
6.750e+08 2.660390e-04 9.982859e-01 1.448094e-03 9.969118e-45 9.807558e-103 3.481683e-179
7.250e+08 2.271280e-04 9.980774e-01 1.695469e-03 1.366891e-44 1.574788e-102 6.546880e-179
7.750e+08 1.937317e-04 9.978196e-01 1.986715e-03 1.877316e-44 2.535031e-102 1.235246e-178
8.250e+08 1.651246e-04 9.975054e-01 2.329437e-03 2.581695e-44 4.088868e-102 2.336821e-178
8.750e+08 1.406716e-04 9.971270e-01 2.732289e-03 3.553211e-44 6.603278e-102 4.428150e-178
9.250e+08 1.197994e-04 9.966748e-01 3.205416e-03 4.892531e-44 1.067154e-101 8.399326e-178
9.750e+08 1.020130e-04 9.961377e-01 3.760239e-03 6.736431e-44 1.724600e-101 1.593203e-177
1.025e+09 8.686618e-05 9.955029e-01 4.410282e-03 9.272752e-44 2.786089e-101 3.020686e-177
1.075e+09 7.398059e-05 9.947553e-01 5.170670e-03 1.275545e-43 4.496647e-101 5.720132e-177
1.125e+09 6.302293e-05 9.938780e-01 6.058982e-03 1.753011e-43 7.247926e-101 1.081352e-176
1.175e+09 5.370196e-05 9.928504e-01 7.095934e-03 2.406876e-43 1.166654e-100 2.040584e-176
1.225e+09 4.577599e-05 9.916498e-01 8.304452e-03 3.300518e-43 1.874551e-100 3.841816e-176
1.275e+09 3.903283e-05 9.902494e-01 9.711609e-03 4.520184e-43 3.006528e-100 7.216033e-176
1.325e+09 3.329228e-05 9.886180e-01 1.134869e-02 6.182743e-43 4.813498e-100 1.352274e-175
1.375e+09 2.840205e-05 9.867199e-01 1.325166e-02 8.446272e-43 7.693145e-100 2.528523e-175
1.425e+09 2.423125e-05 9.845126e-01 1.546318e-02 1.152643e-42 1.227820e-99 4.719533e-175
1.475e+09 2.067147e-05 9.819476e-01 1.803173e-02 1.571465e-42 1.957115e-99 8.795327e-175
1.525e+09 1.763040e-05 9.789684e-01 2.101393e-02 2.140742e-42 3.116488e-99 1.637158e-174
1.575e+09 1.502896e-05 9.755076e-01 2.447736e-02 2.914855e-42 4.960362e-99 3.046028e-174
1.625e+09 1.280279e-05 9.714899e-01 2.849733e-02 3.967239e-42 7.892537e-99 5.665903e-174
1.675e+09 1.089561e-05 9.668244e-01 3.316467e-02 5.399109e-42 1.256066e-98 1.054453e-173
1.725e+09 9.261570e-06 9.614105e-01 3.858027e-02 7.347506e-42 1.999672e-98 1.963821e-173
1.775e+09 7.860822e-06 9.551291e-01 4.486300e-02 1.000076e-41 3.185823e-98 3.662137e-173
1.825e+09 6.660330e-06 9.478482e-01 5.214515e-02 1.361468e-41 5.079782e-98 6.839226e-173
1.875e+09 5.631669e-06 9.394168e-01 6.057754e-02 1.853887e-41 8.107727e-98 1.279497e-172
1.925e+09 4.751160e-06 9.296730e-01 7.032227e-02 2.524492e-41 1.295087e-97 2.397443e-172
1.975e+09 3.998011e-06 9.184346e-01 8.156138e-02 3.437473e-41 2.070323e-97 4.499467e-172
2.025e+09 3.354637e-06 9.055095e-01 9.448712e-02 4.679189e-41 3.311408e-97 8.456272e-172
2.075e+09 2.806005e-06 8.907005e-01 1.092967e-01 6.365034e-41 5.297105e-97 1.590745e-171
2.125e+09 2.339007e-06 8.738060e-01 1.261917e-01 8.648977e-41 8.471160e-97 2.993955e-171
2.175e+09 1.942329e-06 8.546309e-01 1.453672e-01 1.173472e-40 1.353701e-96 5.635044e-171
2.225e+09 1.606323e-06 8.330063e-01 1.669921e-01 1.588773e-40 2.160090e-96 1.059756e-170
2.275e+09 1.322468e-06 8.087867e-01 1.912119e-01 2.145430e-40 3.439995e-96 1.990332e-170
2.325e+09 1.083496e-06 7.818827e-01 2.181162e-01 2.887705e-40 5.463383e-96 3.729878e-170
2.375e+09 8.830593e-07 7.522656e-01 2.477335e-01 3.871832e-40 8.647537e-96 6.969355e-170
2.425e+09 7.156274e-07 7.199807e-01 2.800186e-01 5.168580e-40 1.363326e-95 1.297635e-169
2.475e+09 5.764287e-07 6.851670e-01 3.148324e-01 6.865636e-40 2.139569e-95 2.406001e-169
2.525e+09 4.613175e-07 6.480621e-01 3.519374e-01 9.070528e-40 3.340749e-95 4.439962e-169
2.575e+09 3.667546e-07 6.090336e-01 3.909660e-01 1.191119e-39 5.185795e-95 8.147039e-169
2.625e+09 2.895155e-07 5.684840e-01 4.315158e-01 1.554510e-39 8.002661e-95 1.486618e-168
2.675e+09 2.268905e-07 5.269314e-01 4.730684e-01 2.015636e-39 1.227282e-94 2.696503e-168
2.725e+09 1.765008e-07 4.849386e-01 5.150613e-01 2.596267e-39 1.870183e-94 4.861193e-168
2.775e+09 1.362823e-07 4.430931e-01 5.569068e-01 3.321914e-39 2.831643e-94 8.709890e-168
2.825e+09 1.044546e-07 4.019808e-01 5.980191e-01 4.222243e-39 4.260058e-94 1.551001e-167
2.875e+09 7.947974e-08 3.621389e-01 6.378610e-01 5.332063e-39 6.369548e-94 2.745656e-167
2.925e+09 6.004879e-08 3.240388e-01 6.759612e-01 6.692139e-39 9.467868e-94 4.833522e-167
2.975e+09 4.506287e-08 2.880777e-01 7.119223e-01 8.349758e-39 1.399456e-93 8.463867e-167
3.025e+09 3.360403e-08 2.545579e-01 7.454421e-01 1.036000e-38 2.057545e-93 1.474563e-166
3.075e+09 2.490808e-08 2.236563e-01 7.763437e-01 1.278926e-38 3.010793e-93 2.557646e-166
3.125e+09 1.836086e-08 1.954786e-01 8.045214e-01 1.571427e-38 4.386267e-93 4.417943e-166
3.175e+09 1.346680e-08 1.700378e-01 8.299622e-01 1.922603e-38 6.364512e-93 7.602645e-166
3.225e+09 9.833037e-09 1.472760e-01 8.527240e-01 2.343167e-38 9.201153e-93 1.303783e-165
3.275e+09 7.150068e-09 1.270661e-01 8.729339e-01 2.846108e-38 1.326067e-92 2.229481e-165
3.325e+09 5.180144e-09 1.092527e-01 8.907473e-01 3.446635e-38 1.905812e-92 3.802675e-165
3.375e+09 3.740959e-09 9.365320e-02 9.063468e-01 4.162791e-38 2.732240e-92 6.471088e-165
3.425e+09 2.693993e-09 8.006818e-02 9.199318e-01 5.016140e-38 3.908659e-92 1.099031e-164
3.475e+09 1.935194e-09 6.829447e-02 9.317055e-01 6.032401e-38 5.581434e-92 1.863484e-164
3.525e+09 1.387174e-09 5.813579e-02 9.418642e-01 7.241881e-38 7.957169e-92 3.154932e-164
3.575e+09 9.925828e-10 4.940435e-02 9.505956e-01 8.680501e-38 1.132760e-91 5.334026e-164
3.625e+09 7.090392e-10 4.191988e-02 9.580801e-01 1.039207e-37 1.610817e-91 9.009793e-164
3.675e+09 5.058242e-10 3.552461e-02 9.644754e-01 1.242715e-37 2.288209e-91 1.520352e-163
3.725e+09 3.604721e-10 3.007385e-02 9.699261e-01 1.484590e-37 3.247272e-91 2.563037e-163
3.775e+09 2.566050e-10 2.543443e-02 9.745656e-01 1.772223e-37 4.605427e-91 4.318626e-163
3.825e+09 1.825229e-10 2.149435e-02 9.785057e-01 2.114077e-37 6.527131e-91 7.271903e-163
3.875e+09 1.297272e-10 1.815188e-02 9.818481e-01 2.520493e-37 9.246357e-91 1.223996e-162
3.925e+09 9.215302e-11 1.532096e-02 9.846790e-01 3.003459e-37 1.309160e-90 2.059150e-162
3.975e+09 6.542969e-11 1.292547e-02 9.870745e-01 3.577436e-37 1.852840e-90 3.462807e-162
4.025e+09 4.643697e-11 1.090024e-02 9.890998e-01 4.259539e-37 2.621375e-90 5.821301e-162
#TIME: 2.420000
#NVEL: 81
#vel_mid[km/s] Ca0 Ca1 Ca2 Ca3 Ca4 Ca5
2.500e+07 3.003445e-38 8.657708e-29 2.022640e-21 2.735120e-13 7.052441e-06 9.999929e-01
7.500e+07 1.586175e-37 4.231771e-28 7.148283e-21 6.649387e-13 1.105650e-05 9.999889e-01
1.250e+08 3.790455e-37 1.018268e-27 1.461725e-20 1.127119e-12 1.467793e-05 9.999853e-01
1.750e+08 1.186910e-36 3.114910e-27 3.628336e-20 2.228626e-12 2.134899e-05 9.999787e-01
2.250e+08 9.427737e-36 2.185398e-26 1.752206e-19 7.316688e-12 4.117916e-05 9.999588e-01
2.750e+08 3.687391e-34 6.492547e-25 2.776657e-18 6.136426e-11 1.339683e-04 9.998660e-01
3.250e+08 3.214567e-31 3.400250e-22 5.413493e-16 3.913753e-09 1.338444e-03 9.986616e-01
3.750e+08 2.516438e-25 9.583610e-17 4.623504e-11 2.442105e-05 1.515429e-01 8.484327e-01
4.250e+08 1.141937e-15 3.935424e-08 7.872526e-03 9.133009e-01 7.882602e-02 5.024645e-07
4.750e+08 1.274246e-11 1.450322e-05 9.999828e-01 2.692948e-06 1.985409e-17 3.968391e-35
5.250e+08 1.675598e-10 8.236752e-05 9.999176e-01 9.499549e-11 9.596648e-28 9.288684e-53
5.750e+08 6.956354e-09 2.169578e-03 9.978304e-01 1.276492e-17 1.112881e-43 4.772202e-80
6.250e+08 3.435920e-06 3.282389e-01 6.717576e-01 2.361078e-28 2.551142e-68 3.978211e-122
6.750e+08 7.467165e-05 9.853870e-01 1.453833e-02 1.129714e-39 2.242234e-92 3.445744e-162
7.250e+08 1.559765e-04 9.970837e-01 2.760365e-03 7.750493e-44 4.250491e-101 1.172769e-176
7.750e+08 5.416505e-05 9.800378e-01 1.990807e-02 2.188126e-39 6.211353e-92 1.381354e-161
8.250e+08 4.793244e-05 9.784220e-01 2.153008e-02 1.969443e-39 4.175137e-92 6.180114e-162
8.750e+08 5.019849e-05 9.833615e-01 1.658829e-02 2.686462e-40 5.520745e-94 4.175490e-165
9.250e+08 3.013432e-05 9.612823e-01 3.868760e-02 1.791679e-38 2.921900e-90 5.190409e-159
9.750e+08 3.562515e-05 9.762927e-01 2.367168e-02 6.579305e-40 2.495882e-93 3.765448e-164
1.025e+09 3.587860e-05 9.801570e-01 1.980708e-02 1.416062e-40 8.522125e-95 1.220108e-166
1.075e+09 3.879343e-05 9.855736e-01 1.438762e-02 1.399280e-41 5.765608e-97 2.723281e-170
1.125e+09 2.775961e-05 9.762014e-01 2.377085e-02 1.324915e-40 5.197391e-95 4.009530e-167
1.175e+09 2.106059e-05 9.653657e-01 3.461327e-02 6.341329e-40 1.137518e-93 5.700472e-165
1.225e+09 1.939350e-05 9.653636e-01 3.461700e-02 3.688560e-40 3.079471e-94 5.667030e-166
1.275e+09 1.494011e-05 9.517166e-01 4.826850e-02 1.404846e-39 4.199164e-93 3.689027e-164
1.325e+09 1.084641e-05 9.267585e-01 7.323061e-02 8.859713e-39 1.647805e-91 1.383154e-161
1.375e+09 9.576750e-06 9.215298e-01 7.846059e-02 7.660558e-39 1.021011e-91 5.412784e-162
1.425e+09 8.474641e-06 9.163296e-01 8.366196e-02 6.448454e-39 5.982290e-92 1.930934e-162
1.475e+09 8.133737e-06 9.218556e-01 7.813625e-02 2.518082e-39 7.036488e-93 4.827315e-164
1.525e+09 7.493224e-06 9.219246e-01 7.806793e-02 1.453918e-39 1.874684e-93 4.671344e-165
1.575e+09 7.655982e-06 9.343365e-01 6.565580e-02 3.116137e-40 6.301380e-95 1.469493e-167
1.625e+09 7.129375e-06 9.355085e-01 6.448439e-02 1.632065e-40 1.369697e-95 1.015411e-168
1.675e+09 5.391477e-06 9.108775e-01 8.911715e-02 6.116432e-40 1.816690e-94 6.326690e-167
1.725e+09 4.054145e-06 8.790680e-01 1.209279e-01 2.135973e-39 2.093518e-93 3.133890e-165
1.775e+09 3.314616e-06 8.573395e-01 1.426572e-01 3.341593e-39 4.510818e-93 9.681774e-165
1.825e+09 2.628205e-06 8.269963e-01 1.730011e-01 6.331441e-39 1.460200e-92 5.888352e-164
1.875e+09 3.129145e-06 8.769115e-01 1.230853e-01 4.620484e-40 5.048400e-95 4.241648e-168
1.925e+09 2.468529e-06 8.480249e-01 1.519726e-01 9.547456e-40 1.951383e-94 3.452472e-167
1.975e+09 2.701708e-06 8.797870e-01 1.202103e-01 1.348543e-40 2.708803e-96 2.495710e-170
2.025e+09 1.721043e-06 8.064580e-01 1.935403e-01 1.440803e-39 3.318325e-94 6.270863e-167
2.075e+09 1.151668e-06 7.294055e-01 2.705934e-01 7.595828e-39 9.519177e-93 1.445821e-164
2.125e+09 1.170268e-06 7.541211e-01 2.458778e-01 2.293649e-39 6.402830e-94 1.415629e-166
2.175e+09 1.389816e-06 8.135389e-01 1.864597e-01 2.209409e-40 3.875295e-96 2.546388e-170
2.225e+09 1.257810e-06 8.095315e-01 1.904673e-01 1.462968e-40 1.376666e-96 3.968470e-171
2.275e+09 9.996707e-07 7.755009e-01 2.244981e-01 2.435234e-40 3.425190e-96 1.567602e-170
2.325e+09 8.153326e-07 7.457722e-01 2.542270e-01 3.219420e-40 5.267488e-96 2.793779e-170
2.375e+09 3.200030e-07 5.235894e-01 4.764103e-01 2.324039e-38 4.392667e-92 8.654757e-164
2.425e+09 4.133359e-07 6.115228e-01 3.884768e-01 2.363766e-39 2.743913e-94 1.562892e-167
2.475e+09 2.389263e-07 4.918338e-01 5.081659e-01 1.423951e-38 1.168066e-92 7.413285e-165
2.525e+09 3.033113e-07 5.732671e-01 4.267326e-01 1.707914e-39 1.028300e-94 2.359484e-168
2.575e+09 1.512560e-07 4.230366e-01 5.769632e-01 1.761185e-38 1.454222e-92 8.541485e-165
2.625e+09 8.845054e-08 3.296101e-01 6.703898e-01 6.455920e-38 2.288833e-91 8.011348e-163
2.675e+09 1.345203e-07 4.336508e-01 5.663491e-01 4.803483e-39 6.623986e-94 3.781129e-167
2.725e+09 3.125216e-07 6.668094e-01 3.331902e-01 2.721227e-41 7.938197e-99 1.911755e-175
2.775e+09 1.477061e-07 4.944131e-01 5.055868e-01 5.060791e-40 3.780321e-96 5.105353e-171
2.825e+09 4.302489e-08 2.628984e-01 7.371016e-01 3.082961e-38 2.951874e-92 1.683517e-164
2.875e+09 3.813385e-08 2.569999e-01 7.430000e-01 2.044542e-38 1.070543e-92 2.742889e-165
2.925e+09 2.084854e-07 6.456479e-01 3.543519e-01 4.835588e-42 1.085378e-100 8.813733e-179
2.975e+09 6.619337e-08 3.858069e-01 6.141931e-01 4.506432e-40 1.809649e-96 9.447047e-172
3.025e+09 2.330463e-08 2.219364e-01 7.780635e-01 9.331346e-39 1.397695e-93 6.545970e-167
3.075e+09 5.652685e-08 3.868087e-01 6.131912e-01 1.476731e-40 1.232560e-97 8.225245e-174
3.125e+09 2.541273e-08 2.574636e-01 7.425364e-01 1.303655e-39 1.404716e-95 2.222683e-170
3.175e+09 6.052843e-08 4.371969e-01 5.628030e-01 1.871274e-41 1.039541e-99 2.124395e-177
3.225e+09 7.020715e-09 1.299136e-01 8.700864e-01 1.779357e-38 4.337052e-93 3.144977e-166
3.275e+09 2.414219e-09 6.955996e-02 9.304400e-01 2.007078e-37 1.023418e-90 3.216186e-162
3.325e+09 1.952437e-08 2.669236e-01 7.330764e-01 1.168264e-40 4.341350e-98 8.461155e-175
3.375e+09 3.879189e-09 1.044015e-01 8.955985e-01 1.000067e-38 9.370979e-94 1.798576e-167
3.425e+09 8.278804e-09 1.759961e-01 8.240039e-01 4.166001e-40 6.342678e-97 6.648451e-173
3.475e+09 2.774713e-09 9.365045e-02 9.063495e-01 5.607394e-39 2.172447e-94 1.262700e-168
3.525e+09 1.883696e-08 3.150473e-01 6.849527e-01 4.535624e-42 2.080199e-101 1.375078e-180
3.575e+09 3.830189e-09 1.270540e-01 8.729460e-01 4.278821e-40 5.324689e-97 3.804430e-173
3.625e+09 1.189352e-09 6.379402e-02 9.362060e-01 6.405501e-39 2.410047e-94 1.184750e-168
3.675e+09 2.614507e-09 1.107354e-01 8.892646e-01 2.803625e-40 1.754779e-97 4.853969e-174
3.725e+09 6.823835e-08 6.904079e-01 3.095920e-01 2.803887e-46 8.611660e-111 1.537452e-196
3.775e+09 7.507124e-09 2.334256e-01 7.665743e-01 1.872725e-42 1.772756e-102 1.303641e-182
3.825e+09 4.344063e-08 6.147449e-01 3.852551e-01 4.849420e-46 2.065368e-110 5.100825e-196
3.875e+09 3.923730e-07 9.818460e-01 1.815357e-02 3.350808e-54 1.355363e-127 1.486721e-224
3.925e+09 2.728403e-07 9.692370e-01 3.076277e-02 3.561407e-53 1.542710e-125 3.203372e-221
3.975e+09 1.958708e-08 4.748448e-01 5.251552e-01 1.428247e-45 1.428666e-109 9.056799e-195
4.025e+09 1.661337e-07 9.447506e-01 5.524919e-02 3.075741e-52 9.520065e-124 2.153391e-218
#TIME: 2.662000
#NVEL: 81
#vel_mid[km/s] Ca0 Ca1 Ca2 Ca3 Ca4 Ca5
2.500e+07 3.051108e-38 1.021918e-28 2.389757e-21 3.132851e-13 7.546792e-06 9.999925e-01
7.500e+07 2.111995e-37 6.409837e-28 1.034713e-20 8.966963e-13 1.310099e-05 9.999869e-01
1.250e+08 5.133833e-37 1.570561e-27 2.159843e-20 1.567788e-12 1.785808e-05 9.999821e-01
1.750e+08 1.651088e-36 4.936486e-27 5.523522e-20 3.227267e-12 2.676285e-05 9.999732e-01
2.250e+08 1.337425e-35 3.540924e-26 2.754423e-19 1.112288e-11 5.337044e-05 9.999466e-01
2.750e+08 5.275644e-34 1.071922e-24 4.575213e-18 9.986105e-11 1.809597e-04 9.998190e-01
3.250e+08 5.298486e-31 6.399133e-22 1.068706e-15 7.384154e-09 1.953040e-03 9.980470e-01
3.750e+08 8.170576e-25 3.387554e-16 1.894006e-10 7.360835e-05 2.671209e-01 7.328055e-01
4.250e+08 7.401165e-16 3.118412e-08 8.093830e-03 9.208448e-01 7.106095e-02 3.701621e-07
4.750e+08 1.136508e-12 5.640559e-06 9.934113e-01 6.583076e-03 1.319583e-09 8.183988e-22
5.250e+08 8.565355e-12 1.212272e-05 9.999872e-01 6.525134e-07 6.484006e-19 9.588510e-38
5.750e+08 1.844233e-10 1.169447e-04 9.998831e-01 3.308309e-12 3.515680e-31 1.032736e-58
6.250e+08 2.155569e-09 1.056764e-03 9.989432e-01 8.051223e-17 6.966440e-42 4.777292e-77
6.750e+08 3.338383e-08 1.303664e-02 9.869633e-01 3.863860e-22 3.132422e-54 3.151332e-98
7.250e+08 1.785474e-06 2.759884e-01 7.240098e-01 9.779028e-29 2.480656e-69 5.386731e-124
7.750e+08 1.970927e-05 8.980264e-01 1.019538e-01 9.934784e-36 2.002630e-84 2.886247e-149
8.250e+08 4.325932e-05 9.798941e-01 2.006269e-02 5.415646e-40 2.113366e-93 3.486546e-164
8.750e+08 7.853940e-05 9.947934e-01 5.128109e-03 1.770100e-43 1.005998e-100 2.398563e-176
9.250e+08 1.194792e-04 9.979809e-01 1.899639e-03 4.916509e-46 4.213189e-106 2.749784e-185
9.750e+08 1.196610e-04 9.982629e-01 1.617442e-03 1.210481e-46 1.922985e-107 1.449777e-187
1.025e+09 1.279581e-04 9.986611e-01 1.210940e-03 1.497636e-47 2.110618e-109 7.282068e-191
1.075e+09 1.295816e-04 9.988604e-01 1.009991e-03 3.307411e-48 7.693716e-111 2.649898e-193
1.125e+09 1.100856e-04 9.986991e-01 1.190822e-03 4.660425e-48 1.302791e-110 5.423949e-193
1.175e+09 6.734375e-05 9.972595e-01 2.673156e-03 2.055704e-46 2.758091e-107 1.425399e-187
1.225e+09 3.976919e-05 9.935039e-01 6.456292e-03 1.392218e-44 1.435247e-103 1.665706e-181
1.275e+09 3.072127e-05 9.907821e-01 9.187158e-03 5.545406e-44 2.111775e-102 1.216104e-179
1.325e+09 2.802289e-05 9.905739e-01 9.398104e-03 3.652744e-44 7.402324e-103 1.852034e-180
1.375e+09 3.920137e-05 9.958330e-01 4.127825e-03 2.432509e-46 1.872886e-107 4.083375e-188
1.425e+09 3.989936e-05 9.965534e-01 3.406696e-03 5.030617e-47 5.941880e-109 1.178997e-190
1.475e+09 5.016932e-05 9.980882e-01 1.861663e-03 1.149966e-48 1.971911e-112 1.841987e-196
1.525e+09 6.964536e-05 9.990885e-01 8.418075e-04 9.752210e-51 8.449511e-117 9.875342e-204
1.575e+09 6.960067e-05 9.992082e-01 7.222346e-04 2.513282e-51 4.243550e-118 6.098140e-206
1.625e+09 6.441297e-05 9.992159e-01 7.196618e-04 1.436673e-51 1.108244e-118 5.710132e-207
1.675e+09 8.659707e-05 9.995671e-01 3.462957e-04 1.700211e-53 9.462146e-123 9.533494e-214
1.725e+09 1.098094e-04 9.997044e-01 1.857836e-04 3.530319e-55 2.570300e-126 1.067697e-219
1.775e+09 8.527962e-05 9.996527e-01 2.620300e-04 1.307896e-54 3.232871e-125 5.991363e-218
1.825e+09 1.109866e-04 9.997557e-01 1.332805e-04 2.026392e-56 4.774432e-129 2.448415e-224
1.875e+09 8.344847e-05 9.997158e-01 2.007367e-04 1.074242e-55 1.264629e-127 4.705103e-222
1.925e+09 9.495291e-05 9.997718e-01 1.332102e-04 6.956075e-57 3.622072e-130 2.567186e-226
1.975e+09 8.015562e-05 9.997604e-01 1.594801e-04 1.071811e-56 7.400504e-130 7.179863e-226
2.025e+09 8.059511e-05 9.997843e-01 1.351380e-04 2.580167e-57 3.223558e-131 3.500629e-228
2.075e+09 1.534849e-04 9.998152e-01 3.132459e-05 5.240799e-61 5.733879e-139 4.694170e-241
2.125e+09 1.759286e-04 9.998041e-01 1.998872e-05 2.529575e-62 8.675597e-142 8.714759e-246
2.175e+09 1.161492e-04 9.998433e-01 4.059392e-05 7.701606e-61 9.042819e-139 7.491991e-241
2.225e+09 1.588729e-04 9.998231e-01 1.798903e-05 4.981091e-63 2.084087e-143 1.371000e-248
2.275e+09 1.990755e-04 9.997916e-01 9.359403e-06 7.303910e-65 2.581971e-147 3.978621e-255
2.325e+09 9.009002e-05 9.998675e-01 4.245604e-05 2.022062e-61 3.305780e-140 2.035867e-243
2.375e+09 1.583756e-04 9.998305e-01 1.112932e-05 7.070263e-65 1.739797e-147 1.579570e-255
2.425e+09 9.272121e-05 9.998781e-01 2.922002e-05 9.123692e-63 3.702231e-143 2.011716e-248
2.475e+09 1.285368e-04 9.998589e-01 1.259955e-05 5.086393e-65 6.265089e-148 2.208302e-256
2.525e+09 8.286375e-05 9.998903e-01 2.680363e-05 1.980712e-63 1.086827e-144 4.399878e-251
2.575e+09 3.532697e-05 9.998403e-01 1.243582e-04 4.463735e-60 8.125926e-138 8.444266e-240
2.625e+09 8.636472e-05 9.998957e-01 1.793674e-05 7.610478e-65 8.691481e-148 2.485446e-256
2.675e+09 1.336685e-05 9.993918e-01 5.948609e-04 5.879649e-57 1.571279e-131 1.424227e-229
2.725e+09 3.715271e-05 9.998918e-01 7.100502e-05 4.491154e-62 3.424375e-142 3.227364e-247
2.775e+09 1.841646e-05 9.997449e-01 2.366392e-04 1.532298e-59 4.922198e-137 8.816100e-239
2.825e+09 6.023566e-06 9.982470e-01 1.746989e-03 3.487626e-55 4.171312e-128 3.947703e-224
2.875e+09 1.279570e-05 9.996368e-01 3.503769e-04 4.081796e-59 2.556551e-136 9.726384e-238
2.925e+09 6.853577e-06 9.989952e-01 9.979817e-04 5.959028e-57 6.308955e-132 1.445638e-230
2.975e+09 1.487598e-05 9.997919e-01 1.932155e-04 5.976255e-61 2.838725e-140 2.156933e-244
3.025e+09 2.852901e-05 9.999244e-01 4.708378e-05 1.983960e-64 1.505776e-147 1.865680e-256
3.075e+09 5.193666e-05 9.999358e-01 1.221812e-05 8.075450e-68 1.163709e-154 2.888760e-268
3.125e+09 1.560551e-05 9.998731e-01 1.112885e-04 6.387291e-63 1.361666e-144 1.024262e-251
3.175e+09 3.822686e-06 9.985693e-01 1.426829e-03 2.617890e-57 4.512736e-133 8.561652e-233
3.225e+09 9.027372e-06 9.997570e-01 2.339539e-04 1.072738e-61 3.171829e-142 5.954322e-248
3.275e+09 4.072981e-06 9.990707e-01 9.252698e-04 8.782915e-59 2.757134e-136 3.133635e-238
3.325e+09 7.057136e-06 9.997171e-01 2.758668e-04 8.567419e-62 1.364443e-142 1.080960e-248
3.375e+09 6.198133e-06 9.996904e-01 3.033921e-04 8.184036e-62 1.026904e-142 5.777438e-249
3.425e+09 1.809774e-06 9.971700e-01 2.828196e-03 6.805589e-57 1.296596e-132 2.265840e-232
3.475e+09 1.959563e-06 9.979319e-01 2.066164e-03 7.261759e-58 1.039623e-134 6.727583e-236
3.525e+09 5.345032e-06 9.997404e-01 2.542275e-04 6.274424e-63 2.884449e-145 2.243465e-253
3.575e+09 6.804947e-07 9.877762e-01 1.222311e-02 4.005522e-54 4.303226e-127 1.925148e-223
3.625e+09 1.075378e-06 9.957772e-01 4.221750e-03 6.832086e-57 6.294015e-133 3.743104e-233
3.675e+09 8.968122e-07 9.948270e-01 5.172109e-03 1.203647e-56 1.703011e-132 1.668366e-232
3.725e+09 2.820909e-06 9.995292e-01 4.679532e-04 1.750445e-62 1.125433e-144 1.123771e-252
3.775e+09 5.519764e-07 9.901211e-01 9.878346e-03 1.417975e-55 2.004309e-130 3.278043e-229
3.825e+09 1.364558e-06 9.985957e-01 1.402960e-03 2.009019e-60 1.416089e-140 4.753399e-246
3.875e+09 3.976545e-06 9.998431e-01 1.528930e-04 9.461431e-66 1.132256e-151 2.054177e-264
3.925e+09 8.771905e-07 9.975516e-01 2.447513e-03 1.356121e-59 5.138074e-139 1.315643e-243
3.975e+09 1.516244e-06 9.992832e-01 7.152646e-04 1.075676e-62 1.600911e-145 2.055452e-254
4.025e+09 1.911644e-06 9.996064e-01 3.917038e-04 2.574902e-64 5.892213e-149 3.822955e-260
#TIME: 2.928200
#NVEL: 81
#vel_mid[km/s] Ca0 Ca1 Ca2 Ca3 Ca4 Ca5
2.500e+07 3.227493e-38 1.253996e-28 2.921654e-21 3.715652e-13 8.305998e-06 9.999917e-01
7.500e+07 2.611231e-37 9.099227e-28 1.431705e-20 1.189475e-12 1.554049e-05 9.999845e-01
1.250e+08 6.798496e-37 2.379160e-27 3.169530e-20 2.206453e-12 2.203038e-05 9.999780e-01
1.750e+08 2.337599e-36 7.969967e-27 8.613630e-20 4.838797e-12 3.436547e-05 9.999656e-01
2.250e+08 2.002059e-35 6.045580e-26 4.573491e-19 1.789967e-11 7.153487e-05 9.999285e-01
2.750e+08 8.863015e-34 2.054044e-24 8.680259e-18 1.828693e-10 2.607625e-04 9.997392e-01
3.250e+08 1.212829e-30 1.632359e-21 2.825463e-15 1.739912e-08 3.216190e-03 9.967838e-01
3.750e+08 2.738471e-24 1.226468e-15 8.076632e-10 2.197100e-04 4.423931e-01 5.573872e-01
4.250e+08 3.071615e-16 1.720956e-08 5.933548e-03 9.010975e-01 9.296827e-02 6.484694e-07
4.750e+08 4.167222e-13 3.713194e-06 9.659949e-01 3.400129e-02 5.572702e-08 4.356650e-19
5.250e+08 2.692387e-12 6.675637e-06 9.999829e-01 1.039652e-05 3.644390e-16 4.283555e-33
5.750e+08 2.622811e-11 2.938562e-05 9.999706e-01 8.519578e-10 1.220578e-25 2.692693e-49
6.250e+08 2.749879e-10 2.207438e-04 9.997793e-01 3.613222e-14 8.800882e-36 1.163214e-66
6.750e+08 2.684732e-09 1.797134e-03 9.982029e-01 1.395429e-18 5.010867e-46 3.173404e-84
7.250e+08 2.393242e-08 1.310255e-02 9.868974e-01 8.509984e-23 8.218906e-56 5.147016e-101
7.750e+08 6.078616e-07 1.610108e-01 8.389885e-01 4.846320e-28 7.195073e-68 1.275184e-121
8.250e+08 8.048506e-06 7.514184e-01 2.485735e-01 6.110293e-34 7.533023e-81 1.701005e-143
8.750e+08 2.548116e-05 9.631584e-01 3.681608e-02 3.860087e-39 7.906540e-92 9.429626e-162
9.250e+08 6.248294e-05 9.946639e-01 5.273654e-03 4.888181e-44 4.292808e-102 8.786252e-179
9.750e+08 1.010107e-04 9.981582e-01 1.740839e-03 7.341236e-47 5.033891e-108 1.233594e-188
1.025e+09 1.820119e-04 9.993530e-01 4.649729e-04 3.603064e-50 5.838537e-115 3.812393e-200
1.075e+09 2.464747e-04 9.995378e-01 2.157216e-04 3.270400e-52 2.811171e-119 2.427528e-207
1.125e+09 3.792514e-04 9.995460e-01 7.479801e-05 5.432155e-55 3.825198e-125 4.129555e-217
1.175e+09 4.814519e-04 9.994808e-01 3.770337e-05 6.577726e-57 3.169129e-129 6.147755e-224
1.225e+09 4.846362e-04 9.994839e-01 3.148606e-05 1.403540e-57 1.059832e-130 1.915043e-226
1.275e+09 5.012046e-04 9.994741e-01 2.471205e-05 2.083418e-58 1.653687e-132 1.680609e-229
1.325e+09 6.521158e-04 9.993366e-01 1.130745e-05 1.271109e-60 3.125002e-137 2.079029e-237
1.375e+09 8.187803e-04 9.991758e-01 5.469583e-06 9.939444e-63 9.705984e-142 5.754123e-245
1.425e+09 7.502806e-04 9.992440e-01 5.696448e-06 7.831410e-63 5.070127e-142 1.731476e-245
1.475e+09 7.910245e-04 9.992048e-01 4.194992e-06 7.567104e-64 3.152144e-144 3.243146e-249
1.525e+09 1.396148e-03 9.986030e-01 8.314212e-07 2.332460e-68 7.871533e-154 2.821299e-265
1.575e+09 1.403574e-03 9.985957e-01 6.863478e-07 4.463293e-69 2.065516e-155 5.804173e-268
1.625e+09 1.397723e-03 9.986017e-01 5.805060e-07 9.915275e-70 7.432521e-157 2.021765e-270
1.675e+09 1.992498e-03 9.980073e-01 2.014819e-07 9.998206e-73 3.013430e-163 4.010678e-281
1.725e+09 2.809030e-03 9.971909e-01 7.536699e-08 1.817493e-75 4.416010e-169 6.992393e-291
1.775e+09 6.257089e-03 9.937429e-01 1.122917e-08 2.339252e-80 2.247107e-179 5.265811e-308
1.825e+09 4.670407e-03 9.953296e-01 1.766535e-08 1.686265e-79 1.155875e-177 3.098128e-305
1.875e+09 3.471376e-03 9.965286e-01 2.844887e-08 1.459873e-78 8.861811e-176 3.579660e-302
1.925e+09 7.594214e-03 9.924058e-01 4.692574e-09 4.121724e-83 2.491410e-185 4.842723e-318
1.975e+09 2.934199e-03 9.970658e-01 2.961328e-08 6.570934e-79 1.199482e-176 9.895965e-304
2.025e+09 5.986900e-03 9.940131e-01 5.552573e-09 3.513155e-83 1.246523e-185 1.143619e-318
2.075e+09 4.807665e-03 9.951923e-01 7.440398e-09 1.020467e-82 9.581918e-185 2.877331e-317
2.125e+09 2.642785e-03 9.973572e-01 2.270719e-08 3.103823e-80 1.229910e-179 7.251410e-309
2.175e+09 4.518599e-03 9.954814e-01 6.144774e-09 1.238428e-83 8.365673e-187 8.443582e-321
2.225e+09 4.166486e-03 9.958335e-01 6.195243e-09 7.627547e-84 2.558583e-187 1.027657e-321
2.275e+09 1.415609e-02 9.858439e-01 4.538921e-10 3.734277e-90 1.773752e-200 0.000000e+00
2.325e+09 3.289648e-03 9.967103e-01 7.361479e-09 6.890433e-84 1.461215e-187 3.063207e-322
2.375e+09 3.004640e-02 9.699536e-01 7.424608e-11 9.594613e-95 4.005549e-210 0.000000e+00
2.425e+09 8.135081e-03 9.918649e-01 8.520907e-10 2.016301e-89 3.294933e-199 0.000000e+00
2.475e+09 3.803639e-02 9.619636e-01 3.373488e-11 5.226408e-97 5.787691e-215 0.000000e+00
2.525e+09 7.753373e-03 9.922466e-01 6.857348e-10 2.142269e-90 2.187401e-201 0.000000e+00
2.575e+09 1.041891e-01 8.958109e-01 2.792018e-12 4.257869e-103 1.068088e-227 0.000000e+00
2.625e+09 8.619334e-03 9.913807e-01 4.072372e-10 4.559720e-92 5.217311e-205 0.000000e+00
2.675e+09 5.992131e-03 9.940079e-01 7.147687e-10 5.221917e-91 6.721439e-203 0.000000e+00
2.725e+09 7.460712e-03 9.925393e-01 3.962754e-10 1.322985e-92 2.767449e-206 0.000000e+00
2.775e+09 1.444351e-02 9.855565e-01 9.254008e-11 3.644425e-96 1.004079e-213 0.000000e+00
2.825e+09 5.246579e-03 9.947534e-01 5.812431e-10 3.400603e-92 1.343120e-205 0.000000e+00
2.875e+09 3.354916e-03 9.966451e-01 1.214930e-09 1.036785e-90 1.336069e-202 0.000000e+00
2.925e+09 6.288369e-03 9.937116e-01 2.971652e-10 3.243453e-94 6.066024e-210 0.000000e+00
2.975e+09 5.646358e-04 9.994353e-01 4.629055e-08 4.398409e-82 1.155704e-184 3.697237e-318
3.025e+09 9.686362e-04 9.990314e-01 1.061622e-08 4.107833e-86 3.195697e-193 0.000000e+00
3.075e+09 4.568313e-03 9.954317e-01 3.489049e-10 1.480582e-94 6.817397e-211 0.000000e+00
3.125e+09 4.731914e-04 9.995268e-01 4.219735e-08 5.854501e-83 1.052707e-186 1.027657e-321
3.175e+09 8.791157e-03 9.912088e-01 7.072475e-11 1.084426e-98 1.309894e-219 0.000000e+00
3.225e+09 3.442396e-04 9.996557e-01 6.610165e-08 3.485306e-82 3.437062e-185 2.720770e-319
3.275e+09 1.838400e-03 9.981616e-01 1.156537e-09 1.105990e-92 2.540656e-207 0.000000e+00
3.325e+09 4.418015e-03 9.955820e-01 1.702120e-10 2.142560e-97 3.537936e-217 0.000000e+00
3.375e+09 1.106434e-03 9.988936e-01 2.440802e-09 2.472704e-91 1.173920e-204 0.000000e+00
3.425e+09 2.594005e-04 9.997405e-01 6.624186e-08 5.183131e-83 3.441210e-187 7.905050e-323
3.475e+09 3.353662e-04 9.996646e-01 2.865391e-08 1.871040e-85 2.022962e-192 0.000000e+00
3.525e+09 7.623649e-04 9.992376e-01 3.363694e-09 3.287752e-91 1.299464e-204 0.000000e+00
3.575e+09 1.960465e-04 9.998039e-01 7.900042e-08 3.635739e-83 1.059682e-187 9.881313e-324
3.625e+09 3.804579e-04 9.996195e-01 1.222381e-08 2.461472e-88 1.066527e-198 0.000000e+00
3.675e+09 3.981302e-03 9.960187e-01 6.977601e-11 4.146918e-101 1.962086e-225 0.000000e+00
3.725e+09 6.087629e-03 9.939124e-01 2.611497e-11 1.356107e-103 1.181510e-230 0.000000e+00
3.775e+09 2.128930e-04 9.997871e-01 3.089628e-08 1.652885e-86 5.038614e-195 0.000000e+00
3.825e+09 1.218753e-04 9.998780e-01 1.076800e-07 2.189200e-83 1.768298e-188 0.000000e+00
3.875e+09 2.822350e-04 9.997178e-01 1.052245e-08 8.657652e-90 4.340445e-202 0.000000e+00
3.925e+09 9.038504e-03 9.909615e-01 6.502381e-12 1.024698e-107 1.679807e-239 0.000000e+00
3.975e+09 1.383646e-02 9.861635e-01 2.426059e-12 3.422965e-110 1.069378e-244 0.000000e+00
4.025e+09 6.540561e-02 9.345944e-01 8.816193e-14 6.374336e-118 9.759814e-261 0.000000e+00
#TIME: 3.221020
#NVEL: 81
#vel_mid[km/s] Ca0 Ca1 Ca2 Ca3 Ca4 Ca5
2.500e+07 3.891171e-38 1.736814e-28 3.947627e-21 4.792507e-13 9.644122e-06 9.999904e-01
7.500e+07 3.488723e-37 1.389486e-27 2.114048e-20 1.681010e-12 1.921181e-05 9.999808e-01
1.250e+08 9.609594e-37 3.834096e-27 4.930259e-20 3.296364e-12 2.822101e-05 9.999718e-01
1.750e+08 3.545546e-36 1.373849e-26 1.432107e-19 7.737751e-12 4.585523e-05 9.999541e-01
2.250e+08 3.235957e-35 1.111347e-25 8.192932e-19 3.095666e-11 9.986265e-05 9.999001e-01
2.750e+08 1.670998e-33 4.373731e-24 1.837109e-17 3.658912e-10 3.939862e-04 9.996060e-01
3.250e+08 3.212483e-30 4.774328e-21 8.712987e-15 4.573012e-08 5.615973e-03 9.943840e-01
3.750e+08 9.064262e-24 4.343996e-15 3.412239e-09 6.163331e-04 6.495878e-01 3.497959e-01
4.250e+08 1.865192e-16 1.293995e-08 5.810097e-03 9.055532e-01 8.863614e-02 5.432938e-07
4.750e+08 1.805995e-13 2.514068e-06 9.098240e-01 9.017298e-02 5.270781e-07 1.861675e-17
5.250e+08 1.041669e-12 4.271332e-06 9.999087e-01 8.699378e-05 4.647111e-14 1.532274e-29
5.750e+08 5.747773e-12 1.133112e-05 9.999886e-01 3.096103e-08 4.497948e-22 2.902043e-43
6.250e+08 4.807949e-11 6.125272e-05 9.999387e-01 4.984124e-12 7.256480e-31 2.645731e-58
6.750e+08 4.146189e-10 4.236457e-04 9.995764e-01 4.276708e-16 2.667463e-40 1.817540e-74
7.250e+08 2.871639e-09 2.658832e-03 9.973412e-01 4.595284e-20 1.592709e-49 2.671191e-90
7.750e+08 3.120374e-08 2.084864e-02 9.791513e-01 2.522530e-24 2.107476e-59 3.079418e-107
8.250e+08 4.430081e-07 1.571040e-01 8.428955e-01 1.272168e-28 2.815931e-69 4.104935e-124
8.750e+08 5.777432e-06 7.264269e-01 2.735674e-01 2.751126e-34 9.118457e-82 3.544047e-145
9.250e+08 2.176205e-05 9.673030e-01 3.267529e-02 4.664710e-40 6.030844e-94 2.004793e-165
9.750e+08 5.163144e-05 9.949121e-01 5.036285e-03 9.037941e-45 7.967995e-104 8.140678e-182
1.025e+09 1.430775e-04 9.992779e-01 5.790306e-04 4.839097e-50 7.970023e-115 4.965990e-200
1.075e+09 2.465456e-04 9.995875e-01 1.659852e-04 3.250817e-53 1.729528e-121 4.223750e-211
1.125e+09 5.485455e-04 9.994263e-01 2.518346e-05 4.558906e-58 1.056836e-131 4.352352e-228
1.175e+09 1.035769e-03 9.989596e-01 4.597532e-06 1.070845e-62 1.595276e-141 1.736790e-244
1.225e+09 1.844907e-03 9.981542e-01 8.880176e-07 2.802538e-67 2.814731e-151 8.460915e-261
1.275e+09 2.630896e-03 9.973688e-01 3.088874e-07 2.888971e-70 1.199346e-157 1.828750e-271
1.325e+09 4.130758e-03 9.958692e-01 9.075046e-08 1.312772e-73 9.626472e-165 2.571210e-283
1.375e+09 1.111536e-02 9.888846e-01 9.409214e-09 2.639814e-79 1.075131e-176 3.623829e-303
1.425e+09 1.392135e-02 9.860786e-01 5.096777e-09 5.767940e-81 3.231920e-180 4.765491e-309
1.475e+09 7.205907e-02 9.279409e-01 1.478792e-10 2.980521e-89 2.022072e-197 0.000000e+00
1.525e+09 8.020483e-02 9.197952e-01 1.001044e-10 2.269338e-90 8.208356e-200 0.000000e+00
1.575e+09 4.295855e-02 9.570415e-01 3.264756e-10 5.987213e-88 6.726951e-195 0.000000e+00
1.625e+09 9.447943e-02 9.055206e-01 5.085365e-11 2.247884e-92 4.085651e-204 0.000000e+00
1.675e+09 6.478175e-02 9.352182e-01 1.007517e-10 4.416072e-91 1.570959e-201 0.000000e+00
1.725e+09 1.072471e-01 8.927529e-01 2.786059e-11 3.295044e-94 4.564603e-208 0.000000e+00
1.775e+09 1.917011e-01 8.082989e-01 5.456988e-12 4.322541e-98 3.667287e-216 0.000000e+00
1.825e+09 3.979983e-01 6.020017e-01 3.838009e-13 3.331959e-104 7.269842e-229 0.000000e+00
1.875e+09 1.039794e-01 8.960206e-01 1.886830e-11 8.230170e-96 1.262241e-211 0.000000e+00
1.925e+09 3.223261e-01 6.776739e-01 6.581445e-13 1.620941e-103 1.298032e-227 0.000000e+00
1.975e+09 2.598361e-01 7.401639e-01 1.185116e-12 1.823538e-102 1.583958e-225 0.000000e+00
2.025e+09 2.008228e-01 7.991772e-01 2.212770e-12 2.506047e-101 2.918832e-223 0.000000e+00
2.075e+09 5.753295e-01 4.246705e-01 2.342256e-14 1.399069e-111 1.622352e-244 0.000000e+00
2.125e+09 6.722798e-01 3.277202e-01 5.579076e-15 5.896873e-115 1.426203e-251 0.000000e+00
2.175e+09 1.077939e-01 8.922061e-01 6.872005e-12 1.558934e-99 8.237013e-220 0.000000e+00
2.225e+09 7.869683e-02 9.213032e-01 1.207596e-11 1.636621e-98 8.689663e-218 0.000000e+00
2.275e+09 3.313316e-01 6.686684e-01 2.010341e-13 7.073327e-108 3.360925e-237 0.000000e+00
2.325e+09 7.869252e-02 9.213075e-01 8.868171e-12 1.084425e-99 2.180424e-220 0.000000e+00
2.375e+09 7.252419e-01 2.747581e-01 1.136951e-15 1.097988e-119 9.247038e-262 0.000000e+00
2.425e+09 7.836051e-01 2.163949e-01 3.388528e-16 1.449684e-122 8.565646e-268 0.000000e+00
2.475e+09 7.033525e-01 2.966475e-01 1.181601e-15 4.094943e-120 8.222940e-263 0.000000e+00
2.525e+09 5.332498e-01 4.667502e-01 9.581606e-15 8.195570e-116 5.238157e-254 0.000000e+00
2.575e+09 6.386083e-01 3.613917e-01 2.202810e-15 2.850145e-119 3.092055e-261 0.000000e+00
2.625e+09 7.167383e-01 2.832617e-01 5.996648e-16 2.357325e-122 1.090597e-267 0.000000e+00
2.675e+09 9.329219e-02 9.067078e-01 2.047386e-12 1.104433e-104 2.806117e-231 0.000000e+00
2.725e+09 4.586561e-01 5.413439e-01 1.203629e-14 2.521098e-116 2.131230e-255 0.000000e+00
2.775e+09 3.188039e-01 6.811961e-01 4.922445e-14 1.776081e-113 1.339810e-249 0.000000e+00
2.825e+09 9.604401e-01 3.955986e-02 1.021266e-19 3.858062e-142 6.365193e-309 0.000000e+00
2.875e+09 6.652525e-01 3.347475e-01 5.986352e-16 1.229231e-123 9.374980e-271 0.000000e+00
2.925e+09 8.269411e-02 9.173059e-01 1.239936e-12 5.015678e-107 1.557504e-236 0.000000e+00
2.975e+09 2.666739e-01 7.333261e-01 4.912583e-14 1.774341e-114 5.328359e-252 0.000000e+00
3.025e+09 8.896015e-01 1.103985e-01 3.159070e-18 9.088915e-136 4.446947e-296 0.000000e+00
3.075e+09 9.751429e-01 2.485713e-02 7.702279e-21 5.154878e-149 1.482197e-323 0.000000e+00
3.125e+09 3.637792e-01 6.362208e-01 9.955627e-15 9.393634e-119 4.411857e-261 0.000000e+00
3.175e+09 9.175468e-01 8.245321e-02 6.124809e-19 4.351015e-140 2.939199e-305 0.000000e+00
3.225e+09 9.732182e-01 2.678181e-02 6.419865e-21 3.468377e-150 0.000000e+00 0.000000e+00
3.275e+09 9.899389e-01 1.006112e-02 1.264354e-22 6.370273e-159 0.000000e+00 0.000000e+00
3.325e+09 4.325667e-02 9.567433e-01 1.440520e-12 1.248141e-108 1.615693e-240 0.000000e+00
3.375e+09 1.519608e-01 8.480392e-01 7.166074e-14 1.296181e-115 5.121088e-255 0.000000e+00
3.425e+09 3.397069e-01 6.602931e-01 5.132372e-15 1.019759e-121 1.048495e-267 0.000000e+00
3.475e+09 9.572536e-01 4.274642e-02 1.801174e-20 2.941946e-149 0.000000e+00 0.000000e+00
3.525e+09 5.213631e-01 4.786369e-01 4.889534e-16 2.175113e-127 1.373694e-279 0.000000e+00
3.575e+09 9.344309e-01 6.556906e-02 7.051999e-20 7.890848e-147 7.356143e-320 0.000000e+00
3.625e+09 9.175484e-01 8.245159e-02 1.495985e-19 1.830726e-145 4.050796e-317 0.000000e+00
3.675e+09 9.597574e-01 4.024261e-02 7.599296e-21 3.688743e-152 0.000000e+00 0.000000e+00
3.725e+09 1.363236e-01 8.636764e-01 3.177951e-14 3.758467e-119 6.566585e-263 0.000000e+00
3.775e+09 9.963373e-01 3.662724e-03 5.443347e-25 2.739162e-173 0.000000e+00 0.000000e+00
3.825e+09 1.091822e-01 8.908178e-01 3.993692e-14 3.951381e-119 4.942348e-263 0.000000e+00
3.875e+09 9.987414e-01 1.258599e-03 6.637041e-27 2.481613e-183 0.000000e+00 0.000000e+00
3.925e+09 5.841275e-02 9.415873e-01 1.186518e-13 3.607642e-117 3.735812e-259 0.000000e+00
3.975e+09 9.985825e-01 1.417479e-03 7.631928e-27 1.496628e-183 0.000000e+00 0.000000e+00
4.025e+09 9.998610e-01 1.390114e-04 8.923820e-31 2.177120e-203 0.000000e+00 0.000000e+00
#TIME: 3.543122
#NVEL: 81
#vel_mid[km/s] Ca0 Ca1 Ca2 Ca3 Ca4 Ca5
2.500e+07 5.198849e-38 2.647629e-28 5.790312e-21 6.661560e-13 1.175679e-05 9.999882e-01
7.500e+07 5.000820e-37 2.267879e-27 3.321596e-20 2.529590e-12 2.470633e-05 9.999753e-01
1.250e+08 1.459365e-36 6.613425e-27 8.190466e-20 5.259330e-12 3.759985e-05 9.999624e-01
1.750e+08 5.747227e-36 2.523632e-26 2.542951e-19 1.320290e-11 6.350316e-05 9.999365e-01
2.250e+08 5.718388e-35 2.223827e-25 1.604461e-18 5.796155e-11 1.456227e-04 9.998544e-01
2.750e+08 3.545609e-33 1.038375e-23 4.374751e-17 8.018234e-10 6.248567e-04 9.993751e-01
3.250e+08 1.011397e-29 1.641785e-20 3.219568e-14 1.363611e-07 1.049118e-02 9.895087e-01
3.750e+08 2.894090e-23 1.468379e-14 1.387888e-08 1.580617e-03 8.223514e-01 1.760680e-01
4.250e+08 1.503248e-16 1.224623e-08 7.055883e-03 9.264522e-01 6.649169e-02 2.609727e-07
4.750e+08 8.759461e-14 1.734248e-06 8.428787e-01 1.571176e-01 1.933093e-06 1.608306e-16
5.250e+08 4.602767e-13 2.938833e-06 9.996406e-01 3.564933e-04 1.123973e-12 3.166856e-27
5.750e+08 1.704153e-12 5.611667e-06 9.999940e-01 4.195963e-07 1.704607e-19 6.477091e-39
6.250e+08 1.173542e-11 2.329456e-05 9.999767e-01 1.669444e-10 2.246587e-27 2.173573e-52
6.750e+08 6.984977e-11 1.139696e-04 9.998860e-01 5.690682e-14 2.007757e-35 3.522214e-66
7.250e+08 5.793045e-10 7.779589e-04 9.992220e-01 5.852535e-18 1.121045e-44 4.882323e-82
7.750e+08 3.652593e-09 4.443841e-03 9.955562e-01 9.212326e-22 1.610811e-53 3.173130e-97
