#NTIMES: 50
#NSTAGES 4
#TIMES[d]: 199.16 202.02 204.93 207.87 210.86 213.89 216.97 220.09 223.25 226.46 229.71 233.01 236.36 239.76 243.21 246.70 250.25 253.85 257.49 261.20 264.95 268.76 272.62 276.54 280.51 284.55 288.64 292.79 296.99 301.26 305.59 309.99 314.44 318.96 323.54 328.20 332.91 337.70 342.55 347.48 352.47 357.54 362.67 367.89 373.18 378.54 383.98 389.50 395.10 400.78
#
#TIME: 199.16
#NVEL 140
#vel_mid[km/s] si0 si1 si2 si3
1125.00 1.6146e-04 8.5398e-01 1.3916e-01 6.6951e-03
2375.00 2.8054e-04 8.4244e-01 1.4950e-01 7.7840e-03
3125.00 3.2032e-03 8.7015e-01 1.2133e-01 5.3103e-03
3625.00 1.2459e-01 7.9969e-01 7.3290e-02 2.4306e-03
4125.00 2.6324e-01 6.9758e-01 3.8317e-02 8.6367e-04
4625.00 2.8188e-01 6.8837e-01 2.9218e-02 5.3149e-04
4875.00 3.5734e-01 6.1872e-01 2.3535e-02 4.1035e-04
5375.00 3.8758e-01 5.8933e-01 2.2687e-02 4.0348e-04
5625.00 4.2320e-01 5.5684e-01 1.9636e-02 3.2655e-04
6125.00 4.3078e-01 5.4842e-01 2.0437e-02 3.5712e-04
6375.00 4.4535e-01 5.3507e-01 1.9249e-02 3.2906e-04
6625.00 4.6247e-01 5.1842e-01 1.8773e-02 3.3583e-04
6875.00 4.7327e-01 5.0728e-01 1.9100e-02 3.4312e-04
7125.00 4.6963e-01 5.1203e-01 1.8022e-02 3.2054e-04
7625.00 4.7921e-01 5.0116e-01 1.9265e-02 3.6541e-04
7875.00 4.2200e-01 5.5597e-01 2.1627e-02 4.0254e-04
8125.00 4.6413e-01 5.1540e-01 2.0083e-02 3.8456e-04
8375.00 4.4863e-01 5.2958e-01 2.1376e-02 4.1851e-04
8625.00 3.4933e-01 6.2852e-01 2.1763e-02 3.8531e-04
8875.00 3.6317e-01 6.1349e-01 2.2902e-02 4.3306e-04
9125.00 4.2575e-01 5.5216e-01 2.1671e-02 4.2138e-04
9375.00 3.9009e-01 5.8615e-01 2.3303e-02 4.5612e-04
9625.00 1.9309e-01 7.8065e-01 2.5794e-02 4.6565e-04
9875.00 3.3430e-01 6.3939e-01 2.5782e-02 5.2616e-04
10125.00 9.2311e-02 8.7724e-01 2.9925e-02 5.2617e-04
10375.00 2.6392e-01 7.0631e-01 2.9161e-02 6.1543e-04
10625.00 2.2655e-01 7.3997e-01 3.2770e-02 7.0539e-04
10875.00 1.8739e-01 7.7779e-01 3.4135e-02 6.8978e-04
11125.00 1.3420e-01 8.3050e-01 3.4591e-02 7.0465e-04
11375.00 1.0793e-01 8.5513e-01 3.6195e-02 7.5053e-04
11625.00 8.0233e-03 9.5036e-01 4.0753e-02 8.6080e-04
11875.00 4.9305e-02 9.0973e-01 4.0118e-02 8.4838e-04
12125.00 2.6023e-02 9.2813e-01 4.4884e-02 9.6683e-04
12375.00 1.9004e-02 9.3811e-01 4.1999e-02 8.8784e-04
12625.00 2.6135e-03 9.4760e-01 4.8682e-02 1.1065e-03
12875.00 4.9928e-03 9.4065e-01 5.3155e-02 1.2040e-03
13125.00 3.8917e-03 9.3508e-01 5.9625e-02 1.4008e-03
13375.00 2.1044e-03 9.2928e-01 6.6925e-02 1.6857e-03
13625.00 1.5114e-03 9.2337e-01 7.3190e-02 1.9309e-03
13875.00 1.3198e-03 9.2630e-01 7.0419e-02 1.9634e-03
14125.00 1.4397e-03 9.2896e-01 6.7648e-02 1.9541e-03
14375.00 7.8382e-04 9.1111e-01 8.3378e-02 4.7335e-03
14625.00 9.1566e-04 9.2338e-01 7.3369e-02 2.3371e-03
14875.00 4.2656e-04 9.1113e-01 8.5631e-02 2.8096e-03
15125.00 4.6378e-04 9.1219e-01 8.4547e-02 2.8001e-03
15375.00 3.6310e-04 9.1222e-01 8.4382e-02 3.0362e-03
15625.00 6.3973e-04 9.0182e-01 9.1450e-02 6.0907e-03
15875.00 3.4609e-04 9.0940e-01 8.6731e-02 3.5187e-03
16125.00 5.4943e-04 8.9843e-01 9.6991e-02 4.0331e-03
16375.00 3.6309e-04 9.0916e-01 8.6638e-02 3.8353e-03
16625.00 4.0240e-04 9.0657e-01 8.1579e-02 1.1448e-02
16875.00 3.1682e-04 8.6889e-01 1.2511e-01 5.6791e-03
17125.00 3.6160e-04 8.8694e-01 1.0735e-01 5.3503e-03
17375.00 3.6946e-04 8.6862e-01 1.1421e-01 1.6800e-02
17625.00 4.2047e-04 8.7634e-01 1.1716e-01 6.0814e-03
17875.00 4.5969e-04 8.7499e-01 1.1194e-01 1.2612e-02
18125.00 4.9482e-04 7.8460e-01 1.8091e-01 3.3999e-02
18375.00 4.4544e-04 8.2043e-01 1.6935e-01 9.7826e-03
18625.00 3.5407e-04 8.1525e-01 1.6021e-01 2.4189e-02
18875.00 5.3193e-04 8.8523e-01 1.0291e-01 1.1333e-02
19125.00 3.9505e-04 8.7800e-01 1.0992e-01 1.1684e-02
19375.00 7.9290e-04 9.4128e-01 4.9831e-02 8.0992e-03
19625.00 5.0570e-04 8.5422e-01 1.3135e-01 1.3922e-02
19875.00 1.0882e-03 9.0696e-01 7.9396e-02 1.2559e-02
20125.00 4.3793e-04 8.7099e-01 1.1026e-01 1.8318e-02
20375.00 4.9232e-04 8.7894e-01 1.0829e-01 1.2278e-02
20625.00 5.6016e-04 8.5981e-01 1.2563e-01 1.3999e-02
20875.00 1.3299e-03 8.6588e-01 1.1444e-01 1.8348e-02
21125.00 5.9107e-04 8.6956e-01 1.1800e-01 1.1851e-02
21375.00 1.0931e-03 8.4813e-01 1.3239e-01 1.8389e-02
21625.00 8.9600e-04 8.7093e-01 1.1445e-01 1.3718e-02
21875.00 7.9794e-04 8.6561e-01 1.2139e-01 1.2203e-02
22125.00 1.3189e-03 7.8166e-01 1.8013e-01 3.6884e-02
22375.00 1.6441e-03 8.4466e-01 1.3333e-01 2.0365e-02
22625.00 1.3822e-03 8.6997e-01 1.1053e-01 1.8121e-02
22875.00 1.6125e-03 8.5368e-01 1.2798e-01 1.6731e-02
23125.00 1.4204e-03 8.2961e-01 1.4377e-01 2.5199e-02
23375.00 1.2908e-03 8.4823e-01 1.2951e-01 2.0974e-02
23625.00 9.3026e-04 8.5453e-01 1.2566e-01 1.8886e-02
23875.00 8.8053e-04 8.3518e-01 1.4146e-01 2.2482e-02
24125.00 9.6829e-04 8.3718e-01 1.3838e-01 2.3466e-02
24375.00 1.2548e-03 8.3994e-01 1.3498e-01 2.3823e-02
24625.00 1.6248e-03 7.8039e-01 1.7397e-01 4.4011e-02
24875.00 7.3525e-04 8.2455e-01 1.4640e-01 2.8315e-02
25125.00 6.9059e-04 7.9288e-01 1.6721e-01 3.9212e-02
25375.00 5.2576e-04 8.0553e-01 1.5931e-01 3.4634e-02
25625.00 1.2453e-03 7.7971e-01 1.7527e-01 4.3775e-02
25875.00 6.8706e-04 7.8886e-01 1.7004e-01 4.0414e-02
26125.00 9.0640e-04 7.8712e-01 1.7084e-01 4.1141e-02
26375.00 3.0638e-04 7.6721e-01 1.8443e-01 4.8053e-02
26625.00 3.8923e-04 5.9228e-01 3.0240e-01 1.0494e-01
26875.00 1.5356e-03 6.9970e-01 2.2006e-01 7.8703e-02
27125.00 1.4375e-03 6.6112e-01 2.3839e-01 9.9051e-02
27375.00 1.4192e-03 7.1692e-01 2.1803e-01 6.3633e-02
27625.00 5.8429e-04 6.9057e-01 2.3695e-01 7.1887e-02
27875.00 4.9420e-04 6.6732e-01 2.3746e-01 9.4720e-02
28125.00 6.6522e-04 5.7363e-01 3.1436e-01 1.1134e-01
28375.00 1.4955e-03 6.2351e-01 2.6243e-01 1.1257e-01
28625.00 1.8070e-03 6.5544e-01 2.4309e-01 9.9669e-02
28875.00 6.1637e-04 3.1421e-01 4.3261e-01 2.5257e-01
29125.00 3.0554e-04 6.3432e-01 2.5329e-01 1.1208e-01
29375.00 7.8904e-04 5.3216e-01 2.8124e-01 1.8581e-01
29625.00 1.9696e-03 5.3632e-01 2.8101e-01 1.8069e-01
29875.00 1.1560e-03 5.6443e-01 2.9246e-01 1.4196e-01
30125.00 1.5551e-03 5.5457e-01 2.8280e-01 1.6107e-01
30375.00 1.8576e-03 5.6848e-01 2.7952e-01 1.5014e-01
30625.00 1.3407e-03 3.2465e-01 4.2414e-01 2.4987e-01
30875.00 8.0883e-04 4.2255e-01 3.1398e-01 2.6267e-01
31125.00 3.1082e-03 5.0384e-01 3.0109e-01 1.9196e-01
31375.00 6.1799e-04 1.2251e-01 4.3137e-01 4.4551e-01
31625.00 1.4653e-03 4.5569e-01 3.1982e-01 2.2302e-01
31875.00 1.1968e-03 2.3669e-01 4.0380e-01 3.5831e-01
32125.00 1.3258e-03 1.9336e-01 3.9544e-01 4.0988e-01
32375.00 1.8412e-04 8.0581e-02 4.6015e-01 4.5909e-01
32625.00 1.9851e-03 4.4613e-01 3.2279e-01 2.2909e-01
32875.00 1.0956e-03 3.9598e-01 3.4199e-01 2.6094e-01
33125.00 3.1848e-05 2.1494e-02 3.8917e-01 5.8930e-01
33375.00 1.0418e-03 9.5131e-02 3.6848e-01 5.3535e-01
33625.00 1.0605e-03 1.9792e-01 3.4615e-01 4.5487e-01
33875.00 9.5233e-04 1.4588e-01 3.7748e-01 4.7568e-01
34125.00 1.7668e-05 7.4379e-03 4.4125e-01 5.5130e-01
34375.00 1.6417e-04 1.1161e-01 3.5671e-01 5.3152e-01
34625.00 2.5976e-04 8.2963e-02 3.4418e-01 5.7259e-01
34875.00 1.0233e-04 7.9800e-02 3.2963e-01 5.9047e-01
#TIME: 202.02
#NVEL 140
#vel_mid[km/s] si0 si1 si2 si3
1125.00 1.6954e-04 8.5477e-01 1.3840e-01 6.6570e-03
2375.00 2.8484e-04 8.4149e-01 1.5039e-01 7.8431e-03
3125.00 3.3614e-03 8.7039e-01 1.2096e-01 5.2888e-03
3625.00 1.3121e-01 7.9451e-01 7.1887e-02 2.3954e-03
4125.00 2.6855e-01 6.9298e-01 3.7612e-02 8.4874e-04
4625.00 2.9021e-01 6.8091e-01 2.8367e-02 5.1459e-04
4875.00 3.6150e-01 6.1503e-01 2.3071e-02 3.9964e-04
5375.00 3.9886e-01 5.7856e-01 2.2182e-02 3.9636e-04
5625.00 4.2272e-01 5.5724e-01 1.9697e-02 3.3810e-04
6125.00 4.4547e-01 5.3427e-01 1.9909e-02 3.4905e-04
6375.00 4.6102e-01 5.2013e-01 1.8539e-02 3.1873e-04
6625.00 4.5614e-01 5.2442e-01 1.9097e-02 3.3661e-04
6875.00 4.6945e-01 5.1139e-01 1.8829e-02 3.3389e-04
7125.00 4.7959e-01 5.0343e-01 1.6688e-02 2.9246e-04
7625.00 4.6675e-01 5.1294e-01 1.9931e-02 3.8407e-04
7875.00 4.3938e-01 5.3945e-01 2.0793e-02 3.7655e-04
8125.00 4.5371e-01 5.2545e-01 2.0437e-02 3.9928e-04
8375.00 4.3501e-01 5.4338e-01 2.1202e-02 4.0559e-04
8625.00 3.6706e-01 6.1159e-01 2.0974e-02 3.7474e-04
8875.00 3.7124e-01 6.0797e-01 2.0418e-02 3.7094e-04
9125.00 4.0691e-01 5.7014e-01 2.2509e-02 4.3917e-04
9375.00 3.8585e-01 5.9014e-01 2.3535e-02 4.7503e-04
9625.00 1.7350e-01 8.0091e-01 2.5146e-02 4.4422e-04
9875.00 3.3476e-01 6.3820e-01 2.6503e-02 5.3352e-04
10125.00 9.5429e-02 8.7511e-01 2.8960e-02 5.0269e-04
10375.00 2.5992e-01 7.1102e-01 2.8471e-02 5.9159e-04
10625.00 2.2733e-01 7.4134e-01 3.0682e-02 6.4943e-04
10875.00 1.6971e-01 7.9634e-01 3.3291e-02 6.5676e-04
11125.00 1.2149e-01 8.4419e-01 3.3624e-02 6.9915e-04
11375.00 9.8221e-02 8.6528e-01 3.5766e-02 7.3064e-04
11625.00 8.7157e-03 9.4806e-01 4.2443e-02 7.8039e-04
11875.00 3.8374e-02 9.2166e-01 3.9191e-02 7.7734e-04
12125.00 2.2558e-02 9.3190e-01 4.4584e-02 9.6128e-04
12375.00 1.5790e-02 9.3971e-01 4.3536e-02 9.6414e-04
12625.00 2.1448e-03 9.4524e-01 5.1519e-02 1.0959e-03
12875.00 3.8368e-03 9.4194e-01 5.2982e-02 1.2412e-03
13125.00 2.8800e-03 9.4510e-01 5.0777e-02 1.2457e-03
13375.00 1.8033e-03 9.3161e-01 6.4960e-02 1.6251e-03
13625.00 2.5333e-03 9.4161e-01 5.4396e-02 1.4643e-03
13875.00 1.1160e-03 9.3869e-01 5.8567e-02 1.6239e-03
14125.00 1.0593e-03 9.3507e-01 6.2185e-02 1.6865e-03
14375.00 7.2818e-04 9.0898e-01 8.7661e-02 2.6350e-03
14625.00 7.8042e-04 9.3594e-01 6.1292e-02 1.9904e-03
14875.00 4.3598e-04 9.0709e-01 8.9593e-02 2.8756e-03
15125.00 4.5534e-04 9.2726e-01 6.9868e-02 2.4212e-03
15375.00 4.7552e-04 9.0983e-01 8.2630e-02 7.0608e-03
15625.00 5.1295e-04 8.6065e-01 1.2444e-01 1.4398e-02
15875.00 3.8314e-04 8.9311e-01 1.0270e-01 3.8113e-03
16125.00 4.4905e-04 9.0066e-01 9.4966e-02 3.9274e-03
16375.00 3.7141e-04 8.8905e-01 1.0617e-01 4.4094e-03
16625.00 3.9477e-04 8.8031e-01 1.0620e-01 1.3094e-02
16875.00 3.7252e-04 9.1034e-01 8.5205e-02 4.0807e-03
17125.00 3.5283e-04 8.5147e-01 1.4162e-01 6.5617e-03
17375.00 3.9413e-04 8.3568e-01 1.5621e-01 7.7148e-03
17625.00 4.9872e-04 8.7294e-01 1.2008e-01 6.4826e-03
17875.00 5.7729e-04 8.6084e-01 1.3154e-01 7.0421e-03
18125.00 4.3492e-04 8.0124e-01 1.8812e-01 1.0202e-02
18375.00 5.6792e-04 8.9562e-01 9.3619e-02 1.0189e-02
18625.00 4.3566e-04 8.5961e-01 1.3157e-01 8.3827e-03
18875.00 3.5428e-04 8.5133e-01 1.3889e-01 9.4172e-03
19125.00 3.4060e-04 8.3089e-01 1.5061e-01 1.8154e-02
19375.00 7.2411e-04 9.1932e-01 6.7578e-02 1.2374e-02
19625.00 3.2017e-04 8.5648e-01 1.3147e-01 1.1725e-02
19875.00 4.1342e-04 8.3740e-01 1.4640e-01 1.5789e-02
20125.00 3.5637e-04 8.2997e-01 1.5758e-01 1.2099e-02
20375.00 5.8060e-04 8.5305e-01 1.3111e-01 1.5265e-02
20625.00 7.5748e-04 8.7343e-01 1.1105e-01 1.4755e-02
20875.00 9.8368e-04 8.4084e-01 1.4073e-01 1.7447e-02
21125.00 8.2111e-04 8.1967e-01 1.5488e-01 2.4621e-02
21375.00 6.3068e-04 8.6393e-01 1.1102e-01 2.4424e-02
21625.00 1.5554e-03 8.6179e-01 1.1870e-01 1.7957e-02
21875.00 7.8069e-04 8.8411e-01 1.0144e-01 1.3665e-02
22125.00 7.7916e-04 8.3816e-01 1.2825e-01 3.2811e-02
22375.00 1.2566e-03 7.9700e-01 1.7720e-01 2.4547e-02
22625.00 1.0118e-03 8.1741e-01 1.5547e-01 2.6104e-02
22875.00 7.7535e-04 6.1607e-01 3.0796e-01 7.5201e-02
23125.00 1.2087e-03 7.4656e-01 2.1888e-01 3.3347e-02
23375.00 1.9517e-03 8.2614e-01 1.4871e-01 2.3191e-02
23625.00 8.2048e-04 8.0438e-01 1.6697e-01 2.7824e-02
23875.00 1.3447e-03 8.1862e-01 1.5543e-01 2.4612e-02
24125.00 8.3947e-04 7.6932e-01 1.9027e-01 3.9568e-02
24375.00 1.1640e-03 8.3588e-01 1.3822e-01 2.4735e-02
24625.00 3.7352e-03 8.3318e-01 1.3817e-01 2.4913e-02
24875.00 1.0977e-03 8.1973e-01 1.4967e-01 2.9506e-02
25125.00 7.0226e-04 8.2224e-01 1.4774e-01 2.9319e-02
25375.00 5.7007e-04 8.0608e-01 1.5886e-01 3.4487e-02
25625.00 1.4038e-03 7.7648e-01 1.7708e-01 4.5035e-02
25875.00 8.2485e-04 7.4939e-01 1.9390e-01 5.5878e-02
26125.00 4.7109e-04 7.9569e-01 1.6652e-01 3.7320e-02
26375.00 1.3699e-03 3.7490e-01 5.0294e-01 1.2080e-01
26625.00 8.8513e-04 6.6426e-01 2.6405e-01 7.0800e-02
26875.00 2.5369e-03 4.7229e-01 3.7633e-01 1.4884e-01
27125.00 1.2637e-03 7.3674e-01 1.9158e-01 7.0421e-02
27375.00 1.5671e-03 6.5408e-01 2.4292e-01 1.0143e-01
27625.00 1.6578e-03 7.3125e-01 2.0399e-01 6.3101e-02
27875.00 6.8533e-04 7.1879e-01 2.1142e-01 6.9104e-02
28125.00 3.0158e-03 6.8353e-01 2.2921e-01 8.4240e-02
28375.00 2.1524e-03 6.9212e-01 2.2556e-01 8.0164e-02
28625.00 4.9421e-04 6.5831e-01 2.4239e-01 9.8815e-02
28875.00 1.0382e-03 6.4806e-01 2.4735e-01 1.0355e-01
29125.00 4.9127e-04 6.3122e-01 2.5451e-01 1.1378e-01
29375.00 8.9141e-04 6.2615e-01 2.5697e-01 1.1599e-01
29625.00 6.3628e-04 5.0949e-01 2.9538e-01 1.9449e-01
29875.00 8.4566e-04 5.8998e-01 2.7149e-01 1.3769e-01
30125.00 1.5012e-03 3.8479e-01 3.6853e-01 2.4518e-01
30375.00 1.3257e-03 3.1718e-01 3.1794e-01 3.6355e-01
30625.00 1.4353e-04 5.4814e-01 2.8667e-01 1.6505e-01
30875.00 1.6061e-04 2.3584e-01 4.0349e-01 3.6051e-01
31125.00 6.7498e-04 2.7865e-01 3.7056e-01 3.5012e-01
31375.00 1.7231e-03 4.4716e-01 3.2850e-01 2.2262e-01
31625.00 2.6512e-03 4.6015e-01 3.1935e-01 2.1785e-01
31875.00 1.2711e-03 4.2299e-01 3.3013e-01 2.4561e-01
32125.00 1.1300e-04 2.7344e-01 3.7973e-01 3.4672e-01
32375.00 3.2728e-04 1.7060e-01 3.4592e-01 4.8315e-01
32625.00 1.2130e-03 3.5132e-01 3.4914e-01 2.9832e-01
32875.00 4.0668e-04 1.8398e-01 3.7105e-01 4.4457e-01
33125.00 1.3444e-03 3.6293e-01 3.5059e-01 2.8513e-01
33375.00 2.6905e-03 3.3022e-01 3.5571e-01 3.1138e-01
33625.00 5.2999e-04 1.9113e-01 3.7901e-01 4.2934e-01
33875.00 6.9262e-04 7.7610e-02 4.5580e-01 4.6590e-01
34125.00 6.2146e-05 8.7284e-02 4.2293e-01 4.8972e-01
34375.00 1.1107e-04 1.1407e-01 3.5709e-01 5.2873e-01
34625.00 2.2528e-04 8.7518e-02 3.4480e-01 5.6746e-01
34875.00 4.3507e-04 7.3320e-02 3.3189e-01 5.9436e-01
#TIME: 204.93
#NVEL 140
#vel_mid[km/s] si0 si1 si2 si3
1125.00 1.6803e-04 8.5463e-01 1.3854e-01 6.6609e-03
2375.00 2.9686e-04 8.4253e-01 1.4940e-01 7.7737e-03
3125.00 3.5414e-03 8.7053e-01 1.2065e-01 5.2796e-03
3625.00 1.3531e-01 7.9014e-01 7.2149e-02 2.4020e-03
4125.00 2.7371e-01 6.8825e-01 3.7200e-02 8.3555e-04
4625.00 2.9721e-01 6.7443e-01 2.7853e-02 5.0358e-04
4875.00 3.6259e-01 6.1452e-01 2.2506e-02 3.8641e-04
5375.00 4.0379e-01 5.7430e-01 2.1521e-02 3.8219e-04
5625.00 4.2451e-01 5.5589e-01 1.9271e-02 3.2947e-04
6125.00 4.4609e-01 5.3345e-01 2.0102e-02 3.6235e-04
6375.00 4.6973e-01 5.1196e-01 1.7995e-02 3.1123e-04
6625.00 4.7253e-01 5.0953e-01 1.7639e-02 3.0116e-04
6875.00 4.9478e-01 4.8759e-01 1.7337e-02 2.9749e-04
7125.00 4.8970e-01 4.9345e-01 1.6564e-02 2.8380e-04
7625.00 4.5358e-01 5.2590e-01 2.0147e-02 3.7963e-04
7875.00 4.3102e-01 5.4805e-01 2.0540e-02 3.9216e-04
8125.00 4.7051e-01 5.1000e-01 1.9124e-02 3.6240e-04
8375.00 4.5113e-01 5.2882e-01 1.9686e-02 3.6584e-04
8625.00 3.6596e-01 6.1261e-01 2.1062e-02 3.7025e-04
8875.00 3.7338e-01 6.0545e-01 2.0787e-02 3.8991e-04
9125.00 4.1964e-01 5.5873e-01 2.1210e-02 4.1692e-04
9375.00 3.7738e-01 5.9869e-01 2.3469e-02 4.6190e-04
9625.00 1.9498e-01 7.7970e-01 2.4878e-02 4.4219e-04
9875.00 3.4050e-01 6.3395e-01 2.5050e-02 5.0443e-04
10125.00 1.0091e-01 8.7130e-01 2.7320e-02 4.6893e-04
10375.00 2.5426e-01 7.1747e-01 2.7704e-02 5.6612e-04
10625.00 2.2850e-01 7.3939e-01 3.1477e-02 6.3205e-04
10875.00 1.7335e-01 7.9362e-01 3.2355e-02 6.6976e-04
11125.00 1.2245e-01 8.4188e-01 3.4984e-02 6.9127e-04
11375.00 9.3504e-02 8.6995e-01 3.5826e-02 7.2318e-04
11625.00 8.1319e-03 9.4953e-01 4.1539e-02 7.9577e-04
11875.00 3.7295e-02 9.2359e-01 3.8360e-02 7.5866e-04
12125.00 1.9832e-02 9.3898e-01 4.0335e-02 8.5530e-04
12375.00 1.2374e-02 9.4498e-01 4.1731e-02 9.1488e-04
12625.00 2.1169e-03 9.5146e-01 4.5243e-02 1.1758e-03
12875.00 3.3276e-03 9.4314e-01 5.2318e-02 1.2136e-03
13125.00 2.3818e-03 9.3714e-01 5.9023e-02 1.4515e-03
13375.00 1.6754e-03 9.4237e-01 5.4588e-02 1.3648e-03
13625.00 1.7318e-03 9.4784e-01 4.9186e-02 1.2451e-03
13875.00 1.0031e-03 9.2939e-01 6.7832e-02 1.7704e-03
14125.00 1.0392e-03 9.2787e-01 6.9145e-02 1.9472e-03
14375.00 7.1149e-04 9.2523e-01 7.1900e-02 2.1624e-03
14625.00 9.3169e-04 9.1804e-01 7.8732e-02 2.2917e-03
14875.00 3.9750e-04 9.2238e-01 7.4841e-02 2.3833e-03
15125.00 4.7281e-04 9.1833e-01 7.2759e-02 8.4349e-03
15375.00 3.7649e-04 8.9734e-01 9.8719e-02 3.5617e-03
15625.00 4.8811e-04 8.6575e-01 1.2296e-01 1.0806e-02
15875.00 3.6313e-04 9.1151e-01 8.4813e-02 3.3137e-03
16125.00 5.2836e-04 8.9791e-01 9.7541e-02 4.0200e-03
16375.00 3.9423e-04 8.9973e-01 9.5758e-02 4.1133e-03
16625.00 4.0637e-04 8.5909e-01 1.2074e-01 1.9758e-02
16875.00 4.0741e-04 9.0464e-01 9.0859e-02 4.0954e-03
17125.00 3.3813e-04 9.0168e-01 9.2703e-02 5.2753e-03
17375.00 4.5590e-04 8.7252e-01 1.1559e-01 1.1430e-02
17625.00 7.2996e-04 9.2800e-01 6.4409e-02 6.8638e-03
17875.00 5.3591e-04 8.6606e-01 1.2257e-01 1.0833e-02
18125.00 5.6328e-04 9.0209e-01 9.2267e-02 5.0766e-03
18375.00 6.8180e-04 8.9500e-01 9.6142e-02 8.1721e-03
18625.00 4.5955e-04 8.8759e-01 9.7685e-02 1.4268e-02
18875.00 5.9532e-04 8.9268e-01 9.2979e-02 1.3748e-02
19125.00 5.5377e-04 8.7514e-01 1.0756e-01 1.6752e-02
19375.00 8.0496e-04 8.5692e-01 1.1999e-01 2.2285e-02
19625.00 4.6972e-04 8.2972e-01 1.5704e-01 1.2766e-02
19875.00 4.7372e-04 9.0186e-01 9.0381e-02 7.2829e-03
20125.00 4.8274e-04 8.7063e-01 1.1973e-01 9.1562e-03
20375.00 5.3916e-04 8.6376e-01 1.2019e-01 1.5511e-02
20625.00 6.4476e-04 9.1177e-01 7.8459e-02 9.1214e-03
20875.00 9.7351e-04 8.2107e-01 1.6288e-01 1.5076e-02
21125.00 1.1855e-03 9.0640e-01 8.5101e-02 7.3122e-03
21375.00 6.6891e-04 8.7838e-01 1.0453e-01 1.6421e-02
21625.00 6.6216e-04 8.5277e-01 1.2570e-01 2.0868e-02
21875.00 1.0709e-03 9.0374e-01 8.5423e-02 9.7662e-03
22125.00 6.1147e-04 8.4501e-01 1.3163e-01 2.2742e-02
22375.00 1.0510e-03 8.1264e-01 1.6372e-01 2.2587e-02
22625.00 1.2381e-03 8.6970e-01 9.7711e-02 3.1350e-02
22875.00 9.6249e-04 6.4611e-01 2.8780e-01 6.5122e-02
23125.00 8.0152e-04 8.6878e-01 1.1438e-01 1.6035e-02
23375.00 1.0719e-03 8.2621e-01 1.4740e-01 2.5323e-02
23625.00 1.2192e-03 7.5476e-01 2.0494e-01 3.9087e-02
23875.00 1.2874e-03 8.3994e-01 1.3490e-01 2.3866e-02
24125.00 8.7917e-04 8.1080e-01 1.4818e-01 4.0141e-02
24375.00 1.3328e-03 7.4093e-01 2.1317e-01 4.4561e-02
24625.00 3.0079e-03 8.2929e-01 1.4147e-01 2.6231e-02
24875.00 9.3642e-04 7.2419e-01 2.2744e-01 4.7433e-02
25125.00 1.1243e-03 8.1552e-01 1.5236e-01 3.0994e-02
25375.00 2.4216e-03 8.0609e-01 1.5753e-01 3.3966e-02
25625.00 8.6378e-04 8.0819e-01 1.5731e-01 3.3637e-02
25875.00 1.7736e-03 7.7912e-01 1.7526e-01 4.3847e-02
26125.00 1.2367e-03 7.6411e-01 1.8743e-01 4.7221e-02
26375.00 8.1717e-04 7.6687e-01 1.8421e-01 4.8101e-02
26625.00 1.4830e-03 7.0891e-01 2.2568e-01 6.3928e-02
26875.00 1.4097e-03 7.6008e-01 1.8763e-01 5.0876e-02
27125.00 9.6297e-04 5.7840e-01 3.1786e-01 1.0278e-01
27375.00 2.0850e-03 7.3449e-01 2.0218e-01 6.1248e-02
27625.00 2.0559e-03 6.4595e-01 2.6377e-01 8.8215e-02
27875.00 6.7338e-04 7.0345e-01 2.1972e-01 7.6159e-02
28125.00 4.6203e-04 4.0033e-01 3.9767e-01 2.0154e-01
28375.00 2.2881e-03 5.0207e-01 3.4496e-01 1.5067e-01
28625.00 1.1623e-03 5.2099e-01 3.3797e-01 1.3988e-01
28875.00 1.8421e-03 4.8598e-01 3.5012e-01 1.6207e-01
29125.00 2.6218e-03 5.7271e-01 2.8714e-01 1.3753e-01
29375.00 3.5796e-04 5.3480e-01 3.1015e-01 1.5469e-01
29625.00 1.2100e-03 6.0459e-01 2.6507e-01 1.2913e-01
29875.00 1.0029e-03 4.4783e-01 3.6660e-01 1.8456e-01
30125.00 1.5596e-03 3.5078e-01 3.1669e-01 3.3097e-01
30375.00 2.2147e-04 1.0292e-01 4.3540e-01 4.6146e-01
30625.00 2.3841e-03 5.4639e-01 2.8626e-01 1.6496e-01
30875.00 1.5298e-03 4.4661e-01 3.0939e-01 2.4247e-01
31125.00 2.4565e-03 5.0855e-01 3.0815e-01 1.8084e-01
31375.00 1.6739e-04 1.3776e-01 4.0759e-01 4.5448e-01
31625.00 5.5911e-04 2.1504e-01 4.1110e-01 3.7331e-01
31875.00 7.4906e-04 4.3972e-01 3.2422e-01 2.3531e-01
32125.00 3.7054e-04 1.8513e-01 4.0672e-01 4.0778e-01
32375.00 1.7378e-04 6.0285e-02 4.6381e-01 4.7573e-01
32625.00 1.4931e-03 4.3937e-01 3.2850e-01 2.3064e-01
32875.00 1.8044e-03 4.1522e-01 3.3377e-01 2.4921e-01
33125.00 8.4596e-04 1.6838e-01 3.7377e-01 4.5701e-01
33375.00 1.1048e-04 1.4631e-01 3.7203e-01 4.8155e-01
33625.00 7.3210e-05 2.8088e-01 3.5775e-01 3.6130e-01
33875.00 9.1438e-04 1.5533e-01 3.7752e-01 4.6624e-01
34125.00 1.0870e-03 1.7485e-01 3.6080e-01 4.6326e-01
34375.00 6.3605e-04 1.2067e-01 3.5916e-01 5.1953e-01
34625.00 1.6661e-04 1.0261e-01 3.4642e-01 5.5081e-01
34875.00 1.4585e-05 7.6968e-02 3.3546e-01 5.8756e-01
#TIME: 207.87
#NVEL 140
#vel_mid[km/s] si0 si1 si2 si3
1125.00 1.6500e-04 8.5491e-01 1.3829e-01 6.6369e-03
2375.00 3.1669e-04 8.4198e-01 1.4987e-01 7.8359e-03
3125.00 3.7412e-03 8.7033e-01 1.2065e-01 5.2755e-03
3625.00 1.3901e-01 7.8748e-01 7.1139e-02 2.3696e-03
4125.00 2.8880e-01 6.7396e-01 3.6415e-02 8.2373e-04
4625.00 3.0894e-01 6.6348e-01 2.7090e-02 4.8936e-04
4875.00 3.7568e-01 6.0167e-01 2.2264e-02 3.8402e-04
5375.00 4.1212e-01 5.6637e-01 2.1140e-02 3.7479e-04
5625.00 4.4985e-01 5.3166e-01 1.8195e-02 3.0011e-04
6125.00 4.4649e-01 5.3315e-01 2.0001e-02 3.5720e-04
6375.00 4.6987e-01 5.1120e-01 1.8592e-02 3.2886e-04
6625.00 4.9785e-01 4.8498e-01 1.6884e-02 2.9278e-04
6875.00 4.9540e-01 4.8659e-01 1.7704e-02 3.1362e-04
7125.00 5.1607e-01 4.6804e-01 1.5610e-02 2.7147e-04
7625.00 4.5671e-01 5.2268e-01 2.0220e-02 3.8102e-04
7875.00 4.5564e-01 5.2455e-01 1.9447e-02 3.5424e-04
8125.00 4.8045e-01 5.0056e-01 1.8635e-02 3.5305e-04
8375.00 4.7120e-01 5.0955e-01 1.8900e-02 3.5340e-04
8625.00 3.7211e-01 6.0744e-01 2.0099e-02 3.5509e-04
8875.00 3.8683e-01 5.9196e-01 2.0820e-02 3.9236e-04
9125.00 4.1963e-01 5.5808e-01 2.1851e-02 4.3809e-04
9375.00 4.2226e-01 5.5579e-01 2.1527e-02 4.2033e-04
9625.00 1.8972e-01 7.8325e-01 2.6556e-02 4.7071e-04
9875.00 3.4000e-01 6.3457e-01 2.4914e-02 5.0996e-04
10125.00 1.0042e-01 8.7083e-01 2.8266e-02 4.8229e-04
10375.00 2.6429e-01 7.0802e-01 2.7124e-02 5.5931e-04
10625.00 2.3474e-01 7.3360e-01 3.1012e-02 6.5314e-04
10875.00 1.6972e-01 7.9892e-01 3.0762e-02 5.9724e-04
11125.00 1.3102e-01 8.3571e-01 3.2593e-02 6.6985e-04
11375.00 9.2828e-02 8.7113e-01 3.5301e-02 7.4008e-04
11625.00 8.1164e-03 9.4671e-01 4.4196e-02 9.8205e-04
11875.00 3.7345e-02 9.2490e-01 3.6959e-02 7.9186e-04
12125.00 1.8720e-02 9.3879e-01 4.1612e-02 8.7566e-04
12375.00 1.1365e-02 9.4577e-01 4.2004e-02 8.6571e-04
12625.00 2.1047e-03 9.4902e-01 4.7873e-02 1.0030e-03
12875.00 2.8327e-03 9.4924e-01 4.6904e-02 1.0266e-03
13125.00 2.1934e-03 9.3996e-01 5.6205e-02 1.6436e-03
13375.00 1.6565e-03 9.4152e-01 5.5505e-02 1.3224e-03
13625.00 1.4590e-03 9.4467e-01 5.2491e-02 1.3806e-03
13875.00 9.3466e-04 9.2074e-01 7.6362e-02 1.9594e-03
14125.00 7.6943e-04 9.3214e-01 6.5264e-02 1.8236e-03
14375.00 7.2283e-04 9.2112e-01 7.5918e-02 2.2397e-03
14625.00 7.0949e-04 9.2613e-01 7.0996e-02 2.1650e-03
14875.00 5.1641e-04 9.3269e-01 6.4732e-02 2.0623e-03
15125.00 3.6612e-04 8.6595e-01 1.2961e-01 4.0787e-03
15375.00 3.5937e-04 9.1948e-01 7.7315e-02 2.8464e-03
15625.00 4.2737e-04 8.8892e-01 1.0052e-01 1.0129e-02
15875.00 3.2414e-04 9.1442e-01 8.2050e-02 3.2016e-03
16125.00 4.6494e-04 9.0438e-01 9.1434e-02 3.7171e-03
16375.00 4.2819e-04 9.0502e-01 9.0676e-02 3.8720e-03
16625.00 4.5848e-04 8.6308e-01 1.2148e-01 1.4980e-02
16875.00 4.3902e-04 8.9704e-01 8.8723e-02 1.3796e-02
17125.00 2.8317e-04 9.0789e-01 8.7524e-02 4.3058e-03
17375.00 4.8753e-04 8.6857e-01 1.2010e-01 1.0839e-02
17625.00 3.7788e-04 7.6138e-01 2.2741e-01 1.0825e-02
17875.00 3.8729e-04 8.5829e-01 1.3330e-01 8.0214e-03
18125.00 6.1863e-04 8.3141e-01 1.4697e-01 2.1008e-02
18375.00 5.8113e-04 9.0270e-01 8.7152e-02 9.5641e-03
18625.00 4.2481e-04 8.4245e-01 1.4768e-01 9.4459e-03
18875.00 3.6456e-04 7.9154e-01 1.9490e-01 1.3196e-02
19125.00 5.8766e-04 8.6043e-01 1.2544e-01 1.3543e-02
19375.00 4.8678e-04 7.3923e-01 2.4535e-01 1.4936e-02
19625.00 8.3639e-04 8.9299e-01 9.5279e-02 1.0895e-02
19875.00 1.0037e-03 9.2311e-01 6.8579e-02 7.3060e-03
20125.00 4.6166e-04 8.3082e-01 1.5436e-01 1.4354e-02
20375.00 6.7092e-04 8.6792e-01 1.1931e-01 1.2095e-02
20625.00 6.8157e-04 9.1931e-01 7.1777e-02 8.2278e-03
20875.00 8.2111e-04 8.8174e-01 1.0408e-01 1.3354e-02
21125.00 7.5797e-04 8.8819e-01 1.0123e-01 9.8209e-03
21375.00 4.0949e-04 8.5246e-01 1.3074e-01 1.6390e-02
21625.00 1.2181e-03 7.9352e-01 1.7381e-01 3.1458e-02
21875.00 7.0885e-04 8.6741e-01 1.1215e-01 1.9735e-02
22125.00 8.1998e-04 8.6240e-01 1.1135e-01 2.5429e-02
22375.00 6.7791e-04 8.6430e-01 1.1843e-01 1.6596e-02
22625.00 6.3616e-04 8.5248e-01 1.2693e-01 1.9954e-02
22875.00 1.6417e-03 8.3683e-01 1.4501e-01 1.6519e-02
23125.00 7.7514e-04 8.1227e-01 1.6004e-01 2.6918e-02
23375.00 7.0754e-04 7.6362e-01 2.0207e-01 3.3602e-02
23625.00 1.0619e-03 8.5408e-01 1.2309e-01 2.1769e-02
23875.00 2.3606e-03 8.5271e-01 1.2518e-01 1.9748e-02
24125.00 5.6006e-04 6.7513e-01 2.6860e-01 5.5709e-02
24375.00 1.8931e-03 8.0846e-01 1.5742e-01 3.2228e-02
24625.00 9.3994e-04 8.3258e-01 1.4054e-01 2.5938e-02
24875.00 1.3971e-03 7.2231e-01 2.3147e-01 4.4828e-02
25125.00 1.1806e-03 8.1482e-01 1.5268e-01 3.1313e-02
25375.00 1.4884e-03 8.0668e-01 1.5799e-01 3.3845e-02
25625.00 1.1252e-03 4.8337e-01 3.9864e-01 1.1687e-01
25875.00 1.5413e-03 7.5887e-01 1.8766e-01 5.1929e-02
26125.00 7.3007e-04 7.7910e-01 1.7395e-01 4.6222e-02
26375.00 9.9777e-04 7.4846e-01 1.9488e-01 5.5660e-02
26625.00 1.1374e-03 5.8587e-01 3.0253e-01 1.1046e-01
26875.00 2.4174e-03 7.4972e-01 1.9306e-01 5.4800e-02
27125.00 1.3998e-03 7.4728e-01 1.9519e-01 5.6135e-02
27375.00 2.9530e-03 7.2477e-01 2.0716e-01 6.5119e-02
27625.00 2.6416e-03 7.2855e-01 2.0483e-01 6.3986e-02
27875.00 1.6147e-03 6.6753e-01 2.3535e-01 9.5503e-02
28125.00 1.1245e-03 6.0881e-01 2.6038e-01 1.2969e-01
28375.00 3.1755e-04 1.7408e-01 5.8163e-01 2.4398e-01
28625.00 9.1036e-04 6.6281e-01 2.4046e-01 9.5819e-02
28875.00 1.2366e-03 6.1245e-01 2.6010e-01 1.2621e-01
29125.00 1.2189e-03 4.3640e-01 3.0541e-01 2.5697e-01
29375.00 1.8943e-03 4.2572e-01 3.9744e-01 1.7494e-01
29625.00 3.1311e-04 3.3647e-01 3.7515e-01 2.8807e-01
29875.00 3.0733e-04 3.9513e-01 3.1492e-01 2.8965e-01
30125.00 1.2795e-03 4.0589e-01 3.1057e-01 2.8226e-01
30375.00 3.1377e-04 5.7173e-01 2.7848e-01 1.4947e-01
30625.00 6.0318e-04 5.5665e-01 2.8351e-01 1.5924e-01
30875.00 5.5826e-04 5.4005e-01 2.8989e-01 1.6950e-01
31125.00 2.1352e-04 2.7790e-01 3.9909e-01 3.2279e-01
31375.00 4.0197e-04 3.9177e-01 3.6023e-01 2.4760e-01
31625.00 1.5036e-04 3.2120e-01 3.7540e-01 3.0325e-01
31875.00 1.1255e-03 4.4468e-01 3.2202e-01 2.3217e-01
32125.00 1.7059e-03 3.4308e-01 3.6542e-01 2.8979e-01
32375.00 3.6222e-04 2.8371e-01 3.7893e-01 3.3700e-01
32625.00 4.1603e-04 2.5886e-01 3.7781e-01 3.6292e-01
32875.00 2.7492e-04 3.2982e-01 3.5410e-01 3.1581e-01
33125.00 1.5311e-03 3.5872e-01 3.5306e-01 2.8669e-01
33375.00 3.0748e-04 4.4849e-02 5.0743e-01 4.4741e-01
33625.00 1.0047e-04 4.7454e-02 4.3301e-01 5.1944e-01
33875.00 1.3078e-03 1.7410e-01 3.7333e-01 4.5126e-01
34125.00 1.1497e-03 1.4165e-01 3.6663e-01 4.9057e-01
34375.00 9.1575e-04 1.1319e-01 3.6351e-01 5.2238e-01
34625.00 2.4304e-04 9.4343e-02 3.5019e-01 5.5522e-01
34875.00 6.5841e-04 8.1148e-02 3.3749e-01 5.8070e-01
#TIME: 210.86
#NVEL 140
#vel_mid[km/s] si0 si1 si2 si3
1125.00 1.7253e-04 8.5459e-01 1.3859e-01 6.6461e-03
2375.00 3.2815e-04 8.4249e-01 1.4938e-01 7.7988e-03
3125.00 4.0575e-03 8.7012e-01 1.2054e-01 5.2760e-03
3625.00 1.4349e-01 7.8327e-01 7.0876e-02 2.3707e-03
4125.00 2.9380e-01 6.6976e-01 3.5646e-02 8.0227e-04
4625.00 3.1472e-01 6.5786e-01 2.6938e-02 4.8120e-04
4875.00 3.8698e-01 5.9110e-01 2.1547e-02 3.7161e-04
5375.00 4.1669e-01 5.6229e-01 2.0657e-02 3.6211e-04
5625.00 4.5922e-01 5.2205e-01 1.8415e-02 3.1566e-04
6125.00 4.6636e-01 5.1486e-01 1.8468e-02 3.1953e-04
6375.00 4.7194e-01 5.0920e-01 1.8531e-02 3.2662e-04
6625.00 5.0665e-01 4.7665e-01 1.6420e-02 2.8371e-04
6875.00 4.9348e-01 4.8871e-01 1.7494e-02 3.1530e-04
7125.00 5.0455e-01 4.7892e-01 1.6230e-02 2.9359e-04
7625.00 4.7642e-01 5.0423e-01 1.9006e-02 3.4248e-04
7875.00 4.5736e-01 5.2256e-01 1.9719e-02 3.6954e-04
8125.00 4.7631e-01 5.0411e-01 1.9199e-02 3.7323e-04
8375.00 4.7324e-01 5.0699e-01 1.9393e-02 3.7516e-04
8625.00 3.7936e-01 6.0005e-01 2.0240e-02 3.5255e-04
8875.00 3.8033e-01 5.9853e-01 2.0753e-02 3.8475e-04
9125.00 4.3130e-01 5.4765e-01 2.0665e-02 3.9017e-04
9375.00 4.1980e-01 5.5718e-01 2.2550e-02 4.6465e-04
9625.00 2.1194e-01 7.6339e-01 2.4240e-02 4.3078e-04
9875.00 3.5515e-01 6.1959e-01 2.4760e-02 4.9625e-04
10125.00 9.3683e-02 8.7821e-01 2.7634e-02 4.6842e-04
10375.00 2.6173e-01 7.1079e-01 2.6960e-02 5.2556e-04
10625.00 2.3777e-01 7.3264e-01 2.8989e-02 5.9936e-04
10875.00 1.9683e-01 7.7226e-01 3.0294e-02 6.2120e-04
11125.00 1.2845e-01 8.3784e-01 3.3040e-02 6.7079e-04
11375.00 9.9334e-02 8.6525e-01 3.4699e-02 7.1911e-04
11625.00 7.2306e-03 9.4534e-01 4.6564e-02 8.7031e-04
11875.00 3.2042e-02 9.2715e-01 4.0040e-02 7.6661e-04
12125.00 1.5121e-02 9.4465e-01 3.9411e-02 8.2236e-04
12375.00 8.9611e-03 9.4086e-01 4.9183e-02 1.0003e-03
12625.00 1.9014e-03 9.4750e-01 4.9522e-02 1.0810e-03
12875.00 2.4072e-03 9.4395e-01 5.2502e-02 1.1429e-03
13125.00 2.1597e-03 9.3865e-01 5.7886e-02 1.3007e-03
13375.00 1.4017e-03 9.3790e-01 5.9246e-02 1.4493e-03
13625.00 1.9637e-03 9.2748e-01 6.8816e-02 1.7394e-03
13875.00 8.5970e-04 9.3060e-01 6.6761e-02 1.7756e-03
14125.00 9.3059e-04 9.3371e-01 6.2949e-02 2.4088e-03
14375.00 7.7293e-04 9.3220e-01 6.5093e-02 1.9364e-03
14625.00 6.9892e-04 9.1538e-01 8.1483e-02 2.4405e-03
14875.00 5.3054e-04 9.2041e-01 7.6651e-02 2.4081e-03
15125.00 4.7798e-04 9.2476e-01 7.2256e-02 2.5029e-03
15375.00 5.1501e-04 9.2349e-01 7.0497e-02 5.4935e-03
15625.00 4.8527e-04 9.0372e-01 8.4215e-02 1.1577e-02
15875.00 4.2445e-04 9.1488e-01 8.1535e-02 3.1603e-03
16125.00 5.6147e-04 8.9003e-01 1.0539e-01 4.0230e-03
16375.00 4.7276e-04 8.9520e-01 1.0013e-01 4.2004e-03
16625.00 4.2082e-04 8.4708e-01 1.3369e-01 1.8810e-02
16875.00 5.1493e-04 8.4968e-01 1.4343e-01 6.3793e-03
17125.00 4.6862e-04 8.6122e-01 1.2760e-01 1.0709e-02
17375.00 4.5728e-04 8.7152e-01 1.1744e-01 1.0579e-02
17625.00 4.5036e-04 8.7140e-01 1.2149e-01 6.6618e-03
17875.00 3.8947e-04 7.8944e-01 1.9945e-01 1.0719e-02
18125.00 6.0180e-04 8.5497e-01 1.3007e-01 1.4360e-02
18375.00 5.4578e-04 9.0752e-01 8.4436e-02 7.4990e-03
18625.00 5.0795e-04 8.4589e-01 1.4013e-01 1.3480e-02
18875.00 6.1094e-04 8.5598e-01 1.3214e-01 1.1268e-02
19125.00 5.6540e-04 8.9194e-01 9.8582e-02 8.9112e-03
19375.00 4.9223e-04 8.9297e-01 9.8331e-02 8.2102e-03
19625.00 8.3496e-04 8.5084e-01 1.3343e-01 1.4894e-02
19875.00 7.0668e-04 8.5612e-01 1.2960e-01 1.3573e-02
20125.00 5.9016e-04 8.9931e-01 9.1620e-02 8.4765e-03
20375.00 8.0204e-04 8.5512e-01 1.3201e-01 1.2069e-02
20625.00 6.3640e-04 8.3200e-01 1.4863e-01 1.8728e-02
20875.00 7.3999e-04 8.1337e-01 1.6437e-01 2.1520e-02
21125.00 6.7206e-04 9.0177e-01 8.9288e-02 8.2715e-03
21375.00 4.2564e-04 8.6275e-01 1.2397e-01 1.2856e-02
21625.00 1.1631e-03 7.9921e-01 1.7296e-01 2.6670e-02
21875.00 7.1708e-04 8.9742e-01 9.2348e-02 9.5197e-03
22125.00 6.4825e-04 8.9505e-01 9.4263e-02 1.0034e-02
22375.00 9.5355e-04 8.8511e-01 1.0206e-01 1.1884e-02
22625.00 8.0729e-04 8.2574e-01 1.5349e-01 1.9966e-02
22875.00 2.1075e-03 8.6474e-01 1.1635e-01 1.6798e-02
23125.00 9.4843e-04 7.6266e-01 2.0798e-01 2.8406e-02
23375.00 7.8984e-04 8.6261e-01 1.1904e-01 1.7563e-02
23625.00 8.8839e-04 8.0571e-01 1.6586e-01 2.7545e-02
23875.00 1.0585e-03 8.0385e-01 1.6754e-01 2.7551e-02
24125.00 1.1253e-03 8.4710e-01 1.3020e-01 2.1583e-02
24375.00 1.0801e-03 8.4797e-01 1.2928e-01 2.1666e-02
24625.00 2.1717e-03 8.3279e-01 1.3945e-01 2.5587e-02
24875.00 1.5754e-03 7.9904e-01 1.6275e-01 3.6633e-02
25125.00 1.4027e-03 7.7351e-01 1.7892e-01 4.6168e-02
25375.00 2.0187e-03 8.0787e-01 1.5678e-01 3.3326e-02
25625.00 6.6534e-04 7.1693e-01 2.3149e-01 5.0914e-02
25875.00 1.9020e-03 7.6021e-01 1.8694e-01 5.0942e-02
26125.00 8.5621e-04 7.6596e-01 1.8406e-01 4.9126e-02
26375.00 9.6903e-04 6.4616e-01 2.6377e-01 8.9100e-02
26625.00 1.2199e-03 7.6006e-01 1.8767e-01 5.1046e-02
26875.00 1.3298e-03 7.1645e-01 2.1240e-01 6.9821e-02
27125.00 1.3059e-03 7.3825e-01 2.0055e-01 5.9903e-02
27375.00 5.8641e-04 7.2704e-01 2.0729e-01 6.5085e-02
27625.00 9.6166e-04 7.1600e-01 2.1323e-01 6.9810e-02
27875.00 1.4712e-03 6.5395e-01 2.5845e-01 8.6133e-02
28125.00 7.3771e-04 6.0802e-01 2.6358e-01 1.2767e-01
28375.00 1.9248e-03 6.9549e-01 2.2379e-01 7.8794e-02
28625.00 4.8375e-04 6.6227e-01 2.4097e-01 9.6281e-02
28875.00 2.1112e-03 6.6948e-01 2.3636e-01 9.2053e-02
29125.00 1.7768e-03 6.4506e-01 2.4801e-01 1.0516e-01
29375.00 2.4391e-03 5.9634e-01 2.6752e-01 1.3370e-01
29625.00 1.1486e-03 6.2852e-01 2.5577e-01 1.1455e-01
29875.00 4.4620e-04 6.1553e-01 2.6125e-01 1.2277e-01
30125.00 1.9249e-03 4.9018e-01 2.9701e-01 2.1088e-01
30375.00 1.8838e-03 5.5886e-01 2.8240e-01 1.5685e-01
30625.00 1.2049e-03 5.4112e-01 2.8893e-01 1.6875e-01
30875.00 5.9003e-04 5.3660e-01 2.9003e-01 1.7278e-01
31125.00 1.0797e-03 5.1759e-01 2.9624e-01 1.8509e-01
31375.00 5.8403e-04 4.9341e-01 3.0525e-01 2.0075e-01
31625.00 4.4330e-04 4.7127e-01 3.1204e-01 2.1624e-01
31875.00 1.5929e-03 4.4305e-01 3.2395e-01 2.3140e-01
32125.00 1.0967e-03 4.1399e-01 3.3056e-01 2.5435e-01
32375.00 3.0606e-04 4.0387e-01 3.3376e-01 2.6206e-01
32625.00 1.7310e-04 2.5300e-01 3.8584e-01 3.6099e-01
32875.00 2.2380e-04 4.1996e-01 3.3380e-01 2.4602e-01
33125.00 7.6471e-04 2.9522e-01 3.6345e-01 3.4056e-01
33375.00 2.7327e-03 3.4139e-01 3.5346e-01 3.0242e-01
33625.00 8.0617e-05 9.9823e-02 3.5375e-01 5.4634e-01
33875.00 2.6983e-04 1.6115e-01 3.7719e-01 4.6139e-01
34125.00 9.8149e-04 1.2227e-01 4.0666e-01 4.7009e-01
34375.00 4.6741e-05 1.2746e-01 3.6505e-01 5.0744e-01
34625.00 7.3453e-05 1.0966e-01 3.5239e-01 5.3788e-01
34875.00 4.3607e-04 8.5782e-02 3.4037e-01 5.7341e-01
#TIME: 213.89
#NVEL 140
#vel_mid[km/s] si0 si1 si2 si3
1125.00 1.7481e-04 8.5659e-01 1.3665e-01 6.5793e-03
2375.00 3.2409e-04 8.4328e-01 1.4862e-01 7.7766e-03
3125.00 4.3111e-03 8.7036e-01 1.2007e-01 5.2560e-03
3625.00 1.4993e-01 7.7783e-01 6.9893e-02 2.3422e-03
4125.00 3.0268e-01 6.6131e-01 3.5220e-02 7.9189e-04
4625.00 3.2652e-01 6.4691e-01 2.6097e-02 4.6947e-04
4875.00 4.0879e-01 5.7077e-01 2.0110e-02 3.3457e-04
5375.00 4.3151e-01 5.4873e-01 1.9431e-02 3.2848e-04
5625.00 4.6326e-01 5.1821e-01 1.8216e-02 3.1030e-04
6125.00 4.8036e-01 5.0149e-01 1.7837e-02 3.0913e-04
6375.00 4.8972e-01 4.9316e-01 1.6842e-02 2.8569e-04
6625.00 5.0926e-01 4.7338e-01 1.7057e-02 3.0412e-04
6875.00 5.0895e-01 4.7465e-01 1.6127e-02 2.7252e-04
7125.00 5.0351e-01 4.8006e-01 1.6154e-02 2.8257e-04
7625.00 4.8971e-01 4.9178e-01 1.8181e-02 3.2870e-04
7875.00 4.6182e-01 5.1958e-01 1.8272e-02 3.3374e-04
8125.00 4.9496e-01 4.8674e-01 1.7964e-02 3.3618e-04
8375.00 4.7374e-01 5.0658e-01 1.9311e-02 3.6807e-04
8625.00 3.8585e-01 5.9406e-01 1.9745e-02 3.4388e-04
8875.00 3.8808e-01 5.9135e-01 2.0202e-02 3.7141e-04
9125.00 4.3931e-01 5.3909e-01 2.1188e-02 4.1302e-04
9375.00 3.9650e-01 5.8094e-01 2.2125e-02 4.2917e-04
9625.00 2.0223e-01 7.7153e-01 2.5784e-02 4.5327e-04
9875.00 3.5492e-01 6.2068e-01 2.3925e-02 4.7245e-04
10125.00 9.6313e-02 8.7518e-01 2.8036e-02 4.7026e-04
10375.00 2.7314e-01 6.9891e-01 2.7415e-02 5.3871e-04
10625.00 2.4011e-01 7.3156e-01 2.7757e-02 5.6798e-04
10875.00 1.7516e-01 7.9476e-01 2.9526e-02 5.6135e-04
11125.00 1.2609e-01 8.4036e-01 3.2881e-02 6.6095e-04
11375.00 8.9147e-02 8.7802e-01 3.2244e-02 5.9207e-04
11625.00 7.1673e-03 9.4690e-01 4.4980e-02 9.5332e-04
11875.00 2.6754e-02 9.3208e-01 4.0370e-02 7.9671e-04
12125.00 1.4246e-02 9.4743e-01 3.7594e-02 7.3226e-04
12375.00 8.9911e-03 9.4783e-01 4.2294e-02 8.8378e-04
12625.00 1.6853e-03 9.5213e-01 4.5210e-02 9.7739e-04
12875.00 2.7597e-03 9.4879e-01 4.7369e-02 1.0768e-03
13125.00 2.1679e-03 9.4599e-01 5.0656e-02 1.1879e-03
13375.00 1.2090e-03 9.3426e-01 6.3011e-02 1.5222e-03
13625.00 1.5748e-03 9.2586e-01 7.0899e-02 1.6711e-03
13875.00 9.7496e-04 9.3705e-01 6.0369e-02 1.6014e-03
14125.00 8.8828e-04 9.2569e-01 7.1471e-02 1.9514e-03
14375.00 7.4996e-04 9.2162e-01 7.5541e-02 2.0896e-03
14625.00 6.3949e-04 9.3390e-01 6.3561e-02 1.8965e-03
14875.00 5.4056e-04 9.2695e-01 7.0261e-02 2.2507e-03
15125.00 4.8447e-04 9.2655e-01 7.0781e-02 2.1855e-03
15375.00 4.5815e-04 8.9419e-01 1.0191e-01 3.4428e-03
15625.00 6.2121e-04 8.9110e-01 1.0463e-01 3.6506e-03
15875.00 4.6746e-04 9.1501e-01 8.1387e-02 3.1337e-03
16125.00 5.2350e-04 9.1201e-01 8.3995e-02 3.4753e-03
16375.00 4.7006e-04 9.0359e-01 9.2109e-02 3.8320e-03
16625.00 3.5478e-04 8.3873e-01 1.5382e-01 7.0977e-03
16875.00 5.1965e-04 9.0412e-01 9.1368e-02 3.9887e-03
17125.00 5.2282e-04 9.0405e-01 8.9118e-02 6.3069e-03
17375.00 3.8211e-04 8.8694e-01 1.0727e-01 5.4045e-03
17625.00 4.4838e-04 8.7155e-01 1.1157e-01 1.6440e-02
17875.00 3.5623e-04 8.6595e-01 1.2648e-01 7.2176e-03
18125.00 4.1563e-04 8.7126e-01 1.2194e-01 6.3794e-03
18375.00 4.6207e-04 8.6059e-01 1.3020e-01 8.7504e-03
18625.00 5.1631e-04 8.4920e-01 1.3093e-01 1.9351e-02
18875.00 7.2423e-04 9.4238e-01 5.1406e-02 5.4896e-03
19125.00 6.9083e-04 9.1813e-01 7.2864e-02 8.3115e-03
19375.00 4.7439e-04 9.0144e-01 9.0251e-02 7.8354e-03
19625.00 6.1663e-04 8.9042e-01 9.8958e-02 1.0008e-02
19875.00 6.8770e-04 8.6510e-01 1.1990e-01 1.4318e-02
20125.00 5.8294e-04 8.9575e-01 9.6609e-02 7.0564e-03
20375.00 1.6288e-03 8.6820e-01 1.1666e-01 1.3503e-02
20625.00 8.1604e-04 9.2039e-01 7.0123e-02 8.6760e-03
20875.00 9.5149e-04 8.2385e-01 1.5411e-01 2.1088e-02
21125.00 1.1050e-03 7.7371e-01 1.9347e-01 3.1715e-02
21375.00 6.2462e-04 8.6415e-01 1.1777e-01 1.7461e-02
21625.00 7.3972e-04 8.7408e-01 1.1297e-01 1.2209e-02
21875.00 6.2184e-04 9.0588e-01 8.3977e-02 9.5237e-03
22125.00 5.2068e-04 8.8033e-01 1.0769e-01 1.1465e-02
22375.00 7.7762e-04 8.4869e-01 1.3420e-01 1.6327e-02
22625.00 8.6463e-04 8.6627e-01 1.1873e-01 1.4140e-02
22875.00 1.0806e-03 8.7859e-01 1.0676e-01 1.3563e-02
23125.00 1.3032e-03 8.6179e-01 1.1677e-01 2.0130e-02
23375.00 1.1260e-03 8.4871e-01 1.2906e-01 2.1101e-02
23625.00 1.3464e-03 7.1894e-01 2.3658e-01 4.3136e-02
23875.00 1.2928e-03 8.5346e-01 1.2606e-01 1.9190e-02
24125.00 9.2704e-04 8.4927e-01 1.2870e-01 2.1108e-02
24375.00 9.5322e-04 7.9797e-01 1.7159e-01 2.9481e-02
24625.00 2.4302e-03 7.9661e-01 1.7104e-01 2.9921e-02
24875.00 1.0433e-03 7.8957e-01 1.7227e-01 3.7111e-02
25125.00 7.3735e-04 7.7847e-01 1.7625e-01 4.4543e-02
25375.00 1.2421e-03 8.0980e-01 1.5600e-01 3.2960e-02
25625.00 6.6379e-04 8.1434e-01 1.5321e-01 3.1786e-02
25875.00 9.9506e-04 5.7859e-01 3.3824e-01 8.2172e-02
26125.00 9.0460e-04 6.4903e-01 2.8084e-01 6.9228e-02
26375.00 8.3248e-04 6.6586e-01 2.5075e-01 8.2559e-02
26625.00 1.2334e-03 7.4866e-01 1.9847e-01 5.1641e-02
26875.00 1.0017e-03 6.6136e-01 2.6156e-01 7.6082e-02
27125.00 6.6932e-04 7.0425e-01 2.2990e-01 6.5186e-02
27375.00 5.9889e-04 7.3804e-01 2.0394e-01 5.7415e-02
27625.00 1.3134e-03 7.1112e-01 2.1661e-01 7.0951e-02
27875.00 1.6970e-03 7.2570e-01 2.0730e-01 6.5305e-02
28125.00 9.7143e-04 7.0371e-01 2.1972e-01 7.5605e-02
28375.00 7.2691e-04 6.8001e-01 2.3250e-01 8.6763e-02
28625.00 5.3897e-04 6.6370e-01 2.4018e-01 9.5582e-02
28875.00 1.0072e-03 4.1728e-01 3.8497e-01 1.9674e-01
29125.00 2.0863e-04 6.3840e-01 2.5195e-01 1.0944e-01
29375.00 6.4860e-04 5.4774e-01 2.8560e-01 1.6601e-01
29625.00 6.4731e-04 6.1051e-01 2.6366e-01 1.2518e-01
29875.00 1.7286e-03 5.9492e-01 2.6902e-01 1.3433e-01
30125.00 1.0341e-03 3.4929e-01 3.9402e-01 2.5566e-01
30375.00 6.1348e-04 5.7407e-01 2.7746e-01 1.4785e-01
30625.00 1.4585e-03 5.5806e-01 2.8267e-01 1.5781e-01
30875.00 1.0721e-03 5.4421e-01 2.8727e-01 1.6744e-01
31125.00 2.6381e-03 5.2784e-01 2.9231e-01 1.7721e-01
31375.00 8.1062e-04 5.0903e-01 2.9873e-01 1.9143e-01
31625.00 1.2615e-03 4.8743e-01 3.0794e-01 2.0337e-01
31875.00 8.6290e-04 4.5627e-01 3.1693e-01 2.2593e-01
32125.00 1.5430e-03 4.2012e-01 3.2780e-01 2.5054e-01
32375.00 1.2159e-03 3.9987e-01 3.3408e-01 2.6484e-01
32625.00 7.2990e-04 4.0308e-01 3.3720e-01 2.5899e-01
32875.00 1.2711e-03 3.3088e-01 3.5421e-01 3.1363e-01
33125.00 3.8780e-04 9.8090e-02 3.9843e-01 5.0309e-01
33375.00 1.0087e-03 2.5155e-01 3.6901e-01 3.7842e-01
33625.00 3.2907e-04 3.0800e-01 3.6132e-01 3.3035e-01
33875.00 4.7961e-04 1.2660e-01 3.9311e-01 4.7980e-01
34125.00 3.9460e-04 4.5993e-02 3.4473e-01 6.0888e-01
34375.00 2.1923e-04 6.0417e-02 4.0950e-01 5.2986e-01
34625.00 1.1943e-04 1.0457e-01 3.5409e-01 5.4122e-01
