#NTIMES: 4
#NSTAGES: 3 
#TIMES[d]: 75.0 100.0 150.0 200.0
#
#TIME: 75.0
#NVEL: 60
#vel_mid[km/s] fe0 fe1 fe2
2.500000e+02   3.23e-06   3.44e-01   6.56e-01
7.500000e+02   2.86e-06   3.23e-01   6.77e-01
1.250000e+03   2.73e-06   3.11e-01   6.89e-01
1.750000e+03   2.95e-06   3.16e-01   6.84e-01
2.250000e+03   3.86e-06   3.50e-01   6.50e-01
2.750000e+03   5.58e-06   4.09e-01   5.91e-01
3.250000e+03   8.16e-06   4.69e-01   5.31e-01
3.750000e+03   1.03e-05   4.89e-01   5.11e-01
4.250000e+03   9.39e-06   4.53e-01   5.47e-01
4.750000e+03   9.35e-01   6.31e-02   1.81e-03
5.250000e+03   9.16e-01   8.10e-02   2.63e-03
5.750000e+03   9.18e-01   7.95e-02   2.59e-03
6.250000e+03   9.23e-01   7.47e-02   2.44e-03
6.750000e+03   9.25e-01   7.30e-02   2.38e-03
7.250000e+03   9.25e-01   7.28e-02   2.39e-03
7.750000e+03   9.23e-01   7.46e-02   2.47e-03
8.250000e+03   9.18e-01   7.89e-02   2.67e-03
8.750000e+03   9.11e-01   8.57e-02   2.98e-03
9.250000e+03   9.05e-01   9.14e-02   3.30e-03
9.750000e+03   9.01e-01   9.56e-02   3.62e-03
1.025000e+04   8.95e-01   1.01e-01   4.04e-03
1.075000e+04   9.09e-01   8.77e-02   3.03e-03
1.125000e+04   9.04e-01   9.24e-02   3.38e-03
1.175000e+04   8.97e-01   9.86e-02   3.88e-03
1.225000e+04   8.90e-01   1.05e-01   4.46e-03
1.275000e+04   8.82e-01   1.12e-01   5.14e-03
1.325000e+04   8.73e-01   1.21e-01   5.97e-03
1.375000e+04   8.64e-01   1.29e-01   6.96e-03
1.425000e+04   8.52e-01   1.40e-01   8.18e-03
1.475000e+04   8.40e-01   1.50e-01   9.64e-03
1.525000e+04   8.28e-01   1.61e-01   1.12e-02
1.575000e+04   8.13e-01   1.74e-01   1.33e-02
1.625000e+04   7.97e-01   1.87e-01   1.58e-02
1.675000e+04   7.79e-01   2.02e-01   1.87e-02
1.725000e+04   7.61e-01   2.17e-01   2.21e-02
1.775000e+04   7.41e-01   2.33e-01   2.61e-02
1.825000e+04   7.19e-01   2.50e-01   3.10e-02
1.875000e+04   6.96e-01   2.67e-01   3.67e-02
1.925000e+04   6.70e-01   2.86e-01   4.39e-02
1.975000e+04   6.43e-01   3.05e-01   5.20e-02
2.025000e+04   6.14e-01   3.24e-01   6.17e-02
2.075000e+04   5.83e-01   3.44e-01   7.30e-02
2.125000e+04   5.51e-01   3.63e-01   8.63e-02
2.175000e+04   5.16e-01   3.82e-01   1.02e-01
2.225000e+04   4.80e-01   4.00e-01   1.20e-01
2.275000e+04   4.43e-01   4.16e-01   1.41e-01
2.325000e+04   4.04e-01   4.31e-01   1.66e-01
2.375000e+04   3.64e-01   4.43e-01   1.93e-01
2.425000e+04   3.28e-01   4.51e-01   2.22e-01
2.475000e+04   2.94e-01   4.55e-01   2.51e-01
2.525000e+04   2.60e-01   4.55e-01   2.85e-01
2.575000e+04   2.25e-01   4.51e-01   3.23e-01
2.625000e+04   1.93e-01   4.43e-01   3.64e-01
2.675000e+04   1.66e-01   4.31e-01   4.04e-01
2.725000e+04   1.41e-01   4.14e-01   4.44e-01
2.775000e+04   1.21e-01   3.95e-01   4.84e-01
2.825000e+04   1.06e-01   3.73e-01   5.22e-01
2.875000e+04   9.54e-02   3.47e-01   5.57e-01
2.925000e+04   8.89e-02   3.21e-01   5.90e-01
2.975000e+04   8.65e-02   2.95e-01   6.19e-01
#TIME: 100.0
#NVEL: 60
#vel_mid[km/s] fe0 fe1 fe2
2.500000e+02   6.23e-06   3.24e-01   6.76e-01
7.500000e+02   5.57e-06   3.04e-01   6.96e-01
1.250000e+03   5.40e-06   2.91e-01   7.09e-01
1.750000e+03   6.07e-06   2.94e-01   7.06e-01
2.250000e+03   8.12e-06   3.24e-01   6.76e-01
2.750000e+03   1.23e-05   3.79e-01   6.21e-01
3.250000e+03   1.92e-05   4.35e-01   5.65e-01
3.750000e+03   2.48e-05   4.51e-01   5.49e-01
4.250000e+03   2.08e-05   4.10e-01   5.90e-01
4.750000e+03   9.16e-01   8.15e-02   2.78e-03
5.250000e+03   9.17e-01   8.01e-02   2.58e-03
5.750000e+03   9.01e-01   9.50e-02   3.61e-03
6.250000e+03   9.01e-01   9.54e-02   3.61e-03
6.750000e+03   9.00e-01   9.58e-02   3.64e-03
7.250000e+03   8.99e-01   9.73e-02   3.76e-03
7.750000e+03   8.96e-01   9.96e-02   3.95e-03
8.250000e+03   8.93e-01   1.03e-01   4.23e-03
8.750000e+03   9.09e-01   8.75e-02   3.00e-03
9.250000e+03   9.05e-01   9.14e-02   3.30e-03
9.750000e+03   9.00e-01   9.59e-02   3.65e-03
1.025000e+04   8.95e-01   1.01e-01   4.07e-03
1.075000e+04   8.88e-01   1.07e-01   4.62e-03
1.125000e+04   8.81e-01   1.13e-01   5.22e-03
1.175000e+04   8.74e-01   1.21e-01   5.95e-03
1.225000e+04   8.65e-01   1.28e-01   6.80e-03
1.275000e+04   8.55e-01   1.37e-01   7.85e-03
1.325000e+04   8.44e-01   1.47e-01   9.11e-03
1.375000e+04   8.33e-01   1.57e-01   1.05e-02
1.425000e+04   8.19e-01   1.69e-01   1.24e-02
1.475000e+04   8.05e-01   1.80e-01   1.45e-02
1.525000e+04   7.90e-01   1.93e-01   1.69e-02
1.575000e+04   7.74e-01   2.06e-01   1.97e-02
1.625000e+04   7.56e-01   2.21e-01   2.34e-02
1.675000e+04   7.38e-01   2.35e-01   2.72e-02
1.725000e+04   7.17e-01   2.51e-01   3.21e-02
1.775000e+04   6.95e-01   2.67e-01   3.78e-02
1.825000e+04   6.71e-01   2.84e-01   4.45e-02
1.875000e+04   6.45e-01   3.03e-01   5.27e-02
1.925000e+04   6.17e-01   3.21e-01   6.21e-02
1.975000e+04   5.87e-01   3.40e-01   7.34e-02
2.025000e+04   5.55e-01   3.59e-01   8.65e-02
2.075000e+04   5.20e-01   3.78e-01   1.02e-01
2.125000e+04   4.84e-01   3.96e-01   1.20e-01
2.175000e+04   4.46e-01   4.13e-01   1.42e-01
2.225000e+04   4.09e-01   4.27e-01   1.65e-01
2.275000e+04   3.69e-01   4.39e-01   1.92e-01
2.325000e+04   3.30e-01   4.48e-01   2.22e-01
2.375000e+04   2.98e-01   4.53e-01   2.50e-01
2.425000e+04   2.63e-01   4.54e-01   2.83e-01
2.475000e+04   2.26e-01   4.51e-01   3.23e-01
2.525000e+04   1.94e-01   4.43e-01   3.63e-01
2.575000e+04   1.65e-01   4.32e-01   4.03e-01
2.625000e+04   1.40e-01   4.16e-01   4.44e-01
2.675000e+04   1.18e-01   3.98e-01   4.85e-01
2.725000e+04   9.89e-02   3.76e-01   5.25e-01
2.775000e+04   8.36e-02   3.53e-01   5.64e-01
2.825000e+04   7.44e-02   3.29e-01   5.96e-01
2.875000e+04   6.83e-02   3.02e-01   6.30e-01
2.925000e+04   6.57e-02   2.78e-01   6.57e-01
2.975000e+04   6.88e-02   2.51e-01   6.80e-01
#TIME: 150.0
#NVEL: 60
#vel_mid[km/s] fe0 fe1 fe2
2.500000e+02   2.93e-05   3.23e-01   6.77e-01
7.500000e+02   2.65e-05   3.01e-01   6.99e-01
1.250000e+03   2.64e-05   2.85e-01   7.15e-01
1.750000e+03   2.95e-05   2.84e-01   7.16e-01
2.250000e+03   3.89e-05   3.08e-01   6.92e-01
2.750000e+03   5.57e-05   3.55e-01   6.45e-01
3.250000e+03   7.93e-05   4.07e-01   5.93e-01
3.750000e+03   9.58e-05   4.23e-01   5.77e-01
4.250000e+03   5.46e-05   3.91e-01   6.09e-01
4.750000e+03   9.05e-01   9.16e-02   3.32e-03
5.250000e+03   9.09e-01   8.75e-02   3.01e-03
5.750000e+03   9.12e-01   8.51e-02   2.83e-03
6.250000e+03   9.13e-01   8.44e-02   2.80e-03
6.750000e+03   8.92e-01   1.04e-01   4.33e-03
7.250000e+03   8.91e-01   1.04e-01   4.43e-03
7.750000e+03   8.88e-01   1.07e-01   4.68e-03
8.250000e+03   8.86e-01   1.09e-01   4.94e-03
8.750000e+03   8.82e-01   1.13e-01   5.33e-03
9.250000e+03   8.78e-01   1.17e-01   5.80e-03
9.750000e+03   8.72e-01   1.21e-01   6.39e-03
1.025000e+04   8.66e-01   1.27e-01   7.06e-03
1.075000e+04   8.59e-01   1.33e-01   7.97e-03
1.125000e+04   8.53e-01   1.39e-01   8.81e-03
1.175000e+04   8.44e-01   1.46e-01   1.00e-02
1.225000e+04   8.35e-01   1.54e-01   1.14e-02
1.275000e+04   8.24e-01   1.63e-01   1.30e-02
1.325000e+04   8.12e-01   1.73e-01   1.50e-02
1.375000e+04   7.99e-01   1.84e-01   1.72e-02
1.425000e+04   7.83e-01   1.96e-01   2.01e-02
1.475000e+04   7.67e-01   2.10e-01   2.35e-02
1.525000e+04   7.51e-01   2.22e-01   2.71e-02
1.575000e+04   7.33e-01   2.36e-01   3.15e-02
1.625000e+04   7.13e-01   2.50e-01   3.69e-02
1.675000e+04   6.91e-01   2.66e-01   4.30e-02
1.725000e+04   6.66e-01   2.83e-01   5.07e-02
1.775000e+04   6.39e-01   3.01e-01   5.95e-02
1.825000e+04   6.12e-01   3.19e-01   6.97e-02
1.875000e+04   5.82e-01   3.37e-01   8.16e-02
1.925000e+04   5.50e-01   3.54e-01   9.55e-02
1.975000e+04   5.17e-01   3.72e-01   1.11e-01
2.025000e+04   4.79e-01   3.89e-01   1.31e-01
2.075000e+04   4.43e-01   4.04e-01   1.53e-01
2.125000e+04   4.07e-01   4.17e-01   1.76e-01
2.175000e+04   3.69e-01   4.28e-01   2.04e-01
2.225000e+04   3.32e-01   4.35e-01   2.34e-01
2.275000e+04   2.95e-01   4.38e-01   2.66e-01
2.325000e+04   2.60e-01   4.38e-01   3.02e-01
2.375000e+04   2.26e-01   4.34e-01   3.40e-01
2.425000e+04   1.96e-01   4.27e-01   3.78e-01
2.475000e+04   1.66e-01   4.15e-01   4.19e-01
2.525000e+04   1.40e-01   4.00e-01   4.60e-01
2.575000e+04   1.17e-01   3.84e-01   4.99e-01
2.625000e+04   9.64e-02   3.65e-01   5.39e-01
2.675000e+04   8.21e-02   3.49e-01   5.69e-01
2.725000e+04   6.54e-02   3.26e-01   6.09e-01
2.775000e+04   5.14e-02   3.01e-01   6.47e-01
2.825000e+04   4.08e-02   2.79e-01   6.81e-01
2.875000e+04   3.28e-02   2.55e-01   7.12e-01
2.925000e+04   2.68e-02   2.32e-01   7.41e-01
2.975000e+04   2.50e-02   2.11e-01   7.64e-01
#TIME: 200.0
#NVEL: 60
#vel_mid[km/s] fe0 fe1 fe2
2.500000e+02   8.28e-05   3.38e-01   6.62e-01
7.500000e+02   7.57e-05   3.13e-01   6.87e-01
1.250000e+03   7.27e-05   2.94e-01   7.06e-01
1.750000e+03   7.52e-05   2.87e-01   7.13e-01
2.250000e+03   8.79e-05   3.06e-01   6.94e-01
2.750000e+03   1.09e-04   3.49e-01   6.50e-01
3.250000e+03   1.33e-04   4.00e-01   6.00e-01
3.750000e+03   1.35e-04   4.23e-01   5.77e-01
4.250000e+03   8.94e-05   4.23e-01   5.77e-01
4.750000e+03   9.03e-01   9.35e-02   3.88e-03
5.250000e+03   9.10e-01   8.64e-02   3.40e-03
5.750000e+03   9.16e-01   8.10e-02   3.09e-03
6.250000e+03   9.19e-01   7.83e-02   2.96e-03
6.750000e+03   9.20e-01   7.73e-02   2.93e-03
7.250000e+03   9.19e-01   7.81e-02   3.03e-03
7.750000e+03   9.17e-01   7.98e-02   3.18e-03
8.250000e+03   9.15e-01   8.17e-02   3.36e-03
8.750000e+03   9.11e-01   8.50e-02   3.66e-03
9.250000e+03   9.07e-01   8.91e-02   4.05e-03
9.750000e+03   9.02e-01   9.30e-02   4.44e-03
1.025000e+04   8.97e-01   9.83e-02   5.00e-03
1.075000e+04   8.90e-01   1.04e-01   5.67e-03
1.125000e+04   8.83e-01   1.11e-01   6.45e-03
1.175000e+04   8.75e-01   1.18e-01   7.35e-03
1.225000e+04   8.66e-01   1.26e-01   8.49e-03
1.275000e+04   8.56e-01   1.35e-01   9.78e-03
1.325000e+04   8.44e-01   1.45e-01   1.14e-02
1.375000e+04   8.32e-01   1.55e-01   1.32e-02
1.425000e+04   8.18e-01   1.67e-01   1.56e-02
1.475000e+04   8.03e-01   1.79e-01   1.83e-02
1.525000e+04   7.88e-01   1.91e-01   2.12e-02
1.575000e+04   7.70e-01   2.05e-01   2.50e-02
1.625000e+04   7.51e-01   2.20e-01   2.95e-02
1.675000e+04   7.30e-01   2.35e-01   3.48e-02
1.725000e+04   7.09e-01   2.50e-01   4.06e-02
1.775000e+04   6.86e-01   2.67e-01   4.77e-02
1.825000e+04   6.61e-01   2.83e-01   5.58e-02
1.875000e+04   6.36e-01   2.99e-01   6.51e-02
1.925000e+04   6.08e-01   3.16e-01   7.64e-02
1.975000e+04   5.80e-01   3.31e-01   8.87e-02
2.025000e+04   5.52e-01   3.45e-01   1.02e-01
2.075000e+04   5.24e-01   3.58e-01   1.18e-01
2.125000e+04   4.97e-01   3.68e-01   1.34e-01
2.175000e+04   4.71e-01   3.77e-01   1.52e-01
2.225000e+04   4.46e-01   3.83e-01   1.70e-01
2.275000e+04   4.25e-01   3.87e-01   1.88e-01
2.325000e+04   4.09e-01   3.89e-01   2.03e-01
2.375000e+04   3.89e-01   3.91e-01   2.20e-01
2.425000e+04   3.67e-01   3.94e-01   2.39e-01
2.475000e+04   3.40e-01   3.97e-01   2.64e-01
2.525000e+04   3.13e-01   3.98e-01   2.89e-01
2.575000e+04   2.82e-01   3.98e-01   3.21e-01
2.625000e+04   2.49e-01   3.94e-01   3.57e-01
2.675000e+04   2.16e-01   3.87e-01   3.97e-01
2.725000e+04   1.83e-01   3.76e-01   4.41e-01
2.775000e+04   1.50e-01   3.59e-01   4.92e-01
2.825000e+04   1.16e-01   3.35e-01   5.50e-01
2.875000e+04   8.57e-02   3.06e-01   6.08e-01
2.925000e+04   4.70e-02   2.64e-01   6.89e-01
2.975000e+04   3.07e-02   2.37e-01   7.33e-01