#NTIMES: 50
#NSTAGES: 4
#TIMES[d]: 199.16 202.03 204.93 207.87 210.86 213.89 216.97 220.09 223.25 226.46 229.71 233.01 236.36 239.76 243.21 246.70 250.25 253.85 257.50 261.20 264.95 268.76 272.62 276.54 280.51 284.55 288.64 292.79 296.99 301.26 305.59 309.99 314.44 318.96 323.55 328.19 332.91 337.70 342.55 347.48 352.47 357.54 362.68 367.89 373.18 378.54 383.98 389.50 395.10 400.78
#
#TIME: 199.16
#NVEL: 162
#vel_mid[km/s] s0 s1 s2 s3
125.00 1.1322e-04 6.7845e-01 3.1038e-01 1.1054e-02
375.00 1.6800e-04 6.8171e-01 3.0635e-01 1.1773e-02
625.00 1.5658e-04 6.5157e-01 3.3478e-01 1.3495e-02
875.00 1.2783e-04 6.3041e-01 3.5456e-01 1.4904e-02
1125.00 1.1932e-04 6.0985e-01 3.7344e-01 1.6585e-02
1375.00 1.0950e-04 5.9530e-01 3.8687e-01 1.7728e-02
1625.00 1.0999e-04 5.8317e-01 3.9790e-01 1.8823e-02
1875.00 1.1393e-04 5.8159e-01 3.9909e-01 1.9200e-02
2125.00 1.1057e-04 5.8336e-01 3.9742e-01 1.9110e-02
2375.00 1.2824e-04 6.0021e-01 3.8159e-01 1.8071e-02
2625.00 1.5044e-04 6.3027e-01 3.5367e-01 1.5901e-02
2875.00 1.9765e-04 6.5946e-01 3.2669e-01 1.3657e-02
3125.00 2.9561e-04 6.9691e-01 2.9183e-01 1.0962e-02
3375.00 7.1608e-04 7.3886e-01 2.5227e-01 8.1510e-03
3625.00 7.3607e-03 7.7937e-01 2.0779e-01 5.4796e-03
3875.00 3.9569e-02 7.8936e-01 1.6736e-01 3.7134e-03
4125.00 6.2531e-02 7.9960e-01 1.3539e-01 2.4789e-03
4375.00 7.7412e-02 8.1011e-01 1.1081e-01 1.6686e-03
4625.00 8.4288e-02 8.0866e-01 1.0554e-01 1.5105e-03
4875.00 9.0172e-02 8.0596e-01 1.0242e-01 1.4493e-03
5125.00 9.3913e-02 8.0209e-01 1.0257e-01 1.4323e-03
5375.00 9.5827e-02 8.0397e-01 9.8817e-02 1.3822e-03
5625.00 9.8310e-02 7.9952e-01 1.0075e-01 1.4211e-03
5875.00 1.0207e-01 7.9504e-01 1.0145e-01 1.4432e-03
6125.00 1.0497e-01 7.9003e-01 1.0352e-01 1.4795e-03
6375.00 1.0552e-01 7.9441e-01 9.8656e-02 1.4123e-03
6625.00 1.0263e-01 7.9562e-01 1.0032e-01 1.4311e-03
6875.00 1.0518e-01 7.9017e-01 1.0314e-01 1.5098e-03
7125.00 1.0230e-01 7.9312e-01 1.0306e-01 1.5228e-03
7375.00 1.0750e-01 7.8827e-01 1.0267e-01 1.5622e-03
7625.00 1.0217e-01 7.9184e-01 1.0443e-01 1.5567e-03
7875.00 9.9335e-02 7.9403e-01 1.0508e-01 1.5557e-03
8125.00 9.9510e-02 7.8736e-01 1.1140e-01 1.7277e-03
8375.00 9.9994e-02 7.9329e-01 1.0509e-01 1.6212e-03
8625.00 9.5316e-02 7.9957e-01 1.0351e-01 1.6038e-03
8875.00 9.4073e-02 7.9687e-01 1.0738e-01 1.6729e-03
9125.00 9.7046e-02 7.9070e-01 1.1054e-01 1.7096e-03
9375.00 6.7898e-02 8.3590e-01 9.5008e-02 1.1968e-03
9625.00 7.4941e-02 8.2661e-01 9.7170e-02 1.2745e-03
9875.00 6.7321e-02 8.3425e-01 9.7136e-02 1.2913e-03
10125.00 8.0038e-02 8.1303e-01 1.0535e-01 1.5810e-03
10375.00 4.8990e-02 8.4774e-01 1.0186e-01 1.4067e-03
10625.00 3.6363e-02 8.5713e-01 1.0504e-01 1.4716e-03
10875.00 3.2055e-02 8.5627e-01 1.1010e-01 1.5735e-03
11125.00 1.8295e-02 8.7218e-01 1.0794e-01 1.5848e-03
11375.00 2.9753e-02 8.4959e-01 1.1890e-01 1.7569e-03
11625.00 9.0112e-03 8.6685e-01 1.2223e-01 1.9088e-03
11875.00 6.3899e-03 8.6328e-01 1.2823e-01 2.0938e-03
12125.00 3.7099e-03 8.6876e-01 1.2551e-01 2.0239e-03
12375.00 4.0011e-03 8.5960e-01 1.3415e-01 2.2544e-03
12625.00 2.0301e-03 8.5912e-01 1.3634e-01 2.5104e-03
12875.00 1.6656e-03 8.5090e-01 1.4463e-01 2.8022e-03
13125.00 1.5266e-03 8.4606e-01 1.4939e-01 3.0305e-03
13375.00 1.2126e-03 8.4239e-01 1.5319e-01 3.2164e-03
13625.00 9.5007e-04 8.3850e-01 1.5718e-01 3.3710e-03
13875.00 1.2705e-03 8.3070e-01 1.6435e-01 3.6840e-03
14125.00 9.6692e-04 8.1795e-01 1.7691e-01 4.1732e-03
14375.00 6.9071e-04 8.0611e-01 1.8856e-01 4.6368e-03
14625.00 6.3285e-04 8.1522e-01 1.7952e-01 4.6322e-03
14875.00 6.5683e-04 8.1195e-01 1.8248e-01 4.9150e-03
15125.00 5.6429e-04 7.9526e-01 1.9893e-01 5.2513e-03
15375.00 6.7085e-04 7.6252e-01 2.3012e-01 6.6891e-03
15625.00 6.6577e-04 7.8898e-01 2.0438e-01 5.9650e-03
15875.00 7.2116e-04 7.4191e-01 2.4955e-01 7.8169e-03
16125.00 5.9095e-04 7.8475e-01 2.0763e-01 7.0238e-03
16375.00 5.5859e-04 7.6088e-01 2.3032e-01 8.2463e-03
16625.00 6.2050e-04 7.3369e-01 2.5627e-01 9.4214e-03
16875.00 5.7980e-04 7.1679e-01 2.7227e-01 1.0368e-02
17125.00 4.3625e-04 7.2218e-01 2.6541e-01 1.1979e-02
17375.00 6.2835e-04 7.1150e-01 2.7637e-01 1.1500e-02
17625.00 5.2221e-04 7.2496e-01 2.6290e-01 1.1620e-02
17875.00 6.7111e-04 6.7663e-01 2.7877e-01 4.3927e-02
18125.00 5.1752e-04 7.0654e-01 2.4095e-01 5.1990e-02
18375.00 7.3523e-04 6.7820e-01 2.7831e-01 4.2752e-02
18625.00 9.4264e-04 6.8309e-01 2.7998e-01 3.5988e-02
18875.00 6.6799e-04 6.8197e-01 3.0117e-01 1.6198e-02
19125.00 8.5195e-04 6.1274e-01 3.4907e-01 3.7335e-02
19375.00 1.2133e-03 6.6044e-01 3.0713e-01 3.1216e-02
19625.00 6.0611e-04 4.8123e-01 4.5806e-01 6.0106e-02
19875.00 4.2710e-04 6.4937e-01 3.2721e-01 2.2985e-02
20125.00 2.7007e-04 6.2399e-01 3.5117e-01 2.4574e-02
20375.00 3.6677e-04 6.0556e-01 3.6841e-01 2.5669e-02
20625.00 2.8324e-04 6.1045e-01 2.8086e-01 1.0841e-01
20875.00 3.9826e-04 6.2431e-01 3.5058e-01 2.4713e-02
21125.00 4.0557e-04 6.2161e-01 2.9793e-01 8.0052e-02
21375.00 4.6376e-04 5.6939e-01 3.5031e-01 7.9838e-02
21625.00 4.7496e-04 4.6656e-01 4.5101e-01 8.1963e-02
21875.00 4.9107e-04 4.6450e-01 4.5264e-01 8.2365e-02
22125.00 6.4685e-04 4.8387e-01 4.4211e-01 7.3377e-02
22375.00 4.4946e-04 4.4440e-01 4.6465e-01 9.0502e-02
22625.00 4.9518e-04 5.6084e-01 3.5988e-01 7.8780e-02
22875.00 4.5576e-04 4.3939e-01 4.7007e-01 9.0091e-02
23125.00 4.6985e-04 4.2780e-01 4.7613e-01 9.5607e-02
23375.00 4.5216e-04 5.4216e-01 3.6908e-01 8.8309e-02
23625.00 3.9649e-04 5.0282e-01 3.9800e-01 9.8786e-02
23875.00 3.9636e-04 4.8359e-01 4.6073e-01 5.5289e-02
24125.00 2.5955e-04 4.0149e-01 4.9259e-01 1.0566e-01
24375.00 2.2927e-04 3.5684e-01 5.1124e-01 1.3169e-01
24625.00 2.0079e-04 3.5739e-01 5.1139e-01 1.3102e-01
24875.00 2.9625e-04 4.8351e-01 4.4709e-01 6.9104e-02
25125.00 4.5700e-04 4.4644e-01 4.7558e-01 7.7518e-02
25375.00 4.9994e-04 4.0109e-01 4.9917e-01 9.9236e-02
25625.00 3.4205e-04 2.7059e-01 5.9591e-01 1.3315e-01
25875.00 3.5890e-04 4.2185e-01 4.9374e-01 8.4042e-02
26125.00 4.0059e-04 3.7274e-01 5.1098e-01 1.1588e-01
26375.00 3.6689e-04 3.9291e-01 5.0914e-01 9.7578e-02
26625.00 1.9782e-04 3.0847e-01 5.3634e-01 1.5499e-01
26875.00 3.1803e-04 3.2525e-01 5.3658e-01 1.3786e-01
27125.00 2.7004e-04 2.9845e-01 5.3480e-01 1.6648e-01
27375.00 3.6477e-04 3.1301e-01 5.4394e-01 1.4269e-01
27625.00 4.4979e-04 3.2287e-01 5.4328e-01 1.3340e-01
27875.00 4.4637e-04 3.2341e-01 5.4358e-01 1.3256e-01
28125.00 3.6945e-04 3.0364e-01 5.4940e-01 1.4660e-01
28375.00 2.0070e-04 2.7221e-01 5.5073e-01 1.7686e-01
28625.00 2.2673e-04 2.7768e-01 5.5527e-01 1.6682e-01
28875.00 2.9860e-04 2.7622e-01 5.6376e-01 1.5972e-01
29125.00 7.9108e-05 1.5182e-01 5.1899e-01 3.2910e-01
29375.00 2.9151e-04 2.5129e-01 5.6101e-01 1.8741e-01
29625.00 5.3668e-04 2.4848e-01 5.7007e-01 1.8091e-01
29875.00 3.0599e-04 2.2985e-01 5.6970e-01 2.0014e-01
30125.00 1.8446e-04 2.0972e-01 5.6715e-01 2.2295e-01
30375.00 1.3832e-04 1.8935e-01 5.6080e-01 2.4971e-01
30625.00 1.1287e-04 1.8045e-01 5.5897e-01 2.6047e-01
30875.00 9.1534e-05 1.7026e-01 5.5655e-01 2.7309e-01
31125.00 9.4508e-05 1.6438e-01 5.5870e-01 2.7683e-01
31375.00 7.9696e-05 1.5868e-01 5.5826e-01 2.8297e-01
31625.00 1.1704e-04 1.9681e-01 5.6557e-01 2.3750e-01
31875.00 1.2018e-04 1.8339e-01 5.6366e-01 2.5283e-01
32125.00 9.5486e-05 1.6989e-01 5.6072e-01 2.6930e-01
32375.00 4.8193e-05 1.3534e-01 5.3586e-01 3.2875e-01
32625.00 3.1935e-05 1.1369e-01 5.1528e-01 3.7101e-01
32875.00 5.3366e-05 1.2737e-01 5.4185e-01 3.3072e-01
33125.00 2.5786e-05 9.2429e-02 4.9429e-01 4.1325e-01
33375.00 1.6621e-05 8.0817e-02 4.7930e-01 4.3987e-01
33625.00 1.3368e-05 7.1272e-02 4.6568e-01 4.6303e-01
33875.00 9.6646e-06 5.4644e-02 4.3420e-01 5.1115e-01
34125.00 6.5218e-06 5.0742e-02 4.5003e-01 4.9922e-01
34375.00 5.3851e-06 4.6767e-02 4.3947e-01 5.1375e-01
34625.00 7.4725e-06 4.0531e-02 4.2068e-01 5.3878e-01
34875.00 9.8794e-06 1.4907e-02 4.1447e-01 5.7061e-01
35125.00 2.0118e-06 5.2211e-03 4.0272e-01 5.9205e-01
35375.00 1.3015e-06 4.6195e-03 3.8589e-01 6.0949e-01
35625.00 9.1253e-07 4.0495e-03 3.6835e-01 6.2760e-01
35875.00 9.1580e-07 3.6516e-03 3.6002e-01 6.3632e-01
36125.00 4.8007e-07 3.2246e-03 3.4342e-01 6.5335e-01
36375.00 2.5724e-07 2.8675e-03 3.2751e-01 6.6963e-01
36625.00 1.9846e-07 2.5538e-03 3.1223e-01 6.8521e-01
36875.00 1.4378e-07 2.2827e-03 2.9734e-01 7.0038e-01
37125.00 1.1078e-07 2.0333e-03 2.7988e-01 7.1809e-01
37375.00 7.8329e-08 1.8174e-03 2.6840e-01 7.2978e-01
37625.00 6.1623e-08 1.6296e-03 2.5511e-01 7.4326e-01
37875.00 1.1384e-07 3.1680e-03 2.4042e-01 7.5641e-01
38125.00 2.1351e-07 7.4276e-03 2.2054e-01 7.7203e-01
38375.00 1.8730e-07 7.0990e-03 2.1632e-01 7.7658e-01
38625.00 1.5165e-07 6.3957e-03 2.0448e-01 7.8912e-01
38875.00 1.4929e-07 5.5621e-03 1.9446e-01 7.9998e-01
39125.00 1.5933e-07 4.9125e-03 1.8415e-01 8.1094e-01
39375.00 1.7372e-07 4.4232e-03 1.7360e-01 8.2198e-01
39625.00 9.2583e-08 3.8290e-03 1.6459e-01 8.3158e-01
39875.00 7.9601e-08 3.4548e-03 1.5525e-01 8.4130e-01
40125.00 7.4484e-08 2.9824e-03 1.4691e-01 8.5010e-01
40375.00 6.7344e-08 2.6875e-03 1.3838e-01 8.5894e-01
#TIME: 202.03
#NVEL: 162
#vel_mid[km/s] s0 s1 s2 s3
125.00 1.8753e-04 6.5775e-01 3.3028e-01 1.1785e-02
375.00 1.4441e-04 6.6235e-01 3.2505e-01 1.2453e-02
625.00 1.3163e-04 6.5692e-01 3.2979e-01 1.3154e-02
875.00 1.2460e-04 6.2852e-01 3.5654e-01 1.4807e-02
1125.00 1.2882e-04 6.1535e-01 3.6838e-01 1.6143e-02
1375.00 1.2003e-04 5.8784e-01 3.9411e-01 1.7929e-02
1625.00 1.1088e-04 5.8150e-01 3.9943e-01 1.8953e-02
1875.00 1.1172e-04 5.8095e-01 3.9961e-01 1.9329e-02
2125.00 1.1911e-04 5.7702e-01 4.0334e-01 1.9518e-02
2375.00 1.2900e-04 6.0335e-01 3.7860e-01 1.7927e-02
2625.00 1.4796e-04 6.2786e-01 3.5587e-01 1.6129e-02
2875.00 1.9097e-04 6.6084e-01 3.2546e-01 1.3504e-02
3125.00 3.1173e-04 6.9448e-01 2.9421e-01 1.1004e-02
3375.00 7.3858e-04 7.3978e-01 2.5138e-01 8.1060e-03
3625.00 8.1315e-03 7.7811e-01 2.0824e-01 5.5146e-03
3875.00 4.2139e-02 7.8765e-01 1.6650e-01 3.7046e-03
4125.00 6.4437e-02 7.9801e-01 1.3509e-01 2.4618e-03
4375.00 7.9693e-02 8.0923e-01 1.0943e-01 1.6496e-03
4625.00 8.4871e-02 8.1127e-01 1.0240e-01 1.4555e-03
4875.00 9.1930e-02 8.0467e-01 1.0196e-01 1.4359e-03
5125.00 9.5034e-02 8.0145e-01 1.0208e-01 1.4374e-03
5375.00 9.5788e-02 8.0309e-01 9.9726e-02 1.3931e-03
5625.00 9.8483e-02 7.9809e-01 1.0199e-01 1.4354e-03
5875.00 1.0575e-01 7.9243e-01 1.0040e-01 1.4290e-03
6125.00 1.0531e-01 7.9367e-01 9.9588e-02 1.4264e-03
6375.00 1.0712e-01 7.9244e-01 9.9027e-02 1.4099e-03
6625.00 1.0608e-01 7.9082e-01 1.0164e-01 1.4648e-03
6875.00 1.0142e-01 7.9467e-01 1.0244e-01 1.4654e-03
7125.00 1.0487e-01 7.9297e-01 1.0068e-01 1.4846e-03
7375.00 1.0961e-01 7.8346e-01 1.0533e-01 1.5883e-03
7625.00 1.0385e-01 7.9270e-01 1.0193e-01 1.5165e-03
7875.00 1.0184e-01 7.9290e-01 1.0373e-01 1.5330e-03
8125.00 9.7822e-02 7.9491e-01 1.0564e-01 1.6304e-03
8375.00 9.3420e-02 7.9662e-01 1.0831e-01 1.6541e-03
8625.00 9.8271e-02 7.9335e-01 1.0673e-01 1.6457e-03
8875.00 9.2821e-02 7.9952e-01 1.0601e-01 1.6500e-03
9125.00 9.2562e-02 7.9523e-01 1.1051e-01 1.6934e-03
9375.00 7.3214e-02 8.3473e-01 9.0928e-02 1.1298e-03
9625.00 7.1345e-02 8.3225e-01 9.5174e-02 1.2331e-03
9875.00 7.4088e-02 8.3027e-01 9.4390e-02 1.2522e-03
10125.00 8.6288e-02 8.0384e-01 1.0825e-01 1.6242e-03
10375.00 5.0665e-02 8.4613e-01 1.0182e-01 1.3882e-03
10625.00 3.5868e-02 8.5878e-01 1.0393e-01 1.4259e-03
10875.00 3.0751e-02 8.6186e-01 1.0588e-01 1.5001e-03
11125.00 1.9877e-02 8.7020e-01 1.0835e-01 1.5724e-03
11375.00 3.2618e-02 8.5812e-01 1.0721e-01 2.0487e-03
11625.00 8.3439e-03 8.7335e-01 1.1649e-01 1.8202e-03
11875.00 5.3697e-03 8.6296e-01 1.2969e-01 1.9874e-03
12125.00 3.1272e-03 8.7143e-01 1.2336e-01 2.0826e-03
12375.00 3.9770e-03 8.6078e-01 1.3292e-01 2.3190e-03
12625.00 2.3953e-03 8.5371e-01 1.4138e-01 2.5049e-03
12875.00 2.2804e-03 8.5003e-01 1.4492e-01 2.7779e-03
13125.00 1.7871e-03 8.4016e-01 1.5491e-01 3.1488e-03
13375.00 1.1595e-03 8.3769e-01 1.5779e-01 3.3624e-03
13625.00 1.0435e-03 8.3653e-01 1.5904e-01 3.3860e-03
13875.00 1.1840e-03 8.3629e-01 1.5894e-01 3.5858e-03
14125.00 7.7519e-04 8.1562e-01 1.7940e-01 4.2047e-03
14375.00 6.9500e-04 8.1758e-01 1.7739e-01 4.3334e-03
14625.00 6.5892e-04 8.1290e-01 1.8177e-01 4.6664e-03
14875.00 7.3622e-04 8.1206e-01 1.8261e-01 4.5971e-03
15125.00 8.8838e-04 7.9318e-01 2.0024e-01 5.6888e-03
15375.00 8.2168e-04 7.8219e-01 2.1081e-01 6.1815e-03
15625.00 7.2267e-04 7.8781e-01 2.0521e-01 6.2605e-03
15875.00 7.1564e-04 7.6741e-01 2.0169e-01 3.0185e-02
16125.00 5.7300e-04 7.6842e-01 2.2396e-01 7.0476e-03
16375.00 5.0563e-04 7.5319e-01 2.3848e-01 7.8252e-03
16625.00 4.7036e-04 7.1614e-01 2.7354e-01 9.8407e-03
16875.00 5.7494e-04 7.3697e-01 2.2282e-01 3.9641e-02
17125.00 8.3219e-04 6.7018e-01 3.1753e-01 1.1455e-02
17375.00 7.4581e-04 7.0114e-01 2.8666e-01 1.1448e-02
17625.00 6.5363e-04 7.3415e-01 2.5423e-01 1.0970e-02
17875.00 7.4325e-04 7.1011e-01 2.7705e-01 1.2093e-02
18125.00 5.6153e-04 6.4885e-01 3.3621e-01 1.4375e-02
18375.00 8.3995e-04 6.4670e-01 3.1015e-01 4.2319e-02
18625.00 7.1701e-04 6.7733e-01 2.7650e-01 4.5451e-02
18875.00 9.8336e-04 5.7471e-01 3.8066e-01 4.3646e-02
19125.00 6.8941e-04 6.4614e-01 2.9995e-01 5.3222e-02
19375.00 6.1601e-04 6.5210e-01 2.9197e-01 5.5310e-02
19625.00 7.7682e-04 5.4184e-01 4.0358e-01 5.3810e-02
19875.00 5.6894e-04 6.0321e-01 3.3911e-01 5.7110e-02
20125.00 3.6657e-04 6.4195e-01 3.3496e-01 2.2723e-02
20375.00 3.0962e-04 5.9588e-01 3.3354e-01 7.0269e-02
20625.00 5.4497e-04 6.5272e-01 2.9304e-01 5.3690e-02
20875.00 4.5729e-04 4.9046e-01 4.3597e-01 7.3113e-02
21125.00 5.3918e-04 5.9565e-01 3.3668e-01 6.7130e-02
21375.00 6.4670e-04 6.2497e-01 3.1418e-01 6.0203e-02
21625.00 6.0971e-04 5.7154e-01 3.5328e-01 7.4568e-02
21875.00 5.6516e-04 5.1591e-01 4.5041e-01 3.3116e-02
22125.00 4.1701e-04 4.7060e-01 4.8749e-01 4.1492e-02
22375.00 5.5172e-04 6.0184e-01 3.6298e-01 3.4622e-02
22625.00 3.4842e-04 4.4136e-01 4.6714e-01 9.1148e-02
22875.00 4.2389e-04 5.2934e-01 3.9707e-01 7.3159e-02
23125.00 4.6206e-04 4.3334e-01 4.7355e-01 9.2648e-02
23375.00 5.6059e-04 5.7087e-01 3.8877e-01 3.9800e-02
23625.00 3.4565e-04 5.4600e-01 4.0832e-01 4.5331e-02
23875.00 2.3207e-04 3.3618e-01 5.1463e-01 1.4896e-01
24125.00 3.0649e-04 3.5851e-01 5.0739e-01 1.3379e-01
24375.00 3.8753e-04 3.7891e-01 5.0400e-01 1.1670e-01
24625.00 3.1097e-04 4.6157e-01 4.6540e-01 7.2716e-02
24875.00 4.7084e-04 4.4967e-01 4.7596e-01 7.3894e-02
25125.00 4.3413e-04 4.4368e-01 4.7645e-01 7.9433e-02
25375.00 4.2893e-04 4.5088e-01 4.7492e-01 7.3769e-02
25625.00 3.0022e-04 3.4232e-01 5.2203e-01 1.3535e-01
25875.00 2.5898e-04 3.2524e-01 5.2728e-01 1.4722e-01
26125.00 1.6712e-04 1.9967e-01 6.2196e-01 1.7820e-01
26375.00 3.2345e-04 3.2435e-01 5.3078e-01 1.4454e-01
26625.00 3.2743e-04 3.0054e-01 5.3865e-01 1.6048e-01
26875.00 2.7524e-04 3.0107e-01 5.3703e-01 1.6162e-01
27125.00 2.3647e-04 2.8735e-01 5.4133e-01 1.7108e-01
27375.00 2.1979e-04 2.6835e-01 5.4419e-01 1.8724e-01
27625.00 3.1438e-04 3.2589e-01 5.1340e-01 1.6040e-01
27875.00 3.0864e-04 3.0476e-01 5.3169e-01 1.6323e-01
28125.00 2.8327e-04 2.7867e-01 5.4318e-01 1.7787e-01
28375.00 1.6409e-04 2.7832e-01 5.0633e-01 2.1518e-01
28625.00 1.3355e-04 2.2649e-01 5.5182e-01 2.2156e-01
28875.00 4.0149e-04 2.7326e-01 5.6467e-01 1.6167e-01
29125.00 3.2636e-04 2.7223e-01 5.6494e-01 1.6251e-01
29375.00 2.5773e-04 2.5582e-01 5.6874e-01 1.7518e-01
29625.00 2.2228e-04 2.4690e-01 5.7038e-01 1.8250e-01
29875.00 2.0004e-04 2.3924e-01 5.7167e-01 1.8889e-01
30125.00 1.7467e-04 2.2526e-01 5.7303e-01 2.0154e-01
30375.00 1.8106e-04 2.2161e-01 5.7345e-01 2.0476e-01
30625.00 2.2460e-04 2.0976e-01 5.7387e-01 2.1615e-01
30875.00 1.9281e-04 1.9206e-01 5.7328e-01 2.3447e-01
31125.00 1.7131e-04 1.7703e-01 5.7091e-01 2.5188e-01
31375.00 2.4052e-04 2.2906e-01 5.7258e-01 1.9812e-01
31625.00 1.0374e-04 1.5381e-01 5.6498e-01 2.8110e-01
31875.00 4.2583e-05 9.0493e-02 5.1330e-01 3.9617e-01
32125.00 2.2698e-05 9.8150e-02 4.9834e-01 4.0349e-01
32375.00 2.4297e-05 1.0454e-01 5.1453e-01 3.8091e-01
32625.00 4.6060e-05 1.3777e-01 5.4688e-01 3.1530e-01
32875.00 2.5117e-05 5.6840e-02 4.3523e-01 5.0791e-01
33125.00 5.0762e-04 1.2059e-01 5.4608e-01 3.3282e-01
33375.00 6.1277e-05 8.9679e-02 5.0327e-01 4.0699e-01
33625.00 7.9111e-06 3.7422e-02 3.8198e-01 5.8059e-01
33875.00 1.5581e-05 5.9697e-02 4.4116e-01 4.9913e-01
34125.00 8.0184e-06 5.3324e-02 4.5622e-01 4.9045e-01
34375.00 4.9914e-06 4.8012e-02 4.4280e-01 5.0918e-01
34625.00 3.7649e-06 4.1471e-02 4.2332e-01 5.3521e-01
34875.00 3.6310e-06 3.6046e-02 4.0435e-01 5.5960e-01
35125.00 2.7326e-06 3.1436e-02 3.8643e-01 5.8213e-01
35375.00 2.5899e-06 2.8073e-02 3.7173e-01 6.0020e-01
35625.00 4.1126e-06 2.5032e-02 3.5704e-01 6.1792e-01
35875.00 3.7889e-06 2.2491e-02 3.4351e-01 6.3399e-01
36125.00 3.1756e-06 1.9938e-02 3.2846e-01 6.5160e-01
36375.00 2.6864e-06 1.7697e-02 3.1397e-01 6.6833e-01
36625.00 2.2899e-06 1.5716e-02 2.9988e-01 6.8440e-01
36875.00 1.9442e-06 1.3960e-02 2.8618e-01 6.9986e-01
37125.00 1.9432e-06 1.2435e-02 2.7060e-01 7.1696e-01
37375.00 2.3623e-06 1.0987e-02 2.5970e-01 7.2931e-01
37625.00 2.0681e-06 9.7503e-03 2.4718e-01 7.4307e-01
37875.00 6.1877e-07 2.0994e-03 2.3472e-01 7.6318e-01
38125.00 6.7533e-07 1.2955e-03 2.2441e-01 7.7429e-01
38375.00 6.0073e-07 1.2093e-03 2.2011e-01 7.7868e-01
38625.00 5.0903e-07 1.1000e-03 2.0785e-01 7.9105e-01
38875.00 1.1352e-07 9.6982e-04 1.9770e-01 8.0133e-01
39125.00 4.5632e-08 8.6857e-04 1.8705e-01 8.1208e-01
39375.00 2.9553e-08 7.9232e-04 1.7641e-01 8.2280e-01
39625.00 2.4450e-08 6.9521e-04 1.6721e-01 8.3209e-01
39875.00 1.0370e-08 6.3417e-04 1.5764e-01 8.4172e-01
40125.00 1.7331e-08 5.5531e-04 1.4909e-01 8.5035e-01
40375.00 1.3613e-08 5.0739e-04 1.4044e-01 8.5905e-01
#TIME: 204.93
#NVEL: 162
#vel_mid[km/s] s0 s1 s2 s3
125.00 1.9015e-04 7.0008e-01 2.8933e-01 1.0404e-02
375.00 1.3092e-04 6.6863e-01 3.1917e-01 1.2073e-02
625.00 1.4602e-04 6.5208e-01 3.3436e-01 1.3411e-02
875.00 1.3433e-04 6.2876e-01 3.5614e-01 1.4957e-02
1125.00 1.2469e-04 6.0979e-01 3.7366e-01 1.6424e-02
1375.00 1.1036e-04 5.8937e-01 3.9255e-01 1.7971e-02
1625.00 1.0899e-04 5.7911e-01 4.0177e-01 1.9006e-02
1875.00 1.1276e-04 5.7809e-01 4.0231e-01 1.9496e-02
2125.00 1.1598e-04 5.7726e-01 4.0328e-01 1.9339e-02
2375.00 1.2393e-04 5.9819e-01 3.8355e-01 1.8135e-02
2625.00 1.5044e-04 6.2751e-01 3.5629e-01 1.6050e-02
2875.00 1.9308e-04 6.5794e-01 3.2814e-01 1.3726e-02
3125.00 3.0182e-04 6.9953e-01 2.8930e-01 1.0864e-02
3375.00 7.6768e-04 7.4355e-01 2.4767e-01 8.0165e-03
3625.00 9.2838e-03 7.8073e-01 2.0454e-01 5.4393e-03
3875.00 4.2759e-02 7.8830e-01 1.6525e-01 3.6982e-03
4125.00 6.5536e-02 7.9773e-01 1.3428e-01 2.4533e-03
4375.00 7.9075e-02 8.0810e-01 1.1116e-01 1.6659e-03
4625.00 8.6665e-02 8.0565e-01 1.0616e-01 1.5231e-03
4875.00 9.4102e-02 8.0211e-01 1.0234e-01 1.4496e-03
5125.00 9.7242e-02 8.0185e-01 9.9510e-02 1.4019e-03
5375.00 1.0044e-01 7.9970e-01 9.8484e-02 1.3778e-03
5625.00 9.9573e-02 7.9957e-01 9.9464e-02 1.3908e-03
5875.00 1.0471e-01 7.9591e-01 9.7999e-02 1.3827e-03
6125.00 1.0627e-01 7.9166e-01 1.0064e-01 1.4277e-03
6375.00 1.0911e-01 7.9016e-01 9.9312e-02 1.4241e-03
6625.00 1.0433e-01 7.9319e-01 1.0103e-01 1.4518e-03
6875.00 1.0743e-01 7.9355e-01 9.7644e-02 1.3706e-03
7125.00 1.0192e-01 7.9262e-01 1.0394e-01 1.5171e-03
7375.00 1.0600e-01 7.8998e-01 1.0250e-01 1.5296e-03
7625.00 1.0530e-01 7.8765e-01 1.0548e-01 1.5688e-03
7875.00 9.5943e-02 7.9741e-01 1.0513e-01 1.5093e-03
8125.00 9.4867e-02 7.9704e-01 1.0649e-01 1.6101e-03
8375.00 9.7820e-02 7.9500e-01 1.0559e-01 1.5909e-03
8625.00 9.5633e-02 7.9668e-01 1.0605e-01 1.6319e-03
8875.00 9.4083e-02 7.9755e-01 1.0673e-01 1.6376e-03
9125.00 9.3083e-02 7.9481e-01 1.1041e-01 1.7037e-03
9375.00 7.1644e-02 8.3751e-01 8.9738e-02 1.1023e-03
9625.00 7.1215e-02 8.3236e-01 9.5200e-02 1.2210e-03
9875.00 6.9260e-02 8.3226e-01 9.7216e-02 1.2622e-03
10125.00 8.2251e-02 8.1173e-01 1.0446e-01 1.5523e-03
10375.00 5.2804e-02 8.4712e-01 9.8749e-02 1.3267e-03
10625.00 3.8536e-02 8.5555e-01 1.0448e-01 1.4321e-03
10875.00 2.7295e-02 8.6340e-01 1.0786e-01 1.4440e-03
11125.00 1.9905e-02 8.6801e-01 1.1049e-01 1.5899e-03
11375.00 2.7978e-02 8.5953e-01 1.1083e-01 1.6710e-03
11625.00 7.9776e-03 8.7489e-01 1.1540e-01 1.7278e-03
11875.00 6.4187e-03 8.6871e-01 1.2292e-01 1.9592e-03
12125.00 4.7790e-03 8.6690e-01 1.2631e-01 2.0120e-03
12375.00 4.5545e-03 8.6009e-01 1.3305e-01 2.2988e-03
12625.00 2.2197e-03 8.5700e-01 1.3267e-01 8.1081e-03
12875.00 1.7427e-03 8.5339e-01 1.4231e-01 2.5535e-03
13125.00 1.5259e-03 8.4920e-01 1.4638e-01 2.8930e-03
13375.00 1.0569e-03 8.3623e-01 1.5962e-01 3.0991e-03
13625.00 1.0666e-03 8.4021e-01 1.5537e-01 3.3608e-03
13875.00 1.0885e-03 8.4206e-01 1.5343e-01 3.4218e-03
14125.00 8.6507e-04 8.0776e-01 1.8701e-01 4.3614e-03
14375.00 9.2154e-04 8.2613e-01 1.6882e-01 4.1269e-03
14625.00 6.4971e-04 8.1041e-01 1.8423e-01 4.7148e-03
14875.00 6.7819e-04 7.8892e-01 2.0506e-01 5.3454e-03
15125.00 7.1856e-04 8.1311e-01 1.8109e-01 5.0813e-03
15375.00 6.6002e-04 7.5884e-01 2.3421e-01 6.2937e-03
15625.00 6.8853e-04 7.7323e-01 2.1975e-01 6.3264e-03
15875.00 5.5545e-04 7.5375e-01 2.3831e-01 7.3805e-03
16125.00 5.5214e-04 7.7244e-01 2.1982e-01 7.1903e-03
16375.00 4.9835e-04 7.3979e-01 2.1994e-01 3.9763e-02
16625.00 6.5591e-04 7.3909e-01 2.2935e-01 3.0895e-02
16875.00 4.9380e-04 7.0827e-01 2.8093e-01 1.0302e-02
17125.00 6.9602e-04 7.0966e-01 2.7860e-01 1.1047e-02
17375.00 7.7044e-04 7.1181e-01 2.7608e-01 1.1347e-02
17625.00 7.1639e-04 6.1901e-01 3.6527e-01 1.5004e-02
17875.00 9.3965e-04 7.2420e-01 2.4165e-01 3.3214e-02
18125.00 8.8006e-04 6.6554e-01 2.9923e-01 3.4350e-02
18375.00 1.1368e-03 6.5773e-01 3.0659e-01 3.4547e-02
18625.00 9.4029e-04 6.9247e-01 2.7023e-01 3.6361e-02
18875.00 8.9977e-04 6.5964e-01 3.2230e-01 1.7161e-02
19125.00 5.9759e-04 6.4237e-01 2.9860e-01 5.8427e-02
19375.00 1.0943e-03 5.9439e-01 3.6392e-01 4.0601e-02
19625.00 1.1167e-03 6.4669e-01 3.3011e-01 2.2078e-02
19875.00 1.1700e-03 6.3704e-01 3.2565e-01 3.6141e-02
20125.00 8.4145e-04 6.5985e-01 3.1820e-01 2.1104e-02
20375.00 7.9040e-04 6.4623e-01 3.2936e-01 2.3620e-02
20625.00 5.4650e-04 6.2883e-01 3.4099e-01 2.9633e-02
20875.00 3.7443e-04 6.1110e-01 3.6066e-01 2.7870e-02
21125.00 5.0273e-04 6.1985e-01 3.1928e-01 6.0367e-02
21375.00 6.5302e-04 5.1275e-01 4.2247e-01 6.4126e-02
21625.00 6.4002e-04 5.1641e-01 4.2151e-01 6.1439e-02
21875.00 5.8944e-04 5.1408e-01 4.1725e-01 6.8078e-02
22125.00 3.5870e-04 4.4941e-01 4.6094e-01 8.9294e-02
22375.00 3.6074e-04 4.5168e-01 4.6301e-01 8.4949e-02
22625.00 4.0835e-04 4.4359e-01 4.6578e-01 9.0219e-02
22875.00 3.2096e-04 4.3673e-01 4.7030e-01 9.2649e-02
23125.00 6.7289e-04 4.8810e-01 4.4406e-01 6.7166e-02
23375.00 9.8722e-04 5.0903e-01 4.3344e-01 5.6543e-02
23625.00 1.5294e-03 5.0971e-01 4.3297e-01 5.5795e-02
23875.00 1.5925e-03 5.2586e-01 4.2178e-01 5.0763e-02
24125.00 1.1119e-03 5.1185e-01 4.3269e-01 5.4345e-02
24375.00 4.7528e-04 4.2509e-01 4.8309e-01 9.1339e-02
24625.00 5.5816e-04 4.5414e-01 4.7027e-01 7.5032e-02
24875.00 3.0883e-04 3.7215e-01 5.0651e-01 1.2103e-01
25125.00 2.7074e-04 3.4851e-01 5.1617e-01 1.3505e-01
25375.00 5.2724e-04 4.0032e-01 4.9832e-01 1.0083e-01
25625.00 5.7331e-04 3.6696e-01 5.1443e-01 1.1804e-01
25875.00 5.3165e-04 3.5238e-01 5.2132e-01 1.2577e-01
26125.00 1.0794e-04 2.3968e-01 5.3462e-01 2.2559e-01
26375.00 3.9181e-04 3.2946e-01 5.3092e-01 1.3922e-01
26625.00 4.0839e-04 4.0246e-01 5.0211e-01 9.5015e-02
26875.00 1.7791e-04 2.5417e-01 5.3660e-01 2.0905e-01
27125.00 1.6381e-04 2.4658e-01 5.3909e-01 2.1417e-01
27375.00 8.8123e-05 1.2406e-01 6.3164e-01 2.4421e-01
27625.00 1.1148e-04 1.8804e-01 5.6942e-01 2.4243e-01
27875.00 1.6744e-04 3.5884e-01 5.3076e-01 1.1024e-01
28125.00 6.5820e-05 1.0024e-01 7.0275e-01 1.9694e-01
28375.00 1.0057e-04 2.0180e-01 5.4363e-01 2.5447e-01
28625.00 7.3644e-05 1.7997e-01 5.3550e-01 2.8445e-01
28875.00 1.6750e-05 4.3279e-02 5.7777e-01 3.7894e-01
29125.00 7.4700e-05 1.7218e-01 5.3713e-01 2.9061e-01
29375.00 1.7167e-04 2.0955e-01 5.5775e-01 2.3253e-01
29625.00 1.6101e-04 2.0653e-01 5.5622e-01 2.3709e-01
29875.00 1.9001e-04 2.0512e-01 5.6195e-01 2.3274e-01
30125.00 2.6965e-04 2.0942e-01 5.6760e-01 2.2271e-01
30375.00 1.2972e-04 1.4346e-01 5.2294e-01 3.3348e-01
30625.00 1.4051e-04 1.7322e-01 5.4542e-01 2.8122e-01
30875.00 1.9408e-04 1.9475e-01 5.7341e-01 2.3164e-01
31125.00 1.9099e-04 1.8343e-01 5.7175e-01 2.4462e-01
31375.00 1.5997e-04 1.6662e-01 5.6855e-01 2.6468e-01
31625.00 2.4364e-04 2.1785e-01 5.7332e-01 2.0858e-01
31875.00 5.8304e-05 2.0372e-01 5.7356e-01 2.2267e-01
32125.00 1.0011e-04 1.9130e-01 5.7270e-01 2.3590e-01
32375.00 1.6526e-04 1.7656e-01 5.7063e-01 2.5265e-01
32625.00 2.6319e-05 8.8823e-02 4.9098e-01 4.2017e-01
32875.00 1.1199e-05 6.5274e-02 4.4059e-01 4.9413e-01
33125.00 1.0545e-05 6.3229e-02 4.4163e-01 4.9513e-01
33375.00 5.3092e-06 4.5030e-02 4.1238e-01 5.4259e-01
33625.00 2.7364e-05 1.0344e-01 5.3370e-01 3.6283e-01
33875.00 1.5945e-05 5.7162e-02 4.3171e-01 5.1112e-01
34125.00 1.2327e-05 5.4490e-02 4.5935e-01 4.8615e-01
34375.00 2.9251e-05 4.8545e-02 4.4425e-01 5.0718e-01
34625.00 2.4241e-05 4.2756e-02 4.2716e-01 5.3006e-01
34875.00 2.0848e-05 3.7305e-02 4.0876e-01 5.5392e-01
35125.00 1.6869e-05 3.2496e-02 3.9078e-01 5.7671e-01
35375.00 1.4150e-05 2.8989e-02 3.7567e-01 5.9533e-01
35625.00 1.1759e-05 2.6224e-02 3.6275e-01 6.1102e-01
35875.00 5.1833e-06 2.5287e-02 3.5853e-01 6.1618e-01
36125.00 4.3066e-06 2.2393e-02 3.4303e-01 6.3457e-01
36375.00 3.5792e-06 1.9839e-02 3.2794e-01 6.5222e-01
36625.00 3.7471e-06 1.7594e-02 3.1326e-01 6.6914e-01
36875.00 3.7084e-06 1.5601e-02 2.9896e-01 6.8543e-01
37125.00 2.3361e-06 1.3850e-02 2.8252e-01 7.0363e-01
37375.00 1.4857e-06 1.2280e-02 2.7169e-01 7.1603e-01
37625.00 1.5874e-06 1.0863e-02 2.5842e-01 7.3071e-01
37875.00 1.3152e-06 8.8262e-03 2.3443e-01 7.5674e-01
38125.00 8.6185e-07 7.7538e-03 2.2412e-01 7.6813e-01
38375.00 7.3477e-07 6.8793e-03 2.1285e-01 7.8027e-01
38625.00 6.3544e-07 6.1886e-03 2.0114e-01 7.9267e-01
38875.00 3.0583e-07 5.4003e-03 1.9147e-01 8.0313e-01
39125.00 1.9871e-07 4.7802e-03 1.8145e-01 8.1377e-01
39375.00 1.9135e-07 4.6773e-03 1.7763e-01 8.1769e-01
39625.00 1.6743e-07 4.0565e-03 1.6856e-01 8.2739e-01
39875.00 1.5013e-07 3.6537e-03 1.5892e-01 8.3743e-01
40125.00 2.4673e-07 3.1588e-03 1.5049e-01 8.4635e-01
40375.00 2.3218e-07 2.8474e-03 1.4176e-01 8.5539e-01
#TIME: 207.87
#NVEL: 162
#vel_mid[km/s] s0 s1 s2 s3
125.00 1.7692e-04 6.9984e-01 2.8964e-01 1.0347e-02
375.00 1.5789e-04 6.8183e-01 3.0663e-01 1.1378e-02
625.00 1.3763e-04 6.5563e-01 3.3090e-01 1.3327e-02
875.00 1.2985e-04 6.2742e-01 3.5738e-01 1.5069e-02
1125.00 1.2285e-04 6.1224e-01 3.7130e-01 1.6335e-02
1375.00 1.1170e-04 5.9433e-01 3.8781e-01 1.7745e-02
1625.00 1.1370e-04 5.8138e-01 3.9948e-01 1.9029e-02
1875.00 1.0941e-04 5.7663e-01 4.0377e-01 1.9500e-02
2125.00 1.1386e-04 5.8273e-01 3.9787e-01 1.9294e-02
2375.00 1.2764e-04 5.9652e-01 3.8515e-01 1.8196e-02
2625.00 1.5039e-04 6.2769e-01 3.5608e-01 1.6077e-02
2875.00 2.0182e-04 6.6029e-01 3.2582e-01 1.3688e-02
3125.00 3.1445e-04 6.9732e-01 2.9141e-01 1.0957e-02
3375.00 8.0834e-04 7.3931e-01 2.5179e-01 8.0863e-03
3625.00 1.0358e-02 7.8011e-01 2.0412e-01 5.4166e-03
3875.00 4.2901e-02 7.8543e-01 1.6792e-01 3.7484e-03
4125.00 6.7830e-02 7.9539e-01 1.3433e-01 2.4548e-03
4375.00 8.1658e-02 8.0653e-01 1.1016e-01 1.6495e-03
4625.00 8.9054e-02 8.0534e-01 1.0412e-01 1.4941e-03
4875.00 9.2760e-02 8.0274e-01 1.0305e-01 1.4555e-03
5125.00 9.5929e-02 8.0285e-01 9.9832e-02 1.3928e-03
5375.00 9.8273e-02 7.9996e-01 1.0037e-01 1.3968e-03
5625.00 1.0255e-01 7.9889e-01 9.7209e-02 1.3506e-03
5875.00 1.0363e-01 7.9671e-01 9.8283e-02 1.3793e-03
6125.00 1.0905e-01 7.8949e-01 1.0005e-01 1.4156e-03
6375.00 1.0780e-01 7.9055e-01 1.0022e-01 1.4316e-03
6625.00 1.1070e-01 7.9168e-01 9.6275e-02 1.3438e-03
6875.00 1.0707e-01 7.8906e-01 1.0239e-01 1.4751e-03
7125.00 1.0125e-01 7.9447e-01 1.0278e-01 1.4964e-03
7375.00 1.0813e-01 7.8729e-01 1.0305e-01 1.5412e-03
7625.00 1.0544e-01 7.8815e-01 1.0487e-01 1.5342e-03
7875.00 9.9104e-02 7.9548e-01 1.0390e-01 1.5174e-03
8125.00 1.0103e-01 7.9031e-01 1.0703e-01 1.6311e-03
8375.00 1.0020e-01 7.9262e-01 1.0555e-01 1.6300e-03
8625.00 1.0373e-01 7.9028e-01 1.0442e-01 1.5725e-03
8875.00 9.9742e-02 7.9174e-01 1.0687e-01 1.6443e-03
9125.00 9.3532e-02 7.9333e-01 1.1142e-01 1.7134e-03
9375.00 7.5252e-02 8.3374e-01 8.9899e-02 1.1114e-03
9625.00 6.9999e-02 8.3732e-01 9.1530e-02 1.1538e-03
9875.00 7.0595e-02 8.3262e-01 9.5557e-02 1.2295e-03
10125.00 8.0308e-02 8.0542e-01 1.1263e-01 1.6400e-03
10375.00 5.4752e-02 8.4300e-01 1.0091e-01 1.3308e-03
10625.00 3.5551e-02 8.6209e-01 1.0098e-01 1.3771e-03
10875.00 2.7426e-02 8.6007e-01 1.1096e-01 1.5479e-03
11125.00 1.8399e-02 8.6913e-01 1.1090e-01 1.5655e-03
11375.00 2.7650e-02 8.5554e-01 1.1507e-01 1.7413e-03
11625.00 8.7417e-03 8.6995e-01 1.1948e-01 1.8305e-03
11875.00 7.4407e-03 8.7052e-01 1.2013e-01 1.9067e-03
12125.00 4.2394e-03 8.7032e-01 1.2094e-01 4.5068e-03
12375.00 3.7594e-03 8.6500e-01 1.2912e-01 2.1175e-03
12625.00 1.9935e-03 8.6363e-01 1.3196e-01 2.4172e-03
12875.00 2.0012e-03 8.5013e-01 1.4518e-01 2.6865e-03
13125.00 1.9603e-03 8.4805e-01 1.4715e-01 2.8420e-03
13375.00 1.7224e-03 8.3758e-01 1.5754e-01 3.1568e-03
13625.00 1.1145e-03 8.2999e-01 1.5376e-01 1.5138e-02
13875.00 1.0316e-03 8.2591e-01 1.6949e-01 3.5678e-03
14125.00 1.1701e-03 8.3126e-01 1.6378e-01 3.7856e-03
14375.00 8.4955e-04 8.3042e-01 1.6499e-01 3.7449e-03
14625.00 9.6945e-04 8.1022e-01 1.8414e-01 4.6706e-03
14875.00 9.7166e-04 7.9580e-01 1.9804e-01 5.1878e-03
15125.00 8.2208e-04 8.0740e-01 1.8662e-01 5.1500e-03
15375.00 9.9312e-04 8.0388e-01 1.8969e-01 5.4418e-03
15625.00 6.9271e-04 7.6607e-01 2.0372e-01 2.9518e-02
15875.00 5.4494e-04 7.7679e-01 2.1586e-01 6.7978e-03
16125.00 6.1917e-04 7.8415e-01 2.0844e-01 6.7936e-03
16375.00 6.2624e-04 7.4196e-01 2.4883e-01 8.5877e-03
16625.00 7.4430e-04 7.3113e-01 2.3397e-01 3.4161e-02
16875.00 6.4286e-04 7.5807e-01 2.3228e-01 8.9987e-03
17125.00 6.3804e-04 5.3515e-01 4.0611e-01 5.8109e-02
17375.00 8.8879e-04 7.1387e-01 2.7388e-01 1.1360e-02
17625.00 6.6382e-04 6.8518e-01 2.6927e-01 4.4879e-02
17875.00 7.1914e-04 7.1233e-01 2.4673e-01 4.0215e-02
18125.00 5.3013e-04 6.9600e-01 2.8924e-01 1.4231e-02
18375.00 6.3895e-04 7.0862e-01 2.7679e-01 1.3950e-02
18625.00 6.9601e-04 6.8008e-01 2.7325e-01 4.5972e-02
18875.00 9.1810e-04 6.8673e-01 2.9513e-01 1.7225e-02
19125.00 5.0593e-04 6.8344e-01 2.5810e-01 5.7948e-02
19375.00 5.0737e-04 6.1983e-01 3.5955e-01 2.0115e-02
19625.00 5.1387e-04 5.1531e-01 4.1905e-01 6.5132e-02
19875.00 7.5243e-04 5.4931e-01 3.9736e-01 5.2581e-02
20125.00 8.1593e-04 5.4898e-01 3.9900e-01 5.1199e-02
20375.00 1.2976e-03 5.8986e-01 3.6863e-01 4.0214e-02
20625.00 9.4941e-04 5.8772e-01 3.7692e-01 3.4410e-02
20875.00 1.2345e-03 6.2554e-01 3.4567e-01 2.7559e-02
21125.00 7.0308e-04 6.1424e-01 3.5548e-01 2.9582e-02
21375.00 5.6114e-04 5.5018e-01 3.9863e-01 5.0634e-02
21625.00 6.9300e-04 6.2466e-01 3.4555e-01 2.9101e-02
21875.00 8.3088e-04 6.2876e-01 3.4334e-01 2.7062e-02
22125.00 1.2040e-03 5.8952e-01 3.7285e-01 3.6427e-02
22375.00 4.0840e-04 5.3180e-01 4.0623e-01 6.1557e-02
22625.00 4.6581e-04 4.6899e-01 4.5218e-01 7.8367e-02
22875.00 5.8842e-04 5.8474e-01 3.3932e-01 7.5355e-02
23125.00 5.2232e-04 5.6036e-01 3.5664e-01 8.2481e-02
23375.00 4.9455e-04 5.1265e-01 4.1609e-01 7.0762e-02
23625.00 8.1443e-04 5.1731e-01 4.1127e-01 7.0611e-02
23875.00 9.0460e-04 4.7798e-01 4.5116e-01 6.9961e-02
24125.00 8.1925e-04 4.9055e-01 4.4453e-01 6.4096e-02
24375.00 8.2293e-04 4.6329e-01 4.6379e-01 7.2100e-02
24625.00 3.9262e-04 3.9411e-01 4.9674e-01 1.0876e-01
24875.00 6.5219e-04 4.3029e-01 4.8419e-01 8.4869e-02
25125.00 6.8186e-04 4.5068e-01 4.7325e-01 7.5390e-02
25375.00 7.0691e-04 4.2799e-01 4.8838e-01 8.2927e-02
25625.00 3.8398e-04 3.7960e-01 5.0728e-01 1.1274e-01
25875.00 4.5227e-04 3.8319e-01 5.0601e-01 1.1035e-01
26125.00 3.3804e-04 2.9643e-01 5.8563e-01 1.1760e-01
26375.00 1.7876e-04 3.0426e-01 5.3579e-01 1.5977e-01
26625.00 1.7153e-04 2.7334e-01 4.5664e-01 2.6985e-01
26875.00 3.1378e-04 3.7559e-01 4.9542e-01 1.2867e-01
27125.00 1.3361e-04 1.4750e-01 6.4311e-01 2.0926e-01
27375.00 1.6186e-04 2.3389e-01 5.3989e-01 2.2606e-01
27625.00 1.5434e-04 2.6990e-01 5.8560e-01 1.4435e-01
27875.00 2.3045e-04 2.9963e-01 5.2284e-01 1.7730e-01
28125.00 2.4095e-04 3.0780e-01 5.4797e-01 1.4399e-01
28375.00 3.1086e-04 3.3566e-01 5.4130e-01 1.2273e-01
28625.00 1.9477e-04 2.0754e-01 5.4821e-01 2.4406e-01
28875.00 1.6185e-04 2.3132e-01 5.2965e-01 2.3886e-01
29125.00 1.6582e-04 1.9802e-01 5.4936e-01 2.5246e-01
29375.00 1.6590e-04 1.9432e-01 5.5100e-01 2.5451e-01
29625.00 1.2395e-04 1.8025e-01 5.4687e-01 2.7276e-01
29875.00 9.5323e-05 1.6834e-01 5.3807e-01 2.9349e-01
30125.00 7.4407e-05 1.5724e-01 5.3567e-01 3.0701e-01
30375.00 5.3012e-05 1.3933e-01 5.2148e-01 3.3914e-01
30625.00 6.5089e-05 1.7715e-01 4.8049e-01 3.4230e-01
30875.00 4.2828e-05 1.0897e-01 5.1359e-01 3.7740e-01
31125.00 2.0762e-05 4.9678e-02 5.4830e-01 4.0200e-01
31375.00 4.7975e-05 1.2560e-01 5.1914e-01 3.5520e-01
31625.00 4.4774e-05 1.1899e-01 5.1564e-01 3.6533e-01
31875.00 2.2188e-05 1.2332e-01 5.2520e-01 3.5145e-01
32125.00 3.6552e-05 1.1113e-01 5.1576e-01 3.7307e-01
32375.00 2.8053e-05 6.9037e-02 4.3745e-01 4.9348e-01
32625.00 8.6590e-06 5.8268e-02 4.1479e-01 5.2693e-01
32875.00 6.5788e-05 1.4993e-01 5.6310e-01 2.8691e-01
33125.00 2.2664e-05 1.3597e-01 5.5688e-01 3.0712e-01
33375.00 1.6942e-04 1.2018e-01 5.4722e-01 3.3243e-01
33625.00 4.2182e-05 5.2229e-02 4.5350e-01 4.9423e-01
33875.00 1.0457e-04 8.9703e-02 5.1908e-01 3.9112e-01
34125.00 2.9302e-05 5.5148e-02 4.6040e-01 4.8442e-01
34375.00 2.0549e-05 4.9927e-02 4.4727e-01 5.0279e-01
34625.00 1.6470e-05 4.3904e-02 4.3051e-01 5.2557e-01
34875.00 1.4772e-05 3.8391e-02 4.1235e-01 5.4924e-01
35125.00 1.8124e-05 3.3452e-02 3.9414e-01 5.7239e-01
35375.00 1.5245e-05 2.9822e-02 3.7914e-01 5.9102e-01
35625.00 1.2220e-05 2.6519e-02 3.6396e-01 6.0951e-01
35875.00 5.1699e-06 2.3775e-02 3.4987e-01 6.2635e-01
36125.00 4.2632e-06 2.1047e-02 3.3464e-01 6.4431e-01
36375.00 7.1901e-06 1.8685e-02 3.1995e-01 6.6136e-01
36625.00 4.3778e-06 1.6586e-02 3.0569e-01 6.7772e-01
36875.00 5.4090e-06 1.4726e-02 2.9173e-01 6.9354e-01
37125.00 4.5934e-06 1.3081e-02 2.7566e-01 7.1125e-01
37375.00 3.9027e-06 1.1595e-02 2.6507e-01 7.2334e-01
37625.00 3.1396e-06 1.0416e-02 2.5352e-01 7.3606e-01
37875.00 1.8038e-06 9.9308e-03 2.4614e-01 7.4393e-01
38125.00 1.4838e-06 8.7302e-03 2.3550e-01 7.5577e-01
38375.00 1.2242e-06 7.7339e-03 2.2370e-01 7.6856e-01
38625.00 1.0250e-06 6.9502e-03 2.1131e-01 7.8174e-01
38875.00 8.3682e-07 6.0643e-03 2.0134e-01 7.9259e-01
39125.00 6.9197e-07 5.3602e-03 1.9070e-01 8.0393e-01
39375.00 5.8043e-07 4.8212e-03 1.7985e-01 8.1533e-01
39625.00 4.6976e-07 4.1820e-03 1.7069e-01 8.2513e-01
39875.00 3.9344e-07 3.7671e-03 1.6098e-01 8.3525e-01
40125.00 1.4858e-07 3.2570e-03 1.5242e-01 8.4432e-01
40375.00 1.2278e-07 2.9351e-03 1.4360e-01 8.5346e-01
#TIME: 210.86
#NVEL: 162
#vel_mid[km/s] s0 s1 s2 s3
125.00 1.8670e-04 6.9917e-01 2.9027e-01 1.0372e-02
375.00 1.4367e-04 6.7809e-01 3.1012e-01 1.1649e-02
625.00 1.4456e-04 6.5828e-01 3.2843e-01 1.3145e-02
875.00 1.3503e-04 6.4060e-01 3.4491e-01 1.4358e-02
1125.00 1.2094e-04 6.0944e-01 3.7403e-01 1.6414e-02
1375.00 1.1085e-04 5.9139e-01 3.9048e-01 1.8013e-02
1625.00 1.0933e-04 5.7770e-01 4.0313e-01 1.9068e-02
1875.00 1.0921e-04 5.7368e-01 4.0663e-01 1.9580e-02
2125.00 1.1686e-04 5.8366e-01 3.9710e-01 1.9130e-02
2375.00 1.2854e-04 5.9915e-01 3.8261e-01 1.8108e-02
2625.00 1.5307e-04 6.2750e-01 3.5634e-01 1.6008e-02
2875.00 1.9455e-04 6.5926e-01 3.2681e-01 1.3729e-02
3125.00 3.1159e-04 6.9893e-01 2.8988e-01 1.0882e-02
3375.00 8.0696e-04 7.4049e-01 2.5061e-01 8.0908e-03
3625.00 1.1346e-02 7.7810e-01 2.0512e-01 5.4306e-03
3875.00 4.5363e-02 7.8214e-01 1.6871e-01 3.7813e-03
4125.00 6.7598e-02 7.9745e-01 1.3252e-01 2.4369e-03
4375.00 8.0829e-02 8.0596e-01 1.1153e-01 1.6738e-03
4625.00 8.9693e-02 8.0463e-01 1.0419e-01 1.4865e-03
4875.00 9.6098e-02 8.0201e-01 1.0048e-01 1.4106e-03
5125.00 9.6445e-02 8.0349e-01 9.8699e-02 1.3692e-03
5375.00 1.0033e-01 7.9959e-01 9.8725e-02 1.3606e-03
5625.00 1.0209e-01 7.9744e-01 9.9090e-02 1.3852e-03
5875.00 1.0842e-01 7.9134e-01 9.8863e-02 1.3774e-03
6125.00 1.0859e-01 7.9042e-01 9.9581e-02 1.4082e-03
6375.00 1.0910e-01 7.9074e-01 9.8740e-02 1.4188e-03
6625.00 1.1009e-01 7.8674e-01 1.0169e-01 1.4788e-03
6875.00 1.0725e-01 7.8837e-01 1.0288e-01 1.4942e-03
7125.00 1.0540e-01 7.9347e-01 9.9700e-02 1.4294e-03
7375.00 1.0908e-01 7.8653e-01 1.0287e-01 1.5102e-03
7625.00 1.0403e-01 7.9168e-01 1.0280e-01 1.4951e-03
7875.00 1.0032e-01 7.9776e-01 1.0045e-01 1.4570e-03
8125.00 1.0208e-01 7.9345e-01 1.0292e-01 1.5497e-03
8375.00 1.0179e-01 7.9575e-01 1.0092e-01 1.5392e-03
8625.00 1.0463e-01 7.8905e-01 1.0474e-01 1.5865e-03
8875.00 9.5006e-02 7.9274e-01 1.1056e-01 1.7013e-03
9125.00 9.7576e-02 7.9497e-01 1.0582e-01 1.6358e-03
9375.00 7.2626e-02 8.3860e-01 8.7702e-02 1.0684e-03
9625.00 6.7343e-02 8.4277e-01 8.8779e-02 1.1097e-03
9875.00 6.5248e-02 8.3567e-01 9.7838e-02 1.2436e-03
10125.00 8.1127e-02 8.1240e-01 1.0497e-01 1.5069e-03
10375.00 5.5548e-02 8.4555e-01 9.7616e-02 1.2815e-03
10625.00 3.7586e-02 8.6109e-01 9.9992e-02 1.3347e-03
10875.00 3.2422e-02 8.5880e-01 1.0730e-01 1.4745e-03
11125.00 2.3767e-02 8.6446e-01 1.1021e-01 1.5584e-03
11375.00 2.4190e-02 8.6133e-01 1.1232e-01 2.1602e-03
11625.00 8.3000e-03 8.7382e-01 1.1611e-01 1.7703e-03
11875.00 6.1728e-03 8.6904e-01 1.2282e-01 1.9642e-03
12125.00 4.0542e-03 8.6312e-01 1.3079e-01 2.0421e-03
12375.00 3.1923e-03 8.6661e-01 1.2812e-01 2.0772e-03
12625.00 2.5138e-03 8.5032e-01 1.4457e-01 2.5939e-03
12875.00 2.0783e-03 8.5785e-01 1.3751e-01 2.5633e-03
13125.00 1.5415e-03 8.5040e-01 1.4528e-01 2.7844e-03
13375.00 1.9438e-03 8.5097e-01 1.4419e-01 2.8914e-03
13625.00 1.0057e-03 8.3870e-01 1.5698e-01 3.3189e-03
13875.00 1.3197e-03 8.3268e-01 1.6249e-01 3.5118e-03
14125.00 1.2597e-03 8.2972e-01 1.6523e-01 3.7915e-03
14375.00 1.0334e-03 8.1162e-01 1.8328e-01 4.0679e-03
14625.00 1.0504e-03 8.0467e-01 1.8964e-01 4.6388e-03
14875.00 9.3440e-04 7.9296e-01 2.0088e-01 5.2267e-03
15125.00 8.9093e-04 7.8319e-01 2.1056e-01 5.3603e-03
15375.00 1.0213e-03 8.0947e-01 1.8429e-01 5.2207e-03
15625.00 8.1270e-04 7.2547e-01 2.6603e-01 7.6877e-03
15875.00 6.4242e-04 7.9216e-01 2.0091e-01 6.2798e-03
16125.00 7.4561e-04 7.6919e-01 2.2277e-01 7.2905e-03
16375.00 5.7823e-04 7.6555e-01 2.2628e-01 7.5888e-03
16625.00 7.1732e-04 7.3949e-01 2.2539e-01 3.4403e-02
16875.00 8.2577e-04 7.5425e-01 2.3672e-01 8.2065e-03
17125.00 7.3402e-04 6.7110e-01 3.1658e-01 1.1582e-02
17375.00 9.6594e-04 7.4982e-01 2.2727e-01 2.1945e-02
17625.00 8.7930e-04 7.2561e-01 2.4112e-01 3.2391e-02
17875.00 7.4213e-04 6.7345e-01 3.1297e-01 1.2844e-02
18125.00 5.7558e-04 6.9885e-01 2.8764e-01 1.2933e-02
18375.00 6.7045e-04 6.9041e-01 2.5757e-01 5.1351e-02
18625.00 6.3113e-04 6.3325e-01 3.4980e-01 1.6317e-02
18875.00 6.3695e-04 6.5239e-01 3.2851e-01 1.8470e-02
19125.00 7.2874e-04 6.8584e-01 2.6752e-01 4.5912e-02
19375.00 4.0395e-04 5.8919e-01 3.8951e-01 2.0901e-02
19625.00 6.9660e-04 6.1411e-01 3.2943e-01 5.5763e-02
19875.00 6.8125e-04 5.3765e-01 4.0494e-01 5.6735e-02
20125.00 1.1986e-03 6.4163e-01 3.1339e-01 4.3785e-02
20375.00 1.4535e-03 5.7485e-01 3.8053e-01 4.3170e-02
20625.00 1.7715e-03 6.3581e-01 3.2504e-01 3.7386e-02
20875.00 1.7411e-03 5.9358e-01 3.6762e-01 3.7066e-02
21125.00 1.5023e-03 5.7155e-01 3.8288e-01 4.4062e-02
21375.00 1.6356e-03 6.3256e-01 3.2918e-01 3.6623e-02
21625.00 9.8799e-04 5.6806e-01 3.8383e-01 4.7126e-02
21875.00 1.0260e-03 5.3597e-01 4.0890e-01 5.4108e-02
22125.00 5.5853e-04 4.7862e-01 4.4489e-01 7.5936e-02
22375.00 1.4715e-03 5.3813e-01 4.2574e-01 3.4658e-02
22625.00 4.6916e-04 5.2884e-01 4.3506e-01 3.5636e-02
22875.00 6.5833e-04 5.1324e-01 4.2744e-01 5.8666e-02
23125.00 8.9435e-04 5.3594e-01 4.1368e-01 4.9491e-02
23375.00 6.7887e-04 5.6356e-01 3.9193e-01 4.3831e-02
23625.00 6.5270e-04 5.0938e-01 4.3304e-01 5.6929e-02
23875.00 9.1348e-04 4.4659e-01 4.8750e-01 6.4993e-02
24125.00 1.0859e-03 4.9303e-01 4.4477e-01 6.1120e-02
24375.00 9.6991e-04 4.7586e-01 4.5575e-01 6.7420e-02
