#NTIMES: 4
#NSTAGES: 3 
#TIMES[d]: 75.0 100.0 150.0 200.0
#
#TIME: 75.0
#NVEL: 60
#vel_mid[km/s] ni0 ni1 ni2
2.500000e+02   5.23e-07   4.72e-01   5.28e-01
7.500000e+02   4.77e-06   4.47e-01   5.53e-01
1.250000e+03   4.52e-06   4.48e-01   5.52e-01
1.750000e+03   5.14e-06   4.47e-01   5.53e-01
2.250000e+03   5.70e-06   4.63e-01   5.37e-01
2.750000e+03   1.07e-05   4.80e-01   5.20e-01
3.250000e+03   1.14e-05   4.66e-01   5.34e-01
3.750000e+03   1.35e-05   3.88e-01   6.12e-01
4.250000e+03   1.03e-05   3.04e-01   6.96e-01
4.750000e+03   7.86e-01   1.96e-01   1.76e-02
5.250000e+03   7.79e-01   2.02e-01   1.89e-02
5.750000e+03   8.09e-01   1.77e-01   1.40e-02
6.250000e+03   8.21e-01   1.67e-01   1.22e-02
6.750000e+03   8.25e-01   1.63e-01   1.16e-02
7.250000e+03   8.25e-01   1.63e-01   1.16e-02
7.750000e+03   8.21e-01   1.67e-01   1.21e-02
8.250000e+03   8.11e-01   1.75e-01   1.36e-02
8.750000e+03   7.94e-01   1.89e-01   1.63e-02
9.250000e+03   7.79e-01   2.02e-01   1.89e-02
9.750000e+03   7.65e-01   2.14e-01   2.15e-02
1.025000e+04   7.50e-01   2.26e-01   2.45e-02
1.075000e+04   7.78e-01   2.03e-01   1.91e-02
1.125000e+04   7.65e-01   2.13e-01   2.14e-02
1.175000e+04   7.50e-01   2.26e-01   2.44e-02
1.225000e+04   7.34e-01   2.38e-01   2.78e-02
1.275000e+04   7.17e-01   2.51e-01   3.17e-02
1.325000e+04   6.98e-01   2.65e-01   3.63e-02
1.375000e+04   6.79e-01   2.80e-01   4.14e-02
1.425000e+04   6.58e-01   2.95e-01   4.75e-02
1.475000e+04   6.35e-01   3.10e-01   5.45e-02
1.525000e+04   6.14e-01   3.24e-01   6.17e-02
1.575000e+04   5.89e-01   3.40e-01   7.06e-02
1.625000e+04   5.64e-01   3.55e-01   8.07e-02
1.675000e+04   5.38e-01   3.70e-01   9.19e-02
1.725000e+04   5.11e-01   3.85e-01   1.04e-01
1.775000e+04   4.83e-01   3.98e-01   1.18e-01
1.825000e+04   4.54e-01   4.12e-01   1.34e-01
1.875000e+04   4.25e-01   4.23e-01   1.52e-01
1.925000e+04   3.94e-01   4.34e-01   1.72e-01
1.975000e+04   3.63e-01   4.43e-01   1.94e-01
2.025000e+04   3.32e-01   4.49e-01   2.19e-01
2.075000e+04   3.01e-01   4.53e-01   2.46e-01
2.125000e+04   2.70e-01   4.55e-01   2.75e-01
2.175000e+04   2.40e-01   4.53e-01   3.08e-01
2.225000e+04   2.10e-01   4.47e-01   3.43e-01
2.275000e+04   1.82e-01   4.38e-01   3.79e-01
2.325000e+04   1.56e-01   4.26e-01   4.18e-01
2.375000e+04   1.32e-01   4.09e-01   4.59e-01
2.425000e+04   1.10e-01   3.91e-01   4.98e-01
2.475000e+04   9.20e-02   3.71e-01   5.37e-01
2.525000e+04   7.50e-02   3.47e-01   5.78e-01
2.575000e+04   5.96e-02   3.20e-01   6.20e-01
2.625000e+04   4.65e-02   2.92e-01   6.61e-01
2.675000e+04   3.63e-02   2.65e-01   6.99e-01
2.725000e+04   2.78e-02   2.38e-01   7.34e-01
2.775000e+04   2.10e-02   2.11e-01   7.67e-01
2.825000e+04   1.58e-02   1.87e-01   7.97e-01
2.875000e+04   1.16e-02   1.63e-01   8.25e-01
2.925000e+04   8.44e-03   1.41e-01   8.51e-01
2.975000e+04   6.09e-03   1.21e-01   8.73e-01
#TIME: 100.0
#NVEL: 60
#vel_mid[km/s] ni0 ni1 ni2
2.500000e+02   1.15e-05   4.58e-01   5.42e-01
7.500000e+02   1.18e-05   4.33e-01   5.67e-01
1.250000e+03   1.36e-05   4.32e-01   5.68e-01
1.750000e+03   1.32e-05   4.24e-01   5.76e-01
2.250000e+03   1.85e-05   4.37e-01   5.63e-01
2.750000e+03   1.54e-05   4.41e-01   5.59e-01
3.250000e+03   2.25e-05   4.34e-01   5.66e-01
3.750000e+03   2.10e-05   3.74e-01   6.25e-01
4.250000e+03   1.71e-05   2.61e-01   7.39e-01
4.750000e+03   7.61e-01   2.17e-01   2.22e-02
5.250000e+03   7.79e-01   2.03e-01   1.90e-02
5.750000e+03   7.52e-01   2.24e-01   2.39e-02
6.250000e+03   7.59e-01   2.18e-01   2.26e-02
6.750000e+03   7.62e-01   2.16e-01   2.21e-02
7.250000e+03   7.60e-01   2.18e-01   2.24e-02
7.750000e+03   7.54e-01   2.22e-01   2.36e-02
8.250000e+03   7.46e-01   2.29e-01   2.53e-02
8.750000e+03   7.81e-01   2.01e-01   1.86e-02
9.250000e+03   7.71e-01   2.08e-01   2.03e-02
9.750000e+03   7.61e-01   2.17e-01   2.22e-02
1.025000e+04   7.50e-01   2.25e-01   2.44e-02
1.075000e+04   7.37e-01   2.36e-01   2.72e-02
1.125000e+04   7.23e-01   2.46e-01   3.02e-02
1.175000e+04   7.08e-01   2.58e-01   3.38e-02
1.225000e+04   6.92e-01   2.70e-01   3.80e-02
1.275000e+04   6.73e-01   2.84e-01   4.31e-02
1.325000e+04   6.53e-01   2.98e-01   4.89e-02
1.375000e+04   6.34e-01   3.11e-01   5.49e-02
1.425000e+04   6.11e-01   3.26e-01   6.27e-02
1.475000e+04   5.89e-01   3.40e-01   7.07e-02
1.525000e+04   5.66e-01   3.54e-01   7.98e-02
1.575000e+04   5.42e-01   3.68e-01   9.01e-02
1.625000e+04   5.14e-01   3.83e-01   1.03e-01
1.675000e+04   4.89e-01   3.96e-01   1.15e-01
1.725000e+04   4.60e-01   4.09e-01   1.31e-01
1.775000e+04   4.31e-01   4.21e-01   1.48e-01
1.825000e+04   4.01e-01   4.32e-01   1.67e-01
1.875000e+04   3.70e-01   4.41e-01   1.89e-01
1.925000e+04   3.40e-01   4.48e-01   2.12e-01
1.975000e+04   3.08e-01   4.53e-01   2.39e-01
2.025000e+04   2.77e-01   4.55e-01   2.68e-01
2.075000e+04   2.46e-01   4.53e-01   3.01e-01
2.125000e+04   2.16e-01   4.49e-01   3.35e-01
2.175000e+04   1.88e-01   4.40e-01   3.72e-01
2.225000e+04   1.62e-01   4.29e-01   4.09e-01
2.275000e+04   1.37e-01   4.13e-01   4.50e-01
2.325000e+04   1.15e-01   3.95e-01   4.91e-01
2.375000e+04   9.72e-02   3.77e-01   5.26e-01
2.425000e+04   8.02e-02   3.55e-01   5.65e-01
2.475000e+04   6.35e-02   3.28e-01   6.09e-01
2.525000e+04   5.02e-02   3.01e-01   6.49e-01
2.575000e+04   3.93e-02   2.74e-01   6.87e-01
2.625000e+04   3.04e-02   2.47e-01   7.23e-01
2.675000e+04   2.32e-02   2.21e-01   7.56e-01
2.725000e+04   1.75e-02   1.96e-01   7.87e-01
2.775000e+04   1.30e-02   1.71e-01   8.16e-01
2.825000e+04   9.74e-03   1.51e-01   8.40e-01
2.875000e+04   6.92e-03   1.29e-01   8.65e-01
2.925000e+04   5.06e-03   1.11e-01   8.84e-01
2.975000e+04   3.59e-03   9.35e-02   9.03e-01
#TIME: 150.0
#NVEL: 60
#vel_mid[km/s] ni0 ni1 ni2
2.500000e+02   3.42e-05   4.32e-01   5.68e-01
7.500000e+02   3.11e-05   4.03e-01   5.97e-01
1.250000e+03   3.16e-05   4.00e-01   6.00e-01
1.750000e+03   3.47e-05   4.00e-01   6.00e-01
2.250000e+03   4.09e-05   4.04e-01   5.96e-01
2.750000e+03   4.97e-05   4.09e-01   5.91e-01
3.250000e+03   5.61e-05   3.87e-01   6.13e-01
3.750000e+03   5.25e-05   3.21e-01   6.79e-01
4.250000e+03   2.81e-05   2.56e-01   7.44e-01
4.750000e+03   7.66e-01   2.13e-01   2.13e-02
5.250000e+03   7.80e-01   2.02e-01   1.87e-02
5.750000e+03   7.89e-01   1.94e-01   1.71e-02
6.250000e+03   7.93e-01   1.90e-01   1.64e-02
6.750000e+03   7.52e-01   2.24e-01   2.40e-02
7.250000e+03   7.51e-01   2.25e-01   2.42e-02
7.750000e+03   7.46e-01   2.29e-01   2.52e-02
8.250000e+03   7.42e-01   2.32e-01   2.61e-02
8.750000e+03   7.34e-01   2.38e-01   2.77e-02
9.250000e+03   7.26e-01   2.44e-01   2.96e-02
9.750000e+03   7.16e-01   2.52e-01   3.19e-02
1.025000e+04   7.06e-01   2.60e-01   3.45e-02
1.075000e+04   6.92e-01   2.70e-01   3.79e-02
1.125000e+04   6.81e-01   2.78e-01   4.09e-02
1.175000e+04   6.65e-01   2.89e-01   4.53e-02
1.225000e+04   6.49e-01   3.00e-01   5.01e-02
1.275000e+04   6.31e-01   3.13e-01   5.59e-02
1.325000e+04   6.10e-01   3.27e-01   6.30e-02
1.375000e+04   5.90e-01   3.40e-01   7.06e-02
1.425000e+04   5.65e-01   3.55e-01   8.04e-02
1.475000e+04   5.39e-01   3.70e-01   9.14e-02
1.525000e+04   5.15e-01   3.83e-01   1.02e-01
1.575000e+04   4.90e-01   3.95e-01   1.15e-01
1.625000e+04   4.63e-01   4.08e-01   1.29e-01
1.675000e+04   4.35e-01   4.19e-01   1.46e-01
1.725000e+04   4.04e-01   4.31e-01   1.65e-01
1.775000e+04   3.73e-01   4.40e-01   1.87e-01
1.825000e+04   3.42e-01   4.47e-01   2.10e-01
1.875000e+04   3.12e-01   4.52e-01   2.36e-01
1.925000e+04   2.81e-01   4.54e-01   2.64e-01
1.975000e+04   2.52e-01   4.54e-01   2.95e-01
2.025000e+04   2.21e-01   4.50e-01   3.30e-01
2.075000e+04   1.93e-01   4.42e-01   3.64e-01
2.125000e+04   1.68e-01   4.32e-01   4.00e-01
2.175000e+04   1.44e-01   4.18e-01   4.38e-01
2.225000e+04   1.22e-01   4.02e-01   4.76e-01
2.275000e+04   1.03e-01   3.83e-01   5.14e-01
2.325000e+04   8.58e-02   3.63e-01   5.52e-01
2.375000e+04   7.06e-02   3.40e-01   5.89e-01
2.425000e+04   5.79e-02   3.17e-01   6.25e-01
2.475000e+04   4.66e-02   2.93e-01   6.61e-01
2.525000e+04   3.72e-02   2.68e-01   6.95e-01
2.575000e+04   2.97e-02   2.45e-01   7.26e-01
2.625000e+04   2.32e-02   2.21e-01   7.56e-01
2.675000e+04   1.88e-02   2.02e-01   7.79e-01
2.725000e+04   1.41e-02   1.78e-01   8.08e-01
2.775000e+04   1.04e-02   1.55e-01   8.35e-01
2.825000e+04   7.59e-03   1.35e-01   8.58e-01
2.875000e+04   5.37e-03   1.15e-01   8.80e-01
2.925000e+04   3.73e-03   9.65e-02   9.00e-01
2.975000e+04   2.56e-03   8.06e-02   9.17e-01
#TIME: 200.0
#NVEL: 60
#vel_mid[km/s] ni0 ni1 ni2
2.500000e+02   7.89e-05   4.92e-01   5.08e-01
7.500000e+02   7.12e-05   4.61e-01   5.39e-01
1.250000e+03   7.03e-05   4.54e-01   5.46e-01
1.750000e+03   7.00e-05   4.32e-01   5.67e-01
2.250000e+03   7.50e-05   4.17e-01   5.83e-01
2.750000e+03   8.07e-05   3.99e-01   6.01e-01
3.250000e+03   7.91e-05   3.57e-01   6.43e-01
3.750000e+03   6.66e-05   2.97e-01   7.03e-01
4.250000e+03   4.21e-05   2.52e-01   7.48e-01
4.750000e+03   7.79e-01   2.02e-01   1.90e-02
5.250000e+03   7.94e-01   1.89e-01   1.62e-02
5.750000e+03   8.07e-01   1.79e-01   1.43e-02
6.250000e+03   8.13e-01   1.74e-01   1.34e-02
6.750000e+03   8.15e-01   1.72e-01   1.30e-02
7.250000e+03   8.13e-01   1.73e-01   1.33e-02
7.750000e+03   8.10e-01   1.76e-01   1.38e-02
8.250000e+03   8.05e-01   1.80e-01   1.45e-02
8.750000e+03   7.98e-01   1.86e-01   1.57e-02
9.250000e+03   7.89e-01   1.94e-01   1.72e-02
9.750000e+03   7.80e-01   2.01e-01   1.87e-02
1.025000e+04   7.68e-01   2.11e-01   2.09e-02
1.075000e+04   7.55e-01   2.22e-01   2.34e-02
1.125000e+04   7.41e-01   2.33e-01   2.64e-02
1.175000e+04   7.26e-01   2.45e-01   2.97e-02
1.225000e+04   7.08e-01   2.58e-01   3.39e-02
1.275000e+04   6.90e-01   2.72e-01   3.85e-02
1.325000e+04   6.69e-01   2.87e-01   4.44e-02
1.375000e+04   6.48e-01   3.02e-01   5.06e-02
1.425000e+04   6.23e-01   3.18e-01   5.86e-02
1.475000e+04   5.99e-01   3.34e-01   6.71e-02
1.525000e+04   5.75e-01   3.49e-01   7.62e-02
1.575000e+04   5.47e-01   3.65e-01   8.77e-02
1.625000e+04   5.19e-01   3.81e-01   1.01e-01
1.675000e+04   4.90e-01   3.95e-01   1.15e-01
1.725000e+04   4.62e-01   4.08e-01   1.30e-01
1.775000e+04   4.32e-01   4.21e-01   1.48e-01
1.825000e+04   4.03e-01   4.31e-01   1.66e-01
1.875000e+04   3.73e-01   4.40e-01   1.87e-01
1.925000e+04   3.44e-01   4.47e-01   2.09e-01
1.975000e+04   3.16e-01   4.52e-01   2.32e-01
2.025000e+04   2.90e-01   4.54e-01   2.56e-01
2.075000e+04   2.66e-01   4.55e-01   2.80e-01
2.125000e+04   2.44e-01   4.53e-01   3.03e-01
2.175000e+04   2.25e-01   4.50e-01   3.25e-01
2.225000e+04   2.08e-01   4.47e-01   3.45e-01
2.275000e+04   1.96e-01   4.43e-01   3.61e-01
2.325000e+04   1.89e-01   4.41e-01   3.70e-01
2.375000e+04   1.80e-01   4.37e-01   3.83e-01
2.425000e+04   1.70e-01   4.33e-01   3.97e-01
2.475000e+04   1.56e-01   4.26e-01   4.19e-01
2.525000e+04   1.42e-01   4.17e-01   4.41e-01
2.575000e+04   1.25e-01   4.04e-01   4.70e-01
2.625000e+04   1.07e-01   3.88e-01   5.04e-01
2.675000e+04   9.02e-02   3.68e-01   5.41e-01
2.725000e+04   7.33e-02   3.44e-01   5.82e-01
2.775000e+04   5.65e-02   3.14e-01   6.29e-01
2.825000e+04   4.03e-02   2.77e-01   6.83e-01
2.875000e+04   2.73e-02   2.36e-01   7.36e-01
2.925000e+04   1.16e-02   1.63e-01   8.25e-01
2.975000e+04   6.44e-03   1.25e-01   8.69e-01
