#NTIMES: 50
#NSTAGES 4
#TIMES[d]: 199.16 202.03 204.93 207.87 210.86 213.89 216.97 220.09 223.25 226.46 229.71 233.01 236.36 239.76 243.21 246.70 250.25 253.85 257.50 261.20 264.95 268.76 272.62 276.54 280.51 284.55 288.64 292.79 296.99 301.26 305.59 309.99 314.44 318.96 323.55 328.19 332.91 337.70 342.55 347.48 352.47 357.54 362.68 367.89 373.18 378.54 383.98 389.50 395.10 400.78
#
#TIME: 199.16
#NVEL 162
#vel_mid[km/s] ca0 ca1 ca2 ca3
125.00 3.4461e-10 2.8276e-04 7.8022e-01 2.1949e-01
375.00 3.7542e-10 3.1946e-04 7.5597e-01 2.4371e-01
625.00 3.8667e-10 3.2595e-04 7.2628e-01 2.7339e-01
875.00 3.2167e-10 2.6321e-04 7.0513e-01 2.9461e-01
1125.00 3.3757e-10 2.4607e-04 6.8416e-01 3.1560e-01
1375.00 3.3687e-10 2.1977e-04 6.7013e-01 3.2965e-01
1625.00 4.5745e-10 2.4397e-04 6.6109e-01 3.3867e-01
1875.00 7.1591e-10 2.9765e-04 6.6253e-01 3.3717e-01
2125.00 1.0621e-09 3.3727e-04 6.6215e-01 3.3751e-01
2375.00 1.8051e-09 4.2029e-04 6.8393e-01 3.1565e-01
2625.00 3.6644e-09 5.9747e-04 7.1503e-01 2.8437e-01
2875.00 9.7015e-09 1.0816e-03 7.5102e-01 2.4790e-01
3125.00 3.2356e-08 2.3266e-03 7.9121e-01 2.0647e-01
3375.00 1.9702e-07 8.6985e-03 8.2307e-01 1.6823e-01
3625.00 2.4577e-06 5.5495e-02 8.2253e-01 1.2197e-01
3875.00 7.6274e-06 9.1094e-02 8.1461e-01 9.4289e-02
4125.00 1.0178e-05 9.9949e-02 8.2749e-01 7.2549e-02
4375.00 8.5285e-06 1.0819e-01 8.3472e-01 5.7080e-02
4625.00 8.4459e-06 1.1315e-01 8.3268e-01 5.4166e-02
4875.00 8.1584e-06 1.1235e-01 8.3503e-01 5.2603e-02
5125.00 8.4334e-06 1.1739e-01 8.2919e-01 5.3414e-02
5375.00 8.2776e-06 1.1189e-01 8.3716e-01 5.0947e-02
5625.00 8.5742e-06 1.1303e-01 8.3474e-01 5.2221e-02
5875.00 8.6708e-06 1.1215e-01 8.3517e-01 5.2663e-02
6125.00 9.1805e-06 1.1537e-01 8.3033e-01 5.4292e-02
6375.00 9.1100e-06 1.1070e-01 8.3717e-01 5.2118e-02
6625.00 9.4676e-06 1.1168e-01 8.3632e-01 5.1987e-02
6875.00 9.9284e-06 1.1297e-01 8.3245e-01 5.4569e-02
7125.00 1.0192e-05 1.1060e-01 8.3497e-01 5.4421e-02
7375.00 1.0352e-05 1.0716e-01 8.3759e-01 5.5246e-02
7625.00 1.1141e-05 1.1028e-01 8.3460e-01 5.5105e-02
7875.00 1.1847e-05 1.1416e-01 8.2886e-01 5.6970e-02
8125.00 1.1526e-05 1.0901e-01 8.3275e-01 5.8228e-02
8375.00 1.1726e-05 1.0786e-01 8.3488e-01 5.7241e-02
8625.00 1.1433e-05 1.0277e-01 8.4214e-01 5.5084e-02
8875.00 1.1895e-05 1.0482e-01 8.3872e-01 5.6454e-02
9125.00 1.2216e-05 1.0670e-01 8.3671e-01 5.6573e-02
9375.00 1.5446e-05 1.2102e-01 8.3056e-01 4.8407e-02
9625.00 1.3350e-05 1.1420e-01 8.3769e-01 4.8101e-02
9875.00 1.2956e-05 1.1283e-01 8.3875e-01 4.8414e-02
10125.00 1.1614e-05 1.0908e-01 8.3543e-01 5.5476e-02
10375.00 1.0958e-05 1.0554e-01 8.4411e-01 5.0337e-02
10625.00 1.0430e-05 1.0850e-01 8.3778e-01 5.3713e-02
10875.00 9.1520e-06 1.0416e-01 8.4300e-01 5.2822e-02
11125.00 7.5290e-06 9.3722e-02 8.5264e-01 5.3632e-02
11375.00 7.8980e-06 1.0302e-01 8.4097e-01 5.6011e-02
11625.00 5.3235e-06 8.1104e-02 8.6101e-01 5.7883e-02
11875.00 4.3501e-06 7.3125e-02 8.6432e-01 6.2549e-02
12125.00 3.1726e-06 5.6624e-02 8.8308e-01 6.0290e-02
12375.00 3.0537e-06 5.7535e-02 8.7959e-01 6.2874e-02
12625.00 2.0708e-06 4.1137e-02 8.8970e-01 6.9157e-02
12875.00 1.4724e-06 3.1086e-02 8.9508e-01 7.3835e-02
13125.00 1.4165e-06 3.1509e-02 8.8607e-01 8.2422e-02
13375.00 1.1189e-06 2.6025e-02 8.9816e-01 7.5810e-02
13625.00 1.1524e-06 2.6725e-02 8.9753e-01 7.5747e-02
13875.00 1.2451e-06 2.9174e-02 8.9166e-01 7.9167e-02
14125.00 8.7521e-07 2.0933e-02 8.8941e-01 8.9657e-02
14375.00 8.4822e-07 2.0282e-02 8.8758e-01 9.2138e-02
14625.00 7.1445e-07 1.7722e-02 8.9167e-01 9.0608e-02
14875.00 7.3625e-07 1.8679e-02 8.8554e-01 9.5786e-02
15125.00 7.2547e-07 1.7941e-02 8.7574e-01 1.0632e-01
15375.00 9.3942e-07 2.3003e-02 8.5835e-01 1.1864e-01
15625.00 8.0700e-07 1.9705e-02 8.7502e-01 1.0527e-01
15875.00 9.6231e-07 2.3613e-02 8.5132e-01 1.2506e-01
16125.00 6.3142e-07 1.5629e-02 8.7068e-01 1.1369e-01
16375.00 5.8939e-07 1.4195e-02 8.5650e-01 1.2930e-01
16625.00 7.5001e-07 1.8683e-02 8.5589e-01 1.2543e-01
16875.00 7.3555e-07 1.7982e-02 8.1894e-01 1.6308e-01
17125.00 1.7615e-07 4.5289e-03 8.2655e-01 1.6892e-01
17375.00 6.7390e-07 1.7269e-02 8.0945e-01 1.7328e-01
17625.00 1.2440e-07 3.2589e-03 8.3043e-01 1.6632e-01
17875.00 3.5113e-07 7.9287e-03 5.6130e-01 4.3077e-01
18125.00 9.1307e-08 2.1493e-03 8.3900e-01 1.5885e-01
18375.00 4.2397e-07 9.4402e-03 5.5678e-01 4.3378e-01
18625.00 2.6399e-07 6.2856e-03 7.9254e-01 2.0117e-01
18875.00 3.4911e-07 8.3561e-03 8.1286e-01 1.7879e-01
19125.00 6.8524e-07 1.6015e-02 7.3059e-01 2.5340e-01
19375.00 8.7463e-07 1.9563e-02 6.4807e-01 3.3236e-01
19625.00 4.4519e-07 7.8065e-03 7.4067e-01 2.5153e-01
19875.00 1.3991e-07 3.3526e-03 7.7860e-01 2.1805e-01
20125.00 4.0524e-08 9.8194e-04 7.7467e-01 2.2435e-01
20375.00 1.0971e-07 2.3708e-03 7.8466e-01 2.1297e-01
20625.00 4.5487e-08 7.1803e-04 7.5161e-01 2.4767e-01
20875.00 3.9272e-08 8.8022e-04 7.4941e-01 2.4971e-01
21125.00 1.5918e-07 2.3962e-03 4.4582e-01 5.5178e-01
21375.00 1.2345e-07 1.8769e-03 7.3607e-01 2.6205e-01
21625.00 4.7027e-07 6.5117e-03 4.8957e-01 5.0391e-01
21875.00 4.7879e-07 6.5475e-03 4.8881e-01 5.0464e-01
22125.00 6.0635e-07 7.9842e-03 5.1742e-01 4.7459e-01
22375.00 3.7781e-07 4.7334e-03 4.7548e-01 5.1979e-01
22625.00 1.4101e-07 2.0084e-03 6.4170e-01 3.5630e-01
22875.00 3.6583e-07 5.3005e-03 4.9183e-01 5.0287e-01
23125.00 3.3309e-07 4.7325e-03 5.0350e-01 4.9177e-01
23375.00 1.3424e-07 1.8775e-03 6.7573e-01 3.2239e-01
23625.00 1.5020e-07 2.0699e-03 6.4349e-01 3.5444e-01
23875.00 1.5429e-07 2.4142e-03 6.0404e-01 3.9355e-01
24125.00 2.0453e-07 2.8458e-03 4.7481e-01 5.2234e-01
24375.00 2.0412e-07 2.6496e-03 4.3310e-01 5.6425e-01
24625.00 1.9289e-07 2.4436e-03 4.5845e-01 5.3911e-01
24875.00 1.6309e-07 2.3039e-03 6.6852e-01 3.2917e-01
25125.00 3.3779e-07 4.7392e-03 5.9347e-01 4.0179e-01
25375.00 3.7686e-07 5.4656e-03 5.3031e-01 4.6423e-01
25625.00 4.7929e-07 6.1392e-03 3.6486e-01 6.2900e-01
25875.00 2.4112e-07 3.4543e-03 6.1264e-01 3.8390e-01
26125.00 3.4116e-07 4.9708e-03 4.7237e-01 5.2266e-01
26375.00 2.0308e-07 3.2734e-03 5.8089e-01 4.1584e-01
26625.00 1.4219e-07 2.1655e-03 4.3899e-01 5.5885e-01
26875.00 1.7972e-07 3.0915e-03 4.8786e-01 5.0905e-01
27125.00 1.9877e-07 3.0731e-03 3.9963e-01 5.9730e-01
27375.00 2.0769e-07 4.1378e-03 4.9552e-01 5.0034e-01
27625.00 2.7657e-07 5.1837e-03 5.2919e-01 4.6563e-01
27875.00 2.7936e-07 5.0520e-03 5.1045e-01 4.8449e-01
28125.00 2.4897e-07 4.6581e-03 4.9949e-01 4.9585e-01
28375.00 1.8337e-07 3.1751e-03 4.2334e-01 5.7348e-01
28625.00 1.7855e-07 3.2379e-03 4.6557e-01 5.3119e-01
28875.00 1.6620e-07 3.4329e-03 5.1538e-01 4.8119e-01
29125.00 1.1835e-07 1.7366e-03 2.4082e-01 7.5744e-01
29375.00 2.0618e-07 3.5941e-03 4.2520e-01 5.7121e-01
29625.00 1.8119e-07 4.7156e-03 4.8555e-01 5.0974e-01
29875.00 1.7146e-07 3.4838e-03 4.3389e-01 5.6263e-01
30125.00 1.2979e-07 2.8059e-03 3.9881e-01 5.9839e-01
30375.00 9.6861e-08 2.2209e-03 3.4461e-01 6.5317e-01
30625.00 7.8766e-08 1.8528e-03 3.2989e-01 6.6826e-01
30875.00 6.0247e-08 1.5205e-03 3.4303e-01 6.5545e-01
31125.00 5.7322e-08 1.5880e-03 3.4981e-01 6.4861e-01
31375.00 5.5107e-08 1.4500e-03 3.4825e-01 6.5030e-01
31625.00 9.7155e-08 2.2730e-03 3.7582e-01 6.2191e-01
31875.00 9.0275e-08 2.2128e-03 3.1898e-01 6.7881e-01
32125.00 7.3916e-08 1.7494e-03 3.4960e-01 6.4865e-01
32375.00 4.6065e-08 1.1435e-03 2.7514e-01 7.2372e-01
32625.00 3.6465e-08 8.9087e-04 2.3554e-01 7.6357e-01
32875.00 4.8470e-08 1.3860e-03 3.0256e-01 6.9606e-01
33125.00 2.7506e-08 8.5985e-04 2.1645e-01 7.8269e-01
33375.00 2.0806e-08 6.8467e-04 1.9486e-01 8.0446e-01
33625.00 1.7657e-08 6.1966e-04 1.8342e-01 8.1597e-01
33875.00 1.0184e-08 4.3240e-04 1.4907e-01 8.5050e-01
34125.00 4.2537e-09 2.4725e-04 1.8502e-01 8.1473e-01
34375.00 3.0238e-09 1.9346e-04 1.7345e-01 8.2635e-01
34625.00 2.7681e-09 1.9039e-04 1.5740e-01 8.4241e-01
34875.00 4.3268e-09 3.0949e-04 1.4309e-01 8.5660e-01
35125.00 2.5200e-09 1.9860e-04 1.2941e-01 8.7039e-01
35375.00 1.8496e-09 1.5056e-04 1.1935e-01 8.8050e-01
35625.00 1.5080e-09 1.2365e-04 1.0954e-01 8.9034e-01
35875.00 1.5430e-09 1.3485e-04 1.0389e-01 8.9597e-01
36125.00 1.1051e-09 1.0145e-04 9.5805e-02 9.0409e-01
36375.00 8.3537e-10 8.0265e-05 8.8610e-02 9.1131e-01
36625.00 6.7146e-10 6.7997e-05 8.2068e-02 9.1786e-01
36875.00 5.1025e-10 5.5806e-05 7.6145e-02 9.2380e-01
37125.00 3.8332e-10 4.4181e-05 6.8489e-02 9.3147e-01
37375.00 2.5419e-10 3.1219e-05 6.5466e-02 9.3450e-01
37625.00 2.1656e-10 2.7925e-05 6.0981e-02 9.3899e-01
37875.00 1.6667e-10 2.2645e-05 5.7002e-02 9.4298e-01
38125.00 1.2019e-10 1.6166e-05 5.4618e-02 9.4537e-01
38375.00 1.0146e-10 1.4554e-05 5.3100e-02 9.4689e-01
38625.00 7.2100e-11 1.1057e-05 4.9111e-02 9.5088e-01
38875.00 7.7984e-11 1.2314e-05 4.6377e-02 9.5361e-01
39125.00 7.0508e-11 1.1716e-05 4.3273e-02 9.5671e-01
39375.00 5.7304e-11 1.0064e-05 4.0130e-02 9.5986e-01
39625.00 4.2095e-11 7.5490e-06 3.7805e-02 9.6219e-01
39875.00 2.8037e-11 5.4174e-06 3.5178e-02 9.6482e-01
40125.00 3.4788e-11 6.5628e-06 3.3110e-02 9.6688e-01
40375.00 3.1759e-11 5.8498e-06 3.0851e-02 9.6914e-01
#TIME: 202.03
#NVEL 162
#vel_mid[km/s] ca0 ca1 ca2 ca3
125.00 6.3224e-10 4.3986e-04 7.4911e-01 2.5045e-01
375.00 3.5787e-10 2.7573e-04 7.4932e-01 2.5041e-01
625.00 3.8554e-10 2.8590e-04 7.3272e-01 2.6699e-01
875.00 3.4573e-10 2.5602e-04 7.0884e-01 2.9091e-01
1125.00 4.0388e-10 2.5780e-04 6.8617e-01 3.1357e-01
1375.00 4.4536e-10 2.5879e-04 6.6615e-01 3.3359e-01
1625.00 4.9705e-10 2.4192e-04 6.5597e-01 3.4378e-01
1875.00 7.7935e-10 2.8915e-04 6.6151e-01 3.3820e-01
2125.00 1.3043e-09 3.6954e-04 6.6127e-01 3.3836e-01
2375.00 2.1364e-09 4.4839e-04 6.8611e-01 3.1344e-01
2625.00 4.0826e-09 6.0040e-04 7.1384e-01 2.8556e-01
2875.00 1.1167e-08 1.1063e-03 7.5386e-01 2.4504e-01
3125.00 4.2009e-08 2.7078e-03 7.8797e-01 2.0932e-01
3375.00 2.3038e-07 9.0875e-03 8.2566e-01 1.6525e-01
3625.00 3.0557e-06 6.0661e-02 8.1414e-01 1.2519e-01
3875.00 8.5943e-06 8.9906e-02 8.1738e-01 9.2710e-02
4125.00 1.1369e-05 1.0033e-01 8.2764e-01 7.2024e-02
4375.00 9.3158e-06 1.0715e-01 8.3648e-01 5.6363e-02
4625.00 9.0783e-06 1.1105e-01 8.3650e-01 5.2449e-02
4875.00 9.2137e-06 1.1458e-01 8.3242e-01 5.2991e-02
5125.00 9.2146e-06 1.1431e-01 8.3278e-01 5.2897e-02
5375.00 9.2398e-06 1.1376e-01 8.3432e-01 5.1908e-02
5625.00 9.3788e-06 1.1380e-01 8.3401e-01 5.2179e-02
5875.00 9.7239e-06 1.1247e-01 8.3502e-01 5.2491e-02
6125.00 9.5995e-06 1.1151e-01 8.3592e-01 5.2561e-02
6375.00 9.9010e-06 1.1088e-01 8.3728e-01 5.1829e-02
6625.00 1.0620e-05 1.1355e-01 8.3283e-01 5.3606e-02
6875.00 1.1257e-05 1.1449e-01 8.3187e-01 5.3620e-02
7125.00 1.1026e-05 1.0851e-01 8.3810e-01 5.3382e-02
7375.00 1.1530e-05 1.0865e-01 8.3554e-01 5.5805e-02
7625.00 1.1875e-05 1.0768e-01 8.3838e-01 5.3937e-02
7875.00 1.2976e-05 1.1296e-01 8.3054e-01 5.6487e-02
8125.00 1.2385e-05 1.0591e-01 8.3821e-01 5.5869e-02
8375.00 1.3311e-05 1.1221e-01 8.2977e-01 5.8009e-02
8625.00 1.2607e-05 1.0494e-01 8.3983e-01 5.5214e-02
8875.00 1.2866e-05 1.0483e-01 8.3882e-01 5.6343e-02
9125.00 1.3159e-05 1.0696e-01 8.3746e-01 5.5566e-02
9375.00 1.6150e-05 1.1739e-01 8.3718e-01 4.5413e-02
9625.00 1.4444e-05 1.1465e-01 8.3801e-01 4.7326e-02
9875.00 1.3677e-05 1.1218e-01 8.3989e-01 4.7909e-02
10125.00 1.2578e-05 1.1191e-01 8.3013e-01 5.7943e-02
10375.00 1.1781e-05 1.0974e-01 8.3985e-01 5.0399e-02
10625.00 1.0221e-05 1.0521e-01 8.4438e-01 5.0397e-02
10875.00 9.0861e-06 9.9615e-02 8.4636e-01 5.4021e-02
11125.00 8.1810e-06 9.8550e-02 8.4821e-01 5.3230e-02
11375.00 6.5875e-06 8.3011e-02 8.6238e-01 5.4597e-02
11625.00 5.6765e-06 8.1751e-02 8.5754e-01 6.0707e-02
11875.00 5.1269e-06 8.0478e-02 8.5504e-01 6.4481e-02
12125.00 3.0114e-06 5.2528e-02 8.8820e-01 5.9269e-02
12375.00 3.4527e-06 6.4371e-02 8.6279e-01 7.2834e-02
12625.00 2.4316e-06 4.8854e-02 8.7876e-01 7.2382e-02
12875.00 2.3079e-06 4.8455e-02 8.7486e-01 7.6680e-02
13125.00 1.4907e-06 3.3275e-02 8.9062e-01 7.6101e-02
13375.00 1.1433e-06 2.6263e-02 8.9645e-01 7.7290e-02
13625.00 1.2343e-06 2.9055e-02 8.9369e-01 7.7255e-02
13875.00 1.5675e-06 3.7036e-02 8.7715e-01 8.5815e-02
14125.00 7.7142e-07 1.8455e-02 8.9268e-01 8.8865e-02
14375.00 7.8466e-07 1.9209e-02 8.9129e-01 8.9505e-02
14625.00 7.3184e-07 1.7728e-02 8.8621e-01 9.6058e-02
14875.00 6.7464e-07 1.6976e-02 8.8226e-01 1.0077e-01
15125.00 8.5782e-07 2.1516e-02 8.6736e-01 1.1112e-01
15375.00 8.2769e-07 2.1017e-02 8.7154e-01 1.0744e-01
15625.00 6.8945e-07 1.7933e-02 8.6985e-01 1.1222e-01
15875.00 1.9465e-07 4.9914e-03 7.9635e-01 1.9865e-01
16125.00 6.1906e-07 1.5960e-02 8.7507e-01 1.0897e-01
16375.00 5.8608e-07 1.4869e-02 8.4830e-01 1.3683e-01
16625.00 6.3171e-07 1.5701e-02 8.4694e-01 1.3736e-01
16875.00 3.4295e-07 8.7048e-03 6.9423e-01 2.9706e-01
17125.00 1.1481e-06 2.8167e-02 8.1121e-01 1.6062e-01
17375.00 1.2397e-06 3.0992e-02 7.9093e-01 1.7808e-01
17625.00 6.3376e-07 1.6058e-02 8.3521e-01 1.4873e-01
17875.00 2.4296e-07 6.0095e-03 8.3419e-01 1.5980e-01
18125.00 2.0180e-07 4.8643e-03 8.0136e-01 1.9378e-01
18375.00 6.2932e-07 1.4185e-02 6.7365e-01 3.1216e-01
18625.00 3.6644e-07 8.7202e-03 5.6514e-01 4.2614e-01
18875.00 1.3084e-06 2.7319e-02 5.7392e-01 3.9876e-01
19125.00 1.9296e-07 4.2840e-03 7.6934e-01 2.2638e-01
19375.00 2.7398e-07 6.2329e-03 6.6131e-01 3.3246e-01
19625.00 1.2625e-06 2.2106e-02 5.4856e-01 4.2933e-01
19875.00 2.5716e-07 5.3256e-03 6.5574e-01 3.3893e-01
20125.00 3.3944e-08 8.7443e-04 7.8163e-01 2.1749e-01
20375.00 5.1389e-08 1.1387e-03 7.3357e-01 2.6529e-01
20625.00 2.6404e-07 4.5379e-03 5.7794e-01 4.1753e-01
20875.00 5.2644e-07 7.3879e-03 5.0408e-01 4.8853e-01
21125.00 1.2466e-07 2.0698e-03 7.8013e-01 2.1780e-01
21375.00 2.8904e-07 4.9164e-03 5.4815e-01 4.4693e-01
21625.00 4.3297e-07 6.2336e-03 5.2356e-01 4.7021e-01
21875.00 2.4767e-07 3.8321e-03 7.9027e-01 2.0589e-01
22125.00 1.2927e-07 1.9282e-03 6.3565e-01 3.6242e-01
22375.00 1.0633e-07 1.8538e-03 7.3804e-01 2.6010e-01
22625.00 2.0672e-07 3.1467e-03 4.7810e-01 5.1875e-01
22875.00 2.4328e-07 3.6109e-03 5.5434e-01 4.4205e-01
23125.00 4.0040e-07 5.6114e-03 5.0315e-01 4.9123e-01
23375.00 2.1081e-07 3.5270e-03 7.3174e-01 2.6473e-01
23625.00 1.2416e-07 2.0368e-03 7.1174e-01 2.8623e-01
23875.00 2.2505e-07 3.1210e-03 3.7435e-01 6.2253e-01
24125.00 3.2461e-07 4.0516e-03 3.9797e-01 5.9798e-01
24375.00 3.1885e-07 4.4534e-03 4.7372e-01 5.2183e-01
24625.00 1.5059e-07 2.2881e-03 5.1122e-01 4.8650e-01
24875.00 2.9003e-07 4.4849e-03 4.9814e-01 4.9737e-01
25125.00 2.9181e-07 4.2206e-03 4.8551e-01 5.1027e-01
25375.00 1.9709e-07 3.1779e-03 6.2093e-01 3.7589e-01
25625.00 2.2778e-07 3.5248e-03 4.3814e-01 5.5833e-01
25875.00 2.3608e-07 3.6095e-03 4.4134e-01 5.5505e-01
26125.00 2.1777e-07 3.7597e-03 4.0685e-01 5.8939e-01
26375.00 2.7080e-07 4.3229e-03 4.3546e-01 5.6022e-01
26625.00 2.7136e-07 4.6814e-03 4.1946e-01 5.7586e-01
26875.00 2.5428e-07 4.0490e-03 4.0149e-01 5.9446e-01
27125.00 2.0077e-07 3.5729e-03 3.8897e-01 6.0745e-01
27375.00 1.9722e-07 3.4268e-03 3.7163e-01 6.2494e-01
27625.00 1.6011e-07 3.0421e-03 5.5490e-01 4.4206e-01
27875.00 1.9884e-07 3.8188e-03 4.1912e-01 5.7706e-01
28125.00 2.0337e-07 3.6234e-03 4.1037e-01 5.8601e-01
28375.00 1.3271e-07 2.2918e-03 4.4630e-01 5.5141e-01
28625.00 1.3581e-07 2.6339e-03 3.6225e-01 6.3512e-01
28875.00 1.7511e-07 4.2591e-03 5.1208e-01 4.8367e-01
29125.00 1.8507e-07 3.7382e-03 5.1132e-01 4.8494e-01
29375.00 1.5406e-07 3.3770e-03 4.9454e-01 5.0208e-01
29625.00 1.2264e-07 3.3718e-03 4.8508e-01 5.1155e-01
29875.00 1.2463e-07 3.0730e-03 4.7657e-01 5.2035e-01
30125.00 1.2665e-07 2.9506e-03 4.6146e-01 5.3559e-01
30375.00 1.1666e-07 2.8959e-03 4.5696e-01 5.4015e-01
30625.00 9.7180e-08 2.4159e-03 4.4313e-01 5.5445e-01
30875.00 7.7983e-08 2.0096e-03 4.2202e-01 5.7597e-01
31125.00 6.9581e-08 1.8611e-03 4.0349e-01 5.9465e-01
31375.00 1.0371e-07 2.5158e-03 4.6557e-01 5.3191e-01
31625.00 4.9818e-08 1.5712e-03 3.7251e-01 6.2592e-01
31875.00 1.8452e-08 8.5673e-04 2.2120e-01 7.7794e-01
32125.00 2.2689e-08 6.7036e-04 2.1008e-01 7.8925e-01
32375.00 2.0038e-08 7.1583e-04 2.4152e-01 7.5776e-01
32625.00 3.8866e-08 1.2069e-03 3.0708e-01 6.9171e-01
32875.00 1.5821e-08 7.0120e-04 1.5148e-01 8.4782e-01
33125.00 6.5269e-08 2.4567e-03 3.1355e-01 6.8399e-01
33375.00 3.1283e-08 1.1658e-03 2.3104e-01 7.6780e-01
33625.00 4.2444e-09 2.4330e-04 1.1440e-01 8.8535e-01
33875.00 1.1692e-08 4.9599e-04 1.6286e-01 8.3664e-01
34125.00 3.6551e-09 2.4353e-04 1.9212e-01 8.0764e-01
34375.00 2.4022e-09 1.6690e-04 1.7726e-01 8.2257e-01
34625.00 1.9565e-09 1.4216e-04 1.6075e-01 8.3911e-01
34875.00 1.9408e-09 1.4478e-04 1.4776e-01 8.5209e-01
35125.00 1.5421e-09 1.1550e-04 1.3462e-01 8.6526e-01
35375.00 1.3104e-09 1.0451e-04 1.2467e-01 8.7522e-01
35625.00 1.6528e-09 1.4606e-04 1.1554e-01 8.8432e-01
35875.00 1.2992e-09 1.2928e-04 1.0767e-01 8.9220e-01
36125.00 1.0379e-09 1.0991e-04 9.9598e-02 9.0029e-01
36375.00 8.9194e-10 9.7058e-05 9.2296e-02 9.0761e-01
36625.00 7.5267e-10 8.1790e-05 8.5717e-02 9.1420e-01
36875.00 6.2454e-10 7.0163e-05 7.9696e-02 9.2023e-01
37125.00 4.9250e-10 5.9928e-05 7.2190e-02 9.2775e-01
37375.00 4.4236e-10 5.5710e-05 6.8940e-02 9.3100e-01
37625.00 4.0892e-10 5.2984e-05 6.4276e-02 9.3567e-01
37875.00 3.1361e-10 4.3330e-05 5.5083e-02 9.4487e-01
38125.00 2.8275e-10 4.1042e-05 5.1916e-02 9.4804e-01
38375.00 2.5068e-10 3.8539e-05 5.0392e-02 9.4957e-01
38625.00 1.9766e-10 3.2464e-05 4.6436e-02 9.5353e-01
38875.00 1.4768e-10 2.5867e-05 4.3903e-02 9.5607e-01
39125.00 1.0731e-10 1.8903e-05 4.1046e-02 9.5893e-01
39375.00 7.3667e-11 1.3523e-05 3.8079e-02 9.6191e-01
39625.00 6.4086e-11 1.2106e-05 3.5905e-02 9.6408e-01
39875.00 3.5825e-11 6.8081e-06 3.3358e-02 9.6663e-01
40125.00 4.7948e-11 9.5210e-06 3.1412e-02 9.6858e-01
40375.00 3.7065e-11 7.7849e-06 2.9256e-02 9.7074e-01
#TIME: 204.93
#NVEL 162
#vel_mid[km/s] ca0 ca1 ca2 ca3
125.00 6.7160e-10 4.3928e-04 7.7227e-01 2.2729e-01
375.00 3.8191e-10 2.7222e-04 7.5185e-01 2.4788e-01
625.00 4.4268e-10 2.9040e-04 7.2783e-01 2.7188e-01
875.00 4.2483e-10 2.6578e-04 7.1457e-01 2.8517e-01
1125.00 3.8395e-10 2.3549e-04 6.8290e-01 3.1686e-01
1375.00 4.6522e-10 2.4654e-04 6.6263e-01 3.3712e-01
1625.00 6.1607e-10 2.6057e-04 6.5761e-01 3.4213e-01
1875.00 8.9699e-10 2.9916e-04 6.5676e-01 3.4294e-01
2125.00 1.5059e-09 3.8038e-04 6.5733e-01 3.4229e-01
2375.00 2.4089e-09 4.5096e-04 6.8255e-01 3.1700e-01
2625.00 4.9007e-09 6.4401e-04 7.1433e-01 2.8503e-01
2875.00 1.2815e-08 1.1529e-03 7.4843e-01 2.5041e-01
3125.00 4.5646e-08 2.6830e-03 7.8984e-01 2.0748e-01
3375.00 2.6741e-07 9.4494e-03 8.2667e-01 1.6388e-01
3625.00 3.5422e-06 6.1426e-02 8.1793e-01 1.2064e-01
3875.00 9.6876e-06 8.9761e-02 8.1688e-01 9.3344e-02
4125.00 1.3027e-05 9.9585e-02 8.2847e-01 7.1936e-02
4375.00 1.0768e-05 1.1059e-01 8.3189e-01 5.7505e-02
4625.00 1.0391e-05 1.1350e-01 8.3210e-01 5.4388e-02
4875.00 1.0085e-05 1.1499e-01 8.3139e-01 5.3604e-02
5125.00 9.5713e-06 1.1133e-01 8.3716e-01 5.1503e-02
5375.00 9.8563e-06 1.1289e-01 8.3574e-01 5.1358e-02
5625.00 1.0274e-05 1.1374e-01 8.3455e-01 5.1699e-02
5875.00 1.0189e-05 1.1119e-01 8.3783e-01 5.0973e-02
6125.00 1.1023e-05 1.1468e-01 8.3241e-01 5.2899e-02
6375.00 1.1336e-05 1.1171e-01 8.3596e-01 5.2323e-02
6625.00 1.1650e-05 1.1402e-01 8.3205e-01 5.3917e-02
6875.00 1.2479e-05 1.1452e-01 8.3366e-01 5.1806e-02
7125.00 1.2487e-05 1.1412e-01 8.3109e-01 5.4778e-02
7375.00 1.2418e-05 1.0874e-01 8.3710e-01 5.4149e-02
7625.00 1.3551e-05 1.1222e-01 8.3206e-01 5.5704e-02
7875.00 1.4354e-05 1.1425e-01 8.3104e-01 5.4698e-02
8125.00 1.3927e-05 1.0925e-01 8.3419e-01 5.6551e-02
8375.00 1.4593e-05 1.1155e-01 8.3203e-01 5.6403e-02
8625.00 1.4567e-05 1.0731e-01 8.3579e-01 5.6880e-02
8875.00 1.4154e-05 1.0580e-01 8.3883e-01 5.5359e-02
9125.00 1.4579e-05 1.0749e-01 8.3546e-01 5.7041e-02
9375.00 1.7064e-05 1.1704e-01 8.3778e-01 4.5163e-02
9625.00 1.5618e-05 1.1751e-01 8.3438e-01 4.8096e-02
9875.00 1.4911e-05 1.1532e-01 8.3669e-01 4.7974e-02
10125.00 1.2411e-05 1.0533e-01 8.4108e-01 5.3571e-02
10375.00 1.2977e-05 1.1382e-01 8.3524e-01 5.0928e-02
10625.00 1.0940e-05 1.0761e-01 8.4079e-01 5.1586e-02
10875.00 9.9813e-06 1.0602e-01 8.4326e-01 5.0713e-02
11125.00 8.0244e-06 9.3130e-02 8.5409e-01 5.2768e-02
11375.00 8.0574e-06 9.9730e-02 8.4463e-01 5.5630e-02
11625.00 5.6086e-06 7.8892e-02 8.6237e-01 5.8732e-02
11875.00 4.8542e-06 7.6510e-02 8.6238e-01 6.1105e-02
12125.00 4.3475e-06 7.6359e-02 8.6214e-01 6.1501e-02
12375.00 2.7857e-06 5.2579e-02 8.8370e-01 6.3721e-02
12625.00 6.2346e-07 1.2666e-02 9.1530e-01 7.2035e-02
12875.00 1.6992e-06 3.6275e-02 8.9299e-01 7.0737e-02
13125.00 1.4443e-06 3.1320e-02 8.9294e-01 7.5743e-02
13375.00 1.3881e-06 3.0241e-02 8.9066e-01 7.9101e-02
13625.00 1.3578e-06 2.9771e-02 8.8544e-01 8.4792e-02
13875.00 1.5575e-06 3.4855e-02 8.8809e-01 7.7049e-02
14125.00 9.2691e-07 2.1604e-02 8.7977e-01 9.8622e-02
14375.00 7.2829e-07 1.7757e-02 8.9375e-01 8.8491e-02
14625.00 5.1439e-07 1.2557e-02 8.9390e-01 9.3547e-02
14875.00 6.9286e-07 1.7765e-02 8.8873e-01 9.3503e-02
15125.00 6.5782e-07 1.6732e-02 8.8557e-01 9.7697e-02
15375.00 8.9893e-07 2.2133e-02 8.7419e-01 1.0367e-01
15625.00 8.1359e-07 2.0163e-02 8.7131e-01 1.0853e-01
15875.00 5.9831e-07 1.4728e-02 8.6847e-01 1.1680e-01
16125.00 4.9555e-07 1.2700e-02 8.7396e-01 1.1334e-01
16375.00 4.5720e-07 1.1143e-02 5.4766e-01 4.4120e-01
16625.00 1.6979e-07 4.3871e-03 8.6247e-01 1.3314e-01
16875.00 1.7695e-07 4.7791e-03 8.5604e-01 1.3918e-01
17125.00 3.6884e-07 1.0104e-02 8.4963e-01 1.4027e-01
17375.00 1.3131e-07 3.6146e-03 8.2913e-01 1.6726e-01
17625.00 5.5832e-07 1.4280e-02 8.4252e-01 1.4320e-01
17875.00 4.0289e-07 1.0330e-02 5.8119e-01 4.0848e-01
18125.00 6.5762e-07 1.6082e-02 6.1338e-01 3.7054e-01
18375.00 3.7049e-07 8.5257e-03 8.3367e-01 1.5780e-01
18625.00 6.8455e-07 1.6625e-02 6.1222e-01 3.7115e-01
18875.00 6.9058e-07 1.6461e-02 7.5371e-01 2.2983e-01
19125.00 1.5359e-07 3.3708e-03 7.7346e-01 2.2317e-01
19375.00 9.6202e-07 1.9010e-02 6.2039e-01 3.6060e-01
19625.00 4.6681e-07 1.0468e-02 7.8026e-01 2.0927e-01
19875.00 8.6947e-07 1.6293e-02 7.1858e-01 2.6513e-01
20125.00 3.6178e-07 8.1720e-03 7.8845e-01 2.0338e-01
20375.00 3.2055e-07 7.3903e-03 7.7934e-01 2.1327e-01
20625.00 1.9465e-07 4.5068e-03 7.5647e-01 2.3902e-01
20875.00 1.1821e-07 2.7605e-03 7.7235e-01 2.2489e-01
21125.00 2.2360e-07 3.8166e-03 6.4048e-01 3.5571e-01
21375.00 7.5670e-07 1.1092e-02 5.1935e-01 4.6956e-01
21625.00 6.4696e-07 9.5262e-03 5.5703e-01 4.3344e-01
21875.00 4.7081e-07 6.8525e-03 5.6056e-01 4.3259e-01
22125.00 2.0407e-07 3.1206e-03 4.7273e-01 5.2415e-01
22375.00 2.1513e-07 3.6568e-03 4.9363e-01 5.0271e-01
22625.00 2.7288e-07 4.2067e-03 4.7809e-01 5.1770e-01
22875.00 2.3413e-07 3.7782e-03 4.7313e-01 5.2309e-01
23125.00 5.0413e-07 8.5557e-03 5.7072e-01 4.2072e-01
23375.00 4.6236e-07 8.1399e-03 6.4496e-01 3.4690e-01
23625.00 6.5899e-07 1.1317e-02 6.3421e-01 3.5447e-01
23875.00 7.5046e-07 1.2246e-02 6.6809e-01 3.1966e-01
24125.00 5.7869e-07 8.9987e-03 6.6469e-01 3.2631e-01
24375.00 3.8413e-07 6.0587e-03 5.1582e-01 4.7812e-01
24625.00 2.6110e-07 4.3697e-03 5.9659e-01 3.9904e-01
24875.00 2.6779e-07 4.4788e-03 4.3871e-01 5.5681e-01
25125.00 2.7578e-07 4.2367e-03 4.1461e-01 5.8115e-01
25375.00 3.7132e-07 6.0797e-03 5.0980e-01 4.8412e-01
25625.00 4.1009e-07 7.4634e-03 4.7589e-01 5.1665e-01
25875.00 3.5821e-07 6.5635e-03 4.8272e-01 5.1072e-01
26125.00 1.1839e-07 1.9924e-03 3.0265e-01 6.9535e-01
26375.00 2.6517e-07 5.1299e-03 4.5687e-01 5.3800e-01
26625.00 1.8150e-07 3.5139e-03 6.0736e-01 3.8913e-01
26875.00 1.7737e-07 2.9554e-03 3.2502e-01 6.7203e-01
27125.00 1.7232e-07 2.7809e-03 3.2696e-01 6.7026e-01
27375.00 1.8130e-07 2.9954e-03 2.9005e-01 7.0695e-01
27625.00 1.4451e-07 2.1838e-03 4.1113e-01 5.8669e-01
27875.00 1.4988e-07 2.6738e-03 5.7900e-01 4.1833e-01
28125.00 1.0520e-07 1.9216e-03 3.7506e-01 6.2302e-01
28375.00 9.8211e-08 1.8116e-03 3.1383e-01 6.8436e-01
28625.00 7.8337e-08 1.4498e-03 2.6982e-01 7.2873e-01
28875.00 5.7502e-14 1.4486e-13 1.0000e+00 5.5773e-16
29125.00 6.6993e-08 1.5705e-03 2.5154e-01 7.4689e-01
29375.00 1.0952e-07 2.6431e-03 3.2944e-01 6.6791e-01
29625.00 9.9827e-08 2.6820e-03 3.2048e-01 6.7684e-01
29875.00 1.1286e-07 2.9717e-03 3.5381e-01 6.4322e-01
30125.00 1.1483e-07 3.4799e-03 3.8389e-01 6.1263e-01
30375.00 1.6920e-07 3.3646e-03 2.9054e-01 7.0609e-01
30625.00 1.1498e-07 2.6644e-03 2.7729e-01 7.2004e-01
30875.00 8.9844e-08 2.7662e-03 4.2501e-01 5.7222e-01
31125.00 8.5195e-08 2.6673e-03 4.1142e-01 5.8591e-01
31375.00 7.9866e-08 2.3756e-03 3.8962e-01 6.0800e-01
31625.00 1.4969e-07 3.8114e-03 4.5212e-01 5.4407e-01
31875.00 4.5974e-08 1.2098e-03 4.3680e-01 5.6199e-01
32125.00 6.2639e-08 1.8206e-03 4.2143e-01 5.7675e-01
32375.00 8.1080e-08 2.6359e-03 4.0212e-01 5.9525e-01
32625.00 2.3750e-08 9.3103e-04 1.9981e-01 7.9926e-01
32875.00 1.5274e-08 5.7721e-04 1.4484e-01 8.5458e-01
33125.00 9.6462e-09 3.7038e-04 1.5151e-01 8.4812e-01
33375.00 3.8643e-09 2.1427e-04 1.3074e-01 8.6904e-01
33625.00 2.1752e-08 9.1461e-04 2.9454e-01 7.0454e-01
33875.00 1.4752e-08 6.1791e-04 1.4214e-01 8.5724e-01
34125.00 5.1990e-09 3.3653e-04 1.9359e-01 8.0607e-01
34375.00 6.7918e-09 4.8583e-04 1.7893e-01 8.2058e-01
34625.00 5.2045e-09 3.9324e-04 1.6453e-01 8.3508e-01
34875.00 4.1487e-09 3.2839e-04 1.5163e-01 8.4804e-01
35125.00 3.0213e-09 2.7134e-04 1.3814e-01 8.6159e-01
35375.00 2.3909e-09 2.2461e-04 1.2788e-01 8.7190e-01
35625.00 2.0634e-09 1.9606e-04 1.1969e-01 8.8012e-01
35875.00 1.5265e-09 1.5136e-04 1.1568e-01 8.8417e-01
36125.00 1.1763e-09 1.2777e-04 1.0698e-01 8.9289e-01
36375.00 9.9204e-10 1.1313e-04 9.9073e-02 9.0081e-01
36625.00 8.5559e-10 1.0378e-04 9.1904e-02 9.0799e-01
36875.00 7.3185e-10 9.3551e-05 8.5389e-02 9.1452e-01
37125.00 5.1433e-10 7.1175e-05 7.7191e-02 9.2274e-01
37375.00 3.8487e-10 5.6255e-05 7.3899e-02 9.2604e-01
37625.00 3.6231e-10 5.5449e-05 6.8745e-02 9.3120e-01
37875.00 2.5914e-10 4.1696e-05 5.9667e-02 9.4029e-01
38125.00 2.1856e-10 3.5825e-05 5.6771e-02 9.4319e-01
38375.00 1.7633e-10 3.1044e-05 5.3056e-02 9.4691e-01
38625.00 1.4191e-10 2.6077e-05 4.8939e-02 9.5104e-01
38875.00 9.0776e-11 1.6898e-05 4.6451e-02 9.5353e-01
39125.00 6.1543e-11 1.2026e-05 4.3487e-02 9.5650e-01
39375.00 5.3157e-11 1.0362e-05 4.2122e-02 9.5787e-01
39625.00 4.6008e-11 9.4076e-06 3.9737e-02 9.6025e-01
39875.00 3.7416e-11 8.1066e-06 3.6934e-02 9.6306e-01
40125.00 5.6603e-11 1.2302e-05 3.4662e-02 9.6533e-01
40375.00 5.0423e-11 1.1153e-05 3.2283e-02 9.6771e-01
#TIME: 207.87
#NVEL 162
#vel_mid[km/s] ca0 ca1 ca2 ca3
125.00 6.3479e-10 4.2865e-04 7.6312e-01 2.3645e-01
375.00 4.8476e-10 3.1903e-04 7.5963e-01 2.4005e-01
625.00 4.4508e-10 2.7939e-04 7.3645e-01 2.6327e-01
875.00 4.2517e-10 2.5734e-04 7.0522e-01 2.9453e-01
1125.00 4.5821e-10 2.5445e-04 6.8612e-01 3.1362e-01
1375.00 4.9606e-10 2.3833e-04 6.6968e-01 3.3008e-01
1625.00 6.8874e-10 2.6478e-04 6.5744e-01 3.4229e-01
1875.00 1.0338e-09 3.0714e-04 6.5617e-01 3.4352e-01
2125.00 1.6284e-09 3.6782e-04 6.6384e-01 3.3579e-01
2375.00 2.8740e-09 4.7559e-04 6.8336e-01 3.1616e-01
2625.00 5.6020e-09 6.6425e-04 7.1659e-01 2.8275e-01
2875.00 1.5938e-08 1.2781e-03 7.4916e-01 2.4956e-01
3125.00 5.5198e-08 2.9028e-03 7.8962e-01 2.0748e-01
3375.00 3.3006e-07 1.0510e-02 8.2120e-01 1.6829e-01
3625.00 4.3979e-06 6.6306e-02 8.1154e-01 1.2215e-01
3875.00 1.1884e-05 9.2306e-02 8.1353e-01 9.4149e-02
4125.00 1.4815e-05 1.0065e-01 8.2708e-01 7.2252e-02
4375.00 1.2128e-05 1.0967e-01 8.3364e-01 5.6679e-02
4625.00 1.1136e-05 1.1230e-01 8.3387e-01 5.3813e-02
4875.00 1.1179e-05 1.1269e-01 8.3489e-01 5.2410e-02
5125.00 1.1069e-05 1.1419e-01 8.3401e-01 5.1797e-02
5375.00 1.1082e-05 1.1349e-01 8.3516e-01 5.1338e-02
5625.00 1.1269e-05 1.1435e-01 8.3416e-01 5.1480e-02
5875.00 1.1279e-05 1.1179e-01 8.3715e-01 5.1047e-02
6125.00 1.2148e-05 1.1505e-01 8.3215e-01 5.2791e-02
6375.00 1.2478e-05 1.1315e-01 8.3437e-01 5.2468e-02
6625.00 1.3604e-05 1.1476e-01 8.3351e-01 5.1714e-02
6875.00 1.3998e-05 1.1463e-01 8.3140e-01 5.3954e-02
7125.00 1.4115e-05 1.1234e-01 8.3337e-01 5.4283e-02
7375.00 1.3810e-05 1.0870e-01 8.3667e-01 5.4611e-02
7625.00 1.4816e-05 1.1183e-01 8.3437e-01 5.3783e-02
7875.00 1.5096e-05 1.1174e-01 8.3374e-01 5.4504e-02
8125.00 1.5143e-05 1.0969e-01 8.3325e-01 5.7036e-02
8375.00 1.4909e-05 1.0545e-01 8.3801e-01 5.6520e-02
8625.00 1.6037e-05 1.0864e-01 8.3582e-01 5.5526e-02
8875.00 1.5873e-05 1.0864e-01 8.3468e-01 5.6659e-02
9125.00 1.5660e-05 1.0832e-01 8.3441e-01 5.7253e-02
9375.00 1.8231e-05 1.1553e-01 8.3972e-01 4.4735e-02
9625.00 1.7122e-05 1.1877e-01 8.3440e-01 4.6819e-02
9875.00 1.6941e-05 1.1916e-01 8.3206e-01 4.8768e-02
10125.00 1.4853e-05 1.1382e-01 8.3017e-01 5.5988e-02
10375.00 1.4609e-05 1.1859e-01 8.3021e-01 5.1186e-02
10625.00 1.1276e-05 1.0505e-01 8.4467e-01 5.0278e-02
10875.00 9.3671e-06 9.8515e-02 8.5003e-01 5.1450e-02
11125.00 8.0335e-06 9.2566e-02 8.5672e-01 5.0708e-02
11375.00 7.9303e-06 9.6691e-02 8.4756e-01 5.5743e-02
11625.00 5.8809e-06 8.3994e-02 8.5844e-01 5.7560e-02
11875.00 4.8418e-06 7.7454e-02 8.6533e-01 5.7215e-02
12125.00 1.7283e-06 3.0521e-02 9.0693e-01 6.2550e-02
12375.00 2.8158e-06 5.2405e-02 8.8326e-01 6.4328e-02
12625.00 2.3864e-06 4.7531e-02 8.8651e-01 6.5954e-02
12875.00 2.5225e-06 5.2667e-02 8.8057e-01 6.6760e-02
13125.00 2.0321e-06 4.2959e-02 8.8592e-01 7.1122e-02
13375.00 2.2034e-06 4.7697e-02 8.7375e-01 7.8547e-02
13625.00 3.3396e-07 6.9008e-03 9.0657e-01 8.6530e-02
13875.00 1.3575e-06 3.0614e-02 8.8839e-01 8.0992e-02
14125.00 1.0590e-06 2.4649e-02 8.8709e-01 8.8255e-02
14375.00 1.1946e-06 2.7913e-02 8.7873e-01 9.3356e-02
14625.00 9.8672e-07 2.3485e-02 8.8168e-01 9.4835e-02
14875.00 9.3277e-07 2.2680e-02 8.8303e-01 9.4292e-02
15125.00 9.9431e-07 2.4592e-02 8.7124e-01 1.0417e-01
15375.00 9.7196e-07 2.4637e-02 8.7158e-01 1.0378e-01
15625.00 6.1144e-07 1.4691e-02 6.1381e-01 3.7150e-01
15875.00 4.1562e-07 1.0432e-02 8.7139e-01 1.1817e-01
16125.00 6.1751e-07 1.5577e-02 8.7171e-01 1.1272e-01
16375.00 1.5614e-07 3.9683e-03 8.2571e-01 1.7032e-01
16625.00 3.1202e-07 7.8637e-03 6.9680e-01 2.9533e-01
16875.00 4.7813e-07 1.2577e-02 8.5821e-01 1.2922e-01
17125.00 9.0195e-07 1.8543e-02 4.9691e-01 4.8454e-01
17375.00 6.7428e-07 1.8254e-02 8.2647e-01 1.5528e-01
17625.00 4.2500e-07 1.0739e-02 5.5428e-01 4.3498e-01
17875.00 1.6909e-07 4.2332e-03 8.1655e-01 1.7922e-01
18125.00 3.8774e-07 9.9276e-03 8.0057e-01 1.8950e-01
18375.00 2.4896e-07 6.8752e-03 8.0244e-01 1.9068e-01
18625.00 3.4981e-07 8.1204e-03 6.8160e-01 3.1028e-01
18875.00 2.7205e-07 6.9488e-03 7.8131e-01 2.1174e-01
19125.00 1.1035e-07 2.3595e-03 8.2110e-01 1.7654e-01
19375.00 1.6355e-07 4.0089e-03 7.0781e-01 2.8818e-01
19625.00 7.8462e-07 1.3304e-02 5.0723e-01 4.7947e-01
19875.00 9.6828e-07 1.6193e-02 5.5226e-01 4.3155e-01
20125.00 1.0202e-06 1.7430e-02 5.6848e-01 4.1409e-01
20375.00 1.0725e-06 2.3182e-02 6.5026e-01 3.2656e-01
20625.00 8.6167e-07 1.6988e-02 6.3379e-01 3.4923e-01
20875.00 4.4643e-07 1.0182e-02 7.3329e-01 2.5653e-01
21125.00 3.5562e-07 7.5310e-03 6.6112e-01 3.3135e-01
21375.00 5.2996e-07 8.1507e-03 6.2659e-01 3.6526e-01
21625.00 2.0391e-07 3.9932e-03 7.6373e-01 2.3228e-01
21875.00 3.3250e-07 5.7817e-03 7.8259e-01 2.1162e-01
22125.00 7.6983e-07 1.1812e-02 7.0052e-01 2.8766e-01
22375.00 2.1415e-07 3.3043e-03 6.0560e-01 3.9109e-01
22625.00 3.0176e-07 4.3728e-03 5.1435e-01 4.8128e-01
22875.00 1.1870e-07 1.9655e-03 7.7171e-01 2.2633e-01
23125.00 1.2943e-07 2.2281e-03 7.2455e-01 2.7322e-01
23375.00 2.7191e-07 5.1274e-03 5.7090e-01 4.2397e-01
23625.00 3.6605e-07 6.6035e-03 5.9694e-01 3.9646e-01
23875.00 4.6252e-07 8.4317e-03 5.7030e-01 4.2127e-01
24125.00 4.4299e-07 7.8592e-03 6.0097e-01 3.9117e-01
24375.00 4.3198e-07 7.7437e-03 5.9659e-01 3.9567e-01
24625.00 2.1792e-07 3.6960e-03 4.7001e-01 5.2629e-01
24875.00 4.3724e-07 7.3109e-03 5.7125e-01 4.2144e-01
25125.00 4.9694e-07 8.2228e-03 6.0151e-01 3.9027e-01
25375.00 4.4341e-07 8.1016e-03 5.9430e-01 3.9760e-01
25625.00 2.7561e-07 4.9287e-03 4.6207e-01 5.3300e-01
25875.00 3.3480e-07 6.0434e-03 4.6567e-01 5.2829e-01
26125.00 3.3143e-07 6.0053e-03 5.2336e-01 4.7063e-01
26375.00 1.4539e-07 2.8442e-03 4.2313e-01 5.7403e-01
26625.00 3.7559e-08 6.9380e-04 3.1150e-01 6.8780e-01
26875.00 1.0243e-07 1.8512e-03 5.1459e-01 4.8356e-01
27125.00 2.5536e-07 4.5593e-03 3.9150e-01 6.0395e-01
27375.00 1.8207e-07 3.2742e-03 3.1767e-01 6.7906e-01
27625.00 1.2408e-07 2.4470e-03 3.3822e-01 6.5933e-01
27875.00 9.2144e-08 1.9523e-03 3.5206e-01 6.4599e-01
28125.00 1.2970e-07 2.7109e-03 4.0891e-01 5.8838e-01
28375.00 1.2624e-07 2.6199e-03 5.1537e-01 4.8201e-01
28625.00 1.2992e-07 2.7969e-03 3.4022e-01 6.5698e-01
28875.00 1.8009e-07 3.3817e-03 3.7501e-01 6.2161e-01
29125.00 1.0358e-07 2.7399e-03 3.0964e-01 6.8762e-01
29375.00 8.7205e-08 2.3741e-03 3.0649e-01 6.9113e-01
29625.00 7.4653e-08 1.9953e-03 2.8761e-01 7.1040e-01
29875.00 8.6033e-08 1.8197e-03 2.5058e-01 7.4760e-01
30125.00 4.7835e-08 1.4492e-03 2.5226e-01 7.4629e-01
30375.00 3.7434e-08 1.0751e-03 2.3307e-01 7.6586e-01
30625.00 2.8176e-08 9.2639e-04 3.8741e-01 6.1166e-01
30875.00 3.8333e-08 1.1391e-03 2.1139e-01 7.8747e-01
31125.00 6.1051e-08 1.4831e-03 1.3368e-01 8.6484e-01
31375.00 4.3412e-08 1.2944e-03 2.4111e-01 7.5760e-01
31625.00 3.6271e-08 1.2115e-03 2.2840e-01 7.7038e-01
31875.00 1.9586e-08 5.6091e-04 2.3935e-01 7.6009e-01
32125.00 2.8907e-08 1.1187e-03 2.5039e-01 7.4849e-01
32375.00 2.8694e-08 8.8218e-04 1.3580e-01 8.6332e-01
32625.00 1.7987e-08 6.6697e-04 1.3838e-01 8.6095e-01
32875.00 5.4358e-08 2.1871e-03 3.6642e-01 6.3139e-01
33125.00 1.7481e-08 6.9301e-04 3.4706e-01 6.5225e-01
33375.00 4.7123e-08 1.9614e-03 3.2207e-01 6.7597e-01
33625.00 7.7501e-09 5.8043e-04 1.9035e-01 8.0907e-01
33875.00 2.7311e-08 1.3659e-03 2.6952e-01 7.2912e-01
34125.00 8.7986e-09 5.8584e-04 1.9722e-01 8.0220e-01
34375.00 6.6584e-09 4.6795e-04 1.8472e-01 8.1481e-01
34625.00 4.6357e-09 3.6437e-04 1.6797e-01 8.3166e-01
34875.00 3.9176e-09 3.1919e-04 1.5516e-01 8.4452e-01
35125.00 3.3088e-09 2.8833e-04 1.4137e-01 8.5834e-01
35375.00 2.5924e-09 2.3817e-04 1.3095e-01 8.6881e-01
35625.00 2.0091e-09 2.0430e-04 1.2116e-01 8.7864e-01
35875.00 1.4061e-09 1.4667e-04 1.1301e-01 8.8684e-01
36125.00 1.1565e-09 1.2514e-04 1.0445e-01 8.9543e-01
36375.00 9.3989e-10 1.1099e-04 9.6856e-02 9.0303e-01
36625.00 7.2586e-10 9.1411e-05 8.9886e-02 9.1002e-01
36875.00 7.0503e-10 9.4883e-05 8.3525e-02 9.1638e-01
37125.00 5.5994e-10 7.6781e-05 7.5543e-02 9.2438e-01
37375.00 4.5400e-10 6.5856e-05 7.2364e-02 9.2757e-01
37625.00 4.0209e-10 6.1557e-05 6.7917e-02 9.3202e-01
37875.00 3.1275e-10 4.8906e-05 6.4234e-02 9.3572e-01
38125.00 2.6167e-10 4.4495e-05 6.1092e-02 9.3886e-01
38375.00 2.1460e-10 3.8574e-05 5.7064e-02 9.4290e-01
38625.00 1.6987e-10 3.2371e-05 5.2603e-02 9.4737e-01
38875.00 1.5507e-10 3.0326e-05 4.9799e-02 9.5017e-01
39125.00 1.2500e-10 2.6395e-05 4.6567e-02 9.5341e-01
39375.00 9.9003e-11 2.1167e-05 4.3142e-02 9.5684e-01
39625.00 8.5532e-11 1.9081e-05 4.0710e-02 9.5927e-01
39875.00 6.6197e-11 1.6398e-05 3.7839e-02 9.6215e-01
40125.00 4.5838e-11 1.2199e-05 3.5740e-02 9.6425e-01
40375.00 3.8488e-11 1.0299e-05 3.3297e-02 9.6669e-01
#TIME: 210.86
#NVEL 162
#vel_mid[km/s] ca0 ca1 ca2 ca3
125.00 7.2863e-10 3.9807e-04 7.8875e-01 2.1085e-01
375.00 6.0095e-10 3.0900e-04 7.5627e-01 2.4342e-01
625.00 5.3360e-10 2.8666e-04 7.3983e-01 2.5988e-01
875.00 4.4672e-10 2.5676e-04 7.1602e-01 2.8373e-01
1125.00 4.7476e-10 2.4592e-04 6.8870e-01 3.1105e-01
1375.00 5.3531e-10 2.2911e-04 6.7294e-01 3.2683e-01
1625.00 7.5813e-10 2.6315e-04 6.5488e-01 3.4486e-01
1875.00 1.1901e-09 3.1032e-04 6.5576e-01 3.4393e-01
2125.00 1.7958e-09 3.6280e-04 6.6537e-01 3.3427e-01
2375.00 3.1517e-09 4.6750e-04 6.8418e-01 3.1536e-01
2625.00 6.6326e-09 7.0209e-04 7.1420e-01 2.8510e-01
2875.00 1.8123e-08 1.2983e-03 7.4821e-01 2.5049e-01
3125.00 6.6212e-08 3.0913e-03 7.8949e-01 2.0742e-01
3375.00 3.7268e-07 1.0826e-02 8.2415e-01 1.6503e-01
3625.00 5.0284e-06 6.8137e-02 8.0990e-01 1.2195e-01
3875.00 1.3684e-05 9.3316e-02 8.1116e-01 9.5514e-02
4125.00 1.6752e-05 9.9830e-02 8.2839e-01 7.1765e-02
4375.00 1.3250e-05 1.1087e-01 8.3181e-01 5.7304e-02
4625.00 1.2567e-05 1.1362e-01 8.3267e-01 5.3696e-02
4875.00 1.2131e-05 1.1447e-01 8.3306e-01 5.2463e-02
5125.00 1.2246e-05 1.1611e-01 8.3175e-01 5.2125e-02
5375.00 1.2530e-05 1.1511e-01 8.3351e-01 5.1364e-02
5625.00 1.2691e-05 1.1519e-01 8.3280e-01 5.1996e-02
5875.00 1.2823e-05 1.1469e-01 8.3409e-01 5.1205e-02
6125.00 1.3433e-05 1.1370e-01 8.3425e-01 5.2040e-02
6375.00 1.4397e-05 1.1142e-01 8.3616e-01 5.2403e-02
6625.00 1.4542e-05 1.1220e-01 8.3389e-01 5.3889e-02
6875.00 1.5532e-05 1.1411e-01 8.3129e-01 5.4577e-02
7125.00 1.6554e-05 1.1500e-01 8.3076e-01 5.4223e-02
7375.00 1.6363e-05 1.1371e-01 8.3116e-01 5.5109e-02
7625.00 1.6277e-05 1.1052e-01 8.3621e-01 5.3259e-02
7875.00 1.6730e-05 1.1160e-01 8.3434e-01 5.4037e-02
8125.00 1.6452e-05 1.0625e-01 8.3977e-01 5.3967e-02
8375.00 1.6688e-05 1.0630e-01 8.3835e-01 5.5336e-02
8625.00 1.7816e-05 1.0973e-01 8.3283e-01 5.7422e-02
8875.00 1.8627e-05 1.1495e-01 8.2494e-01 6.0090e-02
9125.00 1.7035e-05 1.0661e-01 8.3606e-01 5.7317e-02
9375.00 2.0745e-05 1.1802e-01 8.3786e-01 4.4096e-02
9625.00 1.7318e-05 1.0919e-01 8.4757e-01 4.3225e-02
9875.00 1.8021e-05 1.1787e-01 8.3401e-01 4.8104e-02
10125.00 1.5322e-05 1.0840e-01 8.3962e-01 5.1963e-02
10375.00 1.4023e-05 1.1264e-01 8.3888e-01 4.8461e-02
10625.00 1.1964e-05 1.0924e-01 8.4101e-01 4.9738e-02
10875.00 1.0405e-05 1.0639e-01 8.4252e-01 5.1073e-02
11125.00 9.0813e-06 1.0016e-01 8.4720e-01 5.2637e-02
11375.00 7.2348e-06 8.4680e-02 8.6008e-01 5.5229e-02
11625.00 6.8691e-06 9.3460e-02 8.4631e-01 6.0221e-02
11875.00 5.0281e-06 7.7662e-02 8.6383e-01 5.8506e-02
12125.00 3.5892e-06 6.1171e-02 8.8008e-01 5.8746e-02
12375.00 3.0631e-06 5.6365e-02 8.8318e-01 6.0457e-02
12625.00 2.6341e-06 5.1825e-02 8.8258e-01 6.5590e-02
12875.00 1.9966e-06 4.1302e-02 8.9072e-01 6.7980e-02
13125.00 1.5594e-06 3.2810e-02 8.9237e-01 7.4823e-02
13375.00 1.9689e-06 4.1651e-02 8.8312e-01 7.5224e-02
13625.00 1.3160e-06 2.8540e-02 8.8414e-01 8.7314e-02
13875.00 1.3277e-06 3.0408e-02 8.9350e-01 7.6089e-02
14125.00 1.1952e-06 2.8409e-02 8.8957e-01 8.2022e-02
14375.00 1.0697e-06 2.4803e-02 8.9513e-01 8.0063e-02
14625.00 1.0414e-06 2.4844e-02 8.8840e-01 8.6759e-02
14875.00 9.6586e-07 2.3818e-02 8.5228e-01 1.2390e-01
15125.00 1.0754e-06 2.6222e-02 8.8044e-01 9.3335e-02
15375.00 9.0302e-07 2.2347e-02 8.7481e-01 1.0285e-01
15625.00 1.3239e-06 3.1224e-02 8.1507e-01 1.5370e-01
15875.00 7.0222e-07 1.7942e-02 8.6326e-01 1.1880e-01
16125.00 9.3527e-07 2.4690e-02 8.5989e-01 1.1542e-01
16375.00 5.8772e-07 1.5099e-02 8.6487e-01 1.2004e-01
16625.00 1.2909e-07 3.1884e-03 8.6187e-01 1.3494e-01
16875.00 6.0466e-07 1.6267e-02 8.6682e-01 1.1691e-01
17125.00 3.0082e-07 7.6589e-03 8.4566e-01 1.4668e-01
17375.00 8.4870e-07 2.2461e-02 6.5173e-01 3.2581e-01
17625.00 6.5625e-07 1.5897e-02 5.6641e-01 4.1769e-01
17875.00 8.9667e-07 2.3160e-02 7.8735e-01 1.8949e-01
18125.00 3.5240e-07 9.6927e-03 8.1814e-01 1.7216e-01
18375.00 1.4110e-07 3.7460e-03 8.1453e-01 1.8172e-01
18625.00 2.1068e-07 5.2547e-03 7.7013e-01 2.2461e-01
18875.00 2.3180e-07 5.9709e-03 7.8881e-01 2.0522e-01
19125.00 1.8151e-07 4.0643e-03 8.0109e-01 1.9484e-01
19375.00 9.3815e-08 2.2764e-03 7.0399e-01 2.9373e-01
19625.00 3.6237e-07 6.0533e-03 7.4530e-01 2.4865e-01
19875.00 1.0261e-06 1.7212e-02 5.4938e-01 4.3340e-01
20125.00 1.3165e-06 2.1509e-02 5.6001e-01 4.1848e-01
20375.00 1.4933e-06 2.5119e-02 6.1799e-01 3.5688e-01
20625.00 1.1453e-06 2.1546e-02 6.5071e-01 3.2775e-01
20875.00 1.3264e-06 2.5208e-02 6.4442e-01 3.3037e-01
21125.00 1.4688e-06 2.6307e-02 6.2471e-01 3.4898e-01
21375.00 1.0242e-06 1.7864e-02 7.3500e-01 2.4713e-01
21625.00 5.9711e-07 1.1720e-02 6.7456e-01 3.1372e-01
21875.00 9.9182e-07 1.5555e-02 5.8177e-01 4.0267e-01
22125.00 6.1361e-07 9.5595e-03 5.0650e-01 4.8394e-01
22375.00 1.6028e-06 2.4760e-02 5.3341e-01 4.4183e-01
22625.00 1.7070e-07 2.7786e-03 7.1930e-01 2.7792e-01
22875.00 6.1964e-07 1.0054e-02 5.9746e-01 3.9248e-01
23125.00 6.5548e-07 1.1028e-02 6.5365e-01 3.3532e-01
23375.00 4.5737e-07 8.3325e-03 7.3299e-01 2.5868e-01
23625.00 6.3093e-07 1.0711e-02 6.3485e-01 3.5444e-01
23875.00 7.0028e-07 1.2197e-02 6.3239e-01 3.5541e-01
24125.00 7.2257e-07 1.3458e-02 6.3406e-01 3.5248e-01
24375.00 6.7923e-07 1.2298e-02 6.0758e-01 3.8012e-01
