#NTIMES: 257
#NSTAGES: 6
#TIMES[d]: 2.2 2.42 2.662 2.9282 3.22102 3.543122 3.897434 4.287178 4.715896 5.187485 5.706233 6.276857 6.904542 7.594996 8.354497 9.189946 10.10894 11.10894 12.10894 13.108941 14.108941 15.108941 16.108941 17.108941 18.108941 19.108941 20.108941 21.108941 22.108941 23.108941 24.108941 25.108941 26.108941 27.108941 28.108941 29.108941 30.108941 31.108941 32.108941 33.108941 34.108941 35.108941 36.108941 37.108941 38.108941 39.108941 40.108941 41.108941 42.108941 43.108941 44.108941 45.108941 46.108941 47.108941 48.108941 49.108941 50.108941 51.108941 52.108941 53.108941 54.108941 55.108941 56.108941 57.108941 58.108941 59.108941 60.108941 61.108941 62.108941 63.108941 64.108941 65.108941 66.108941 67.108941 68.108941 69.108941 70.108941 71.108941 72.108941 73.108941 74.108941 75.108941 76.108941 77.108941 78.108941 79.108941 80.108941 81.108941 82.108941 83.108941 84.108941 85.108941 86.108941 87.108941 88.108941 89.108941 90.108941 91.108941 92.108941 93.108941 94.108941 95.108941 96.108941 97.108935 98.108935 99.108935 100.108935 101.108935 102.108935 103.108935 104.108935 105.108935 106.108935 107.108935 108.108935 109.108935 110.108935 111.108935 112.108935 113.108935 114.108935 115.108935 116.108935 117.108935 118.108935 119.108935 120.108935 121.108935 122.108935 123.108935 124.108935 125.108935 126.108935 127.108935 128.108935 129.108935 130.108935 131.108935 132.108935 133.108935 134.108935 135.108935 136.108935 137.108935 138.108935 139.108935 140.108935 141.108935 142.108935 143.108935 144.108935 145.108935 146.108935 147.108935 148.108935 149.108935 150.108935 151.108935 152.108935 153.108935 154.108935 155.108935 156.108935 157.108935 158.108935 159.108935 160.108935 161.108935 162.108935 163.108935 164.108935 165.108935 166.108935 167.108935 168.108935 169.108935 170.108935 171.108935 172.108935 173.108935 174.108935 175.108935 176.108935 177.108935 178.108935 179.108935 180.108935 181.108935 182.108935 183.108935 184.108935 185.108935 186.108935 187.108935 188.108935 189.108935 190.108935 191.108935 192.108935 193.108935 194.108935 195.108935 196.108935 197.108935 198.108935 199.108935 200.108935 201.108935 202.108935 203.108935 204.108935 205.108935 206.108935 207.108935 208.108935 209.108935 210.108935 211.108935 212.108935 213.108935 214.108935 215.108935 216.108935 217.108935 218.108935 219.108935 220.108935 221.108935 222.108935 223.108935 224.108935 225.108935 226.108935 227.108935 228.108935 229.108935 230.108935 231.108935 232.108935 233.108935 234.108935 235.108935 236.108935 237.108935 238.108935 239.108935 240.108935 241.108935 242.108935 243.108935 244.108935 245.108935 246.108935 247.108935 248.108935 249.108935 250.108935
#
#TIME: 2.200000
#NVEL: 81
#vel_mid[km/s] fe0 fe1 fe2 fe3 fe4 fe5
2.500e+02 2.382524e-39 6.871368e-30 5.751007e-21 1.012287e-12 2.746519e-05 9.999725e-01
7.500e+02 2.857068e-39 8.649302e-30 7.300868e-21 1.237062e-12 3.086237e-05 9.999691e-01
1.250e+03 3.837256e-39 1.213543e-29 1.020278e-20 1.630011e-12 3.628291e-05 9.999637e-01
1.750e+03 6.979719e-39 2.221033e-29 1.774225e-20 2.523867e-12 4.673440e-05 9.999533e-01
2.250e+03 2.515161e-38 7.380380e-29 5.029530e-20 5.596924e-12 7.359768e-05 9.999264e-01
2.750e+03 3.074941e-37 7.225857e-28 3.501782e-19 2.433967e-11 1.699669e-04 9.998300e-01
3.250e+03 2.492256e-35 4.005275e-26 1.089002e-17 3.423877e-10 7.809250e-04 9.992191e-01
3.750e+03 2.707883e-31 1.973222e-22 1.685830e-14 1.065292e-07 2.127081e-02 9.787291e-01
4.250e+03 5.830620e-22 6.058355e-14 2.790365e-07 1.369643e-02 9.852470e-01 1.056250e-03
4.750e+03 3.583392e-02 9.641660e-01 3.824724e-08 2.070049e-30 6.395389e-76 1.388230e-142
5.250e+03 3.093204e-02 9.690679e-01 4.476005e-08 2.820715e-30 1.014690e-75 2.564579e-142
5.750e+03 2.663763e-02 9.733623e-01 5.243777e-08 3.854305e-30 1.617163e-75 4.767270e-142
6.250e+03 2.289024e-02 9.771097e-01 6.149320e-08 5.280111e-30 2.588003e-75 8.912404e-142
6.750e+03 1.963344e-02 9.803665e-01 7.217241e-08 7.249134e-30 4.156300e-75 1.674310e-141
7.250e+03 1.681357e-02 9.831863e-01 8.476226e-08 9.970143e-30 6.694314e-75 3.158050e-141
7.750e+03 1.438055e-02 9.856194e-01 9.959413e-08 1.373063e-29 1.080570e-74 5.974805e-141
8.250e+03 1.228697e-02 9.877129e-01 1.170597e-07 1.892850e-29 1.747153e-74 1.133063e-140
8.750e+03 1.049044e-02 9.895094e-01 1.376059e-07 2.610877e-29 2.827753e-74 2.151814e-140
9.250e+03 8.951865e-03 9.910480e-01 1.617583e-07 3.602223e-29 4.579104e-74 4.089768e-140
9.750e+03 7.637023e-03 9.923628e-01 1.901111e-07 4.969089e-29 7.413988e-74 7.772043e-140
1.025e+04 6.514592e-03 9.934852e-01 2.233708e-07 6.852095e-29 1.199848e-73 1.476174e-139
1.075e+04 5.557745e-03 9.944420e-01 2.623319e-07 9.441801e-29 1.939833e-73 2.800156e-139
1.125e+04 4.742620e-03 9.952571e-01 3.079236e-07 1.299819e-28 3.132048e-73 5.302519e-139
1.175e+04 4.048201e-03 9.959514e-01 3.612476e-07 1.787738e-28 5.050202e-73 1.002355e-138
1.225e+04 3.456948e-03 9.965426e-01 4.235353e-07 2.455927e-28 8.129189e-73 1.890546e-138
1.275e+04 2.953373e-03 9.970461e-01 4.962527e-07 3.369944e-28 1.306316e-72 3.557805e-138
1.325e+04 2.524263e-03 9.974752e-01 5.811125e-07 4.619028e-28 2.095785e-72 6.681149e-138
1.375e+04 2.158413e-03 9.978409e-01 6.801093e-07 6.324531e-28 3.357250e-72 1.252124e-137
1.425e+04 1.846160e-03 9.981530e-01 7.956384e-07 8.652996e-28 5.371840e-72 2.343084e-137
1.475e+04 1.579479e-03 9.984196e-01 9.304717e-07 1.183111e-27 8.587238e-72 4.379150e-137
1.525e+04 1.351522e-03 9.986474e-01 1.087907e-06 1.616976e-27 1.371896e-71 8.178002e-137
1.575e+04 1.156412e-03 9.988423e-01 1.271955e-06 2.209933e-27 2.191755e-71 1.527261e-136
1.625e+04 9.893577e-04 9.990092e-01 1.487224e-06 3.020754e-27 3.502356e-71 2.853076e-136
1.675e+04 8.461615e-04 9.991521e-01 1.739405e-06 4.131445e-27 5.601560e-71 5.336105e-136
1.725e+04 7.233995e-04 9.992746e-01 2.035083e-06 5.654729e-27 8.969065e-71 9.995184e-136
1.775e+04 6.180931e-04 9.993795e-01 2.382307e-06 7.748135e-27 1.438475e-70 1.876359e-135
1.825e+04 5.277692e-04 9.994694e-01 2.790524e-06 1.063002e-26 2.311470e-70 3.531431e-135
1.875e+04 4.502973e-04 9.995464e-01 3.271126e-06 1.460575e-26 3.722684e-70 6.666483e-135
1.925e+04 3.839005e-04 9.996123e-01 3.837384e-06 2.009885e-26 6.009147e-70 1.262301e-134
1.975e+04 3.270163e-04 9.996685e-01 4.505400e-06 2.770403e-26 9.724297e-70 2.398180e-134
2.025e+04 2.783216e-04 9.997164e-01 5.294165e-06 3.825166e-26 1.577644e-69 4.571679e-134
2.075e+04 2.366840e-04 9.997571e-01 6.226025e-06 5.290045e-26 2.565747e-69 8.743320e-134
2.125e+04 2.011146e-04 9.997916e-01 7.327675e-06 7.327487e-26 4.182633e-69 1.677462e-133
2.175e+04 1.707592e-04 9.998206e-01 8.630797e-06 1.016511e-25 6.834059e-69 3.228151e-133
2.225e+04 1.448888e-04 9.998449e-01 1.017235e-05 1.412024e-25 1.118841e-68 6.228785e-133
2.275e+04 1.228599e-04 9.998651e-01 1.199675e-05 1.963892e-25 1.835176e-68 1.204886e-132
2.325e+04 1.041243e-04 9.998817e-01 1.415585e-05 2.734360e-25 3.014957e-68 2.335687e-132
2.375e+04 8.820449e-05 9.998951e-01 1.671125e-05 3.810619e-25 4.960073e-68 4.536164e-132
2.425e+04 7.468660e-05 9.999056e-01 1.973631e-05 5.315024e-25 8.170531e-68 8.824773e-132
2.475e+04 6.321631e-05 9.999135e-01 2.331774e-05 7.418952e-25 1.347425e-67 1.719392e-131
2.525e+04 5.348915e-05 9.999190e-01 2.755844e-05 1.036279e-24 2.224357e-67 3.354598e-131
2.575e+04 4.524996e-05 9.999222e-01 3.257654e-05 1.448025e-24 3.674115e-67 6.549946e-131
2.625e+04 3.826819e-05 9.999232e-01 3.851999e-05 2.024593e-24 6.074286e-67 1.280445e-130
2.675e+04 3.235534e-05 9.999221e-01 4.555930e-05 2.832175e-24 1.005007e-66 2.505683e-130
2.725e+04 2.734905e-05 9.999188e-01 5.389865e-05 3.963905e-24 1.664081e-66 4.908331e-130
2.775e+04 2.311130e-05 9.999131e-01 6.378093e-05 5.550749e-24 2.757517e-66 9.624828e-130
2.825e+04 1.952534e-05 9.999050e-01 7.549350e-05 7.776650e-24 4.572792e-66 1.889202e-129
2.875e+04 1.649122e-05 9.998941e-01 8.938114e-05 1.090109e-23 7.589268e-66 3.712257e-129
2.925e+04 1.392428e-05 9.998802e-01 1.058556e-04 1.529015e-23 1.260711e-65 7.303444e-129
2.975e+04 1.175350e-05 9.998628e-01 1.254020e-04 2.145856e-23 2.096054e-65 1.438509e-128
3.025e+04 9.918672e-06 9.998415e-01 1.485934e-04 3.013007e-23 3.487438e-65 2.836097e-128
3.075e+04 8.367517e-06 9.998155e-01 1.761302e-04 4.233310e-23 5.808073e-65 5.598766e-128
3.125e+04 7.056959e-06 9.997841e-01 2.088265e-04 5.951098e-23 9.680873e-65 1.106471e-127
3.175e+04 5.950132e-06 9.997464e-01 2.476531e-04 8.370087e-23 1.614812e-64 2.188881e-127
3.225e+04 5.015838e-06 9.997012e-01 2.937567e-04 1.177707e-22 2.695212e-64 4.333677e-127
3.275e+04 4.227123e-06 9.996472e-01 3.485294e-04 1.657923e-22 4.501891e-64 8.588828e-127
3.325e+04 3.561608e-06 9.995828e-01 4.136016e-04 2.334951e-22 7.524527e-64 1.703683e-126
3.375e+04 3.000291e-06 9.995061e-01 4.909059e-04 3.289601e-22 1.258329e-63 3.381841e-126
3.425e+04 2.526968e-06 9.994147e-01 5.827502e-04 4.636084e-22 2.105358e-63 6.717519e-126
3.475e+04 2.127919e-06 9.993060e-01 6.918830e-04 6.535804e-22 3.524286e-63 1.335216e-125
3.525e+04 1.791626e-06 9.991767e-01 8.215387e-04 9.216074e-22 5.901599e-63 2.655227e-125
3.575e+04 1.508324e-06 9.990229e-01 9.755445e-04 1.299723e-21 9.884633e-63 5.281757e-125
3.625e+04 1.269591e-06 9.988402e-01 1.158561e-03 1.833470e-21 1.656284e-62 1.051245e-124
3.675e+04 1.068537e-06 9.986230e-01 1.375956e-03 2.586661e-21 2.775750e-62 2.092808e-124
3.725e+04 8.992687e-07 9.983650e-01 1.634105e-03 3.649243e-21 4.651911e-62 4.166469e-124
3.775e+04 7.566877e-07 9.980584e-01 1.940823e-03 5.149300e-21 7.798593e-62 8.298365e-124
3.825e+04 6.366608e-07 9.976943e-01 2.305035e-03 7.265908e-21 1.307399e-61 1.652853e-123
3.875e+04 5.355946e-07 9.972618e-01 2.737619e-03 1.025342e-20 2.192152e-61 3.292917e-123
3.925e+04 4.505331e-07 9.967484e-01 3.251136e-03 1.446828e-20 3.675400e-61 6.559949e-123
3.975e+04 3.789361e-07 9.961389e-01 3.860686e-03 2.041462e-20 6.162032e-61 1.306817e-122
4.025e+04 3.186765e-07 9.954156e-01 4.584053e-03 2.880229e-20 1.033023e-60 2.603164e-122
#TIME: 2.420000
#NVEL: 81
#vel_mid[km/s] fe0 fe1 fe2 fe3 fe4 fe5
2.500e+02 2.486747e-40 1.044657e-30 1.320504e-21 3.663643e-13 1.633018e-05 9.999837e-01
7.500e+02 9.690483e-40 3.762300e-30 4.011396e-21 8.435952e-13 2.566789e-05 9.999743e-01
1.250e+03 1.866865e-39 7.294529e-30 7.347048e-21 1.357691e-12 3.370965e-05 9.999663e-01
1.750e+03 4.581626e-39 1.748766e-29 1.604048e-20 2.495222e-12 4.789249e-05 9.999521e-01
2.250e+03 2.577349e-38 8.696727e-29 6.402915e-20 7.188749e-12 8.780560e-05 9.999122e-01
2.750e+03 5.850125e-37 1.505018e-27 7.303000e-19 4.614400e-11 2.553726e-04 9.997446e-01
3.250e+03 1.873151e-34 2.938350e-25 6.790641e-17 1.551349e-09 1.948242e-03 9.980518e-01
3.750e+03 1.986641e-29 1.197407e-20 6.909346e-13 2.161881e-06 1.194067e-01 8.805912e-01
4.250e+03 2.970114e-20 2.510034e-12 6.932975e-06 1.025257e-01 8.974150e-01 5.229603e-05
4.750e+03 8.882670e-12 6.801065e-05 8.004492e-01 1.994828e-01 1.900714e-08 1.850436e-23
5.250e+03 1.115054e-09 2.191664e-03 9.973415e-01 4.668462e-04 8.344671e-16 3.534880e-37
5.750e+03 9.705000e-07 2.306146e-01 7.693844e-01 2.764152e-08 2.115046e-27 1.104322e-58
6.250e+03 1.527625e-04 9.982579e-01 1.589382e-03 2.718987e-17 8.950194e-48 2.512384e-94
6.750e+03 3.915029e-03 9.960833e-01 1.622783e-06 4.826077e-26 6.287375e-67 1.701751e-127
7.250e+03 1.118464e-02 9.888152e-01 1.510907e-07 4.172132e-29 1.052483e-73 2.692799e-139
7.750e+03 2.854103e-03 9.971437e-01 2.243389e-06 9.305702e-26 1.719417e-66 6.686759e-127
8.250e+03 2.568073e-03 9.974296e-01 2.360596e-06 9.344183e-26 1.399634e-66 3.885512e-127
8.750e+03 2.899211e-03 9.970993e-01 1.537035e-06 2.305083e-26 5.281649e-68 1.105602e-129
9.250e+03 1.553461e-03 9.984417e-01 4.840607e-06 5.718721e-25 4.800035e-65 1.220406e-124
9.750e+03 2.054314e-03 9.979434e-01 2.255108e-06 5.293741e-26 2.118841e-67 8.440304e-129
1.025e+04 2.195099e-03 9.978033e-01 1.649282e-06 1.833442e-26 1.678746e-68 8.671850e-131
1.075e+04 2.576477e-03 9.974225e-01 9.897427e-07 3.561692e-27 3.755540e-70 9.973647e-134
1.125e+04 1.745966e-03 9.982521e-01 1.894500e-06 2.058398e-26 1.406898e-68 4.396247e-131
1.175e+04 1.283956e-03 9.987130e-01 3.050944e-06 7.181163e-26 1.747894e-67 2.866397e-129
1.225e+04 1.217139e-03 9.987800e-01 2.873345e-06 5.211997e-26 6.989861e-68 4.861295e-130
1.275e+04 9.184783e-04 9.990771e-01 4.373158e-06 1.539591e-25 6.022584e-67 1.678833e-128
1.325e+04 6.494842e-04 9.993429e-01 7.600128e-06 6.682500e-25 1.198359e-65 2.459448e-126
1.375e+04 5.859035e-04 9.994062e-01 7.930760e-06 6.538567e-25 9.193749e-66 1.286786e-126
1.425e+04 5.301791e-04 9.994616e-01 8.220482e-06 6.272451e-25 6.753038e-66 6.242362e-127
1.475e+04 5.279522e-04 9.994651e-01 6.984809e-06 3.371603e-25 1.401624e-66 3.403656e-128
1.525e+04 5.007182e-04 9.994927e-01 6.567228e-06 2.434154e-25 5.536997e-67 5.648178e-129
1.575e+04 5.370685e-04 9.994582e-01 4.781205e-06 8.336917e-26 4.295801e-68 5.612120e-131
1.625e+04 5.155648e-04 9.994801e-01 4.384056e-06 5.594206e-26 1.446428e-68 7.063334e-132
1.675e+04 3.872455e-04 9.996061e-01 6.685848e-06 1.652988e-25 1.236360e-67 2.387903e-130
1.725e+04 2.923581e-04 9.996976e-01 1.005278e-05 4.673166e-25 9.554715e-67 6.755265e-129
1.775e+04 2.439146e-04 9.997438e-01 1.228490e-05 7.220068e-25 1.975721e-66 1.954461e-128
1.825e+04 1.982244e-04 9.997860e-01 1.582187e-05 1.297810e-24 5.670325e-66 9.947478e-128
1.875e+04 2.454529e-04 9.997459e-01 8.621882e-06 1.923728e-25 7.147604e-68 4.303488e-131
1.925e+04 1.974621e-04 9.997912e-01 1.134319e-05 3.680277e-25 2.351100e-67 2.773954e-130
1.975e+04 2.243935e-04 9.997682e-01 7.365588e-06 9.068802e-26 8.949607e-69 8.087851e-133
2.025e+04 1.456895e-04 9.998393e-01 1.498683e-05 6.139780e-25 4.591467e-67 5.977491e-130
2.075e+04 1.029195e-04 9.998715e-01 2.557172e-05 2.486129e-24 7.663034e-66 6.326398e-128
2.125e+04 1.063869e-04 9.998734e-01 2.018028e-05 1.080389e-24 1.004264e-66 1.562850e-129
2.175e+04 1.278075e-04 9.998605e-01 1.174067e-05 1.941489e-25 1.932406e-68 1.408435e-132
2.225e+04 1.189713e-04 9.998696e-01 1.145576e-05 1.559166e-25 9.608148e-69 3.471686e-133
2.275e+04 9.802249e-05 9.998877e-01 1.431157e-05 2.560778e-25 2.259499e-68 1.249539e-132
2.325e+04 8.317150e-05 9.999000e-01 1.683693e-05 3.532865e-25 3.635967e-68 2.335577e-132
2.375e+04 4.056066e-05 9.998991e-01 6.037285e-05 1.219869e-23 6.313353e-65 7.409555e-127
2.425e+04 4.901159e-05 9.999162e-01 3.483838e-05 2.147614e-24 1.167372e-66 6.260189e-130
2.475e+04 3.339637e-05 9.999030e-01 6.357388e-05 1.051176e-23 2.919489e-65 1.322865e-127
2.525e+04 3.950698e-05 9.999222e-01 3.829949e-05 2.096092e-24 7.074457e-67 1.781894e-130
2.575e+04 2.482427e-05 9.998930e-01 8.215387e-05 1.634978e-23 4.852700e-65 2.141524e-127
2.625e+04 1.792344e-05 9.998490e-01 1.331009e-04 5.662997e-23 5.714457e-64 1.231442e-125
2.675e+04 2.294185e-05 9.999084e-01 6.861112e-05 7.213982e-24 5.257871e-66 3.133267e-129
2.725e+04 4.165375e-05 9.999409e-01 1.748773e-05 1.198998e-25 5.825070e-70 3.899579e-136
2.775e+04 2.429996e-05 9.999321e-01 4.359461e-05 1.445560e-24 1.029295e-67 2.400262e-132
2.825e+04 1.160059e-05 9.998269e-01 1.614658e-04 5.435608e-23 2.122824e-64 1.013218e-126
2.875e+04 1.076188e-05 9.998308e-01 1.584243e-04 4.431070e-23 1.088570e-64 2.630312e-127
2.925e+04 3.146566e-05 9.999529e-01 1.561234e-05 4.757883e-26 3.199565e-71 1.192073e-138
2.975e+04 1.448746e-05 9.999231e-01 6.245725e-05 2.245060e-24 1.086812e-67 1.196988e-132
3.025e+04 8.021023e-06 9.998204e-01 1.715717e-04 3.558581e-23 3.440075e-65 1.994499e-128
3.075e+04 1.303445e-05 9.999319e-01 5.503496e-05 1.155755e-24 1.643636e-68 3.108903e-134
3.125e+04 8.219942e-06 9.998751e-01 1.166685e-04 8.684294e-24 1.034314e-66 3.206481e-131
3.175e+04 1.346587e-05 9.999498e-01 3.677265e-05 2.677007e-25 4.402966e-70 4.086706e-137
3.225e+04 4.151112e-06 9.996722e-01 3.236332e-04 1.214197e-22 1.978895e-64 1.830933e-127
3.275e+04 2.448894e-06 9.992210e-01 7.765152e-04 1.294718e-21 2.628182e-62 6.770419e-124
3.325e+04 6.839005e-06 9.999074e-01 8.575688e-05 1.964941e-24 1.679571e-68 1.198627e-134
3.375e+04 2.978641e-06 9.996197e-01 3.772730e-04 1.203502e-22 9.835808e-65 3.021701e-128
3.425e+04 4.266151e-06 9.998392e-01 1.565304e-04 8.240062e-24 2.377601e-67 7.735549e-133
3.475e+04 2.460760e-06 9.996040e-01 3.935153e-04 1.006308e-22 4.244154e-65 4.770679e-129
3.525e+04 6.448796e-06 9.999445e-01 4.909969e-05 2.161998e-25 5.718806e-71 3.033268e-139
3.575e+04 2.789931e-06 9.997778e-01 2.194440e-04 1.389116e-23 3.728202e-67 9.232154e-133
3.625e+04 1.572581e-06 9.994222e-01 5.761993e-04 1.919886e-22 8.676709e-65 8.971405e-129
3.675e+04 2.249679e-06 9.997576e-01 2.401665e-04 1.333699e-23 2.168909e-67 2.437552e-133
3.725e+04 1.509557e-05 9.999804e-01 4.540582e-06 1.227651e-28 2.134916e-78 2.149105e-152
3.775e+04 3.711346e-06 9.999328e-01 6.353063e-05 2.147166e-25 1.819781e-71 1.562885e-140
3.825e+04 1.079548e-05 9.999829e-01 6.341904e-06 2.390017e-28 5.773471e-78 8.051589e-152
3.875e+04 1.080541e-04 9.998919e-01 4.932277e-08 1.562170e-34 1.626417e-91 2.618881e-175
3.925e+04 7.165917e-05 9.999282e-01 9.751662e-08 9.872954e-34 7.342308e-90 1.583582e-172
3.975e+04 6.241925e-06 9.999823e-01 1.144243e-05 8.386419e-28 4.466734e-77 1.514980e-150
4.025e+04 4.280893e-05 9.999570e-01 1.994930e-07 5.896822e-33 2.321846e-88 4.222767e-170
#TIME: 2.662000
#NVEL: 81
#vel_mid[km/s] fe0 fe1 fe2 fe3 fe4 fe5
2.500e+02 2.105099e-40 1.026535e-30 1.425496e-21 4.072159e-13 1.754745e-05 9.999825e-01
7.500e+02 1.033996e-39 4.564391e-30 5.184688e-21 1.078399e-12 3.007490e-05 9.999699e-01
1.250e+03 2.015706e-39 8.968480e-30 9.635768e-21 1.765220e-12 4.014147e-05 9.999599e-01
1.750e+03 5.046789e-39 2.195567e-29 2.149463e-20 3.319220e-12 5.812826e-05 9.999419e-01
2.250e+03 2.873529e-38 1.108873e-28 8.744710e-20 9.793851e-12 1.087426e-04 9.998913e-01
2.750e+03 6.486955e-37 1.931154e-27 1.015686e-18 6.478172e-11 3.240718e-04 9.996759e-01
3.250e+03 2.344317e-34 4.224087e-25 1.052408e-16 2.402957e-09 2.617147e-03 9.973829e-01
3.750e+03 4.528293e-29 3.028595e-20 1.792592e-12 5.017343e-06 1.942286e-01 8.057663e-01
4.250e+03 1.863320e-20 1.966392e-12 6.506629e-06 1.051990e-01 8.947489e-01 4.559518e-05
4.750e+03 6.442623e-15 1.682983e-07 2.742354e-02 9.722439e-01 3.324271e-04 1.889341e-14
5.250e+03 9.523568e-12 8.828783e-05 8.907336e-01 1.091781e-01 2.270369e-09 2.442534e-25
5.750e+03 2.654948e-09 4.746819e-03 9.951810e-01 7.214610e-05 3.465794e-18 9.873928e-42
6.250e+03 2.571861e-07 1.127457e-01 8.872539e-01 1.130272e-07 6.065926e-26 3.764881e-56
6.750e+03 9.347625e-06 8.363971e-01 1.635935e-01 1.503857e-11 1.526433e-35 1.811964e-73
7.250e+03 1.060513e-04 9.981196e-01 1.774317e-03 2.176759e-17 2.443551e-48 1.313504e-95
7.750e+03 8.409808e-04 9.991369e-01 2.212406e-05 5.869999e-23 1.592961e-60 1.046771e-116
8.250e+03 2.465505e-03 9.975326e-01 1.933301e-06 4.098910e-26 1.615746e-67 6.781533e-129
8.750e+03 5.796640e-03 9.942031e-01 2.701831e-07 1.137904e-28 3.385601e-73 8.358768e-139
9.250e+03 1.062336e-02 9.893766e-01 6.459123e-08 1.544213e-30 2.334067e-77 4.447112e-146
9.750e+03 1.120709e-02 9.887929e-01 4.879003e-08 5.910612e-31 2.319071e-78 6.802810e-148
1.025e+04 1.286971e-02 9.871303e-01 3.087261e-08 1.354833e-31 7.553305e-80 1.515741e-150
1.075e+04 1.375960e-02 9.862404e-01 2.267476e-08 4.782501e-32 6.294574e-81 1.711364e-152
1.125e+04 1.170808e-02 9.882919e-01 2.683382e-08 6.717138e-32 1.057998e-80 3.464671e-152
1.175e+04 6.492553e-03 9.935074e-01 7.696136e-08 1.227011e-30 4.716944e-78 1.076667e-147
1.225e+04 3.423962e-03 9.965758e-01 2.450627e-07 3.070742e-29 4.227748e-75 1.129719e-142
1.275e+04 2.567358e-03 9.974323e-01 3.769659e-07 9.316867e-29 3.840636e-74 4.256683e-141
1.325e+04 2.397169e-03 9.976025e-01 3.665654e-07 7.420434e-29 1.880591e-74 1.024283e-141
1.375e+04 3.926153e-03 9.960737e-01 1.104527e-07 1.943546e-30 5.337239e-78 6.195520e-148
1.425e+04 4.228490e-03 9.957714e-01 7.988808e-08 6.541839e-31 3.996138e-79 5.797033e-150
1.475e+04 5.993550e-03 9.940064e-01 3.282214e-08 4.271593e-32 8.441907e-82 1.142475e-154
1.525e+04 9.631996e-03 9.903680e-01 1.042357e-08 1.329917e-33 3.584842e-85 1.416887e-160
1.575e+04 1.010879e-02 9.898912e-01 7.967607e-09 5.269182e-34 3.840828e-86 2.468869e-162
1.625e+04 9.606845e-03 9.903931e-01 7.477465e-09 3.780078e-34 1.495665e-86 3.993580e-163
1.675e+04 1.477013e-02 9.852299e-01 2.584871e-09 1.508187e-35 1.089542e-89 1.256925e-168
1.725e+04 2.104491e-02 9.789551e-01 1.033821e-09 9.161240e-37 1.968128e-92 1.887298e-173
1.775e+04 1.595861e-02 9.840414e-01 1.568739e-09 2.642626e-36 1.587166e-91 5.752378e-172
1.825e+04 2.350509e-02 9.764949e-01 5.822585e-10 1.291807e-37 1.782084e-94 3.787567e-177
1.875e+04 1.709842e-02 9.829016e-01 9.684161e-10 4.863330e-37 2.571293e-93 3.161306e-175
1.925e+04 2.118685e-02 9.788131e-01 5.191587e-10 6.894926e-38 2.934957e-95 1.146463e-178
1.975e+04 1.788523e-02 9.821148e-01 6.285834e-10 1.034760e-37 5.710147e-95 2.994870e-178
2.025e+04 1.890333e-02 9.810967e-01 4.722909e-10 3.899433e-38 5.478448e-96 4.305325e-180
2.075e+04 4.541336e-02 9.545866e-01 5.799567e-11 7.637744e-41 5.371923e-102 1.410981e-190
2.125e+04 5.679794e-02 9.432021e-01 2.898836e-11 8.757341e-42 3.760802e-104 2.142294e-194
2.175e+04 3.495819e-02 9.650418e-01 7.488192e-11 1.198685e-40 9.433191e-102 2.598427e-190
2.225e+04 5.488845e-02 9.451116e-01 2.241025e-11 3.091561e-42 2.520283e-105 1.371748e-196
2.275e+04 7.693122e-02 9.230688e-01 8.291193e-12 1.469491e-43 2.518831e-108 6.998540e-202
2.325e+04 2.914980e-02 9.708502e-01 6.744579e-11 5.694163e-41 9.747310e-103 2.921706e-192
2.375e+04 6.321421e-02 9.367858e-01 9.601056e-12 1.687106e-43 2.266198e-108 4.105207e-202
2.425e+04 3.332380e-02 9.666762e-01 3.578003e-11 6.729716e-42 5.963775e-105 2.955730e-196
2.475e+04 5.325933e-02 9.467407e-01 1.031553e-11 1.555573e-43 1.252935e-108 1.028194e-202
2.525e+04 3.176844e-02 9.682316e-01 2.836605e-11 2.555142e-42 4.676952e-106 2.480163e-198
2.575e+04 1.114208e-02 9.888579e-01 2.230393e-10 8.679697e-40 1.231244e-100 4.838288e-189
2.625e+04 3.691886e-02 9.630811e-01 1.445298e-11 2.682417e-43 2.202596e-108 1.590275e-202
2.675e+04 3.519687e-03 9.964803e-01 1.672669e-09 2.177133e-37 1.277367e-95 1.483730e-180
2.725e+04 1.373872e-02 9.862613e-01 8.696638e-11 3.642512e-41 6.420445e-104 5.794076e-195
2.775e+04 5.854687e-03 9.941453e-01 4.242500e-10 3.062373e-39 7.794686e-100 5.355207e-188
2.825e+04 1.454567e-03 9.985454e-01 6.080306e-09 5.866274e-36 8.434835e-93 6.115861e-176
2.875e+04 4.038937e-03 9.959611e-01 6.428660e-10 7.544364e-39 3.523012e-99 4.880751e-187
2.925e+04 1.896418e-03 9.981036e-01 2.515546e-09 3.365615e-37 1.076648e-95 4.153011e-181
2.975e+04 5.398887e-03 9.946011e-01 2.543979e-10 3.841127e-40 3.511645e-102 2.184639e-192
3.025e+04 1.307495e-02 9.869250e-01 3.497514e-11 1.068961e-42 7.905562e-108 3.206649e-202
3.075e+04 2.968022e-02 9.703198e-01 5.118474e-12 3.501882e-45 2.430404e-113 7.738813e-212
3.125e+04 6.635954e-03 9.933640e-01 1.006827e-10 1.685018e-41 2.024095e-105 3.121356e-198
3.175e+04 1.137596e-03 9.988624e-01 3.045247e-09 2.786331e-37 2.347046e-96 1.130227e-182
3.225e+04 3.619024e-03 9.963810e-01 2.455287e-10 1.639052e-40 1.798783e-103 4.845652e-195
3.275e+04 1.362369e-03 9.986376e-01 1.498377e-09 2.642315e-38 8.933508e-99 5.062305e-187
3.325e+04 2.905264e-03 9.970947e-01 2.727664e-10 1.645724e-40 1.156999e-103 1.525388e-195
3.375e+04 2.580702e-03 9.974193e-01 2.924775e-10 1.733025e-40 1.033456e-103 1.030579e-195
3.425e+04 5.501521e-04 9.994498e-01 5.781207e-09 8.606567e-37 9.120678e-96 4.518944e-182
3.475e+04 6.414426e-04 9.993586e-01 3.541510e-09 1.778541e-37 2.342141e-97 6.604010e-185
3.525e+04 2.467100e-03 9.975329e-01 1.926062e-10 3.305343e-41 1.443516e-105 3.596635e-199
3.575e+04 1.779878e-04 9.998220e-01 3.671151e-08 1.242739e-34 2.533340e-91 1.282229e-174
3.625e+04 3.398270e-04 9.996602e-01 7.923453e-09 1.201963e-36 7.906118e-96 1.650024e-182
3.675e+04 2.815914e-04 9.997184e-01 9.887007e-09 1.985280e-36 1.908143e-95 6.286835e-182
3.725e+04 1.315672e-03 9.986843e-01 3.475768e-10 1.000339e-40 6.493145e-105 2.187811e-198
3.775e+04 1.649505e-04 9.998350e-01 2.154911e-08 1.453933e-35 9.691652e-94 3.902853e-179
3.825e+04 5.663121e-04 9.994337e-01 1.377073e-09 4.033740e-39 1.294631e-101 7.426005e-193
3.875e+04 2.368421e-03 9.976316e-01 6.381329e-11 4.753940e-43 3.000279e-110 7.545316e-208
3.925e+04 3.512674e-04 9.996487e-01 2.622944e-09 1.965215e-38 2.643636e-100 9.352244e-191
3.975e+04 7.531155e-04 9.992469e-01 4.597768e-10 1.066007e-40 2.432297e-105 1.505932e-199
4.025e+04 1.067314e-03 9.989327e-01 1.911308e-10 7.216916e-42 5.582235e-108 3.432711e-204
#TIME: 2.928200
#NVEL: 81
#vel_mid[km/s] fe0 fe1 fe2 fe3 fe4 fe5
2.500e+02 1.841475e-40 1.040981e-30 1.583684e-21 4.642903e-13 1.923757e-05 9.999808e-01
7.500e+02 1.031372e-39 5.226987e-30 6.407665e-21 1.341878e-12 3.495608e-05 9.999650e-01
1.250e+03 2.128173e-39 1.083604e-29 1.249881e-20 2.290613e-12 4.802692e-05 9.999520e-01
1.750e+03 5.628484e-39 2.795127e-29 2.925306e-20 4.495527e-12 7.160761e-05 9.999284e-01
2.250e+03 3.343791e-38 1.474595e-28 1.243102e-19 1.384510e-11 1.380015e-04 9.998620e-01
2.750e+03 8.244740e-37 2.810308e-27 1.578566e-18 9.958628e-11 4.337899e-04 9.995662e-01
3.250e+03 3.880121e-34 7.855083e-25 2.045314e-16 4.458184e-09 3.898120e-03 9.961019e-01
3.750e+03 1.098907e-28 8.121039e-20 4.893360e-12 1.196912e-05 3.115495e-01 6.884385e-01
4.250e+03 6.085058e-21 8.536055e-13 3.757214e-06 8.093406e-02 9.189995e-01 6.263525e-05
4.750e+03 5.965312e-16 2.554059e-08 8.702208e-03 9.893918e-01 1.905998e-03 1.006456e-12
5.250e+03 1.180566e-12 1.970727e-05 5.717037e-01 4.282764e-01 1.633149e-07 8.103465e-22
5.750e+03 1.301155e-10 6.562178e-04 9.969724e-01 2.371415e-03 4.184701e-14 2.974456e-34
6.250e+03 1.088224e-08 1.478427e-02 9.852102e-01 5.538602e-06 2.043961e-21 7.339156e-48
6.750e+03 6.897668e-07 2.495616e-01 7.504377e-01 1.013262e-08 6.719488e-29 9.785019e-62
7.250e+03 8.355208e-06 8.599103e-01 1.400814e-01 6.181002e-12 1.191472e-36 1.311210e-75
7.750e+03 5.738712e-05 9.961024e-01 3.840222e-03 1.354402e-16 7.015948e-47 2.513024e-93
8.250e+03 3.565498e-04 9.995613e-01 8.218037e-05 1.795501e-21 1.523712e-57 8.852416e-112
8.750e+03 1.420794e-03 9.985753e-01 3.919708e-06 2.206777e-25 3.634880e-66 9.079157e-127
9.250e+03 4.939421e-03 9.950603e-01 2.397920e-07 5.447638e-29 3.806156e-74 1.152871e-140
9.750e+03 9.778380e-03 9.902216e-01 4.897872e-08 4.680035e-31 9.698628e-79 1.098598e-148
1.025e+04 2.207679e-02 9.779232e-01 7.470009e-09 1.743287e-33 4.034656e-84 4.583775e-158
1.075e+04 3.429487e-02 9.657051e-01 2.418891e-09 5.726311e-35 1.888564e-87 6.596056e-164
1.125e+04 6.264591e-02 9.373541e-01 5.096697e-10 5.355907e-37 5.510239e-92 7.534782e-172
1.175e+04 8.911756e-02 9.108824e-01 1.790590e-10 2.200894e-38 4.009027e-95 2.218519e-177
1.225e+04 9.427157e-02 9.057284e-01 1.306579e-10 7.597033e-39 3.139924e-96 2.219899e-179
1.275e+04 1.031656e-01 8.968344e-01 8.693975e-11 2.004174e-39 1.358262e-97 7.895687e-182
1.325e+04 1.500209e-01 8.499791e-01 2.564529e-11 4.959218e-41 3.142940e-101 3.073393e-188
1.375e+04 2.061153e-01 7.938847e-01 8.001975e-12 1.465769e-42 1.067570e-104 2.305431e-194
1.425e+04 1.944936e-01 8.055064e-01 8.166057e-12 1.336332e-42 7.130757e-105 9.660898e-195
1.475e+04 2.162070e-01 7.837930e-01 4.849582e-12 2.554664e-43 1.504100e-106 9.732574e-198
1.525e+04 4.045380e-01 5.954620e-01 3.355036e-13 1.134886e-46 5.065364e-114 7.716487e-211
1.575e+04 4.201401e-01 5.798599e-01 2.348966e-13 3.566765e-47 3.247804e-115 5.447118e-213
1.625e+04 4.324218e-01 5.675782e-01 1.712324e-13 1.254996e-47 2.668539e-116 5.922459e-215
1.675e+04 5.758575e-01 4.241425e-01 2.641009e-14 6.777670e-50 2.587715e-121 1.009726e-223
1.725e+04 7.010659e-01 2.989341e-01 4.344291e-15 5.195818e-52 6.226023e-126 9.237945e-232
1.775e+04 8.812495e-01 1.187505e-01 1.146607e-16 5.738393e-56 2.803370e-134 4.526350e-246
1.825e+04 8.402798e-01 1.597202e-01 2.721468e-16 3.574905e-55 8.913947e-133 1.236069e-243
1.875e+04 7.868670e-01 2.131330e-01 6.660650e-16 2.510235e-54 3.799695e-131 5.749378e-241
1.925e+04 9.178800e-01 8.212000e-02 2.012109e-17 4.646078e-58 6.021764e-139 2.760828e-254
1.975e+04 7.646653e-01 2.353347e-01 6.954449e-16 1.789709e-54 1.072265e-131 4.191358e-242
2.025e+04 9.000292e-01 9.997080e-02 2.742082e-17 5.900106e-58 5.240581e-139 1.294626e-254
2.075e+04 8.759354e-01 1.240646e-01 4.799840e-17 1.741902e-57 3.520857e-138 2.502136e-253
2.125e+04 7.669455e-01 2.330545e-01 4.013028e-16 2.362743e-55 6.764320e-134 3.710239e-246
2.175e+04 8.779094e-01 1.220906e-01 3.232079e-17 4.232113e-58 1.056307e-139 4.005661e-256
2.225e+04 8.715437e-01 1.284563e-01 3.245595e-17 3.368910e-58 4.883898e-140 8.433273e-257
2.275e+04 9.729597e-01 2.704031e-02 1.835019e-19 1.619931e-63 6.135835e-151 2.991953e-275
2.325e+04 8.453152e-01 1.546848e-01 4.420262e-17 4.398808e-58 4.635053e-140 4.684135e-257
2.375e+04 9.907849e-01 9.215097e-03 4.870145e-21 2.532480e-67 7.461595e-159 9.572472e-289
2.425e+04 9.526974e-01 4.730260e-02 6.278585e-19 1.272725e-62 1.448385e-149 2.618860e-273
2.475e+04 9.938933e-01 6.106717e-03 9.942460e-22 4.127095e-69 1.009241e-162 1.827183e-295
2.525e+04 9.542965e-01 4.570352e-02 4.008494e-19 2.747558e-63 3.440086e-151 2.842159e-276
2.575e+04 9.986383e-01 1.361716e-03 7.302472e-24 3.413323e-74 3.275272e-173 2.772116e-313
2.625e+04 9.636284e-01 3.637156e-02 1.396543e-19 1.479543e-64 5.001046e-154 2.846836e-281
2.675e+04 9.452754e-01 5.472457e-02 4.244878e-19 1.479626e-63 3.726613e-152 2.997092e-278
2.725e+04 9.603298e-01 3.967020e-02 1.301708e-19 7.605189e-65 6.803405e-155 5.769846e-283
2.775e+04 9.837318e-01 1.626815e-02 7.051721e-21 7.644637e-68 4.727216e-161 2.110196e-293
2.825e+04 9.439561e-01 5.604393e-02 2.744683e-19 2.558640e-64 4.084715e-154 6.748175e-282
2.875e+04 9.075362e-01 9.246376e-02 1.167549e-18 5.770537e-63 1.635048e-151 1.234267e-277
2.925e+04 9.593435e-01 4.065648e-02 7.104531e-20 6.923721e-66 1.476204e-157 6.507083e-288
2.975e+04 4.777001e-01 5.222999e-01 9.863330e-16 7.754812e-56 8.707606e-137 1.185133e-252
3.025e+04 6.784781e-01 3.215219e-01 6.991928e-17 6.047144e-59 1.460029e-143 1.965149e-264
3.075e+04 9.474223e-01 5.257773e-02 9.549051e-20 6.424996e-66 4.764542e-158 4.271062e-289
3.125e+04 4.549983e-01 5.450017e-01 7.686116e-16 2.288604e-56 3.119762e-138 2.116278e-255
3.175e+04 9.790993e-01 2.090071e-02 3.875237e-21 2.544370e-69 3.596682e-165 2.823000e-301
3.225e+04 3.681436e-01 6.318564e-01 1.537053e-15 1.096581e-55 6.211882e-137 2.694288e-253
3.275e+04 8.685993e-01 1.314007e-01 9.723522e-19 5.430040e-64 1.101433e-154 6.868741e-284
3.325e+04 9.567576e-01 4.324243e-02 2.197041e-20 6.239285e-68 8.199270e-163 1.088989e-297
3.375e+04 7.866101e-01 2.133899e-01 3.970126e-18 1.014001e-62 2.564419e-152 4.371167e-280
3.425e+04 3.243128e-01 6.756872e-01 1.337940e-15 3.827192e-56 2.653819e-138 5.567655e-256
3.475e+04 4.273698e-01 5.726302e-01 3.191748e-16 5.946166e-58 2.310800e-142 3.985484e-263
3.525e+04 7.208058e-01 2.791942e-01 6.883725e-18 2.041744e-62 4.805995e-152 6.412057e-280
3.575e+04 2.726770e-01 7.273230e-01 1.590306e-15 3.865250e-56 1.467985e-138 1.196308e-256
3.625e+04 5.160242e-01 4.839758e-01 6.728823e-17 5.028130e-60 3.664825e-147 1.078711e-271
3.675e+04 9.647392e-01 3.526075e-02 3.511128e-21 1.591797e-70 4.986951e-169 5.876358e-309
3.725e+04 9.803911e-01 1.960890e-02 4.860414e-22 1.361708e-72 2.549592e-173 2.883658e-316
3.775e+04 3.482686e-01 6.517314e-01 2.958370e-16 1.726466e-58 4.238657e-144 1.319188e-266
3.825e+04 1.972034e-01 8.027966e-01 2.116317e-15 4.084102e-56 6.116329e-139 1.136549e-257
3.875e+04 4.770055e-01 5.229945e-01 4.491064e-17 6.697309e-61 1.466522e-149 2.946236e-276
3.925e+04 9.902885e-01 9.711450e-03 2.890396e-23 8.080601e-76 2.329932e-180 0.000000e+00
3.975e+04 9.946768e-01 5.323154e-03 3.951682e-24 6.905229e-78 1.222106e-184 0.000000e+00
4.025e+04 9.993662e-01 6.337538e-04 5.297570e-27 1.629504e-84 4.751248e-198 0.000000e+00
#TIME: 3.221020
#NVEL: 81
#vel_mid[km/s] fe0 fe1 fe2 fe3 fe4 fe5
2.500e+02 1.800600e-40 1.168889e-30 1.920872e-21 5.674345e-13 2.204024e-05 9.999780e-01
7.500e+02 1.097408e-39 6.359205e-30 8.359092e-21 1.748420e-12 4.191358e-05 9.999581e-01
1.250e+03 2.371090e-39 1.377759e-29 1.698428e-20 3.096701e-12 5.907598e-05 9.999409e-01
1.750e+03 6.643163e-39 3.755601e-29 4.183352e-20 6.361316e-12 9.077092e-05 9.999092e-01
2.250e+03 4.139922e-38 2.082192e-28 1.868879e-19 2.056639e-11 1.806538e-04 9.998193e-01
2.750e+03 1.157953e-36 4.479811e-27 2.659633e-18 1.636421e-10 6.033953e-04 9.993966e-01
3.250e+03 7.259467e-34 1.639255e-24 4.416754e-16 9.017876e-09 6.095818e-03 9.939042e-01
3.750e+03 2.766123e-28 2.246777e-19 1.365283e-11 2.839850e-05 4.745142e-01 5.254574e-01
4.250e+03 3.465193e-21 6.129645e-13 3.283078e-06 7.960226e-02 9.203361e-01 5.838733e-05
4.750e+03 1.117137e-16 7.082735e-09 4.075919e-03 9.903815e-01 5.542578e-03 1.117976e-11
5.250e+03 1.367889e-13 3.690674e-06 2.462317e-01 7.537620e-01 2.658655e-06 2.447384e-19
5.750e+03 1.457387e-11 1.614021e-04 9.760055e-01 2.383307e-02 1.880999e-11 1.962097e-29
6.250e+03 7.377720e-10 2.572835e-03 9.973045e-01 1.226524e-04 8.691735e-18 3.272872e-41
6.750e+03 4.355935e-08 4.431911e-02 9.556804e-01 4.389870e-07 1.343952e-24 6.786300e-54
7.250e+03 1.268394e-06 4.145640e-01 5.854347e-01 1.234875e-09 2.011889e-31 1.723980e-66
7.750e+03 1.085858e-05 9.335461e-01 6.644305e-02 4.213405e-13 1.798505e-39 1.030498e-80
8.250e+03 4.883080e-05 9.965700e-01 3.381129e-03 6.339187e-17 7.489060e-48 3.170994e-95
8.750e+03 2.834267e-04 9.996332e-01 8.339590e-05 1.267412e-21 3.974155e-58 5.212549e-113
9.250e+03 1.337522e-03 9.986597e-01 2.814281e-06 5.696340e-26 1.060132e-67 1.212880e-129
9.750e+03 4.420050e-03 9.955798e-01 1.920971e-07 1.935530e-29 2.232395e-75 5.159781e-143
1.025e+04 1.755565e-02 9.824443e-01 9.199823e-09 2.495324e-33 6.139446e-84 6.915838e-158
1.075e+04 3.720009e-02 9.627999e-01 1.526388e-09 1.180440e-35 4.206315e-89 6.685137e-167
1.125e+04 1.084187e-01 8.915813e-01 9.554344e-11 3.209656e-39 5.033242e-97 9.718260e-181
1.175e+04 2.436410e-01 7.563590e-01 6.710874e-12 1.265235e-42 1.232208e-104 4.366211e-194
1.225e+04 4.459823e-01 5.540177e-01 4.309323e-13 4.817813e-46 3.064872e-112 2.087267e-207
1.275e+04 5.891522e-01 4.108478e-01 6.623195e-14 2.620408e-48 3.059449e-117 3.778345e-216
1.325e+04 7.421864e-01 2.578136e-01 6.909607e-15 6.489836e-51 6.912207e-123 6.084170e-226
1.375e+04 9.208931e-01 7.910695e-02 8.695466e-17 1.384856e-55 1.204638e-132 1.332296e-242
1.425e+04 9.428779e-01 5.712212e-02 2.570506e-17 6.390321e-57 1.725569e-135 1.674240e-247
1.475e+04 9.937677e-01 6.232272e-03 2.327481e-20 5.484919e-64 7.820895e-150 1.138855e-271
1.525e+04 9.948928e-01 5.107220e-03 1.070381e-20 7.253213e-65 9.697971e-152 5.509585e-275
1.575e+04 9.885246e-01 1.147535e-02 1.073836e-19 1.084310e-62 1.627795e-147 5.043219e-268
1.625e+04 9.963325e-01 3.667467e-03 2.776563e-21 2.017757e-66 3.780271e-155 6.119880e-281
1.675e+04 9.940485e-01 5.951523e-03 1.033602e-20 3.167955e-65 6.945942e-153 2.925041e-277
1.725e+04 9.972335e-01 2.766458e-03 8.364779e-22 7.885402e-68 2.910581e-158 2.123748e-286
1.775e+04 9.989289e-01 1.071142e-03 3.734276e-23 4.767272e-71 6.578149e-165 1.080632e-297
1.825e+04 9.997484e-01 2.516002e-04 3.085728e-25 4.820330e-76 2.919867e-175 2.566624e-315
1.875e+04 9.974996e-01 2.500358e-03 3.717162e-22 5.865582e-69 5.955028e-161 2.907779e-291
1.925e+04 9.996400e-01 3.600153e-04 7.197764e-25 2.308018e-75 4.223311e-174 1.517538e-313
1.975e+04 9.994809e-01 5.191001e-04 1.978442e-24 1.981531e-74 2.591517e-172 1.272330e-310
2.025e+04 9.992241e-01 7.758866e-04 5.988076e-24 2.077447e-73 2.314752e-170 1.958524e-307
2.075e+04 9.999292e-01 7.084600e-05 2.088924e-27 1.010969e-81 1.286555e-187 0.000000e+00
2.125e+04 9.999633e-01 3.673794e-05 1.903682e-28 2.391240e-84 3.195914e-193 0.000000e+00
2.175e+04 9.982317e-01 1.768285e-03 4.707565e-23 1.171055e-71 3.190167e-167 1.723851e-302
2.225e+04 9.973498e-01 2.650187e-03 1.376723e-22 1.064397e-70 1.966460e-165 1.327294e-299
2.275e+04 9.997588e-01 2.411769e-04 6.460330e-26 1.610750e-78 1.938080e-181 0.000000e+00
2.325e+04 9.975969e-01 2.403131e-03 7.295220e-23 1.515225e-71 2.043909e-167 3.633113e-303
2.375e+04 9.999803e-01 1.973135e-05 1.050679e-29 7.299302e-88 4.015770e-201 0.000000e+00
2.425e+04 9.999883e-01 1.167732e-05 1.447675e-30 4.506493e-90 7.004694e-206 0.000000e+00
2.475e+04 9.999790e-01 2.097386e-05 9.652393e-30 4.020850e-88 7.184440e-202 0.000000e+00
2.525e+04 9.999419e-01 5.812098e-05 2.704278e-28 1.120965e-84 9.226567e-195 0.000000e+00
2.575e+04 9.999707e-01 2.934267e-05 2.277845e-29 2.227365e-87 1.626109e-200 0.000000e+00
2.625e+04 9.999836e-01 1.641199e-05 2.637100e-30 9.221385e-90 1.266581e-205 0.000000e+00
2.675e+04 9.986637e-01 1.336286e-03 3.735413e-24 2.972273e-75 7.436328e-176 3.777715e-318
2.725e+04 9.999269e-01 7.309757e-05 3.131825e-28 6.890589e-85 1.195026e-195 0.000000e+00
2.775e+04 9.998406e-01 1.593760e-04 3.423140e-27 1.644037e-82 7.337364e-191 0.000000e+00
2.825e+04 9.999996e-01 4.164659e-07 3.012755e-36 6.637769e-105 4.135976e-238 0.000000e+00
2.875e+04 9.999817e-01 1.834151e-05 1.836845e-30 1.427508e-90 7.728787e-208 0.000000e+00
2.925e+04 9.987576e-01 1.242353e-03 1.289421e-24 7.514779e-77 9.057194e-180 0.000000e+00
2.975e+04 9.998152e-01 1.847930e-04 2.885896e-27 4.417448e-83 1.575876e-192 0.000000e+00
3.025e+04 9.999981e-01 1.897286e-06 3.999891e-34 6.774395e-100 7.862520e-228 0.000000e+00
3.075e+04 9.999998e-01 1.531892e-07 3.935768e-38 5.003627e-110 1.790872e-249 0.000000e+00
3.125e+04 9.999145e-01 8.548534e-05 1.484870e-28 2.038028e-86 9.553647e-200 0.000000e+00
3.175e+04 9.999990e-01 9.920207e-07 2.535858e-35 3.957030e-103 5.606974e-235 0.000000e+00
3.225e+04 9.999999e-01 1.487948e-07 2.308955e-38 7.677053e-111 1.764327e-251 0.000000e+00
3.275e+04 1.000000e+00 2.960229e-08 5.645955e-41 1.713108e-117 9.605009e-266 0.000000e+00
3.325e+04 9.979432e-01 2.056802e-03 1.545189e-24 1.507368e-77 2.610338e-182 0.000000e+00
3.375e+04 9.996776e-01 3.223578e-04 4.464954e-27 1.834015e-83 2.364508e-194 0.000000e+00
3.425e+04 9.999264e-01 7.355217e-05 3.494158e-29 1.732722e-88 9.843006e-205 0.000000e+00
3.475e+04 9.999998e-01 2.476513e-07 7.168548e-38 5.434916e-110 3.989386e-250 0.000000e+00
3.525e+04 9.999769e-01 2.313778e-05 5.596378e-31 5.674888e-93 3.000062e-214 0.000000e+00
3.575e+04 9.999995e-01 4.538595e-07 4.807660e-37 4.510927e-108 3.165173e-246 0.000000e+00
3.625e+04 9.999994e-01 6.343078e-07 1.390950e-36 5.398695e-107 5.006160e-244 0.000000e+00
3.675e+04 9.999998e-01 1.839375e-07 1.377475e-38 4.216186e-112 5.534044e-255 0.000000e+00
3.725e+04 9.997301e-01 2.698779e-04 8.002688e-28 6.328339e-86 2.764261e-200 0.000000e+00
3.775e+04 1.000000e+00 3.627470e-09 6.430553e-45 3.377420e-128 1.803961e-289 0.000000e+00
3.825e+04 9.996585e-01 3.414631e-04 1.184040e-27 9.525331e-86 3.350934e-200 0.000000e+00
3.875e+04 1.000000e+00 6.072907e-10 7.064089e-48 8.196403e-136 6.846887e-306 0.000000e+00
3.925e+04 9.992457e-01 7.543055e-04 9.546744e-27 6.800044e-84 9.363290e-197 0.000000e+00
3.975e+04 1.000000e+00 6.631639e-10 7.320645e-48 6.299100e-136 2.579593e-306 0.000000e+00
4.025e+04 1.000000e+00 1.616799e-11 7.979996e-54 4.803776e-151 0.000000e+00 0.000000e+00
#TIME: 3.543122
#NVEL: 81
#vel_mid[km/s] fe0 fe1 fe2 fe3 fe4 fe5
2.500e+02 1.919714e-40 1.421974e-30 2.499458e-21 7.347315e-13 2.623111e-05 9.999738e-01
7.500e+02 1.237676e-39 8.174217e-30 1.146288e-20 2.379637e-12 5.174813e-05 9.999483e-01
1.250e+03 2.803220e-39 1.853038e-29 2.429488e-20 4.379469e-12 7.483253e-05 9.999252e-01
1.750e+03 8.277934e-39 5.316117e-29 6.280190e-20 9.401679e-12 1.182983e-04 9.998817e-01
2.250e+03 5.516071e-38 3.153335e-28 2.997204e-19 3.231446e-11 2.446649e-04 9.997553e-01
2.750e+03 1.799962e-36 7.840271e-27 4.872423e-18 2.881929e-10 8.731673e-04 9.991268e-01
3.250e+03 1.570593e-33 3.922402e-24 1.080761e-15 2.018978e-08 1.008935e-02 9.899106e-01
3.750e+03 6.947234e-28 6.164495e-19 3.738170e-11 6.422333e-05 6.571065e-01 3.428293e-01
4.250e+03 2.998322e-21 6.434486e-13 3.923009e-06 9.430621e-02 9.056491e-01 4.072331e-05
