#NTIMES: 4
#NSTAGES: 3 
#TIMES[d]: 75.0 100.0 150.0 200.0
#
#TIME: 75.0
#NVEL: 60
#vel_mid[km/s] ca0 ca1 ca2
2.500000e+02   3.39e-09   1.60e-03   9.98e-01
7.500000e+02   3.25e-09   1.73e-03   9.98e-01
1.250000e+03   3.73e-09   1.96e-03   9.98e-01
1.750000e+03   1.89e-09   2.08e-03   9.98e-01
2.250000e+03   2.17e-09   2.17e-03   9.98e-01
2.750000e+03   3.88e-09   2.30e-03   9.98e-01
3.250000e+03   9.74e-09   2.82e-03   9.97e-01
3.750000e+03   1.97e-08   3.76e-03   9.96e-01
4.250000e+03   3.05e-08   3.95e-03   9.96e-01
4.750000e+03   8.19e-08   7.34e-03   9.93e-01
5.250000e+03   3.55e-07   3.13e-02   9.69e-01
5.750000e+03   1.09e-06   1.96e-01   8.04e-01
6.250000e+03   1.83e-06   3.95e-01   6.05e-01
6.750000e+03   2.08e-06   4.67e-01   5.33e-01
7.250000e+03   1.98e-06   4.26e-01   5.74e-01
7.750000e+03   1.46e-06   3.09e-01   6.91e-01
8.250000e+03   8.90e-07   1.73e-01   8.27e-01
8.750000e+03   5.22e-07   7.81e-02   9.22e-01
9.250000e+03   3.01e-07   4.01e-02   9.60e-01
9.750000e+03   1.88e-07   2.47e-02   9.75e-01
1.025000e+04   1.18e-07   1.58e-02   9.84e-01
1.075000e+04   8.36e-08   1.05e-02   9.90e-01
1.125000e+04   1.82e-08   7.53e-03   9.93e-01
1.175000e+04   2.34e-08   5.60e-03   9.94e-01
1.225000e+04   1.11e-08   3.92e-03   9.96e-01
1.275000e+04   7.89e-09   2.61e-03   9.97e-01
1.325000e+04   4.44e-09   1.65e-03   9.98e-01
1.375000e+04   4.54e-09   1.27e-03   9.99e-01
1.425000e+04   4.08e-09   1.03e-03   9.99e-01
1.475000e+04   3.93e-09   8.92e-04   9.99e-01
1.525000e+04   4.09e-09   7.76e-04   9.99e-01
1.575000e+04   3.50e-09   7.11e-04   9.99e-01
1.625000e+04   3.48e-09   7.64e-04   9.99e-01
1.675000e+04   3.45e-09   8.28e-04   9.99e-01
1.725000e+04   3.27e-09   8.65e-04   9.99e-01
1.775000e+04   3.14e-09   9.20e-04   9.99e-01
1.825000e+04   3.23e-09   1.05e-03   9.99e-01
1.875000e+04   3.27e-09   1.19e-03   9.99e-01
1.925000e+04   3.67e-09   1.49e-03   9.99e-01
1.975000e+04   4.36e-09   1.97e-03   9.98e-01
2.025000e+04   4.99e-09   2.49e-03   9.98e-01
2.075000e+04   5.63e-09   3.10e-03   9.97e-01
2.125000e+04   6.73e-09   4.04e-03   9.96e-01
2.175000e+04   7.96e-09   5.20e-03   9.95e-01
2.225000e+04   9.22e-09   6.48e-03   9.94e-01
2.275000e+04   1.12e-08   8.46e-03   9.92e-01
2.325000e+04   1.31e-08   1.05e-02   9.90e-01
2.375000e+04   1.45e-08   1.24e-02   9.88e-01
2.425000e+04   1.45e-08   1.31e-02   9.87e-01
2.475000e+04   1.27e-08   1.18e-02   9.88e-01
2.525000e+04   8.96e-09   8.52e-03   9.92e-01
2.575000e+04   6.65e-09   6.39e-03   9.94e-01
2.625000e+04   4.94e-09   4.76e-03   9.95e-01
2.675000e+04   3.75e-09   3.56e-03   9.96e-01
2.725000e+04   3.88e-09   3.58e-03   9.96e-01
2.775000e+04   4.55e-09   4.01e-03   9.96e-01
2.825000e+04   5.39e-09   4.49e-03   9.96e-01
2.875000e+04   6.43e-09   4.96e-03   9.95e-01
2.925000e+04   8.12e-09   5.64e-03   9.94e-01
2.975000e+04   9.40e-09   5.80e-03   9.94e-01
#TIME: 100.0
#NVEL: 60
#vel_mid[km/s] ca0 ca1 ca2
2.500000e+02   6.92e-09   1.62e-03   9.98e-01
7.500000e+02   7.40e-09   1.85e-03   9.98e-01
1.250000e+03   8.18e-09   2.13e-03   9.98e-01
1.750000e+03   5.18e-09   2.43e-03   9.98e-01
2.250000e+03   1.48e-08   2.72e-03   9.97e-01
2.750000e+03   1.50e-08   3.24e-03   9.97e-01
3.250000e+03   4.85e-08   4.34e-03   9.96e-01
3.750000e+03   1.10e-07   6.54e-03   9.94e-01
4.250000e+03   1.68e-07   8.81e-03   9.91e-01
4.750000e+03   1.46e-07   7.55e-03   9.93e-01
5.250000e+03   2.08e-07   1.20e-02   9.88e-01
5.750000e+03   2.75e-07   1.89e-02   9.81e-01
6.250000e+03   3.08e-07   2.44e-02   9.76e-01
6.750000e+03   3.00e-07   2.66e-02   9.73e-01
7.250000e+03   2.67e-07   2.50e-02   9.75e-01
7.750000e+03   2.12e-07   2.00e-02   9.80e-01
8.250000e+03   1.50e-07   1.46e-02   9.85e-01
8.750000e+03   1.05e-07   1.06e-02   9.89e-01
9.250000e+03   7.79e-08   8.37e-03   9.92e-01
9.750000e+03   6.26e-08   7.24e-03   9.93e-01
1.025000e+04   5.06e-08   6.65e-03   9.93e-01
1.075000e+04   4.68e-08   6.34e-03   9.94e-01
1.125000e+04   3.96e-08   6.06e-03   9.94e-01
1.175000e+04   1.58e-08   5.63e-03   9.94e-01
1.225000e+04   1.40e-08   4.76e-03   9.95e-01
1.275000e+04   1.01e-08   3.25e-03   9.97e-01
1.325000e+04   1.02e-08   2.18e-03   9.98e-01
1.375000e+04   8.89e-09   1.84e-03   9.98e-01
1.425000e+04   8.53e-09   1.62e-03   9.98e-01
1.475000e+04   5.16e-09   1.44e-03   9.99e-01
1.525000e+04   4.42e-09   1.35e-03   9.99e-01
1.575000e+04   4.21e-09   1.43e-03   9.99e-01
1.625000e+04   4.87e-09   1.84e-03   9.98e-01
1.675000e+04   5.38e-09   2.27e-03   9.98e-01
1.725000e+04   5.21e-09   2.45e-03   9.98e-01
1.775000e+04   5.00e-09   2.62e-03   9.97e-01
1.825000e+04   5.69e-09   3.31e-03   9.97e-01
1.875000e+04   5.54e-09   3.57e-03   9.96e-01
1.925000e+04   5.66e-09   4.02e-03   9.96e-01
1.975000e+04   4.96e-09   3.86e-03   9.96e-01
2.025000e+04   4.07e-09   3.46e-03   9.97e-01
2.075000e+04   3.15e-09   2.90e-03   9.97e-01
2.125000e+04   2.61e-09   2.59e-03   9.97e-01
2.175000e+04   2.29e-09   2.45e-03   9.98e-01
2.225000e+04   2.24e-09   2.58e-03   9.97e-01
2.275000e+04   2.49e-09   3.04e-03   9.97e-01
2.325000e+04   2.80e-09   3.62e-03   9.96e-01
2.375000e+04   3.16e-09   4.25e-03   9.96e-01
2.425000e+04   3.59e-09   5.02e-03   9.95e-01
2.475000e+04   3.57e-09   5.14e-03   9.95e-01
2.525000e+04   2.97e-09   4.35e-03   9.96e-01
2.575000e+04   2.95e-09   4.33e-03   9.96e-01
2.625000e+04   2.75e-09   3.98e-03   9.96e-01
2.675000e+04   2.56e-09   3.60e-03   9.96e-01
2.725000e+04   2.98e-09   3.99e-03   9.96e-01
2.775000e+04   3.77e-09   4.69e-03   9.95e-01
2.825000e+04   4.80e-09   5.52e-03   9.95e-01
2.875000e+04   5.86e-09   5.91e-03   9.94e-01
2.925000e+04   7.13e-09   6.36e-03   9.94e-01
2.975000e+04   8.12e-09   6.13e-03   9.94e-01
#TIME: 150.0
#NVEL: 60
#vel_mid[km/s] ca0 ca1 ca2
2.500000e+02   3.53e-08   2.23e-03   9.98e-01
7.500000e+02   3.84e-08   2.48e-03   9.98e-01
1.250000e+03   2.78e-08   3.27e-03   9.97e-01
1.750000e+03   1.26e-07   4.35e-03   9.96e-01
2.250000e+03   2.20e-07   6.26e-03   9.94e-01
2.750000e+03   4.06e-07   8.66e-03   9.91e-01
3.250000e+03   7.64e-07   1.21e-02   9.88e-01
3.750000e+03   1.40e-06   1.86e-02   9.81e-01
4.250000e+03   1.35e-06   2.63e-02   9.74e-01
4.750000e+03   2.46e-07   9.24e-03   9.91e-01
5.250000e+03   1.74e-07   9.04e-03   9.91e-01
5.750000e+03   1.64e-07   1.06e-02   9.89e-01
6.250000e+03   1.64e-07   1.23e-02   9.88e-01
6.750000e+03   1.65e-07   1.40e-02   9.86e-01
7.250000e+03   1.67e-07   1.56e-02   9.84e-01
7.750000e+03   1.68e-07   1.73e-02   9.83e-01
8.250000e+03   1.73e-07   1.91e-02   9.81e-01
8.750000e+03   1.46e-07   2.13e-02   9.79e-01
9.250000e+03   1.88e-07   2.48e-02   9.75e-01
9.750000e+03   1.66e-07   2.89e-02   9.71e-01
1.025000e+04   1.80e-07   3.41e-02   9.66e-01
1.075000e+04   2.04e-07   4.15e-02   9.59e-01
1.125000e+04   2.74e-07   5.13e-02   9.49e-01
1.175000e+04   3.06e-07   6.24e-02   9.38e-01
1.225000e+04   2.32e-07   7.46e-02   9.25e-01
1.275000e+04   2.43e-07   8.24e-02   9.18e-01
1.325000e+04   3.06e-07   8.84e-02   9.12e-01
1.375000e+04   2.53e-07   9.79e-02   9.02e-01
1.425000e+04   2.45e-07   1.00e-01   9.00e-01
1.475000e+04   2.32e-07   1.01e-01   8.99e-01
1.525000e+04   2.91e-07   1.12e-01   8.88e-01
1.575000e+04   2.69e-07   1.39e-01   8.61e-01
1.625000e+04   3.03e-07   1.73e-01   8.27e-01
1.675000e+04   3.82e-07   1.95e-01   8.05e-01
1.725000e+04   3.61e-07   1.99e-01   8.01e-01
1.775000e+04   2.70e-07   1.96e-01   8.04e-01
1.825000e+04   2.50e-07   2.01e-01   7.99e-01
1.875000e+04   2.70e-07   1.93e-01   8.07e-01
1.925000e+04   1.93e-07   1.83e-01   8.17e-01
1.975000e+04   1.97e-07   1.68e-01   8.32e-01
2.025000e+04   1.39e-07   1.52e-01   8.48e-01
2.075000e+04   1.45e-07   1.33e-01   8.67e-01
2.125000e+04   1.18e-07   1.17e-01   8.83e-01
2.175000e+04   6.95e-08   9.93e-02   9.01e-01
2.225000e+04   5.77e-08   9.08e-02   9.09e-01
2.275000e+04   5.00e-08   8.63e-02   9.14e-01
2.325000e+04   4.12e-08   7.83e-02   9.22e-01
2.375000e+04   3.27e-08   6.81e-02   9.32e-01
2.425000e+04   2.58e-08   5.85e-02   9.42e-01
2.475000e+04   1.92e-08   4.76e-02   9.52e-01
2.525000e+04   1.57e-08   4.21e-02   9.58e-01
2.575000e+04   1.35e-08   3.92e-02   9.61e-01
2.625000e+04   1.05e-08   3.21e-02   9.68e-01
2.675000e+04   8.13e-09   2.53e-02   9.75e-01
2.725000e+04   7.66e-09   2.38e-02   9.76e-01
2.775000e+04   7.27e-09   2.13e-02   9.79e-01
2.825000e+04   7.05e-09   1.82e-02   9.82e-01
2.875000e+04   7.25e-09   1.54e-02   9.85e-01
2.925000e+04   6.79e-09   1.15e-02   9.89e-01
2.975000e+04   7.37e-09   9.31e-03   9.91e-01
#TIME: 200.0
#NVEL: 60
#vel_mid[km/s] ca0 ca1 ca2
2.500000e+02   1.51e-07   3.50e-03   9.97e-01
7.500000e+02   1.58e-07   3.60e-03   9.96e-01
1.250000e+03   1.88e-07   5.74e-03   9.94e-01
1.750000e+03   3.80e-07   9.78e-03   9.90e-01
2.250000e+03   1.68e-06   1.62e-02   9.84e-01
2.750000e+03   2.87e-06   2.19e-02   9.78e-01
3.250000e+03   4.46e-06   2.89e-02   9.71e-01
3.750000e+03   6.95e-06   5.33e-02   9.47e-01
4.250000e+03   6.77e-06   1.85e-01   8.15e-01
4.750000e+03   1.86e-06   9.46e-02   9.05e-01
5.250000e+03   1.66e-06   1.18e-01   8.81e-01
5.750000e+03   1.97e-06   1.73e-01   8.27e-01
6.250000e+03   2.35e-06   2.29e-01   7.71e-01
6.750000e+03   2.63e-06   2.69e-01   7.32e-01
7.250000e+03   2.78e-06   2.94e-01   7.06e-01
7.750000e+03   2.88e-06   3.15e-01   6.85e-01
8.250000e+03   2.99e-06   3.35e-01   6.65e-01
8.750000e+03   3.02e-06   3.47e-01   6.53e-01
9.250000e+03   3.05e-06   3.61e-01   6.39e-01
9.750000e+03   3.08e-06   3.75e-01   6.25e-01
1.025000e+04   3.06e-06   3.85e-01   6.15e-01
1.075000e+04   3.05e-06   3.97e-01   6.03e-01
1.125000e+04   3.04e-06   4.08e-01   5.92e-01
1.175000e+04   2.79e-06   4.17e-01   5.83e-01
1.225000e+04   2.89e-06   4.20e-01   5.80e-01
1.275000e+04   2.54e-06   4.18e-01   5.82e-01
1.325000e+04   2.57e-06   4.12e-01   5.88e-01
1.375000e+04   2.26e-06   4.07e-01   5.93e-01
1.425000e+04   2.18e-06   3.95e-01   6.05e-01
1.475000e+04   1.99e-06   3.84e-01   6.16e-01
1.525000e+04   1.84e-06   3.80e-01   6.20e-01
1.575000e+04   1.62e-06   3.77e-01   6.23e-01
1.625000e+04   1.49e-06   3.72e-01   6.28e-01
1.675000e+04   1.39e-06   3.61e-01   6.39e-01
1.725000e+04   9.87e-07   3.47e-01   6.53e-01
1.775000e+04   1.08e-06   3.31e-01   6.69e-01
1.825000e+04   8.95e-07   3.16e-01   6.84e-01
1.875000e+04   6.66e-07   2.99e-01   7.01e-01
1.925000e+04   7.13e-07   2.81e-01   7.19e-01
1.975000e+04   4.92e-07   2.64e-01   7.36e-01
2.025000e+04   4.87e-07   2.48e-01   7.52e-01
2.075000e+04   3.65e-07   2.32e-01   7.68e-01
2.125000e+04   3.21e-07   2.17e-01   7.83e-01
2.175000e+04   3.35e-07   2.03e-01   7.96e-01
2.225000e+04   2.60e-07   1.93e-01   8.07e-01
2.275000e+04   2.85e-07   1.86e-01   8.14e-01
2.325000e+04   2.21e-07   1.81e-01   8.19e-01
2.375000e+04   2.06e-07   1.73e-01   8.27e-01
2.425000e+04   1.92e-07   1.67e-01   8.33e-01
2.475000e+04   1.74e-07   1.60e-01   8.40e-01
2.525000e+04   1.57e-07   1.53e-01   8.47e-01
2.575000e+04   1.36e-07   1.43e-01   8.57e-01
2.625000e+04   1.13e-07   1.30e-01   8.70e-01
2.675000e+04   9.12e-08   1.17e-01   8.83e-01
2.725000e+04   7.19e-08   1.05e-01   8.95e-01
2.775000e+04   5.33e-08   9.05e-02   9.09e-01
2.825000e+04   3.65e-08   7.49e-02   9.25e-01
2.875000e+04   2.31e-08   5.97e-02   9.40e-01
2.925000e+04   9.48e-09   3.79e-02   9.62e-01
2.975000e+04   7.60e-09   2.76e-02   9.72e-01
