#NTIMES: 4
#NSTAGES: 3 
#TIMES[d]: 75.0 100.0 150.0 200.0
#
#TIME: 75.0
#NVEL: 60
#vel_mid[km/s] s0 s1 s2
2.500000e+02   1.79e-05   7.58e-01   2.42e-01
7.500000e+02   1.79e-05   7.39e-01   2.61e-01
1.250000e+03   1.30e-05   5.19e-01   4.81e-01
1.750000e+03   1.37e-05   5.28e-01   4.72e-01
2.250000e+03   1.54e-05   5.79e-01   4.21e-01
2.750000e+03   1.96e-05   6.64e-01   3.36e-01
3.250000e+03   2.74e-05   7.55e-01   2.45e-01
3.750000e+03   4.17e-05   8.24e-01   1.76e-01
4.250000e+03   5.12e-05   8.58e-01   1.42e-01
4.750000e+03   8.40e-05   8.76e-01   1.24e-01
5.250000e+03   2.64e-04   8.90e-01   1.09e-01
5.750000e+03   9.24e-04   9.08e-01   9.11e-02
6.250000e+03   1.74e-03   9.14e-01   8.47e-02
6.750000e+03   2.06e-03   9.15e-01   8.31e-02
7.250000e+03   1.57e-03   9.15e-01   8.30e-02
7.750000e+03   9.30e-04   9.14e-01   8.51e-02
8.250000e+03   5.22e-04   9.09e-01   9.00e-02
8.750000e+03   2.89e-04   9.02e-01   9.81e-02
9.250000e+03   1.71e-04   8.94e-01   1.06e-01
9.750000e+03   1.13e-04   8.87e-01   1.13e-01
1.025000e+04   7.76e-05   8.79e-01   1.21e-01
1.075000e+04   5.59e-05   8.70e-01   1.30e-01
1.125000e+04   4.49e-05   8.63e-01   1.37e-01
1.175000e+04   3.82e-05   8.54e-01   1.46e-01
1.225000e+04   3.46e-05   8.44e-01   1.56e-01
1.275000e+04   3.28e-05   8.33e-01   1.67e-01
1.325000e+04   3.19e-05   8.21e-01   1.79e-01
1.375000e+04   3.17e-05   8.08e-01   1.92e-01
1.425000e+04   3.19e-05   7.94e-01   2.06e-01
1.475000e+04   3.25e-05   7.80e-01   2.20e-01
1.525000e+04   3.35e-05   7.65e-01   2.35e-01
1.575000e+04   3.43e-05   7.49e-01   2.51e-01
1.625000e+04   3.52e-05   7.31e-01   2.69e-01
1.675000e+04   3.65e-05   7.13e-01   2.87e-01
1.725000e+04   3.73e-05   6.92e-01   3.08e-01
1.775000e+04   3.87e-05   6.72e-01   3.28e-01
1.825000e+04   3.98e-05   6.50e-01   3.50e-01
1.875000e+04   4.08e-05   6.28e-01   3.72e-01
1.925000e+04   4.12e-05   6.03e-01   3.97e-01
1.975000e+04   4.16e-05   5.77e-01   4.23e-01
2.025000e+04   4.12e-05   5.50e-01   4.50e-01
2.075000e+04   4.05e-05   5.22e-01   4.78e-01
2.125000e+04   3.93e-05   4.93e-01   5.07e-01
2.175000e+04   3.75e-05   4.63e-01   5.37e-01
2.225000e+04   3.52e-05   4.32e-01   5.68e-01
2.275000e+04   3.27e-05   4.01e-01   5.99e-01
2.325000e+04   2.98e-05   3.69e-01   6.31e-01
2.375000e+04   2.68e-05   3.38e-01   6.62e-01
2.425000e+04   2.42e-05   3.10e-01   6.90e-01
2.475000e+04   2.10e-05   2.82e-01   7.18e-01
2.525000e+04   1.82e-05   2.55e-01   7.45e-01
2.575000e+04   1.54e-05   2.29e-01   7.71e-01
2.625000e+04   1.29e-05   2.03e-01   7.97e-01
2.675000e+04   1.12e-05   1.81e-01   8.19e-01
2.725000e+04   9.23e-06   1.60e-01   8.40e-01
2.775000e+04   7.53e-06   1.41e-01   8.59e-01
2.825000e+04   6.10e-06   1.24e-01   8.76e-01
2.875000e+04   4.88e-06   1.09e-01   8.90e-01
2.925000e+04   3.94e-06   9.77e-02   9.02e-01
2.975000e+04   3.26e-06   8.99e-02   9.10e-01
#TIME: 100.0
#NVEL: 60
#vel_mid[km/s] s0 s1 s2
2.500000e+02   2.48e-05   7.40e-01   2.60e-01
7.500000e+02   2.51e-05   7.21e-01   2.79e-01
1.250000e+03   1.81e-05   4.92e-01   5.08e-01
1.750000e+03   1.93e-05   4.99e-01   5.01e-01
2.250000e+03   2.16e-05   5.45e-01   4.55e-01
2.750000e+03   2.64e-05   6.29e-01   3.71e-01
3.250000e+03   3.68e-05   7.23e-01   2.77e-01
3.750000e+03   6.04e-05   7.99e-01   2.01e-01
4.250000e+03   8.99e-05   8.41e-01   1.59e-01
4.750000e+03   6.99e-05   8.60e-01   1.40e-01
5.250000e+03   9.50e-05   8.71e-01   1.29e-01
5.750000e+03   1.26e-04   8.78e-01   1.21e-01
6.250000e+03   1.39e-04   8.83e-01   1.17e-01
6.750000e+03   1.34e-04   8.85e-01   1.15e-01
7.250000e+03   1.18e-04   8.84e-01   1.16e-01
7.750000e+03   9.23e-05   8.81e-01   1.19e-01
8.250000e+03   6.83e-05   8.77e-01   1.23e-01
8.750000e+03   5.19e-05   8.72e-01   1.28e-01
9.250000e+03   4.24e-05   8.67e-01   1.33e-01
9.750000e+03   3.73e-05   8.60e-01   1.40e-01
1.025000e+04   3.48e-05   8.54e-01   1.46e-01
1.075000e+04   3.36e-05   8.45e-01   1.55e-01
1.125000e+04   3.35e-05   8.37e-01   1.63e-01
1.175000e+04   3.37e-05   8.27e-01   1.73e-01
1.225000e+04   3.43e-05   8.17e-01   1.83e-01
1.275000e+04   3.49e-05   8.04e-01   1.96e-01
1.325000e+04   3.60e-05   7.92e-01   2.08e-01
1.375000e+04   3.75e-05   7.79e-01   2.21e-01
1.425000e+04   3.88e-05   7.63e-01   2.36e-01
1.475000e+04   4.03e-05   7.48e-01   2.52e-01
1.525000e+04   4.25e-05   7.32e-01   2.68e-01
1.575000e+04   4.41e-05   7.15e-01   2.85e-01
1.625000e+04   4.57e-05   6.95e-01   3.05e-01
1.675000e+04   4.74e-05   6.77e-01   3.23e-01
1.725000e+04   4.89e-05   6.56e-01   3.44e-01
1.775000e+04   4.97e-05   6.33e-01   3.66e-01
1.825000e+04   5.06e-05   6.10e-01   3.90e-01
1.875000e+04   5.09e-05   5.84e-01   4.16e-01
1.925000e+04   5.06e-05   5.58e-01   4.42e-01
1.975000e+04   4.98e-05   5.30e-01   4.69e-01
2.025000e+04   4.83e-05   5.01e-01   4.98e-01
2.075000e+04   4.63e-05   4.71e-01   5.29e-01
2.125000e+04   4.37e-05   4.40e-01   5.60e-01
2.175000e+04   4.05e-05   4.09e-01   5.91e-01
2.225000e+04   3.73e-05   3.79e-01   6.21e-01
2.275000e+04   3.39e-05   3.48e-01   6.52e-01
2.325000e+04   3.06e-05   3.19e-01   6.81e-01
2.375000e+04   2.72e-05   2.93e-01   7.07e-01
2.425000e+04   2.39e-05   2.67e-01   7.33e-01
2.475000e+04   2.03e-05   2.39e-01   7.60e-01
2.525000e+04   1.72e-05   2.14e-01   7.86e-01
2.575000e+04   1.52e-05   1.92e-01   8.08e-01
2.625000e+04   1.26e-05   1.70e-01   8.30e-01
2.675000e+04   1.03e-05   1.50e-01   8.50e-01
2.725000e+04   8.31e-06   1.33e-01   8.67e-01
2.775000e+04   6.62e-06   1.17e-01   8.83e-01
2.825000e+04   5.30e-06   1.04e-01   8.96e-01
2.875000e+04   4.10e-06   9.16e-02   9.08e-01
2.925000e+04   3.24e-06   8.25e-02   9.17e-01
2.975000e+04   2.56e-06   7.50e-02   9.25e-01
#TIME: 150.0
#NVEL: 60
#vel_mid[km/s] s0 s1 s2
2.500000e+02   4.60e-05   7.38e-01   2.62e-01
7.500000e+02   4.63e-05   7.17e-01   2.83e-01
1.250000e+03   3.24e-05   4.79e-01   5.21e-01
1.750000e+03   3.40e-05   4.80e-01   5.20e-01
2.250000e+03   3.76e-05   5.20e-01   4.80e-01
2.750000e+03   4.45e-05   5.97e-01   4.03e-01
3.250000e+03   6.04e-05   6.95e-01   3.05e-01
3.750000e+03   9.67e-05   7.84e-01   2.16e-01
4.250000e+03   1.31e-04   8.46e-01   1.54e-01
4.750000e+03   4.64e-05   8.64e-01   1.36e-01
5.250000e+03   4.14e-05   8.72e-01   1.28e-01
5.750000e+03   4.24e-05   8.77e-01   1.23e-01
6.250000e+03   4.36e-05   8.80e-01   1.20e-01
6.750000e+03   4.51e-05   8.81e-01   1.19e-01
7.250000e+03   4.61e-05   8.81e-01   1.19e-01
7.750000e+03   4.72e-05   8.78e-01   1.22e-01
8.250000e+03   4.83e-05   8.76e-01   1.23e-01
8.750000e+03   5.01e-05   8.72e-01   1.28e-01
9.250000e+03   5.26e-05   8.68e-01   1.32e-01
9.750000e+03   5.56e-05   8.63e-01   1.37e-01
1.025000e+04   5.83e-05   8.57e-01   1.43e-01
1.075000e+04   6.29e-05   8.50e-01   1.50e-01
1.125000e+04   6.77e-05   8.43e-01   1.57e-01
1.175000e+04   7.28e-05   8.35e-01   1.65e-01
1.225000e+04   7.83e-05   8.25e-01   1.75e-01
1.275000e+04   8.31e-05   8.15e-01   1.85e-01
1.325000e+04   8.86e-05   8.03e-01   1.97e-01
1.375000e+04   9.50e-05   7.90e-01   2.09e-01
1.425000e+04   1.00e-04   7.75e-01   2.25e-01
1.475000e+04   1.06e-04   7.59e-01   2.41e-01
1.525000e+04   1.13e-04   7.44e-01   2.56e-01
1.575000e+04   1.20e-04   7.27e-01   2.73e-01
1.625000e+04   1.28e-04   7.09e-01   2.91e-01
1.675000e+04   1.34e-04   6.89e-01   3.11e-01
1.725000e+04   1.39e-04   6.68e-01   3.32e-01
1.775000e+04   1.42e-04   6.44e-01   3.56e-01
1.825000e+04   1.45e-04   6.21e-01   3.79e-01
1.875000e+04   1.45e-04   5.95e-01   4.05e-01
1.925000e+04   1.43e-04   5.68e-01   4.32e-01
1.975000e+04   1.40e-04   5.40e-01   4.60e-01
2.025000e+04   1.33e-04   5.09e-01   4.90e-01
2.075000e+04   1.25e-04   4.79e-01   5.21e-01
2.125000e+04   1.17e-04   4.50e-01   5.50e-01
2.175000e+04   1.07e-04   4.20e-01   5.80e-01
2.225000e+04   9.73e-05   3.90e-01   6.10e-01
2.275000e+04   8.79e-05   3.62e-01   6.38e-01
2.325000e+04   7.77e-05   3.34e-01   6.66e-01
2.375000e+04   6.84e-05   3.05e-01   6.95e-01
2.425000e+04   5.94e-05   2.80e-01   7.20e-01
2.475000e+04   5.00e-05   2.53e-01   7.47e-01
2.525000e+04   4.20e-05   2.29e-01   7.71e-01
2.575000e+04   3.50e-05   2.06e-01   7.93e-01
2.625000e+04   2.94e-05   1.86e-01   8.14e-01
2.675000e+04   2.40e-05   1.68e-01   8.32e-01
2.725000e+04   1.90e-05   1.50e-01   8.50e-01
2.775000e+04   1.49e-05   1.33e-01   8.67e-01
2.825000e+04   1.15e-05   1.18e-01   8.82e-01
2.875000e+04   8.72e-06   1.04e-01   8.96e-01
2.925000e+04   6.62e-06   9.22e-02   9.08e-01
2.975000e+04   4.99e-06   8.22e-02   9.18e-01
#TIME: 200.0
#NVEL: 60
#vel_mid[km/s] s0 s1 s2
2.500000e+02   7.04e-05   7.50e-01   2.50e-01
7.500000e+02   6.94e-05   7.26e-01   2.74e-01
1.250000e+03   4.75e-05   4.86e-01   5.14e-01
1.750000e+03   4.83e-05   4.81e-01   5.19e-01
2.250000e+03   5.22e-05   5.13e-01   4.87e-01
2.750000e+03   6.16e-05   5.86e-01   4.14e-01
3.250000e+03   8.38e-05   6.88e-01   3.12e-01
3.750000e+03   1.38e-04   7.91e-01   2.09e-01
4.250000e+03   2.42e-04   8.76e-01   1.23e-01
4.750000e+03   1.20e-04   8.94e-01   1.06e-01
5.250000e+03   1.19e-04   9.01e-01   9.86e-02
5.750000e+03   1.30e-04   9.07e-01   9.28e-02
6.250000e+03   1.41e-04   9.10e-01   9.01e-02
6.750000e+03   1.48e-04   9.10e-01   8.94e-02
7.250000e+03   1.52e-04   9.09e-01   9.03e-02
7.750000e+03   1.54e-04   9.07e-01   9.24e-02
8.250000e+03   1.58e-04   9.05e-01   9.49e-02
8.750000e+03   1.62e-04   9.01e-01   9.88e-02
9.250000e+03   1.66e-04   8.96e-01   1.03e-01
9.750000e+03   1.73e-04   8.92e-01   1.08e-01
1.025000e+04   1.79e-04   8.85e-01   1.14e-01
1.075000e+04   1.88e-04   8.79e-01   1.21e-01
1.125000e+04   1.96e-04   8.71e-01   1.29e-01
1.175000e+04   2.08e-04   8.63e-01   1.37e-01
1.225000e+04   2.20e-04   8.54e-01   1.46e-01
1.275000e+04   2.32e-04   8.44e-01   1.56e-01
1.325000e+04   2.46e-04   8.32e-01   1.68e-01
1.375000e+04   2.61e-04   8.20e-01   1.80e-01
1.425000e+04   2.75e-04   8.05e-01   1.94e-01
1.475000e+04   2.91e-04   7.91e-01   2.08e-01
1.525000e+04   3.11e-04   7.77e-01   2.22e-01
1.575000e+04   3.27e-04   7.60e-01   2.39e-01
1.625000e+04   3.42e-04   7.42e-01   2.57e-01
1.675000e+04   3.58e-04   7.24e-01   2.76e-01
1.725000e+04   3.76e-04   7.04e-01   2.95e-01
1.775000e+04   3.87e-04   6.84e-01   3.16e-01
1.825000e+04   3.97e-04   6.62e-01   3.37e-01
1.875000e+04   4.05e-04   6.40e-01   3.59e-01
1.925000e+04   4.03e-04   6.17e-01   3.83e-01
1.975000e+04   4.01e-04   5.94e-01   4.06e-01
2.025000e+04   3.90e-04   5.70e-01   4.30e-01
2.075000e+04   3.77e-04   5.47e-01   4.53e-01
2.125000e+04   3.64e-04   5.25e-01   4.75e-01
2.175000e+04   3.47e-04   5.04e-01   4.96e-01
2.225000e+04   3.34e-04   4.83e-01   5.16e-01
2.275000e+04   3.25e-04   4.67e-01   5.33e-01
2.325000e+04   3.21e-04   4.54e-01   5.46e-01
2.375000e+04   3.13e-04   4.38e-01   5.61e-01
2.425000e+04   3.03e-04   4.23e-01   5.77e-01
2.475000e+04   2.82e-04   4.03e-01   5.97e-01
2.525000e+04   2.62e-04   3.84e-01   6.16e-01
2.575000e+04   2.36e-04   3.62e-01   6.38e-01
2.625000e+04   2.06e-04   3.39e-01   6.61e-01
2.675000e+04   1.78e-04   3.16e-01   6.84e-01
2.725000e+04   1.49e-04   2.91e-01   7.09e-01
2.775000e+04   1.20e-04   2.65e-01   7.35e-01
2.825000e+04   9.08e-05   2.34e-01   7.65e-01
2.875000e+04   6.57e-05   2.05e-01   7.95e-01
2.925000e+04   3.18e-05   1.54e-01   8.46e-01
2.975000e+04   1.99e-05   1.27e-01   8.73e-01
