#NTIMES: 4
#NSTAGES: 3 
#TIMES[d]: 75.0 100.0 150.0 200.0
#
#TIME: 75.0
#NVEL: 60
#vel_mid[km/s] si0 si1 si2
2.500000e+02   2.54e-06   6.04e-01   3.96e-01
7.500000e+02   3.11e-06   5.82e-01   4.18e-01
1.250000e+03   1.97e-06   3.68e-01   6.32e-01
1.750000e+03   2.13e-06   3.75e-01   6.25e-01
2.250000e+03   2.91e-06   4.18e-01   5.82e-01
2.750000e+03   4.45e-06   4.99e-01   5.00e-01
3.250000e+03   7.22e-06   5.97e-01   4.03e-01
3.750000e+03   1.07e-05   6.75e-01   3.25e-01
4.250000e+03   1.43e-05   7.12e-01   2.88e-01
4.750000e+03   3.94e-05   7.34e-01   2.66e-01
5.250000e+03   1.08e-04   7.50e-01   2.49e-01
5.750000e+03   3.09e-04   7.72e-01   2.28e-01
6.250000e+03   5.94e-04   7.84e-01   2.15e-01
6.750000e+03   7.04e-04   7.89e-01   2.10e-01
7.250000e+03   4.89e-04   7.87e-01   2.12e-01
7.750000e+03   2.56e-04   7.80e-01   2.19e-01
8.250000e+03   1.34e-04   7.69e-01   2.31e-01
8.750000e+03   7.70e-05   7.55e-01   2.45e-01
9.250000e+03   4.71e-05   7.41e-01   2.59e-01
9.750000e+03   3.16e-05   7.29e-01   2.71e-01
1.025000e+04   2.16e-05   7.16e-01   2.84e-01
1.075000e+04   1.49e-05   7.00e-01   3.00e-01
1.125000e+04   1.08e-05   6.86e-01   3.14e-01
1.175000e+04   8.21e-06   6.69e-01   3.31e-01
1.225000e+04   6.55e-06   6.51e-01   3.49e-01
1.275000e+04   5.43e-06   6.31e-01   3.69e-01
1.325000e+04   4.58e-06   6.11e-01   3.89e-01
1.375000e+04   4.00e-06   5.89e-01   4.11e-01
1.425000e+04   3.51e-06   5.65e-01   4.35e-01
1.475000e+04   3.13e-06   5.41e-01   4.59e-01
1.525000e+04   2.81e-06   5.17e-01   4.83e-01
1.575000e+04   2.51e-06   4.91e-01   5.09e-01
1.625000e+04   2.26e-06   4.64e-01   5.36e-01
1.675000e+04   2.03e-06   4.37e-01   5.63e-01
1.725000e+04   1.80e-06   4.10e-01   5.90e-01
1.775000e+04   1.61e-06   3.82e-01   6.18e-01
1.825000e+04   1.44e-06   3.54e-01   6.46e-01
1.875000e+04   1.28e-06   3.27e-01   6.73e-01
1.925000e+04   1.11e-06   2.98e-01   7.02e-01
1.975000e+04   9.73e-07   2.71e-01   7.29e-01
2.025000e+04   8.42e-07   2.45e-01   7.55e-01
2.075000e+04   7.38e-07   2.20e-01   7.80e-01
2.125000e+04   6.29e-07   1.96e-01   8.04e-01
2.175000e+04   5.31e-07   1.74e-01   8.26e-01
2.225000e+04   4.45e-07   1.53e-01   8.47e-01
2.275000e+04   3.83e-07   1.34e-01   8.66e-01
2.325000e+04   2.42e-07   1.18e-01   8.82e-01
2.375000e+04   1.94e-07   1.04e-01   8.95e-01
2.425000e+04   1.61e-07   9.38e-02   9.06e-01
2.475000e+04   1.34e-07   8.47e-02   9.15e-01
2.525000e+04   1.10e-07   7.73e-02   9.23e-01
2.575000e+04   9.27e-08   7.07e-02   9.29e-01
2.625000e+04   7.56e-08   6.46e-02   9.35e-01
2.675000e+04   6.10e-08   5.96e-02   9.40e-01
2.725000e+04   5.83e-08   5.51e-02   9.45e-01
2.775000e+04   4.84e-08   5.10e-02   9.49e-01
2.825000e+04   4.09e-08   4.75e-02   9.53e-01
2.875000e+04   3.40e-08   4.46e-02   9.55e-01
2.925000e+04   2.94e-08   4.22e-02   9.58e-01
2.975000e+04   2.59e-08   4.06e-02   9.60e-01
#TIME: 100.0
#NVEL: 60
#vel_mid[km/s] si0 si1 si2
2.500000e+02   6.71e-06   5.79e-01   4.21e-01
7.500000e+02   5.86e-06   5.56e-01   4.44e-01
1.250000e+03   3.65e-06   3.42e-01   6.58e-01
1.750000e+03   4.16e-06   3.48e-01   6.51e-01
2.250000e+03   5.68e-06   3.88e-01   6.12e-01
2.750000e+03   9.19e-06   4.67e-01   5.33e-01
3.250000e+03   1.58e-05   5.63e-01   4.37e-01
3.750000e+03   2.66e-05   6.41e-01   3.59e-01
4.250000e+03   3.91e-05   6.76e-01   3.24e-01
4.750000e+03   3.60e-05   6.97e-01   3.02e-01
5.250000e+03   4.28e-05   7.12e-01   2.88e-01
5.750000e+03   5.02e-05   7.22e-01   2.78e-01
6.250000e+03   4.99e-05   7.26e-01   2.74e-01
6.750000e+03   4.47e-05   7.27e-01   2.73e-01
7.250000e+03   3.69e-05   7.25e-01   2.76e-01
7.750000e+03   2.77e-05   7.19e-01   2.81e-01
8.250000e+03   1.94e-05   7.11e-01   2.89e-01
8.750000e+03   1.34e-05   7.02e-01   2.98e-01
9.250000e+03   9.69e-06   6.91e-01   3.09e-01
9.750000e+03   7.50e-06   6.78e-01   3.22e-01
1.025000e+04   6.10e-06   6.65e-01   3.35e-01
1.075000e+04   5.11e-06   6.48e-01   3.52e-01
1.125000e+04   4.44e-06   6.32e-01   3.68e-01
1.175000e+04   3.90e-06   6.14e-01   3.86e-01
1.225000e+04   3.46e-06   5.95e-01   4.05e-01
1.275000e+04   3.10e-06   5.74e-01   4.26e-01
1.325000e+04   2.80e-06   5.52e-01   4.48e-01
1.375000e+04   2.56e-06   5.30e-01   4.70e-01
1.425000e+04   2.32e-06   5.04e-01   4.96e-01
1.475000e+04   2.13e-06   4.80e-01   5.20e-01
1.525000e+04   1.97e-06   4.55e-01   5.45e-01
1.575000e+04   1.80e-06   4.29e-01   5.71e-01
1.625000e+04   1.64e-06   4.01e-01   5.99e-01
1.675000e+04   1.50e-06   3.77e-01   6.23e-01
1.725000e+04   1.35e-06   3.50e-01   6.50e-01
1.775000e+04   1.20e-06   3.23e-01   6.77e-01
1.825000e+04   1.08e-06   2.96e-01   7.04e-01
1.875000e+04   9.50e-07   2.70e-01   7.30e-01
1.925000e+04   8.24e-07   2.44e-01   7.55e-01
1.975000e+04   7.12e-07   2.19e-01   7.81e-01
2.025000e+04   6.05e-07   1.95e-01   8.05e-01
2.075000e+04   5.01e-07   1.73e-01   8.27e-01
2.125000e+04   4.21e-07   1.52e-01   8.48e-01
2.175000e+04   3.39e-07   1.34e-01   8.66e-01
2.225000e+04   2.85e-07   1.19e-01   8.81e-01
2.275000e+04   2.34e-07   1.06e-01   8.94e-01
2.325000e+04   1.53e-07   9.50e-02   9.05e-01
2.375000e+04   1.27e-07   8.65e-02   9.13e-01
2.425000e+04   1.07e-07   7.92e-02   9.21e-01
2.475000e+04   8.95e-08   7.20e-02   9.28e-01
2.525000e+04   7.57e-08   6.63e-02   9.34e-01
2.575000e+04   6.21e-08   6.11e-02   9.39e-01
2.625000e+04   5.33e-08   5.64e-02   9.44e-01
2.675000e+04   4.38e-08   5.21e-02   9.48e-01
2.725000e+04   3.59e-08   4.80e-02   9.52e-01
2.775000e+04   3.68e-08   4.41e-02   9.56e-01
2.825000e+04   3.10e-08   4.10e-02   9.59e-01
2.875000e+04   2.60e-08   3.80e-02   9.62e-01
2.925000e+04   1.82e-08   3.55e-02   9.65e-01
2.975000e+04   2.05e-08   3.37e-02   9.66e-01
#TIME: 150.0
#NVEL: 60
#vel_mid[km/s] si0 si1 si2
2.500000e+02   1.81e-05   5.73e-01   4.27e-01
7.500000e+02   1.64e-05   5.47e-01   4.53e-01
1.250000e+03   1.01e-05   3.31e-01   6.69e-01
1.750000e+03   1.08e-05   3.32e-01   6.68e-01
2.250000e+03   1.37e-05   3.68e-01   6.32e-01
2.750000e+03   1.98e-05   4.39e-01   5.61e-01
3.250000e+03   2.98e-05   5.34e-01   4.66e-01
3.750000e+03   4.47e-05   6.20e-01   3.81e-01
4.250000e+03   4.56e-05   6.67e-01   3.33e-01
4.750000e+03   1.51e-05   6.89e-01   3.11e-01
5.250000e+03   1.16e-05   7.02e-01   2.98e-01
5.750000e+03   1.01e-05   7.10e-01   2.90e-01
6.250000e+03   9.16e-06   7.13e-01   2.87e-01
6.750000e+03   8.27e-06   7.13e-01   2.87e-01
7.250000e+03   7.53e-06   7.11e-01   2.89e-01
7.750000e+03   6.79e-06   7.05e-01   2.95e-01
8.250000e+03   6.24e-06   7.00e-01   3.00e-01
8.750000e+03   5.73e-06   6.90e-01   3.10e-01
9.250000e+03   5.29e-06   6.81e-01   3.19e-01
9.750000e+03   4.92e-06   6.69e-01   3.31e-01
1.025000e+04   4.57e-06   6.56e-01   3.44e-01
1.075000e+04   4.28e-06   6.41e-01   3.59e-01
1.125000e+04   4.04e-06   6.26e-01   3.74e-01
1.175000e+04   3.77e-06   6.08e-01   3.92e-01
1.225000e+04   3.54e-06   5.90e-01   4.10e-01
1.275000e+04   3.32e-06   5.70e-01   4.30e-01
1.325000e+04   3.11e-06   5.48e-01   4.52e-01
1.375000e+04   2.96e-06   5.26e-01   4.74e-01
1.425000e+04   2.75e-06   5.01e-01   4.99e-01
1.475000e+04   2.58e-06   4.76e-01   5.24e-01
1.525000e+04   2.44e-06   4.52e-01   5.48e-01
1.575000e+04   2.27e-06   4.27e-01   5.73e-01
1.625000e+04   2.09e-06   4.01e-01   5.99e-01
1.675000e+04   1.90e-06   3.75e-01   6.25e-01
1.725000e+04   1.70e-06   3.46e-01   6.53e-01
1.775000e+04   1.51e-06   3.19e-01   6.81e-01
1.825000e+04   1.33e-06   2.93e-01   7.07e-01
1.875000e+04   1.15e-06   2.66e-01   7.34e-01
1.925000e+04   9.82e-07   2.40e-01   7.60e-01
1.975000e+04   8.19e-07   2.15e-01   7.85e-01
2.025000e+04   6.82e-07   1.91e-01   8.09e-01
2.075000e+04   5.61e-07   1.70e-01   8.30e-01
2.125000e+04   4.66e-07   1.52e-01   8.48e-01
2.175000e+04   3.78e-07   1.36e-01   8.64e-01
2.225000e+04   3.12e-07   1.24e-01   8.76e-01
2.275000e+04   2.63e-07   1.12e-01   8.88e-01
2.325000e+04   1.97e-07   1.03e-01   8.97e-01
2.375000e+04   1.64e-07   9.43e-02   9.06e-01
2.425000e+04   1.39e-07   8.72e-02   9.13e-01
2.475000e+04   1.14e-07   8.04e-02   9.20e-01
2.525000e+04   8.98e-08   7.43e-02   9.26e-01
2.575000e+04   7.55e-08   6.91e-02   9.31e-01
2.625000e+04   6.24e-08   6.38e-02   9.36e-01
2.675000e+04   5.95e-08   5.92e-02   9.41e-01
2.725000e+04   4.87e-08   5.42e-02   9.46e-01
2.775000e+04   3.96e-08   4.92e-02   9.51e-01
2.825000e+04   3.20e-08   4.47e-02   9.55e-01
2.875000e+04   2.57e-08   4.05e-02   9.60e-01
2.925000e+04   2.06e-08   3.67e-02   9.63e-01
2.975000e+04   1.68e-08   3.36e-02   9.66e-01
#TIME: 200.0
#NVEL: 60
#vel_mid[km/s] si0 si1 si2
2.500000e+02   3.06e-05   5.88e-01   4.12e-01
7.500000e+02   2.62e-05   5.59e-01   4.41e-01
1.250000e+03   1.55e-05   3.39e-01   6.61e-01
1.750000e+03   1.55e-05   3.34e-01   6.66e-01
2.250000e+03   1.82e-05   3.63e-01   6.37e-01
2.750000e+03   2.44e-05   4.32e-01   5.68e-01
3.250000e+03   3.48e-05   5.29e-01   4.71e-01
3.750000e+03   5.25e-05   6.27e-01   3.73e-01
4.250000e+03   5.57e-05   7.08e-01   2.92e-01
4.750000e+03   2.21e-05   7.32e-01   2.68e-01
5.250000e+03   1.79e-05   7.47e-01   2.53e-01
5.750000e+03   1.68e-05   7.59e-01   2.41e-01
6.250000e+03   1.65e-05   7.65e-01   2.35e-01
6.750000e+03   1.59e-05   7.67e-01   2.33e-01
7.250000e+03   1.54e-05   7.64e-01   2.36e-01
7.750000e+03   1.47e-05   7.60e-01   2.40e-01
8.250000e+03   1.40e-05   7.54e-01   2.46e-01
8.750000e+03   1.33e-05   7.46e-01   2.55e-01
9.250000e+03   1.25e-05   7.35e-01   2.65e-01
9.750000e+03   1.18e-05   7.25e-01   2.76e-01
1.025000e+04   1.10e-05   7.11e-01   2.89e-01
1.075000e+04   1.02e-05   6.96e-01   3.04e-01
1.125000e+04   9.53e-06   6.80e-01   3.20e-01
1.175000e+04   8.84e-06   6.63e-01   3.37e-01
1.225000e+04   8.19e-06   6.44e-01   3.56e-01
1.275000e+04   7.61e-06   6.24e-01   3.76e-01
1.325000e+04   7.07e-06   6.02e-01   3.98e-01
1.375000e+04   6.63e-06   5.81e-01   4.19e-01
1.425000e+04   6.14e-06   5.54e-01   4.46e-01
1.475000e+04   5.75e-06   5.29e-01   4.70e-01
1.525000e+04   5.42e-06   5.06e-01   4.93e-01
1.575000e+04   5.00e-06   4.80e-01   5.20e-01
1.625000e+04   4.61e-06   4.52e-01   5.48e-01
1.675000e+04   4.22e-06   4.24e-01   5.76e-01
1.725000e+04   3.83e-06   3.98e-01   6.02e-01
1.775000e+04   3.44e-06   3.71e-01   6.29e-01
1.825000e+04   3.07e-06   3.45e-01   6.55e-01
1.875000e+04   2.72e-06   3.20e-01   6.80e-01
1.925000e+04   2.36e-06   2.93e-01   7.06e-01
1.975000e+04   2.06e-06   2.71e-01   7.29e-01
2.025000e+04   1.76e-06   2.49e-01   7.51e-01
2.075000e+04   1.54e-06   2.30e-01   7.70e-01
2.125000e+04   1.34e-06   2.15e-01   7.85e-01
2.175000e+04   1.17e-06   2.01e-01   7.99e-01
2.225000e+04   1.04e-06   1.92e-01   8.08e-01
2.275000e+04   9.56e-07   1.86e-01   8.14e-01
2.325000e+04   9.00e-07   1.84e-01   8.16e-01
2.375000e+04   8.59e-07   1.83e-01   8.17e-01
2.425000e+04   8.16e-07   1.82e-01   8.18e-01
2.475000e+04   7.41e-07   1.79e-01   8.21e-01
2.525000e+04   6.83e-07   1.77e-01   8.23e-01
2.575000e+04   6.19e-07   1.72e-01   8.28e-01
2.625000e+04   5.29e-07   1.65e-01   8.35e-01
2.675000e+04   4.64e-07   1.57e-01   8.43e-01
2.725000e+04   3.94e-07   1.46e-01   8.54e-01
2.775000e+04   3.10e-07   1.32e-01   8.68e-01
2.825000e+04   2.18e-07   1.15e-01   8.85e-01
2.875000e+04   1.54e-07   9.76e-02   9.02e-01
2.925000e+04   7.58e-08   6.73e-02   9.33e-01
2.975000e+04   4.88e-08   5.35e-02   9.47e-01
