#NTIMES:     65
#NSTAGES:     5
#TIMES[d]:     0.500    0.550    0.666    0.733    0.806    0.887    0.976    1.074    1.181    1.300    1.430    1.573    1.730    1.900    2.090    2.300    2.530    2.783    3.061    3.367    3.704    4.074    4.481    4.929    5.422    5.964    6.560    7.216    7.938    8.732    9.600   10.560   11.620   12.780   14.060   15.470   17.020   18.720   20.590   22.650   24.910   27.400   30.140   33.150   36.460   40.110   44.120   48.530   53.380   58.720   64.590   71.050   78.200   86.000   94.600  104.100  114.500  126.000  138.600  152.500  167.800  184.600  203.100  223.400  245.800
#
#TIME:     0.500
#NVEL: 115
#vel_mid[km/s]           c 1           c 2           c 3           c 4           c 5
    8.772128E+02    6.2556E-24    9.3246E-17    3.9106E-10    1.6203E-04    9.9984E-01
    8.826573E+02    6.2556E-24    9.3246E-17    3.9106E-10    1.6203E-04    9.9984E-01
    8.991942E+02    6.2556E-24    9.3246E-17    3.9106E-10    1.6203E-04    9.9984E-01
    9.332033E+02    6.2556E-24    9.3246E-17    3.9106E-10    1.6203E-04    9.9984E-01
    9.912889E+02    6.2556E-24    9.3246E-17    3.9106E-10    1.6203E-04    9.9984E-01
    1.052238E+03    6.2556E-24    9.3246E-17    3.9106E-10    1.6203E-04    9.9984E-01
    1.116940E+03    6.2534E-24    9.3207E-17    3.9095E-10    1.6202E-04    9.9984E-01
    1.185621E+03    6.2307E-24    9.2804E-17    3.8978E-10    1.6195E-04    9.9984E-01
    1.258525E+03    6.1836E-24    9.1972E-17    3.8737E-10    1.6179E-04    9.9984E-01
    1.335911E+03    6.1785E-24    9.1383E-17    3.8559E-10    1.6192E-04    9.9984E-01
    1.418056E+03    5.8947E-24    8.6872E-17    3.7250E-10    1.6088E-04    9.9984E-01
    1.505253E+03    2.7745E-25    6.2799E-18    6.5891E-11    1.0180E-04    9.9990E-01
    1.597810E+03    2.4728E-25    5.7319E-18    6.2049E-11    9.9857E-05    9.9990E-01
    1.696060E+03    8.2584E-26    2.2924E-18    3.4288E-11    8.6032E-05    9.9991E-01
    1.800350E+03    6.7071E-26    1.8907E-18    3.0408E-11    8.4503E-05    9.9992E-01
    1.911054E+03    1.4857E-26    5.3766E-19    1.3615E-11    6.9781E-05    9.9993E-01
    2.028564E+03    9.6787E-27    3.7428E-19    1.0834E-11    6.6341E-05    9.9993E-01
    2.153300E+03    2.9153E-27    1.3798E-19    5.7672E-12    5.7310E-05    9.9994E-01
    2.285707E+03    9.4999E-28    5.5231E-20    3.2266E-12    4.9637E-05    9.9995E-01
    2.426255E+03    3.7913E-28    2.6317E-20    2.0129E-12    4.3949E-05    9.9996E-01
    2.575445E+03    9.6934E-29    8.6153E-21    9.9809E-13    3.7045E-05    9.9996E-01
    2.733809E+03    5.1032E-29    5.1431E-21    7.1964E-13    3.4010E-05    9.9997E-01
    2.901910E+03    2.8254E-29    3.1953E-21    5.3253E-13    3.1448E-05    9.9997E-01
    3.080349E+03    1.6424E-29    2.1049E-21    4.0534E-13    2.8993E-05    9.9997E-01
    3.269759E+03    1.1668E-29    1.6511E-21    3.4240E-13    2.7275E-05    9.9997E-01
    3.470816E+03    9.8611E-30    1.5009E-21    3.1643E-13    2.6168E-05    9.9997E-01
    3.684237E+03    8.5666E-30    1.4116E-21    2.9735E-13    2.5032E-05    9.9998E-01
    3.910780E+03    6.6722E-30    1.2249E-21    2.6486E-13    2.3552E-05    9.9998E-01
    4.151254E+03    7.2307E-30    1.4171E-21    2.8123E-13    2.2811E-05    9.9998E-01
    4.406514E+03    8.9128E-30    1.6740E-21    3.1299E-13    2.3729E-05    9.9998E-01
    4.677470E+03    5.8783E-30    1.1748E-21    2.5158E-13    2.2722E-05    9.9998E-01
    4.965088E+03    2.6627E-30    6.4677E-22    1.6921E-13    1.9583E-05    9.9998E-01
    5.270391E+03    1.7045E-30    4.5569E-22    1.3490E-13    1.8128E-05    9.9998E-01
    5.594466E+03    1.4014E-30    3.9381E-22    1.2234E-13    1.7384E-05    9.9998E-01
    5.938470E+03    1.2682E-30    3.6966E-22    1.1670E-13    1.6853E-05    9.9998E-01
    6.303626E+03    1.1962E-30    3.6356E-22    1.1408E-13    1.6273E-05    9.9998E-01
    6.691235E+03    1.1557E-30    3.6049E-22    1.1261E-13    1.5926E-05    9.9998E-01
    7.102679E+03    1.1336E-30    3.6166E-22    1.1204E-13    1.5636E-05    9.9998E-01
    7.539422E+03    1.1275E-30    3.7974E-22    1.1337E-13    1.4870E-05    9.9999E-01
    8.003021E+03    1.1738E-30    4.1167E-22    1.1743E-13    1.4264E-05    9.9999E-01
    8.495126E+03    1.3285E-30    4.6934E-22    1.2647E-13    1.4086E-05    9.9999E-01
    9.017491E+03    1.8183E-30    6.4032E-22    1.5192E-13    1.3856E-05    9.9999E-01
    9.571975E+03    3.4984E-30    1.1892E-21    2.2201E-13    1.3735E-05    9.9999E-01
    1.016056E+04    1.1032E-29    3.2784E-21    4.2469E-13    1.4789E-05    9.9999E-01
    1.078533E+04    8.9590E-29    2.1320E-20    1.4611E-12    1.7192E-05    9.9998E-01
    1.144852E+04    2.7011E-27    4.3659E-19    1.1927E-11    2.8404E-05    9.9997E-01
    1.215249E+04    3.6648E-25    3.8130E-17    3.4045E-10    1.2110E-04    9.9988E-01
    1.289974E+04    3.2901E-23    2.2931E-15    8.3666E-09    7.2546E-04    9.9927E-01
    1.369294E+04    3.7622E-21    1.8467E-13    2.8202E-07    5.6294E-03    9.9437E-01
    1.453492E+04    1.6786E-17    4.1494E-10    1.3167E-04    1.8410E-01    8.1577E-01
    1.542867E+04    1.3595E-10    3.6958E-04    8.0594E-01    1.9368E-01    5.6362E-06
    1.626717E+04    3.7751E-05    8.5277E-01    1.4719E-01    1.5994E-09    6.6660E-24
    1.668676E+04    5.6978E-04    9.9897E-01    4.6512E-04    3.9084E-17    1.8884E-38
    1.713874E+04    4.9819E-02    9.5018E-01    8.3874E-09    1.7185E-31    5.8873E-61
    1.771854E+04    6.6545E-01    3.3455E-01    4.3920E-13    1.2571E-43    8.7060E-65
    1.838692E+04    6.1303E-01    3.8697E-01    6.1118E-13    2.0659E-43    1.4474E-64
    1.903533E+04    5.2202E-01    4.7798E-01    1.0682E-12    5.0502E-43    2.9955E-64
    1.976116E+04    4.6062E-01    5.3938E-01    1.5035E-12    8.7377E-43    4.6936E-64
    2.046516E+04    3.8802E-01    6.1198E-01    2.2324E-12    1.6675E-42    7.6165E-64
    2.125594E+04    3.2298E-01    6.7702E-01    3.1687E-12    2.9597E-42    1.1620E-63
    2.202587E+04    2.8966E-01    7.1034E-01    3.7567E-12    3.8571E-42    1.4426E-63
    2.285981E+04    2.2110E-01    7.7890E-01    5.5915E-12    7.4440E-42    2.2716E-63
    2.372435E+04    2.2089E-01    7.7911E-01    5.3729E-12    6.5443E-42    2.3133E-63
    2.455466E+04    1.5391E-01    8.4609E-01    8.3262E-12    1.3301E-41    3.8114E-63
    2.552174E+04    1.4555E-01    8.5445E-01    8.5228E-12    1.2330E-41    4.3804E-63
    2.640440E+04    1.2150E-01    8.7850E-01    1.0071E-11    1.4984E-41    5.3544E-63
    2.741295E+04    1.1091E-01    8.8909E-01    1.0770E-11    1.5028E-41    5.3701E-63
    2.838201E+04    1.3877E-01    8.6123E-01    8.4367E-12    8.6849E-42    3.5261E-63
    2.923203E+04    1.2352E-01    8.7648E-01    9.4140E-12    9.4319E-42    3.1102E-63
    3.013295E+04    1.5252E-01    8.4748E-01    7.0088E-12    4.6926E-42    2.0821E-63
    3.094669E+04    1.4098E-01    8.5902E-01    7.3036E-12    4.3904E-42    1.9231E-63
    3.176516E+04    1.4272E-01    8.5728E-01    6.8344E-12    3.4158E-42    1.7141E-63
    3.259805E+04    1.2973E-01    8.7027E-01    7.0272E-12    3.1852E-42    1.7314E-63
    3.345740E+04    1.1147E-01    8.8853E-01    7.5736E-12    3.2423E-42    1.8533E-63
    3.438030E+04    1.0786E-01    8.9214E-01    7.1166E-12    2.5319E-42    1.7608E-63
    3.533529E+04    8.9539E-02    9.1046E-01    7.6879E-12    2.5746E-42    1.8919E-63
    3.634323E+04    8.5132E-02    9.1487E-01    7.2178E-12    2.0211E-42    1.7945E-63
    3.736894E+04    7.4761E-02    9.2524E-01    7.1735E-12    1.7583E-42    1.7878E-63
    3.839518E+04    6.5204E-02    9.3480E-01    7.0667E-12    1.5079E-42    1.7651E-63
    3.939114E+04    6.2153E-02    9.3785E-01    6.4766E-12    1.1449E-42    1.6322E-63
    4.037465E+04    6.0788E-02    9.3921E-01    5.7887E-12    8.3323E-43    1.4737E-63
    4.133441E+04    5.6794E-02    9.4321E-01    5.2490E-12    6.1959E-43    1.3447E-63
    4.215976E+04    5.1489E-02    9.4851E-01    4.8346E-12    4.7729E-43    1.2420E-63
    4.290657E+04    4.6884E-02    9.5312E-01    4.4272E-12    3.6554E-43    1.1401E-63
    4.365819E+04    4.3189E-02    9.5681E-01    3.9953E-12    2.7197E-43    1.0324E-63
    4.442297E+04    4.0675E-02    9.5933E-01    3.5646E-12    1.9859E-43    9.2539E-64
    4.520034E+04    3.9506E-02    9.6049E-01    3.1602E-12    1.4454E-43    8.2541E-64
    4.600555E+04    3.9711E-02    9.6029E-01    2.7884E-12    1.0543E-43    7.3394E-64
    4.686215E+04    4.0742E-02    9.5926E-01    2.4664E-12    7.7846E-44    6.5492E-64
    4.776422E+04    4.2417E-02    9.5758E-01    2.2029E-12    5.9028E-44    5.9060E-64
    4.868597E+04    4.4581E-02    9.5542E-01    1.9985E-12    4.6505E-44    5.4113E-64
    4.962544E+04    4.7155E-02    9.5284E-01    1.8402E-12    3.7968E-44    5.0339E-64
    5.058305E+04    5.0035E-02    9.4996E-01    1.7167E-12    3.1973E-44    4.7450E-64
    5.155912E+04    5.3036E-02    9.4696E-01    1.6203E-12    2.7673E-44    4.5246E-64
    5.255403E+04    5.5884E-02    9.4412E-01    1.5463E-12    2.4579E-44    4.3609E-64
    5.356816E+04    5.8250E-02    9.4175E-01    1.4927E-12    2.2415E-44    4.2483E-64
    5.460189E+04    5.9872E-02    9.4013E-01    1.4579E-12    2.0991E-44    4.1826E-64
    5.565558E+04    6.0504E-02    9.3950E-01    1.4415E-12    2.0202E-44    4.1631E-64
    5.672959E+04    6.0049E-02    9.3995E-01    1.4426E-12    1.9962E-44    4.1880E-64
    5.782432E+04    5.8499E-02    9.4150E-01    1.4606E-12    2.0219E-44    4.2559E-64
    5.894013E+04    5.6240E-02    9.4376E-01    1.4903E-12    2.0823E-44    4.3544E-64
    6.007747E+04    5.3769E-02    9.4623E-01    1.5245E-12    2.1584E-44    4.4657E-64
    6.123675E+04    5.1560E-02    9.4844E-01    1.5560E-12    2.2301E-44    4.5725E-64
    6.241838E+04    4.9795E-02    9.5021E-01    1.5813E-12    2.2877E-44    4.6674E-64
    6.362274E+04    4.8523E-02    9.5148E-01    1.5988E-12    2.3251E-44    4.7481E-64
    6.485024E+04    4.7730E-02    9.5227E-01    1.6084E-12    2.3413E-44    4.8161E-64
    6.610128E+04    4.7121E-02    9.5288E-01    1.6139E-12    2.3455E-44    4.8822E-64
    6.737631E+04    4.7577E-02    9.5242E-01    1.6015E-12    2.2989E-44    4.9044E-64
    6.867574E+04    4.8689E-02    9.5131E-01    1.5767E-12    2.2176E-44    4.8526E-64
    6.935606E+04    5.0475E-02    9.4952E-01    1.5478E-12    2.1332E-44    4.6316E-64
    6.969874E+04    5.3893E-02    9.4611E-01    1.4989E-12    2.0037E-44    4.2415E-64
    6.987071E+04    5.7805E-02    9.4219E-01    1.4036E-12    1.7442E-44    3.7145E-64
    6.995686E+04    6.3785E-02    9.3621E-01    1.2084E-12    1.2599E-44    3.0059E-64
    6.999782E+04    7.2290E-02    9.2771E-01    8.0982E-13    6.0309E-45    1.9143E-64
    6.999997E+04    7.4703E-02    9.2530E-01    7.0848E-13    4.9270E-45    1.6682E-64
#TIME:     0.550
#NVEL: 115
#vel_mid[km/s]           c 1           c 2           c 3           c 4           c 5
    8.772128E+02    6.1913E-24    1.0440E-16    4.2671E-10    1.5952E-04    9.9984E-01
    8.825108E+02    6.1913E-24    1.0440E-16    4.2671E-10    1.5952E-04    9.9984E-01
    8.985975E+02    6.1913E-24    1.0440E-16    4.2671E-10    1.5952E-04    9.9984E-01
    9.316560E+02    6.1914E-24    1.0440E-16    4.2671E-10    1.5952E-04    9.9984E-01
    9.893707E+02    6.1914E-24    1.0440E-16    4.2671E-10    1.5952E-04    9.9984E-01
    1.050609E+03    6.1903E-24    1.0439E-16    4.2667E-10    1.5952E-04    9.9984E-01
    1.115637E+03    6.1825E-24    1.0426E-16    4.2631E-10    1.5948E-04    9.9984E-01
    1.184691E+03    6.1552E-24    1.0374E-16    4.2479E-10    1.5936E-04    9.9984E-01
    1.258018E+03    6.0933E-24    1.0258E-16    4.2140E-10    1.5908E-04    9.9984E-01
    1.335885E+03    5.9627E-24    1.0009E-16    4.1413E-10    1.5849E-04    9.9984E-01
    1.418571E+03    4.4779E-24    7.7443E-17    3.4737E-10    1.5043E-04    9.9985E-01
    1.506375E+03    2.6420E-25    6.7283E-18    6.8071E-11    9.6336E-05    9.9990E-01
    1.599613E+03    1.9803E-25    5.3027E-18    5.8209E-11    9.2226E-05    9.9991E-01
    1.698623E+03    6.8718E-26    2.1847E-18    3.2642E-11    7.9621E-05    9.9992E-01
    1.803761E+03    4.9272E-26    1.6202E-18    2.6982E-11    7.6963E-05    9.9992E-01
    1.915407E+03    1.1528E-26    4.8091E-19    1.2357E-11    6.3945E-05    9.9994E-01
    2.033963E+03    6.7067E-27    3.0412E-19    9.2375E-12    6.0004E-05    9.9994E-01
    2.159857E+03    1.9878E-27    1.1042E-19    4.8563E-12    5.1798E-05    9.9995E-01
    2.293544E+03    6.3226E-28    4.3256E-20    2.6755E-12    4.4790E-05    9.9996E-01
    2.435505E+03    2.3267E-28    1.9239E-20    1.5971E-12    3.9335E-05    9.9996E-01
    2.586253E+03    6.1627E-29    6.4689E-21    8.0436E-13    3.3398E-05    9.9997E-01
    2.746332E+03    3.1734E-29    3.7882E-21    5.7284E-13    3.0616E-05    9.9997E-01
    2.916319E+03    1.7488E-29    2.3445E-21    4.2262E-13    2.8312E-05    9.9997E-01
    3.096828E+03    1.0295E-29    1.5623E-21    3.2376E-13    2.6115E-05    9.9997E-01
    3.288509E+03    7.4363E-30    1.2440E-21    2.7598E-13    2.4562E-05    9.9998E-01
    3.492055E+03    6.3890E-30    1.1486E-21    2.5749E-13    2.3524E-05    9.9998E-01
    3.708199E+03    5.6065E-30    1.0923E-21    2.4363E-13    2.2412E-05    9.9998E-01
    3.937722E+03    4.6009E-30    9.9388E-22    2.2346E-13    2.1043E-05    9.9998E-01
    4.181452E+03    5.2328E-30    1.1883E-21    2.4350E-13    2.0416E-05    9.9998E-01
    4.440267E+03    6.1734E-30    1.3525E-21    2.6489E-13    2.1106E-05    9.9998E-01
    4.715102E+03    4.0311E-30    9.4372E-22    2.1170E-13    2.0151E-05    9.9998E-01
    5.006948E+03    1.7500E-30    5.0267E-22    1.3934E-13    1.7174E-05    9.9998E-01
    5.316859E+03    1.1748E-30    3.6744E-22    1.1374E-13    1.6019E-05    9.9998E-01
    5.645951E+03    9.8253E-31    3.2215E-22    1.0408E-13    1.5377E-05    9.9998E-01
    5.995413E+03    9.0244E-31    3.0682E-22    1.0014E-13    1.4876E-05    9.9999E-01
    6.366506E+03    8.5380E-31    3.0262E-22    9.8141E-14    1.4312E-05    9.9999E-01
    6.760567E+03    8.3970E-31    3.0437E-22    9.7830E-14    1.4009E-05    9.9999E-01
    7.179019E+03    8.4014E-31    3.1207E-22    9.8561E-14    1.3671E-05    9.9999E-01
    7.623372E+03    8.5108E-31    3.3390E-22    1.0101E-13    1.2880E-05    9.9999E-01
    8.095229E+03    9.1979E-31    3.7281E-22    1.0689E-13    1.2350E-05    9.9999E-01
    8.596292E+03    1.1068E-30    4.4865E-22    1.1926E-13    1.2184E-05    9.9999E-01
    9.128368E+03    1.6601E-30    6.6615E-22    1.5156E-13    1.1919E-05    9.9999E-01
    9.693378E+03    3.7282E-30    1.4113E-21    2.4310E-13    1.1953E-05    9.9999E-01
    1.029336E+04    1.4676E-29    4.7517E-21    5.3651E-13    1.3121E-05    9.9999E-01
    1.093048E+04    1.7589E-28    4.3727E-20    2.4164E-12    1.6755E-05    9.9998E-01
    1.160703E+04    8.4372E-27    1.3930E-18    2.9075E-11    3.7033E-05    9.9996E-01
    1.232546E+04    1.9043E-24    1.9553E-16    1.3012E-09    2.5837E-04    9.9974E-01
    1.308836E+04    2.2604E-22    1.5503E-14    4.1511E-08    1.8982E-03    9.9810E-01
    1.389955E+04    6.2944E-20    2.8459E-12    2.7373E-06    2.1695E-02    9.7830E-01
    1.474312E+04    1.1231E-15    2.1130E-08    2.7366E-03    7.1181E-01    2.8545E-01
    1.540367E+04    1.5393E-10    4.5617E-04    8.6782E-01    1.3172E-01    1.8482E-06
    1.581332E+04    3.2891E-08    1.6315E-02    9.8331E-01    3.7163E-04    1.6852E-12
    1.611284E+04    4.2001E-06    3.5581E-01    6.4419E-01    4.2179E-07    3.8225E-19
    1.636570E+04    9.1899E-05    9.7542E-01    2.4486E-02    5.1016E-12    9.4178E-29
    1.654730E+04    3.4121E-04    9.9839E-01    1.2650E-03    6.8319E-16    3.9133E-36
    1.669441E+04    1.0721E-03    9.9884E-01    8.6861E-05    2.1568E-19    8.3862E-43
    1.681682E+04    3.9041E-03    9.9609E-01    4.4931E-06    3.0492E-23    4.1957E-50
    1.692241E+04    1.3360E-02    9.8664E-01    2.3441E-07    4.0811E-27    2.5025E-57
    1.702116E+04    3.3461E-02    9.6654E-01    2.0051E-08    2.1264E-30    1.2070E-60
    1.711664E+04    6.2514E-02    9.3749E-01    3.2940E-09    8.0794E-33    3.0803E-61
    1.721561E+04    1.0148E-01    8.9852E-01    7.7242E-10    9.6640E-35    9.7562E-62
    1.732334E+04    1.5875E-01    8.4125E-01    1.9257E-10    1.5157E-36    3.0085E-62
    1.744562E+04    2.3794E-01    7.6206E-01    4.9353E-11    2.8381E-38    8.9781E-63
    1.759425E+04    3.4085E-01    6.5915E-01    1.2289E-11    5.4155E-40    2.5197E-63
    1.788224E+04    5.2532E-01    4.7468E-01    1.4323E-12    1.5309E-42    3.3126E-64
    1.867332E+04    7.9645E-01    2.0355E-01    2.9132E-14    6.3020E-47    7.8980E-66
    1.962851E+04    8.7639E-01    1.2361E-01    3.2687E-15    1.2422E-47    1.0453E-66
    2.067444E+04    8.8368E-01    1.1632E-01    1.8892E-15    5.0044E-47    7.4153E-67
    2.182447E+04    8.7733E-01    1.2267E-01    1.9308E-15    1.2838E-46    9.2182E-67
    2.306690E+04    8.2918E-01    1.7082E-01    4.1934E-15    4.6930E-46    2.3539E-66
    2.438107E+04    7.5900E-01    2.4100E-01    9.1816E-15    1.2570E-45    5.9542E-66
    2.587845E+04    6.8087E-01    3.1913E-01    1.6734E-14    2.3557E-45    1.4066E-65
    2.749199E+04    5.5623E-01    4.4377E-01    3.6470E-14    4.4899E-45    3.1511E-65
    2.896661E+04    5.1560E-01    4.8440E-01    3.8900E-14    3.6656E-45    2.6724E-65
    3.023928E+04    5.3878E-01    4.6122E-01    2.6287E-14    1.8652E-45    1.6046E-65
    3.138852E+04    4.9033E-01    5.0967E-01    3.2489E-14    2.1234E-45    1.6674E-65
    3.250795E+04    4.4602E-01    5.5398E-01    4.0393E-14    2.2827E-45    1.9074E-65
    3.365620E+04    3.7395E-01    6.2605E-01    6.5512E-14    3.1185E-45    2.8094E-65
    3.486705E+04    3.2069E-01    6.7931E-01    9.2835E-14    3.4390E-45    3.7445E-65
    3.613166E+04    2.7080E-01    7.2920E-01    1.3182E-13    3.8690E-45    5.0442E-65
    3.742115E+04    2.2434E-01    7.7566E-01    1.8551E-13    4.3591E-45    6.7921E-65
    3.871394E+04    1.8597E-01    8.1403E-01    2.4353E-13    4.7294E-45    8.6900E-65
    3.997047E+04    1.6885E-01    8.3115E-01    2.5277E-13    3.9991E-45    9.0979E-65
    4.112379E+04    1.5058E-01    8.4942E-01    2.6561E-13    3.5233E-45    9.6563E-65
    4.218343E+04    1.2723E-01    8.7277E-01    2.9910E-13    3.3924E-45    1.0934E-64
    4.320753E+04    1.0538E-01    8.9462E-01    3.3744E-13    3.2623E-45    1.2475E-64
    4.423621E+04    8.7783E-02    9.1222E-01    3.7071E-13    3.0657E-45    1.4007E-64
    4.529664E+04    7.5236E-02    9.2476E-01    3.9350E-13    2.8340E-45    1.5354E-64
    4.639486E+04    6.7398E-02    9.3260E-01    4.0816E-13    2.6206E-45    1.6526E-64
    4.752261E+04    6.2381E-02    9.3762E-01    4.3263E-13    2.5466E-45    1.8073E-64
    4.867617E+04    5.9634E-02    9.4037E-01    4.7473E-13    2.6203E-45    2.0165E-64
    4.985675E+04    5.8785E-02    9.4122E-01    5.3637E-13    2.8321E-45    2.2753E-64
    5.106564E+04    5.9395E-02    9.4060E-01    6.1507E-13    3.1809E-45    2.5641E-64
    5.230378E+04    6.0828E-02    9.3917E-01    7.0607E-13    3.6843E-45    2.8583E-64
    5.357136E+04    6.2275E-02    9.3773E-01    8.0484E-13    4.3865E-45    3.1402E-64
    5.486695E+04    6.3022E-02    9.3698E-01    9.0786E-13    5.3480E-45    3.4014E-64
    5.618695E+04    6.2522E-02    9.3748E-01    1.0138E-12    6.6426E-45    3.6455E-64
    5.752536E+04    6.0565E-02    9.3944E-01    1.1227E-12    8.3365E-45    3.8826E-64
    5.887450E+04    5.7563E-02    9.4244E-01    1.2314E-12    1.0416E-44    4.1136E-64
    6.022291E+04    5.4382E-02    9.4562E-01    1.3309E-12    1.2705E-44    4.3227E-64
    6.155592E+04    5.1734E-02    9.4827E-01    1.4126E-12    1.4919E-44    4.4938E-64
    6.285824E+04    4.9812E-02    9.5019E-01    1.4739E-12    1.6839E-44    4.6259E-64
    6.411280E+04    4.8585E-02    9.5142E-01    1.5159E-12    1.8340E-44    4.7248E-64
    6.529403E+04    4.7794E-02    9.5221E-01    1.5438E-12    1.9446E-44    4.8034E-64
    6.638404E+04    4.7418E-02    9.5258E-01    1.5595E-12    2.0159E-44    4.8620E-64
    6.736672E+04    4.7805E-02    9.5219E-01    1.5592E-12    2.0382E-44    4.8804E-64
    6.821143E+04    4.8250E-02    9.5175E-01    1.5541E-12    2.0400E-44    4.8903E-64
    6.893337E+04    4.9149E-02    9.5085E-01    1.5413E-12    2.0168E-44    4.7947E-64
    6.953439E+04    5.2287E-02    9.4771E-01    1.5108E-12    1.9509E-44    4.4851E-64
    6.977430E+04    5.5318E-02    9.4468E-01    1.4525E-12    1.7975E-44    4.0761E-64
    6.989457E+04    5.8951E-02    9.4105E-01    1.3515E-12    1.5528E-44    3.5676E-64
    6.995478E+04    6.3705E-02    9.3629E-01    1.1993E-12    1.1955E-44    3.0281E-64
    6.998490E+04    6.8230E-02    9.3177E-01    9.7694E-13    8.1609E-45    2.3919E-64
    6.999922E+04    7.3882E-02    9.2612E-01    7.3748E-13    5.0027E-45    1.7599E-64
    6.999997E+04    7.4858E-02    9.2514E-01    6.9817E-13    4.6106E-45    1.6640E-64
#TIME:     0.666
#NVEL: 115
#vel_mid[km/s]           c 1           c 2           c 3           c 4           c 5
    8.772128E+02    6.7655E-24    1.4574E-16    5.6386E-10    1.6436E-04    9.9984E-01
    8.833155E+02    6.7655E-24    1.4574E-16    5.6386E-10    1.6436E-04    9.9984E-01
    9.018795E+02    6.7656E-24    1.4574E-16    5.6387E-10    1.6436E-04    9.9984E-01
    9.401862E+02    6.7661E-24    1.4575E-16    5.6389E-10    1.6436E-04    9.9984E-01
    1.001110E+03    6.7659E-24    1.4575E-16    5.6388E-10    1.6436E-04    9.9984E-01
    1.062646E+03    6.7615E-24    1.4566E-16    5.6365E-10    1.6433E-04    9.9984E-01
    1.127988E+03    6.7356E-24    1.4514E-16    5.6219E-10    1.6418E-04    9.9984E-01
    1.197348E+03    6.6873E-24    1.4404E-16    5.5899E-10    1.6387E-04    9.9984E-01
    1.270973E+03    6.5948E-24    1.4184E-16    5.5250E-10    1.6326E-04    9.9984E-01
    1.349125E+03    5.5428E-24    1.2111E-16    4.9354E-10    1.5678E-04    9.9984E-01
    1.432083E+03    1.4188E-24    3.6593E-17    2.1395E-10    1.1803E-04    9.9988E-01
    1.520141E+03    2.9682E-25    9.4204E-18    8.4801E-11    8.9873E-05    9.9991E-01
    1.613615E+03    1.1653E-25    4.2607E-18    4.9829E-11    7.7581E-05    9.9992E-01
    1.712836E+03    5.6678E-26    2.3057E-18    3.3142E-11    6.9909E-05    9.9993E-01
    1.818158E+03    2.2640E-26    1.0506E-18    1.9767E-11    6.1952E-05    9.9994E-01
    1.929957E+03    8.1042E-27    4.4101E-19    1.1228E-11    5.4306E-05    9.9995E-01
    2.048630E+03    3.1172E-27    1.9670E-19    6.6682E-12    4.8390E-05    9.9995E-01
    2.174600E+03    9.8161E-28    7.4850E-20    3.5879E-12    4.2118E-05    9.9996E-01
    2.308316E+03    3.1242E-28    2.9251E-20    1.9641E-12    3.6454E-05    9.9996E-01
    2.450254E+03    9.0095E-29    1.0553E-20    1.0251E-12    3.1248E-05    9.9997E-01
    2.600920E+03    2.9261E-29    4.1919E-21    5.7103E-13    2.7256E-05    9.9997E-01
    2.760850E+03    1.3676E-29    2.2544E-21    3.8546E-13    2.4797E-05    9.9998E-01
    2.930615E+03    7.5213E-30    1.3956E-21    2.8375E-13    2.2904E-05    9.9998E-01
    3.110818E+03    4.6282E-30    9.6351E-22    2.2227E-13    2.1197E-05    9.9998E-01
    3.302102E+03    3.4554E-30    7.8913E-22    1.9292E-13    1.9901E-05    9.9998E-01
    3.505148E+03    2.9965E-30    7.3668E-22    1.8134E-13    1.8894E-05    9.9998E-01
    3.720679E+03    2.7359E-30    7.2607E-22    1.7576E-13    1.7850E-05    9.9998E-01
    3.949463E+03    2.4396E-30    7.1667E-22    1.6960E-13    1.6440E-05    9.9998E-01
    4.192316E+03    2.8362E-30    8.5843E-22    1.8700E-13    1.5917E-05    9.9998E-01
    4.450101E+03    3.2735E-30    9.6879E-22    2.0186E-13    1.6215E-05    9.9998E-01
    4.723737E+03    2.2097E-30    7.0028E-22    1.6413E-13    1.5447E-05    9.9998E-01
    5.014199E+03    1.0718E-30    4.0140E-22    1.1377E-13    1.3461E-05    9.9999E-01
    5.322522E+03    6.7968E-31    2.8250E-22    9.0315E-14    1.2322E-05    9.9999E-01
    5.649804E+03    5.7044E-31    2.4794E-22    8.2765E-14    1.1826E-05    9.9999E-01
    5.997210E+03    5.2508E-31    2.3715E-22    7.9875E-14    1.1357E-05    9.9999E-01
    6.365978E+03    5.0123E-31    2.3524E-22    7.8765E-14    1.0875E-05    9.9999E-01
    6.757421E+03    5.0822E-31    2.4331E-22    7.9977E-14    1.0595E-05    9.9999E-01
    7.172935E+03    5.2915E-31    2.5914E-22    8.2611E-14    1.0258E-05    9.9999E-01
    7.613998E+03    5.5148E-31    2.8332E-22    8.6312E-14    9.6040E-06    9.9999E-01
    8.082182E+03    6.3117E-31    3.3311E-22    9.4785E-14    9.1450E-06    9.9999E-01
    8.579155E+03    8.2754E-31    4.3371E-22    1.1165E-13    8.9870E-06    9.9999E-01
    9.106686E+03    1.3236E-30    6.8153E-22    1.4863E-13    8.8017E-06    9.9999E-01
    9.666656E+03    3.2526E-30    1.5644E-21    2.5563E-13    8.9586E-06    9.9999E-01
    1.026106E+04    1.4857E-29    6.0862E-21    6.3807E-13    1.0186E-05    9.9999E-01
    1.089201E+04    1.8806E-28    5.9224E-20    3.1493E-12    1.4785E-05    9.9999E-01
    1.156176E+04    1.0597E-26    2.2515E-18    4.6784E-11    4.4531E-05    9.9996E-01
    1.227269E+04    3.2177E-24    4.1549E-16    2.7455E-09    4.2064E-04    9.9958E-01
    1.302734E+04    1.1973E-21    9.5059E-14    2.0857E-07    5.1870E-03    9.9481E-01
    1.382861E+04    6.1708E-19    3.0657E-11    2.1514E-05    7.4972E-02    9.2501E-01
    1.462901E+04    3.0672E-15    6.8030E-08    7.0322E-03    8.8410E-01    1.0886E-01
    1.525056E+04    2.6925E-11    1.5434E-04    6.8365E-01    3.1618E-01    1.6923E-05
    1.570852E+04    9.1896E-09    8.6247E-03    9.9065E-01    7.2184E-04    6.3667E-12
    1.603933E+04    1.0336E-06    1.8367E-01    8.1633E-01    1.7089E-06    6.0241E-18
    1.626493E+04    3.2417E-05    9.0759E-01    9.2375E-02    1.6450E-10    4.4417E-26
    1.642900E+04    2.0611E-04    9.9736E-01    2.4326E-03    3.3009E-15    5.7397E-35
    1.655927E+04    9.6347E-04    9.9896E-01    7.2953E-05    9.2481E-20    1.2865E-43
    1.666808E+04    3.9044E-03    9.9609E-01    2.8487E-06    5.4711E-24    1.6786E-51
    1.676387E+04    1.2470E-02    9.8753E-01    1.7257E-07    1.1349E-27    7.5389E-58
    1.685344E+04    2.8688E-02    9.7131E-01    1.8798E-08    1.2434E-30    1.2459E-60
    1.694048E+04    5.2130E-02    9.4787E-01    3.4210E-09    6.4372E-33    3.3480E-61
    1.702877E+04    8.3939E-02    9.1606E-01    8.4032E-10    8.7119E-35    1.1007E-61
    1.712364E+04    1.2735E-01    8.7265E-01    2.3635E-10    1.8871E-36    3.8353E-62
    1.723140E+04    1.8852E-01    8.1148E-01    6.7165E-11    4.5347E-38    1.2727E-62
    1.736849E+04    2.8302E-01    7.1698E-01    1.5878E-11    7.0160E-40    3.4052E-63
    1.764428E+04    5.0129E-01    4.9871E-01    1.1531E-12    4.9660E-43    2.8601E-64
    1.825185E+04    8.6090E-01    1.3910E-01    4.9901E-15    5.0345E-49    1.3918E-66
    1.898577E+04    9.7329E-01    2.6708E-02    1.5774E-17    3.3449E-54    4.7521E-69
    1.978625E+04    9.9351E-01    6.4895E-03    1.1689E-19    7.0823E-55    3.7830E-71
    2.065037E+04    9.9781E-01    2.1915E-03    2.4954E-21    2.7944E-55    9.0042E-73
    2.155095E+04    9.9907E-01    9.2938E-04    2.1871E-22    2.5628E-55    1.2819E-73
    2.245768E+04    9.9925E-01    7.5349E-04    2.8936E-22    8.8802E-55    2.6504E-73
    2.340027E+04    9.9869E-01    1.3051E-03    1.1237E-21    4.6274E-54    1.1883E-72
    2.441765E+04    9.9664E-01    3.3579E-03    4.8879E-21    2.0748E-53    5.7873E-72
    2.552663E+04    9.8976E-01    1.0241E-02    2.7765E-20    8.9061E-53    3.5551E-71
    2.678810E+04    9.6106E-01    3.8943E-02    3.5575E-19    4.9667E-52    4.5405E-70
    2.832661E+04    8.7591E-01    1.2409E-01    6.0860E-18    1.9757E-51    7.6409E-69
    3.001704E+04    8.2806E-01    1.7194E-01    1.2500E-17    2.3395E-51    1.4781E-68
    3.165601E+04    7.6556E-01    2.3444E-01    2.9389E-17    3.3541E-51    2.4332E-68
    3.325288E+04    6.7384E-01    3.2616E-01    9.6223E-17    8.3386E-51    5.7972E-68
    3.484169E+04    5.7811E-01    4.2189E-01    2.8781E-16    1.8918E-50    1.4072E-67
    3.639765E+04    4.9050E-01    5.0950E-01    7.2324E-16    3.9495E-50    3.0728E-67
    3.790349E+04    4.0574E-01    5.9426E-01    1.6860E-15    8.4398E-50    6.4533E-67
    3.933015E+04    3.4875E-01    6.5125E-01    2.7799E-15    1.3330E-49    1.0083E-66
    4.064946E+04    3.0952E-01    6.9048E-01    3.6773E-15    1.7090E-49    1.3014E-66
    4.183748E+04    2.6250E-01    7.3750E-01    5.3900E-15    2.7147E-49    1.8677E-66
    4.295471E+04    2.1407E-01    7.8593E-01    8.1769E-15    4.9711E-49    2.8456E-66
    4.404536E+04    1.7259E-01    8.2741E-01    1.1462E-14    9.3213E-49    4.2144E-66
    4.514998E+04    1.4029E-01    8.5971E-01    1.4570E-14    1.7161E-48    6.0305E-66
    4.627877E+04    1.1702E-01    8.8298E-01    1.7753E-14    3.0575E-48    8.6478E-66
    4.742914E+04    9.9783E-02    9.0022E-01    2.3620E-14    5.6571E-48    1.3416E-65
    4.859884E+04    8.7488E-02    9.1251E-01    3.6237E-14    1.0981E-47    2.2441E-65
    4.979054E+04    7.9448E-02    9.2055E-01    6.1251E-14    2.2115E-47    3.8393E-65
    5.100851E+04    7.4820E-02    9.2518E-01    1.0574E-13    4.5511E-47    6.3901E-65
    5.225617E+04    7.2509E-02    9.2749E-01    1.7666E-13    9.4702E-47    1.0029E-64
    5.353554E+04    7.1242E-02    9.2876E-01    2.7818E-13    1.9772E-46    1.4646E-64
    5.484601E+04    6.9925E-02    9.3008E-01    4.0912E-13    4.0954E-46    1.9877E-64
    5.618429E+04    6.7798E-02    9.3220E-01    5.6330E-13    8.2817E-46    2.5256E-64
    5.754205E+04    6.4562E-02    9.3544E-01    7.3163E-13    1.6000E-45    3.0387E-64
    5.891132E+04    6.0553E-02    9.3945E-01    9.0331E-13    2.8863E-45    3.5018E-64
    6.027604E+04    5.6615E-02    9.4339E-01    1.0637E-12    4.7606E-45    3.8898E-64
    6.162485E+04    5.3414E-02    9.4659E-01    1.2002E-12    7.0715E-45    4.1910E-64
    6.293682E+04    5.1107E-02    9.4889E-01    1.3072E-12    9.5432E-45    4.4123E-64
    6.419493E+04    4.9608E-02    9.5039E-01    1.3855E-12    1.1864E-44    4.5708E-64
    6.537955E+04    4.8626E-02    9.5137E-01    1.4411E-12    1.3856E-44    4.6890E-64
    6.646379E+04    4.8144E-02    9.5186E-01    1.4767E-12    1.5386E-44    4.7717E-64
    6.743920E+04    4.8441E-02    9.5156E-01    1.4916E-12    1.6352E-44    4.8065E-64
    6.827833E+04    4.8833E-02    9.5117E-01    1.4973E-12    1.6951E-44    4.8212E-64
    6.898935E+04    4.9817E-02    9.5018E-01    1.4920E-12    1.7181E-44    4.7204E-64
    6.955810E+04    5.3027E-02    9.4697E-01    1.4655E-12    1.6858E-44    4.4055E-64
    6.978582E+04    5.5982E-02    9.4402E-01    1.4080E-12    1.5580E-44    3.9973E-64
    6.989995E+04    5.9713E-02    9.4029E-01    1.3078E-12    1.3454E-44    3.4961E-64
    6.995709E+04    6.4441E-02    9.3556E-01    1.1585E-12    1.0320E-44    2.9649E-64
    6.998568E+04    6.8886E-02    9.3111E-01    9.4299E-13    7.0624E-45    2.3449E-64
    6.999926E+04    7.4301E-02    9.2570E-01    7.1842E-13    4.4078E-45    1.7439E-64
    6.999997E+04    7.5235E-02    9.2477E-01    6.8128E-13    4.0745E-45    1.6518E-64
#TIME:     0.733
#NVEL: 115
#vel_mid[km/s]           c 1           c 2           c 3           c 4           c 5
    8.772128E+02    7.4398E-24    1.8135E-16    6.8393E-10    1.7335E-04    9.9983E-01
    8.821279E+02    7.4398E-24    1.8135E-16    6.8393E-10    1.7335E-04    9.9983E-01
    8.970391E+02    7.4399E-24    1.8136E-16    6.8394E-10    1.7335E-04    9.9983E-01
    9.276219E+02    7.4403E-24    1.8137E-16    6.8396E-10    1.7335E-04    9.9983E-01
    9.834559E+02    7.4405E-24    1.8137E-16    6.8397E-10    1.7335E-04    9.9983E-01
    1.043937E+03    7.4359E-24    1.8127E-16    6.8370E-10    1.7332E-04    9.9983E-01
    1.108129E+03    7.4116E-24    1.8073E-16    6.8220E-10    1.7317E-04    9.9983E-01
    1.176267E+03    7.3555E-24    1.7936E-16    6.7832E-10    1.7279E-04    9.9983E-01
    1.248596E+03    7.2360E-24    1.7634E-16    6.6957E-10    1.7194E-04    9.9983E-01
    1.325372E+03    6.2336E-24    1.5389E-16    6.0631E-10    1.6531E-04    9.9983E-01
    1.406869E+03    2.1694E-24    6.0385E-17    3.1096E-10    1.2851E-04    9.9987E-01
    1.493377E+03    4.4760E-25    1.5199E-17    1.1885E-10    9.3545E-05    9.9991E-01
    1.585205E+03    1.4658E-25    5.8316E-18    6.1820E-11    7.7075E-05    9.9992E-01
    1.682679E+03    6.4603E-26    2.9009E-18    3.8608E-11    6.7693E-05    9.9993E-01
    1.786147E+03    2.6313E-26    1.3406E-18    2.3062E-11    5.9589E-05    9.9994E-01
    1.895977E+03    9.3646E-27    5.5670E-19    1.2911E-11    5.1903E-05    9.9995E-01
    2.012561E+03    3.4110E-27    2.3650E-19    7.3813E-12    4.5737E-05    9.9995E-01
    2.136313E+03    1.0910E-27    9.0577E-20    3.9663E-12    3.9865E-05    9.9996E-01
    2.267674E+03    3.3618E-28    3.4219E-20    2.1174E-12    3.4415E-05    9.9997E-01
    2.407114E+03    9.5280E-29    1.2138E-20    1.0890E-12    2.9422E-05    9.9997E-01
    2.555127E+03    2.8803E-29    4.5346E-21    5.8154E-13    2.5459E-05    9.9997E-01
    2.712241E+03    1.2037E-29    2.2171E-21    3.6920E-13    2.2898E-05    9.9998E-01
    2.879017E+03    6.2821E-30    1.3092E-21    2.6391E-13    2.1066E-05    9.9998E-01
    3.056048E+03    3.7184E-30    8.7086E-22    2.0228E-13    1.9444E-05    9.9998E-01
    3.243964E+03    2.6562E-30    6.8603E-22    1.7158E-13    1.8133E-05    9.9998E-01
    3.443435E+03    2.2375E-30    6.2440E-22    1.5895E-13    1.7095E-05    9.9998E-01
    3.655171E+03    2.0833E-30    6.2375E-22    1.5574E-13    1.6122E-05    9.9998E-01
    3.879927E+03    1.9031E-30    6.2756E-22    1.5244E-13    1.4767E-05    9.9999E-01
    4.118504E+03    2.0060E-30    7.0508E-22    1.6094E-13    1.3771E-05    9.9999E-01
    4.371751E+03    2.5733E-30    8.7634E-22    1.8448E-13    1.4056E-05    9.9999E-01
    4.640569E+03    2.0167E-30    7.1626E-22    1.6210E-13    1.3651E-05    9.9999E-01
    4.925917E+03    1.0874E-30    4.4215E-22    1.1815E-13    1.2200E-05    9.9999E-01
    5.228812E+03    6.1912E-31    2.8667E-22    8.8791E-14    1.0903E-05    9.9999E-01
    5.550331E+03    4.8383E-31    2.3754E-22    7.8404E-14    1.0340E-05    9.9999E-01
    5.891620E+03    4.3722E-31    2.2313E-22    7.4907E-14    9.9207E-06    9.9999E-01
    6.253896E+03    4.1341E-31    2.1961E-22    7.3578E-14    9.4612E-06    9.9999E-01
    6.638447E+03    4.1766E-31    2.2706E-22    7.4717E-14    9.1643E-06    9.9999E-01
    7.046645E+03    4.4394E-31    2.4531E-22    7.8050E-14    8.9097E-06    9.9999E-01
    7.479943E+03    4.6714E-31    2.6922E-22    8.2018E-14    8.3745E-06    9.9999E-01
    7.939884E+03    5.3117E-31    3.1642E-22    9.0210E-14    7.9025E-06    9.9999E-01
    8.428107E+03    6.9977E-31    4.1507E-22    1.0704E-13    7.7369E-06    9.9999E-01
    8.946351E+03    1.0923E-30    6.3642E-22    1.4093E-13    7.6166E-06    9.9999E-01
    9.496461E+03    2.4423E-30    1.3497E-21    2.3158E-13    7.7149E-06    9.9999E-01
    1.008040E+04    9.9085E-30    4.7634E-21    5.4589E-13    8.7336E-06    9.9999E-01
    1.070024E+04    9.7365E-29    3.7060E-20    2.3224E-12    1.2460E-05    9.9999E-01
    1.135820E+04    3.7613E-27    1.0057E-18    2.6907E-11    3.3820E-05    9.9997E-01
    1.205661E+04    8.8894E-25    1.4738E-16    1.3093E-09    2.8364E-04    9.9972E-01
    1.279797E+04    5.3433E-22    5.2131E-14    1.4020E-07    4.2608E-03    9.9574E-01
    1.358477E+04    3.5213E-19    2.0867E-11    1.7112E-05    6.7920E-02    9.3206E-01
    1.437244E+04    6.8288E-16    2.0800E-08    3.3685E-03    7.8678E-01    2.0985E-01
    1.500937E+04    1.7461E-12    1.8801E-05    2.5699E-01    7.4254E-01    4.5155E-04
    1.552878E+04    1.1454E-09    2.3906E-03    9.9201E-01    5.6042E-03    6.9756E-10
    1.591273E+04    1.4373E-07    5.7903E-02    9.4208E-01    1.6043E-05    8.3547E-16
    1.617011E+04    9.6737E-06    6.7243E-01    3.2757E-01    8.6582E-09    7.8789E-23
    1.634952E+04    8.6724E-05    9.8870E-01    1.1209E-02    2.3264E-13    1.4477E-31
    1.648696E+04    5.5884E-04    9.9924E-01    1.9850E-04    1.5304E-18    2.2792E-41
    1.659878E+04    3.0615E-03    9.9693E-01    3.9833E-06    1.2537E-23    5.1713E-51
    1.669545E+04    1.1494E-02    9.8851E-01    1.6550E-07    8.3381E-28    1.1458E-58
    1.678508E+04    2.7869E-02    9.7213E-01    1.5772E-08    6.0626E-31    1.1297E-60
    1.687250E+04    5.1451E-02    9.4855E-01    2.7637E-09    2.8021E-33    2.8907E-61
    1.696111E+04    8.3319E-02    9.1668E-01    6.7089E-10    3.6650E-35    9.2508E-62
    1.705636E+04    1.2729E-01    8.7271E-01    1.8551E-10    7.5566E-37    3.1427E-62
    1.716416E+04    1.8931E-01    8.1069E-01    5.1951E-11    1.7394E-38    1.0271E-62
    1.730537E+04    2.8844E-01    7.1156E-01    1.1576E-11    2.2760E-40    2.5894E-63
    1.760745E+04    5.3173E-01    4.6827E-01    6.3203E-13    7.5700E-44    1.6376E-64
    1.821538E+04    8.7786E-01    1.2214E-01    2.3978E-15    5.9847E-50    6.9317E-67
    1.893451E+04    9.7802E-01    2.1982E-02    6.3772E-18    2.3782E-54    1.9706E-69
    1.971244E+04    9.9549E-01    4.5128E-03    2.8174E-20    4.7885E-55    9.1931E-72
    2.054375E+04    9.9886E-01    1.1407E-03    2.3358E-22    1.2027E-55    7.9576E-74
    2.140728E+04    9.9969E-01    3.1301E-04    2.8484E-24    3.2950E-56    1.0237E-75
    2.226561E+04    9.9988E-01    1.1617E-04    1.6405E-25    1.2387E-56    1.1371E-76
    2.313428E+04    9.9991E-01    9.0486E-05    3.6890E-25    1.0202E-56    4.3657E-76
    2.404497E+04    9.9979E-01    2.0933E-04    2.0693E-24    2.6549E-56    2.7161E-75
    2.500523E+04    9.9921E-01    7.8587E-04    1.5126E-23    1.1691E-55    1.9961E-74
    2.604263E+04    9.9618E-01    3.8247E-03    2.6160E-22    7.1394E-55    3.0253E-73
    2.724271E+04    9.7713E-01    2.2872E-02    1.4050E-20    5.9095E-54    1.5898E-71
    2.880103E+04    9.0922E-01    9.0782E-02    4.7233E-19    3.0566E-53    6.2594E-70
    3.057189E+04    8.6506E-01    1.3494E-01    1.2608E-18    4.4926E-53    1.6334E-69
    3.239972E+04    7.8211E-01    2.1789E-01    5.9180E-18    5.3528E-53    4.8568E-69
    3.417455E+04    6.8187E-01    3.1813E-01    2.5953E-17    8.8016E-53    1.5204E-68
    3.587716E+04    5.8487E-01    4.1513E-01    8.7334E-17    1.7981E-52    4.1276E-68
    3.749452E+04    4.8906E-01    5.1094E-01    2.6108E-16    4.5502E-52    1.0542E-67
    3.901907E+04    4.1669E-01    5.8331E-01    5.5753E-16    9.7143E-52    2.0501E-67
    4.041392E+04    3.6924E-01    6.3076E-01    8.4542E-16    1.5259E-51    2.9515E-67
    4.166067E+04    3.1592E-01    6.8408E-01    1.3528E-15    2.9439E-51    4.4989E-67
    4.282033E+04    2.5846E-01    7.4154E-01    2.2269E-15    7.2216E-51    7.2047E-67
    4.393802E+04    2.0758E-01    7.9242E-01    3.2906E-15    1.8882E-50    1.0909E-66
    4.506444E+04    1.6697E-01    8.3303E-01    4.2592E-15    4.8880E-50    1.5704E-66
    4.621047E+04    1.3727E-01    8.6273E-01    5.1917E-15    1.2039E-49    2.3191E-66
    4.737662E+04    1.1511E-01    8.8489E-01    7.1120E-15    3.0622E-49    3.9603E-66
    4.855943E+04    9.9165E-02    9.0084E-01    1.2130E-14    8.1486E-49    7.8189E-66
    4.976293E+04    8.8551E-02    9.1145E-01    2.4287E-14    2.2385E-48    1.6249E-65
    5.099069E+04    8.2137E-02    9.1786E-01    5.0461E-14    6.2273E-48    3.2636E-65
    5.224631E+04    7.8474E-02    9.2153E-01    9.9894E-14    1.7303E-47    6.0381E-65
    5.353171E+04    7.6063E-02    9.2394E-01    1.8132E-13    4.7476E-47    1.0094E-64
    5.484612E+04    7.3730E-02    9.2627E-01    2.9841E-13    1.2666E-46    1.5238E-64
    5.618687E+04    7.0727E-02    9.2927E-01    4.4768E-13    3.2193E-46    2.0981E-64
    5.754538E+04    6.6784E-02    9.3322E-01    6.1951E-13    7.5888E-46    2.6758E-64
    5.891516E+04    6.2222E-02    9.3778E-01    8.0101E-13    1.6193E-45    3.2128E-64
    6.027894E+04    5.7874E-02    9.4213E-01    9.7479E-13    3.0582E-45    3.6695E-64
    6.162742E+04    5.4369E-02    9.4563E-01    1.1262E-12    5.0520E-45    4.0276E-64
    6.293850E+04    5.1843E-02    9.4816E-01    1.2471E-12    7.3885E-45    4.2918E-64
