#NTIMES 50
#NSTAGES 4
#TIMES[d] 199.16 202.02 204.93 207.87 210.86 213.89 216.97 220.09 223.25 226.46 229.71 233.01 236.36 239.76 243.21 246.70 250.25 253.85 257.49 261.20 264.95 268.76 272.62 276.54 280.51 284.55 288.64 292.79 296.99 301.26 305.59 309.99 314.44 318.96 323.54 328.20 332.91 337.70 342.55 347.48 352.47 357.54 362.67 367.89 373.18 378.54 383.98 389.50 395.10 400.78
#
#TIME: 199.16
#NVEL 78
#vel_mid[km/s] ar0 ar1 ar2 ar3
1060.83 1.3787e-02 5.9275e-01 3.5515e-01 3.8307e-02
1919.29 2.2273e-02 6.1621e-01 3.2879e-01 3.2730e-02
2581.60 1.1017e-02 5.4526e-01 3.9420e-01 4.9521e-02
3084.17 4.2199e-03 4.3742e-01 4.8302e-01 7.5344e-02
3472.46 1.1867e-03 2.6149e-01 6.1828e-01 1.1904e-01
3909.64 2.2412e-04 1.2387e-01 7.0157e-01 1.7434e-01
4148.46 2.1245e-04 1.1968e-01 6.9865e-01 1.8146e-01
4670.75 2.4880e-04 1.3214e-01 6.9061e-01 1.7699e-01
4956.05 1.0374e-04 9.1022e-02 7.0673e-01 2.0214e-01
5258.79 1.8417e-05 3.2584e-02 7.2881e-01 2.3858e-01
5580.02 2.5799e-06 1.2814e-02 7.1855e-01 2.6863e-01
5920.87 5.1191e-07 5.1844e-03 7.0306e-01 2.9175e-01
6282.54 2.3818e-07 3.5344e-03 6.7617e-01 3.2029e-01
6666.30 2.2990e-07 3.5576e-03 6.6994e-01 3.2650e-01
7073.50 2.1225e-07 3.4299e-03 6.6517e-01 3.3140e-01
7505.58 2.1776e-07 3.5648e-03 6.4547e-01 3.5096e-01
7964.05 3.6442e-07 4.9036e-03 6.5668e-01 3.3842e-01
8450.53 1.4704e-06 1.0411e-02 6.6671e-01 3.2287e-01
8966.72 6.2859e-06 2.1130e-02 6.7193e-01 3.0693e-01
9514.44 2.3049e-05 4.4352e-02 6.6548e-01 2.9015e-01
10095.62 8.2264e-05 9.1204e-02 6.4785e-01 2.6086e-01
10712.30 1.9002e-04 1.2414e-01 6.3860e-01 2.3706e-01
11366.65 3.7924e-04 1.7479e-01 6.0532e-01 2.1951e-01
12061.10 3.8487e-04 2.0740e-01 5.7810e-01 2.1411e-01
12793.43 4.0789e-04 2.0153e-01 5.7795e-01 2.2011e-01
13528.61 5.6105e-04 2.1807e-01 5.5792e-01 2.2345e-01
14194.74 5.7783e-04 1.4830e-01 6.0018e-01 2.5094e-01
14757.77 1.4347e-04 6.4243e-02 6.5879e-01 2.7683e-01
15240.48 9.0533e-05 5.7935e-02 6.9394e-01 2.4804e-01
15646.99 7.6306e-05 4.2627e-02 7.6785e-01 1.8945e-01
15960.30 2.0325e-04 6.5583e-02 8.0087e-01 1.3335e-01
16187.41 2.1888e-04 8.0999e-02 8.0446e-01 1.1433e-01
16354.17 6.4351e-05 3.4532e-02 8.5293e-01 1.1247e-01
16484.18 5.5615e-05 3.0763e-02 8.5050e-01 1.1868e-01
16593.12 7.0077e-05 2.6480e-02 8.3330e-01 1.4015e-01
16691.99 8.2739e-05 4.2594e-02 8.0754e-01 1.4978e-01
16788.59 6.1708e-06 1.0967e-02 8.2828e-01 1.6074e-01
16888.37 7.5887e-05 5.0081e-02 7.9005e-01 1.5980e-01
16998.79 1.3712e-05 1.6314e-02 8.1245e-01 1.7123e-01
17146.37 7.4316e-06 1.2154e-02 8.0985e-01 1.7799e-01
17415.23 8.3612e-06 1.5320e-02 7.8038e-01 2.0429e-01
17888.12 1.1858e-06 5.0408e-03 7.6572e-01 2.2924e-01
18532.37 6.2157e-07 2.6783e-03 7.3927e-01 2.5805e-01
19260.76 4.6969e-07 2.8314e-03 7.1047e-01 2.8670e-01
20034.10 4.3071e-07 2.3967e-03 6.5755e-01 3.4006e-01
20838.00 3.0370e-07 2.0173e-03 6.0672e-01 3.9126e-01
21647.97 7.0695e-07 2.4566e-03 5.9405e-01 4.0349e-01
22447.94 2.4541e-06 4.9684e-03 5.1928e-01 4.7575e-01
23245.88 4.6476e-06 5.2897e-03 4.6818e-01 5.2653e-01
24052.47 1.9884e-05 5.4307e-02 3.9704e-01 5.4863e-01
24867.72 4.5932e-06 4.5098e-03 3.7791e-01 6.1757e-01
25698.86 2.0268e-06 1.1375e-02 3.4135e-01 6.4727e-01
26587.16 7.1850e-07 8.1532e-03 3.0582e-01 6.8603e-01
27637.54 2.9813e-07 3.1412e-03 2.9013e-01 7.0673e-01
28986.97 4.3970e-07 2.8625e-03 2.0293e-01 7.9421e-01
#TIME: 202.02
#NVEL 78
#vel_mid[km/s] ar0 ar1 ar2 ar3
1060.83 2.2281e-02 5.9627e-01 3.4572e-01 3.5737e-02
1919.29 1.6577e-02 6.1726e-01 3.3325e-01 3.2915e-02
2581.60 9.4781e-03 5.4540e-01 3.9541e-01 4.9712e-02
3084.17 4.5285e-03 4.3537e-01 4.8426e-01 7.5833e-02
3472.46 1.1705e-03 2.6089e-01 6.1900e-01 1.1894e-01
3909.64 2.1751e-04 1.1111e-01 7.1226e-01 1.7642e-01
4148.46 2.2805e-04 1.2932e-01 6.9157e-01 1.7888e-01
4670.75 2.6528e-04 1.3622e-01 6.8775e-01 1.7577e-01
4956.05 9.2997e-05 8.0964e-02 7.1398e-01 2.0497e-01
5258.79 1.8873e-05 3.4589e-02 7.2550e-01 2.3989e-01
5580.02 2.3021e-06 1.1622e-02 7.2023e-01 2.6815e-01
5920.87 5.7828e-07 5.6532e-03 7.0284e-01 2.9151e-01
6282.54 2.3127e-07 3.4027e-03 6.7600e-01 3.2060e-01
6666.30 2.1394e-07 3.4789e-03 6.6782e-01 3.2870e-01
7073.50 2.1392e-07 3.4537e-03 6.6443e-01 3.3211e-01
7505.58 2.0791e-07 3.3382e-03 6.4844e-01 3.4822e-01
7964.05 3.7395e-07 4.6704e-03 6.5324e-01 3.4209e-01
8450.53 1.3984e-06 1.0564e-02 6.6521e-01 3.2423e-01
8966.72 6.2206e-06 2.1818e-02 6.6816e-01 3.1002e-01
9514.44 2.4360e-05 4.8418e-02 6.6314e-01 2.8842e-01
10095.62 6.9597e-05 7.9809e-02 6.5663e-01 2.6349e-01
10712.30 1.8654e-04 1.3156e-01 6.3051e-01 2.3774e-01
11366.65 3.6263e-04 1.7153e-01 6.0690e-01 2.2121e-01
12061.10 3.1667e-04 1.8494e-01 5.9404e-01 2.2071e-01
12793.43 4.8425e-04 2.0205e-01 5.7784e-01 2.1963e-01
13528.61 3.6683e-04 1.9627e-01 5.7686e-01 2.2651e-01
14194.74 3.7004e-04 1.7222e-01 5.8479e-01 2.4262e-01
14757.77 2.6881e-04 9.9847e-02 6.3275e-01 2.6713e-01
15240.48 1.0351e-04 6.6849e-02 6.9099e-01 2.4206e-01
15646.99 8.4008e-05 4.9387e-02 7.6249e-01 1.8804e-01
15960.30 2.3703e-04 8.2800e-02 7.8623e-01 1.3073e-01
16187.41 2.7369e-04 8.3490e-02 8.0390e-01 1.1234e-01
16354.17 3.5132e-04 8.0875e-02 8.0805e-01 1.1072e-01
16484.18 5.2693e-05 3.4926e-02 8.4366e-01 1.2136e-01
16593.12 1.0778e-04 5.7078e-02 8.1347e-01 1.2934e-01
16691.99 1.7593e-04 5.8804e-02 7.9073e-01 1.5029e-01
16788.59 3.0228e-05 1.9585e-02 8.1959e-01 1.6079e-01
16888.37 2.9096e-05 2.3295e-02 8.0861e-01 1.6807e-01
16998.79 1.0153e-05 1.0224e-02 8.2284e-01 1.6693e-01
17146.37 5.1141e-06 1.0968e-02 8.0522e-01 1.8381e-01
17415.23 8.4200e-06 1.0465e-02 7.8982e-01 1.9970e-01
17888.12 1.0724e-06 4.0382e-03 7.5902e-01 2.3694e-01
18532.37 1.3610e-06 4.4440e-03 7.2356e-01 2.7200e-01
19260.76 1.1602e-06 4.6168e-03 6.9657e-01 2.9881e-01
20034.10 1.1012e-06 4.1313e-03 6.5421e-01 3.4166e-01
20838.00 1.7731e-07 1.3592e-03 6.2162e-01 3.7702e-01
21647.97 7.3983e-07 3.5861e-03 6.0883e-01 3.8759e-01
22447.94 1.2731e-06 6.1191e-03 5.3328e-01 4.6060e-01
23245.88 1.3924e-05 3.3994e-02 4.4923e-01 5.1676e-01
24052.47 1.9107e-05 5.3303e-02 3.8728e-01 5.5940e-01
24867.72 5.3731e-06 3.1394e-02 3.8363e-01 5.8497e-01
25698.86 1.9684e-05 1.0809e-02 3.4516e-01 6.4401e-01
26587.16 8.6924e-07 2.0644e-03 3.0919e-01 6.8874e-01
27637.54 4.7064e-07 2.5808e-03 2.8220e-01 7.1522e-01
28986.97 1.8002e-06 1.4706e-02 2.5377e-01 7.3152e-01
#TIME: 204.93
#NVEL 78
#vel_mid[km/s] ar0 ar1 ar2 ar3
1060.83 2.0826e-02 5.9551e-01 3.4642e-01 3.7245e-02
1919.29 1.9612e-02 6.1993e-01 3.2818e-01 3.2279e-02
2581.60 9.7862e-03 5.4812e-01 3.9301e-01 4.9089e-02
3084.17 4.2622e-03 4.3844e-01 4.8184e-01 7.5460e-02
3472.46 1.2442e-03 2.6949e-01 6.1224e-01 1.1702e-01
3909.64 2.2089e-04 1.1734e-01 7.0738e-01 1.7506e-01
4148.46 2.4653e-04 1.2996e-01 6.9092e-01 1.7887e-01
4670.75 2.5943e-04 1.3497e-01 6.8907e-01 1.7570e-01
4956.05 1.0907e-04 7.2044e-02 7.2107e-01 2.0678e-01
5258.79 2.0484e-05 3.7097e-02 7.2313e-01 2.3975e-01
5580.02 2.3078e-06 1.0838e-02 7.2039e-01 2.6877e-01
5920.87 5.5317e-07 5.4994e-03 7.0271e-01 2.9179e-01
6282.54 2.6242e-07 3.8056e-03 6.7779e-01 3.1840e-01
6666.30 2.2127e-07 3.4616e-03 6.6778e-01 3.2875e-01
7073.50 2.3105e-07 3.5791e-03 6.6105e-01 3.3537e-01
7505.58 2.3014e-07 3.7268e-03 6.4999e-01 3.4628e-01
7964.05 3.5498e-07 4.6201e-03 6.5546e-01 3.3992e-01
8450.53 1.2455e-06 9.2857e-03 6.6466e-01 3.2605e-01
8966.72 6.4399e-06 2.1717e-02 6.6966e-01 3.0861e-01
9514.44 2.3698e-05 4.6296e-02 6.6368e-01 2.9000e-01
10095.62 6.7798e-05 8.1952e-02 6.5352e-01 2.6446e-01
10712.30 1.5527e-04 1.1478e-01 6.4454e-01 2.4052e-01
11366.65 3.0538e-04 1.6445e-01 6.1272e-01 2.2253e-01
12061.10 3.4954e-04 2.0577e-01 5.7850e-01 2.1538e-01
12793.43 4.1816e-04 2.1157e-01 5.7158e-01 2.1643e-01
13528.61 4.4380e-04 1.8170e-01 5.8575e-01 2.3211e-01
14194.74 3.3026e-04 1.6398e-01 5.8772e-01 2.4797e-01
14757.77 2.5725e-04 1.3041e-01 6.1087e-01 2.5846e-01
15240.48 7.5178e-05 5.0626e-02 7.0234e-01 2.4695e-01
15646.99 1.6408e-04 5.8189e-02 7.5119e-01 1.9045e-01
15960.30 3.4102e-04 8.9335e-02 7.7850e-01 1.3182e-01
16187.41 3.7860e-04 7.2013e-02 8.1391e-01 1.1370e-01
16354.17 1.1328e-04 4.2118e-02 8.5419e-01 1.0358e-01
16484.18 4.9192e-05 3.2577e-02 8.5969e-01 1.0769e-01
16593.12 7.9168e-05 3.6304e-02 8.3098e-01 1.3263e-01
16691.99 1.3720e-04 6.3201e-02 7.9871e-01 1.3795e-01
16788.59 1.9619e-05 1.8946e-02 8.2757e-01 1.5346e-01
16888.37 1.6554e-05 2.0102e-02 8.1434e-01 1.6554e-01
16998.79 1.2109e-05 1.3173e-02 8.1359e-01 1.7322e-01
17146.37 6.0187e-06 1.1814e-02 8.0341e-01 1.8477e-01
17415.23 1.0317e-05 1.3397e-02 7.8064e-01 2.0596e-01
17888.12 1.4625e-06 5.3452e-03 7.5569e-01 2.3896e-01
18532.37 3.4811e-06 8.8342e-03 7.5121e-01 2.3996e-01
19260.76 9.4347e-07 4.5426e-03 6.9247e-01 3.0299e-01
20034.10 4.3827e-07 2.3863e-03 6.7280e-01 3.2481e-01
20838.00 4.5897e-07 2.3902e-03 6.1158e-01 3.8603e-01
21647.97 4.4548e-07 2.2908e-03 5.9134e-01 4.0636e-01
22447.94 2.3601e-07 1.3779e-03 5.3287e-01 4.6576e-01
23245.88 1.2424e-06 3.7295e-03 4.9240e-01 5.0387e-01
24052.47 5.0723e-07 3.2292e-03 4.1810e-01 5.7867e-01
24867.72 5.7421e-07 6.3203e-03 4.0660e-01 5.8708e-01
25698.86 4.0504e-07 2.6169e-03 3.4166e-01 6.5572e-01
26587.16 2.4166e-06 1.5016e-02 3.0462e-01 6.8036e-01
27637.54 8.6922e-06 1.3744e-02 2.7364e-01 7.1261e-01
28986.97 6.9668e-07 3.0847e-03 2.7348e-01 7.2344e-01
#TIME: 207.87
#NVEL 78
#vel_mid[km/s] ar0 ar1 ar2 ar3
1060.83 1.6914e-02 5.9578e-01 3.5048e-01 3.6826e-02
1919.29 1.8184e-02 6.2256e-01 3.2726e-01 3.2003e-02
2581.60 9.4674e-03 5.5280e-01 3.8937e-01 4.8366e-02
3084.17 5.1319e-03 4.4408e-01 4.7653e-01 7.4255e-02
3472.46 1.2131e-03 2.6149e-01 6.1890e-01 1.1839e-01
3909.64 2.1568e-04 1.1560e-01 7.1030e-01 1.7389e-01
4148.46 2.6007e-04 1.3590e-01 6.8671e-01 1.7713e-01
4670.75 2.4428e-04 1.2924e-01 6.9422e-01 1.7630e-01
4956.05 1.1352e-04 8.4416e-02 7.1352e-01 2.0195e-01
5258.79 2.0489e-05 3.7874e-02 7.2327e-01 2.3883e-01
5580.02 2.5385e-06 1.1762e-02 7.1908e-01 2.6916e-01
5920.87 5.3317e-07 5.3648e-03 6.9984e-01 2.9479e-01
6282.54 2.8274e-07 3.8133e-03 6.7494e-01 3.2125e-01
6666.30 2.1020e-07 3.2302e-03 6.6796e-01 3.2881e-01
7073.50 2.1621e-07 3.3359e-03 6.6241e-01 3.3426e-01
7505.58 1.9885e-07 3.3033e-03 6.5284e-01 3.4386e-01
7964.05 3.4685e-07 4.5503e-03 6.5273e-01 3.4272e-01
8450.53 1.1537e-06 8.6110e-03 6.6569e-01 3.2570e-01
8966.72 6.8984e-06 2.3068e-02 6.6831e-01 3.0861e-01
9514.44 2.5472e-05 4.8867e-02 6.6219e-01 2.8892e-01
10095.62 7.3918e-05 8.3859e-02 6.5254e-01 2.6352e-01
10712.30 1.5375e-04 1.2406e-01 6.3758e-01 2.3820e-01
11366.65 3.3843e-04 1.7617e-01 6.0402e-01 2.1947e-01
12061.10 4.6717e-04 2.0475e-01 5.7885e-01 2.1594e-01
12793.43 5.4508e-04 2.0395e-01 5.7663e-01 2.1888e-01
13528.61 5.9578e-04 2.3969e-01 5.4646e-01 2.1326e-01
14194.74 3.9138e-04 1.9585e-01 5.7614e-01 2.2761e-01
14757.77 2.7647e-04 9.6632e-02 6.3380e-01 2.6929e-01
15240.48 1.3593e-04 6.1817e-02 6.9254e-01 2.4551e-01
15646.99 1.7936e-04 6.5755e-02 7.4298e-01 1.9108e-01
15960.30 2.8881e-04 7.7688e-02 7.9851e-01 1.2352e-01
16187.41 3.4429e-04 6.9339e-02 8.1706e-01 1.1325e-01
16354.17 1.4719e-04 5.5481e-02 8.3305e-01 1.1133e-01
16484.18 6.4128e-05 3.0260e-02 8.5161e-01 1.1806e-01
16593.12 4.7789e-05 3.0612e-02 8.3919e-01 1.3015e-01
16691.99 1.2491e-04 4.2790e-02 8.1009e-01 1.4699e-01
16788.59 2.4650e-05 1.4379e-02 8.4725e-01 1.3834e-01
16888.37 2.4512e-05 2.1689e-02 8.1475e-01 1.6353e-01
16998.79 1.5218e-05 1.7220e-02 8.1351e-01 1.6925e-01
17146.37 3.6670e-06 6.9478e-03 8.2639e-01 1.6666e-01
17415.23 1.4816e-05 1.6919e-02 8.0218e-01 1.8088e-01
17888.12 1.5219e-06 5.7668e-03 7.6122e-01 2.3302e-01
18532.37 9.4851e-07 3.6031e-03 7.3869e-01 2.5770e-01
19260.76 1.8507e-06 4.4240e-03 7.1153e-01 2.8404e-01
20034.10 4.8873e-07 2.4732e-03 6.8385e-01 3.1368e-01
20838.00 2.7464e-07 1.5881e-03 6.2423e-01 3.7418e-01
21647.97 3.3808e-07 2.4410e-03 5.8272e-01 4.1484e-01
22447.94 4.3476e-07 2.1917e-03 5.4554e-01 4.5227e-01
23245.88 4.4562e-06 3.3648e-02 4.6751e-01 4.9884e-01
24052.47 4.2708e-07 2.6063e-03 4.1692e-01 5.8047e-01
24867.72 6.9560e-07 3.2443e-03 4.0447e-01 5.9229e-01
25698.86 5.9456e-07 2.5093e-03 3.4167e-01 6.5582e-01
26587.16 7.7118e-06 2.0887e-02 3.1277e-01 6.6634e-01
27637.54 2.9076e-06 3.5655e-03 2.7539e-01 7.2104e-01
28986.97 2.6072e-05 1.3258e-02 2.5158e-01 7.3514e-01
#TIME: 210.86
#NVEL 78
#vel_mid[km/s] ar0 ar1 ar2 ar3
1060.83 1.9557e-02 5.9239e-01 3.5160e-01 3.6453e-02
1919.29 2.2809e-02 6.2204e-01 3.2397e-01 3.1177e-02
2581.60 9.8705e-03 5.5308e-01 3.8888e-01 4.8172e-02
3084.17 4.6282e-03 4.4462e-01 4.7662e-01 7.4126e-02
3472.46 1.2865e-03 2.6627e-01 6.1514e-01 1.1730e-01
3909.64 2.1246e-04 1.1606e-01 7.0971e-01 1.7401e-01
4148.46 2.4677e-04 1.2314e-01 6.9593e-01 1.8069e-01
4670.75 2.6889e-04 1.3305e-01 6.9115e-01 1.7553e-01
4956.05 1.5212e-04 9.3149e-02 7.0392e-01 2.0278e-01
5258.79 2.4480e-05 4.1472e-02 7.1939e-01 2.3911e-01
5580.02 2.6580e-06 1.1586e-02 7.1836e-01 2.7005e-01
5920.87 5.5153e-07 5.3596e-03 7.0295e-01 2.9169e-01
6282.54 2.8025e-07 3.8660e-03 6.7381e-01 3.2232e-01
6666.30 2.3867e-07 3.5796e-03 6.6649e-01 3.2993e-01
7073.50 2.4619e-07 3.8075e-03 6.6431e-01 3.3188e-01
7505.58 1.8097e-07 3.0516e-03 6.5153e-01 3.4542e-01
7964.05 3.2852e-07 4.3020e-03 6.5207e-01 3.4363e-01
8450.53 1.1828e-06 9.2170e-03 6.6508e-01 3.2570e-01
8966.72 5.7114e-06 2.0669e-02 6.7099e-01 3.0834e-01
9514.44 2.0885e-05 4.4643e-02 6.6431e-01 2.9102e-01
10095.62 7.4680e-05 8.5437e-02 6.5066e-01 2.6383e-01
10712.30 1.6853e-04 1.3971e-01 6.2476e-01 2.3536e-01
11366.65 3.1926e-04 1.8510e-01 5.9578e-01 2.1880e-01
12061.10 4.9427e-04 2.0717e-01 5.7862e-01 2.1371e-01
12793.43 4.0713e-04 2.2282e-01 5.6763e-01 2.0915e-01
13528.61 4.2083e-04 2.0795e-01 5.7463e-01 2.1700e-01
14194.74 3.7004e-04 1.6377e-01 5.9544e-01 2.4043e-01
14757.77 2.9651e-04 1.0788e-01 6.2384e-01 2.6798e-01
15240.48 1.1337e-04 7.5399e-02 6.8622e-01 2.3827e-01
15646.99 1.6969e-04 6.7041e-02 7.5623e-01 1.7656e-01
15960.30 1.4681e-04 5.9957e-02 8.1025e-01 1.2965e-01
16187.41 3.1915e-04 6.6124e-02 8.2132e-01 1.1224e-01
16354.17 1.0352e-04 3.7785e-02 8.5803e-01 1.0408e-01
16484.18 6.1179e-05 3.8977e-02 8.5012e-01 1.1085e-01
16593.12 4.2178e-05 4.4832e-02 8.4160e-01 1.1352e-01
16691.99 2.5640e-05 1.6613e-02 8.4656e-01 1.3680e-01
16788.59 1.2764e-05 1.4790e-02 8.3139e-01 1.5381e-01
16888.37 3.5960e-05 1.7783e-02 8.1836e-01 1.6382e-01
16998.79 3.9288e-05 3.2767e-02 7.9691e-01 1.7029e-01
17146.37 3.0072e-05 2.0443e-02 8.0706e-01 1.7247e-01
17415.23 5.1459e-06 7.3035e-03 8.0059e-01 1.9210e-01
17888.12 4.4136e-06 1.1675e-02 7.5775e-01 2.3057e-01
18532.37 1.4304e-06 5.3054e-03 7.3015e-01 2.6454e-01
19260.76 5.4188e-07 2.8650e-03 7.0130e-01 2.9583e-01
20034.10 3.3983e-07 2.5241e-03 6.7135e-01 3.2613e-01
20838.00 3.6655e-07 2.0129e-03 6.5344e-01 3.4455e-01
21647.97 4.1713e-07 3.1158e-03 5.9958e-01 3.9731e-01
22447.94 6.9168e-07 2.8112e-03 5.5461e-01 4.4258e-01
23245.88 6.0712e-06 2.3412e-02 4.6348e-01 5.1310e-01
24052.47 2.1454e-07 2.3035e-03 4.1523e-01 5.8247e-01
24867.72 1.1400e-06 1.3050e-02 3.7658e-01 6.1037e-01
25698.86 7.0788e-06 3.1878e-02 3.4607e-01 6.2204e-01
26587.16 7.3557e-05 2.2733e-02 3.0866e-01 6.6853e-01
27637.54 3.4604e-05 1.2896e-02 2.8636e-01 7.0071e-01
28986.97 1.1680e-06 8.7825e-03 2.7467e-01 7.1654e-01
#TIME: 213.89
#NVEL 78
#vel_mid[km/s] ar0 ar1 ar2 ar3
1060.83 2.3083e-02 6.0831e-01 3.3509e-01 3.3524e-02
1919.29 2.0198e-02 6.3445e-01 3.1606e-01 2.9301e-02
2581.60 1.0245e-02 5.5157e-01 3.8987e-01 4.8318e-02
3084.17 4.5235e-03 4.4683e-01 4.7513e-01 7.3512e-02
3472.46 1.2470e-03 2.6379e-01 6.1728e-01 1.1768e-01
3909.64 2.3232e-04 1.2025e-01 7.0498e-01 1.7453e-01
4148.46 2.5438e-04 1.2305e-01 6.9642e-01 1.8027e-01
4670.75 2.2605e-04 1.2398e-01 6.9911e-01 1.7669e-01
4956.05 1.0083e-04 8.4668e-02 7.1243e-01 2.0280e-01
5258.79 2.2329e-05 3.8669e-02 7.2440e-01 2.3691e-01
5580.02 2.8448e-06 1.2657e-02 7.1944e-01 2.6790e-01
5920.87 5.2872e-07 4.9721e-03 7.0371e-01 2.9132e-01
6282.54 2.3530e-07 3.3936e-03 6.7888e-01 3.1773e-01
6666.30 2.2201e-07 3.3894e-03 6.6620e-01 3.3041e-01
7073.50 2.3726e-07 3.5882e-03 6.6144e-01 3.3498e-01
7505.58 2.0918e-07 3.4762e-03 6.4654e-01 3.4998e-01
7964.05 3.5899e-07 4.6648e-03 6.4809e-01 3.4725e-01
8450.53 1.0580e-06 8.5153e-03 6.6321e-01 3.2827e-01
8966.72 5.5037e-06 2.0795e-02 6.6868e-01 3.1052e-01
9514.44 2.2313e-05 4.3128e-02 6.6453e-01 2.9232e-01
10095.62 8.2532e-05 9.0130e-02 6.4804e-01 2.6175e-01
10712.30 1.6742e-04 1.2161e-01 6.3712e-01 2.4111e-01
11366.65 3.1057e-04 1.6661e-01 6.1056e-01 2.2251e-01
12061.10 4.5559e-04 2.0163e-01 5.8157e-01 2.1634e-01
12793.43 5.0657e-04 2.1110e-01 5.7300e-01 2.1539e-01
13528.61 4.4534e-04 1.7895e-01 5.8740e-01 2.3320e-01
14194.74 2.9014e-04 1.5842e-01 6.0154e-01 2.3975e-01
14757.77 3.1108e-04 1.3009e-01 6.1437e-01 2.5523e-01
15240.48 2.6660e-04 1.0983e-01 6.5431e-01 2.3559e-01
15646.99 1.0683e-04 6.2125e-02 7.5194e-01 1.8583e-01
15960.30 1.5413e-04 5.9461e-02 8.1017e-01 1.3022e-01
16187.41 2.5640e-04 6.1744e-02 8.2620e-01 1.1180e-01
16354.17 1.4317e-04 4.4942e-02 8.4691e-01 1.0800e-01
16484.18 7.3901e-05 3.6471e-02 8.4866e-01 1.1479e-01
16593.12 2.7574e-05 2.0696e-02 8.4847e-01 1.3080e-01
16691.99 1.5147e-05 1.7517e-02 8.4677e-01 1.3569e-01
16788.59 6.1345e-06 9.7528e-03 8.5535e-01 1.3489e-01
16888.37 8.1188e-05 2.6990e-02 8.1093e-01 1.6200e-01
16998.79 1.3203e-05 2.1484e-02 8.0446e-01 1.7404e-01
17146.37 1.9050e-05 1.4894e-02 7.9900e-01 1.8609e-01
17415.23 3.9870e-06 8.7326e-03 7.9640e-01 1.9486e-01
17888.12 4.0644e-06 7.6538e-03 7.6313e-01 2.2921e-01
18532.37 1.0858e-06 3.5134e-03 7.4448e-01 2.5200e-01
19260.76 5.3509e-07 2.8268e-03 7.2567e-01 2.7151e-01
20034.10 5.4638e-07 2.5030e-03 6.6012e-01 3.3737e-01
20838.00 3.1899e-07 1.9952e-03 6.2670e-01 3.7130e-01
21647.97 5.8220e-07 2.2631e-03 5.7996e-01 4.1777e-01
22447.94 7.4645e-07 3.4892e-03 5.4242e-01 4.5409e-01
23245.88 1.9756e-06 5.2134e-03 4.8634e-01 5.0844e-01
24052.47 3.0968e-06 2.5195e-02 4.0108e-01 5.7372e-01
24867.72 1.4096e-06 4.0571e-03 3.8601e-01 6.0993e-01
25698.86 9.8925e-08 7.6085e-04 3.7579e-01 6.2345e-01
26587.16 1.2802e-07 1.1091e-03 3.4422e-01 6.5467e-01
27637.54 3.7846e-07 3.8026e-03 2.8735e-01 7.0884e-01
28986.97 3.7016e-07 3.6461e-03 2.8408e-01 7.1228e-01
#TIME: 216.97
#NVEL 78
#vel_mid[km/s] ar0 ar1 ar2 ar3
1060.83 2.3022e-02 6.0041e-01 3.4131e-01 3.5254e-02
1919.29 1.7732e-02 6.2941e-01 3.2216e-01 3.0694e-02
2581.60 9.9554e-03 5.5455e-01 3.8781e-01 4.7682e-02
3084.17 4.3670e-03 4.4395e-01 4.7764e-01 7.4035e-02
3472.46 1.2548e-03 2.7251e-01 6.1026e-01 1.1597e-01
3909.64 2.3261e-04 1.1837e-01 7.0635e-01 1.7505e-01
4148.46 2.9327e-04 1.4196e-01 6.8259e-01 1.7516e-01
4670.75 2.8275e-04 1.3783e-01 6.8693e-01 1.7496e-01
4956.05 1.1838e-04 7.9624e-02 7.1848e-01 2.0178e-01
5258.79 2.2040e-05 3.7987e-02 7.2445e-01 2.3754e-01
5580.02 2.5086e-06 1.1557e-02 7.1858e-01 2.6986e-01
5920.87 5.1150e-07 4.9161e-03 7.0001e-01 2.9508e-01
6282.54 2.6032e-07 3.8809e-03 6.7175e-01 3.2437e-01
6666.30 2.1639e-07 3.4030e-03 6.6725e-01 3.2935e-01
7073.50 2.1952e-07 3.3386e-03 6.5883e-01 3.3783e-01
7505.58 2.2547e-07 3.6656e-03 6.4929e-01 3.4705e-01
7964.05 3.6804e-07 5.0010e-03 6.4883e-01 3.4617e-01
8450.53 1.0704e-06 8.5728e-03 6.6311e-01 3.2832e-01
8966.72 5.1475e-06 1.9287e-02 6.7063e-01 3.1008e-01
9514.44 2.1074e-05 3.9973e-02 6.6552e-01 2.9449e-01
10095.62 8.4826e-05 9.3381e-02 6.4552e-01 2.6101e-01
10712.30 1.7822e-04 1.3116e-01 6.3240e-01 2.3626e-01
11366.65 2.8094e-04 1.5756e-01 6.1672e-01 2.2544e-01
12061.10 5.1932e-04 2.2286e-01 5.6790e-01 2.0871e-01
12793.43 5.8969e-04 2.2640e-01 5.6071e-01 2.1231e-01
13528.61 4.1521e-04 1.7252e-01 6.0005e-01 2.2701e-01
14194.74 4.7743e-04 2.2003e-01 5.5638e-01 2.2311e-01
14757.77 2.4357e-04 1.0102e-01 6.4002e-01 2.5872e-01
15240.48 1.3318e-04 6.4318e-02 7.0721e-01 2.2834e-01
15646.99 1.3311e-04 5.4256e-02 7.6527e-01 1.8034e-01
15960.30 1.4243e-04 5.5536e-02 8.1819e-01 1.2613e-01
16187.41 1.3617e-04 4.6723e-02 8.4815e-01 1.0499e-01
16354.17 1.0944e-04 4.2114e-02 8.5189e-01 1.0589e-01
16484.18 6.1958e-05 4.4051e-02 8.4812e-01 1.0776e-01
16593.12 2.5561e-05 2.0616e-02 8.6177e-01 1.1759e-01
16691.99 3.2163e-04 5.7547e-02 8.0108e-01 1.4105e-01
16788.59 8.3017e-06 1.0920e-02 8.4511e-01 1.4396e-01
16888.37 3.9372e-05 1.9230e-02 8.1717e-01 1.6357e-01
16998.79 2.7120e-05 2.9441e-02 8.0599e-01 1.6454e-01
17146.37 1.0620e-05 1.1428e-02 8.0925e-01 1.7931e-01
17415.23 1.3440e-05 1.5460e-02 7.8527e-01 1.9925e-01
17888.12 8.3853e-06 1.2003e-02 7.5506e-01 2.3293e-01
18532.37 1.6481e-06 4.4642e-03 7.4066e-01 2.5487e-01
19260.76 6.8248e-07 2.7142e-03 7.3264e-01 2.6464e-01
20034.10 6.3367e-07 3.9623e-03 6.5229e-01 3.4375e-01
20838.00 1.2713e-06 3.4579e-03 6.2167e-01 3.7487e-01
21647.97 3.9345e-07 2.0770e-03 5.8813e-01 4.0979e-01
22447.94 2.5338e-07 1.2792e-03 5.5542e-01 4.4330e-01
23245.88 3.6491e-07 1.7352e-03 4.9762e-01 5.0064e-01
24052.47 2.0235e-07 1.2334e-03 3.9821e-01 6.0056e-01
24867.72 6.7169e-07 1.9292e-03 4.0517e-01 5.9290e-01
25698.86 1.0177e-06 2.0822e-03 3.7794e-01 6.1997e-01
26587.16 2.0362e-07 1.6584e-03 2.7628e-01 7.2206e-01
27637.54 1.8386e-07 1.3013e-03 3.0089e-01 6.9781e-01
28986.97 8.1461e-07 4.9194e-03 2.2217e-01 7.7291e-01
#TIME: 220.09
#NVEL 78
#vel_mid[km/s] ar0 ar1 ar2 ar3
1060.83 1.3101e-02 6.0651e-01 3.4507e-01 3.5311e-02
1919.29 1.7809e-02 6.3236e-01 3.1962e-01 3.0214e-02
2581.60 1.1521e-02 5.5477e-01 3.8644e-01 4.7272e-02
3084.17 4.6921e-03 4.5663e-01 4.6676e-01 7.1917e-02
3472.46 1.3421e-03 2.7054e-01 6.1223e-01 1.1588e-01
3909.64 2.4583e-04 1.1545e-01 7.0964e-01 1.7466e-01
4148.46 2.7152e-04 1.2805e-01 6.9306e-01 1.7862e-01
4670.75 2.8850e-04 1.4669e-01 6.8050e-01 1.7252e-01
4956.05 1.0169e-04 8.5436e-02 7.1253e-01 2.0193e-01
5258.79 2.5800e-05 3.8440e-02 7.2371e-01 2.3782e-01
5580.02 2.4302e-06 1.1430e-02 7.2074e-01 2.6783e-01
5920.87 5.4505e-07 5.4956e-03 7.0052e-01 2.9398e-01
6282.54 2.3250e-07 3.4053e-03 6.7278e-01 3.2381e-01
6666.30 2.1592e-07 3.2741e-03 6.6225e-01 3.3447e-01
7073.50 2.0210e-07 3.2072e-03 6.5840e-01 3.3839e-01
7505.58 2.1099e-07 3.5585e-03 6.4523e-01 3.5121e-01
7964.05 3.8774e-07 4.8246e-03 6.4610e-01 3.4907e-01
8450.53 1.0789e-06 8.4518e-03 6.6366e-01 3.2788e-01
8966.72 6.0699e-06 2.2502e-02 6.6718e-01 3.1031e-01
9514.44 2.3719e-05 4.7152e-02 6.6163e-01 2.9119e-01
10095.62 7.8128e-05 8.7326e-02 6.5035e-01 2.6225e-01
10712.30 1.7333e-04 1.3748e-01 6.2704e-01 2.3531e-01
11366.65 3.1179e-04 1.6353e-01 6.1143e-01 2.2473e-01
12061.10 3.9867e-04 2.1759e-01 5.7025e-01 2.1176e-01
12793.43 5.6590e-04 2.2947e-01 5.6005e-01 2.0991e-01
13528.61 5.1996e-04 1.8359e-01 5.8902e-01 2.2687e-01
14194.74 3.9578e-04 1.6645e-01 5.9043e-01 2.4272e-01
14757.77 1.5636e-04 9.7733e-02 6.4273e-01 2.5939e-01
15240.48 1.1257e-04 6.6795e-02 6.9602e-01 2.3707e-01
15646.99 1.0762e-04 5.3224e-02 7.6189e-01 1.8478e-01
15960.30 2.3475e-04 7.3047e-02 7.9998e-01 1.2674e-01
16187.41 3.4848e-04 8.7987e-02 8.0581e-01 1.0586e-01
16354.17 2.1217e-04 6.7609e-02 8.2953e-01 1.0265e-01
16484.18 2.0631e-04 7.3914e-02 8.1679e-01 1.0909e-01
16593.12 3.3192e-05 2.3437e-02 8.5055e-01 1.2598e-01
16691.99 4.4153e-05 3.8952e-02 8.2234e-01 1.3866e-01
16788.59 1.6203e-05 1.6420e-02 8.3563e-01 1.4793e-01
16888.37 3.7614e-05 2.9895e-02 8.1192e-01 1.5814e-01
16998.79 1.7990e-05 2.3272e-02 8.2811e-01 1.4860e-01
17146.37 1.6513e-05 1.4073e-02 8.2254e-01 1.6337e-01
17415.23 5.3450e-06 9.5286e-03 8.0865e-01 1.8181e-01
17888.12 2.7531e-06 7.1498e-03 7.8431e-01 2.0854e-01
18532.37 9.3750e-07 3.7627e-03 7.4911e-01 2.4712e-01
19260.76 1.1649e-06 3.7557e-03 7.1846e-01 2.7779e-01
20034.10 6.2931e-07 3.3566e-03 6.9039e-01 3.0626e-01
20838.00 8.5748e-07 4.6639e-03 6.2649e-01 3.6885e-01
21647.97 3.4794e-06 1.0106e-02 5.8467e-01 4.0522e-01
22447.94 1.5790e-07 1.2532e-03 5.4005e-01 4.5870e-01
23245.88 2.5846e-07 1.6516e-03 4.8304e-01 5.1531e-01
24052.47 4.1253e-07 3.0042e-03 4.3665e-01 5.6034e-01
24867.72 3.2385e-07 1.4773e-03 4.0736e-01 5.9117e-01
25698.86 2.2706e-07 9.4720e-04 3.7795e-01 6.2110e-01
26587.16 2.9193e-08 4.4231e-04 3.2681e-01 6.7274e-01
27637.54 1.9910e-06 4.4842e-03 2.8247e-01 7.1304e-01
28986.97 4.3598e-06 5.9433e-03 2.8128e-01 7.1278e-01
#TIME: 223.25
#NVEL 78
#vel_mid[km/s] ar0 ar1 ar2 ar3
1060.83 1.9720e-02 6.2223e-01 3.2619e-01 3.1859e-02
1919.29 1.6741e-02 6.3602e-01 3.1757e-01 2.9678e-02
2581.60 9.3520e-03 5.5640e-01 3.8699e-01 4.7264e-02
3084.17 5.0642e-03 4.3998e-01 4.8122e-01 7.3733e-02
3472.46 1.3293e-03 2.6885e-01 6.1342e-01 1.1640e-01
3909.64 2.7287e-04 1.2594e-01 7.0182e-01 1.7196e-01
4148.46 2.9409e-04 1.3566e-01 6.8743e-01 1.7662e-01
4670.75 3.1723e-04 1.4668e-01 6.8149e-01 1.7151e-01
4956.05 8.7218e-05 8.6407e-02 7.1469e-01 1.9882e-01
5258.79 2.2649e-05 3.4493e-02 7.2633e-01 2.3916e-01
5580.02 2.6376e-06 1.1737e-02 7.1941e-01 2.6885e-01
5920.87 5.7141e-07 5.4730e-03 6.9825e-01 2.9627e-01
6282.54 2.3711e-07 3.4940e-03 6.7235e-01 3.2416e-01
6666.30 2.0939e-07 3.3071e-03 6.6618e-01 3.3052e-01
7073.50 1.9132e-07 3.1045e-03 6.6100e-01 3.3589e-01
7505.58 2.0001e-07 3.3349e-03 6.4495e-01 3.5172e-01
7964.05 3.3128e-07 4.1454e-03 6.5107e-01 3.4478e-01
8450.53 1.2495e-06 9.3163e-03 6.6458e-01 3.2610e-01
8966.72 5.5357e-06 1.9989e-02 6.7004e-01 3.0996e-01
9514.44 2.4686e-05 4.2879e-02 6.6454e-01 2.9256e-01
10095.62 7.1444e-05 8.4377e-02 6.5175e-01 2.6380e-01
10712.30 1.6077e-04 1.1510e-01 6.4195e-01 2.4279e-01
11366.65 3.6531e-04 1.7360e-01 6.0523e-01 2.2081e-01
12061.10 5.9188e-04 1.9964e-01 5.8459e-01 2.1517e-01
12793.43 4.9522e-04 2.0653e-01 5.7720e-01 2.1577e-01
13528.61 3.6971e-04 1.9734e-01 5.7985e-01 2.2244e-01
14194.74 3.1673e-04 1.3910e-01 6.1748e-01 2.4310e-01
14757.77 4.5590e-04 1.4135e-01 6.1020e-01 2.4800e-01
15240.48 1.6369e-04 5.9215e-02 7.0185e-01 2.3878e-01
15646.99 1.9172e-04 8.1000e-02 7.4358e-01 1.7523e-01
15960.30 2.8623e-04 6.8501e-02 8.0448e-01 1.2673e-01
16187.41 2.2527e-04 6.3814e-02 8.3411e-01 1.0185e-01
16354.17 1.5139e-04 6.2376e-02 8.4079e-01 9.6681e-02
16484.18 1.0955e-04 3.7626e-02 8.4785e-01 1.1441e-01
16593.12 5.8611e-05 3.2500e-02 8.4149e-01 1.2595e-01
16691.99 2.2579e-05 2.7286e-02 8.4351e-01 1.2918e-01
16788.59 5.0854e-05 2.5494e-02 8.2372e-01 1.5073e-01
16888.37 1.1456e-05 1.7623e-02 8.3762e-01 1.4475e-01
16998.79 8.4387e-06 1.1264e-02 8.3613e-01 1.5260e-01
17146.37 4.8635e-05 4.7760e-02 7.7877e-01 1.7342e-01
17415.23 5.3925e-06 7.7473e-03 7.9432e-01 1.9793e-01
17888.12 2.6469e-06 6.8606e-03 7.8001e-01 2.1312e-01
18532.37 1.5265e-06 5.5725e-03 7.4963e-01 2.4480e-01
19260.76 1.1141e-06 4.9318e-03 7.1591e-01 2.7916e-01
20034.10 1.1055e-06 5.3523e-03 6.5707e-01 3.3758e-01
20838.00 1.1632e-06 3.1118e-03 6.1897e-01 3.7791e-01
21647.97 6.0988e-07 2.1832e-03 5.9812e-01 3.9970e-01
22447.94 2.1291e-06 6.2495e-03 5.2732e-01 4.6643e-01
23245.88 1.5452e-07 1.3321e-03 4.8868e-01 5.0999e-01
24052.47 2.8252e-07 1.7511e-03 4.3373e-01 5.6452e-01
24867.72 1.1474e-07 1.1995e-03 3.3094e-01 6.6786e-01
25698.86 1.1226e-06 2.1365e-03 3.4871e-01 6.4915e-01
26587.16 2.1725e-08 4.6485e-04 3.2534e-01 6.7420e-01
27637.54 4.9542e-07 3.0257e-03 2.9377e-01 7.0320e-01
28986.97 1.4196e-06 1.0332e-02 2.5816e-01 7.3150e-01
#TIME: 226.46
#NVEL 78
#vel_mid[km/s] ar0 ar1 ar2 ar3
1060.83 2.1095e-02 6.1425e-01 3.3134e-01 3.3321e-02
1919.29 2.3473e-02 6.4015e-01 3.0859e-01 2.7789e-02
2581.60 1.1948e-02 5.6880e-01 3.7526e-01 4.3999e-02
3084.17 4.5811e-03 4.4829e-01 4.7459e-01 7.2540e-02
3472.46 1.2627e-03 2.5828e-01 6.2251e-01 1.1795e-01
3909.64 2.9986e-04 1.2654e-01 7.0152e-01 1.7164e-01
4148.46 2.9652e-04 1.4686e-01 6.7831e-01 1.7453e-01
4670.75 2.8836e-04 1.3991e-01 6.8688e-01 1.7293e-01
4956.05 8.0229e-05 7.2686e-02 7.2432e-01 2.0292e-01
5258.79 2.5356e-05 3.8294e-02 7.2470e-01 2.3698e-01
5580.02 2.6152e-06 1.2060e-02 7.1976e-01 2.6817e-01
5920.87 5.3449e-07 5.0813e-03 7.0037e-01 2.9455e-01
6282.54 2.4728e-07 3.5005e-03 6.7318e-01 3.2332e-01
6666.30 2.1832e-07 3.2167e-03 6.6763e-01 3.2916e-01
7073.50 2.1534e-07 3.4322e-03 6.5893e-01 3.3764e-01
7505.58 2.2534e-07 3.4004e-03 6.4483e-01 3.5177e-01
7964.05 3.7599e-07 4.7910e-03 6.5202e-01 3.4318e-01
8450.53 1.1022e-06 8.3706e-03 6.6312e-01 3.2851e-01
8966.72 5.9018e-06 2.0816e-02 6.6956e-01 3.0962e-01
9514.44 2.1451e-05 4.1882e-02 6.6496e-01 2.9314e-01
10095.62 7.3331e-05 7.8872e-02 6.5491e-01 2.6615e-01
10712.30 1.7790e-04 1.2241e-01 6.3685e-01 2.4055e-01
11366.65 3.5137e-04 1.8586e-01 5.9475e-01 2.1903e-01
12061.10 4.6423e-04 1.8292e-01 5.9678e-01 2.1983e-01
12793.43 3.6198e-04 2.1358e-01 5.7302e-01 2.1304e-01
13528.61 6.1801e-04 2.2473e-01 5.6139e-01 2.1326e-01
14194.74 4.3109e-04 1.8258e-01 5.8975e-01 2.2724e-01
14757.77 2.2816e-04 1.4647e-01 6.1789e-01 2.3542e-01
15240.48 3.8003e-04 8.7504e-02 6.8213e-01 2.2999e-01
15646.99 1.2545e-04 4.6166e-02 7.7032e-01 1.8339e-01
15960.30 2.2930e-04 8.4261e-02 7.9366e-01 1.2185e-01
16187.41 2.3551e-04 7.2318e-02 8.2328e-01 1.0417e-01
16354.17 2.1304e-04 5.4116e-02 8.4270e-01 1.0297e-01
16484.18 1.0406e-04 3.8346e-02 8.4961e-01 1.1194e-01
16593.12 2.7046e-05 3.0034e-02 8.4668e-01 1.2326e-01
16691.99 2.5755e-05 1.9663e-02 8.3661e-01 1.4371e-01
16788.59 9.3996e-05 4.0731e-02 8.0581e-01 1.5336e-01
16888.37 5.1568e-06 8.5897e-03 8.4057e-01 1.5084e-01
16998.79 1.4539e-05 1.7958e-02 8.1895e-01 1.6308e-01
17146.37 2.1728e-05 1.5104e-02 8.0670e-01 1.7818e-01
17415.23 1.1241e-05 1.1258e-02 7.9296e-01 1.9577e-01
17888.12 2.7712e-06 6.8079e-03 7.8468e-01 2.0851e-01
18532.37 1.1853e-06 4.5027e-03 7.4562e-01 2.4988e-01
19260.76 4.4692e-07 2.7133e-03 6.9651e-01 3.0077e-01
20034.10 8.5950e-07 3.4166e-03 6.7093e-01 3.2565e-01
20838.00 4.5963e-07 2.7411e-03 6.4237e-01 3.5488e-01
21647.97 1.2454e-06 4.5375e-03 5.8652e-01 4.0894e-01
22447.94 2.1751e-06 5.9803e-03 5.2371e-01 4.7031e-01
23245.88 1.7913e-06 5.0445e-03 4.7655e-01 5.1840e-01
24052.47 1.6237e-06 1.1325e-02 4.3360e-01 5.5507e-01
24867.72 2.9026e-07 1.4520e-03 3.9720e-01 6.0135e-01
25698.86 9.0181e-07 6.5244e-03 3.8846e-01 6.0502e-01
26587.16 9.8145e-08 1.3650e-03 3.5752e-01 6.4111e-01
27637.54 4.1695e-07 4.9666e-03 2.8808e-01 7.0695e-01
28986.97 3.3880e-05 1.5822e-02 2.6238e-01 7.2176e-01
#TIME: 229.71
#NVEL 78
#vel_mid[km/s] ar0 ar1 ar2 ar3
1060.83 2.2307e-02 6.0884e-01 3.3574e-01 3.3117e-02
1919.29 1.5770e-02 6.0127e-01 3.4744e-01 3.5515e-02
2581.60 9.9563e-03 5.6315e-01 3.8069e-01 4.6198e-02
3084.17 4.3264e-03 4.4783e-01 4.7516e-01 7.2685e-02
3472.46 1.3501e-03 2.6873e-01 6.1402e-01 1.1590e-01
3909.64 2.7302e-04 1.2587e-01 7.0313e-01 1.7073e-01
4148.46 2.8267e-04 1.3754e-01 6.8702e-01 1.7516e-01
4670.75 3.1416e-04 1.4408e-01 6.8341e-01 1.7220e-01
4956.05 1.0664e-04 8.2934e-02 7.1583e-01 2.0113e-01
5258.79 2.2569e-05 3.5774e-02 7.2540e-01 2.3881e-01
5580.02 2.6978e-06 1.1237e-02 7.1971e-01 2.6905e-01
5920.87 6.0968e-07 5.5781e-03 6.9758e-01 2.9684e-01
6282.54 2.5620e-07 3.6215e-03 6.7153e-01 3.2485e-01
6666.30 2.2121e-07 3.1745e-03 6.6575e-01 3.3108e-01
7073.50 2.1245e-07 3.2625e-03 6.5873e-01 3.3800e-01
7505.58 2.3597e-07 3.6803e-03 6.4523e-01 3.5109e-01
7964.05 3.7913e-07 4.7829e-03 6.5007e-01 3.4515e-01
8450.53 1.0606e-06 8.1932e-03 6.6154e-01 3.3026e-01
8966.72 5.4106e-06 1.9651e-02 6.6729e-01 3.1306e-01
9514.44 2.5368e-05 4.7275e-02 6.6123e-01 2.9147e-01
10095.62 8.9754e-05 8.0834e-02 6.5147e-01 2.6760e-01
10712.30 1.9837e-04 1.2975e-01 6.3072e-01 2.3933e-01
11366.65 2.9873e-04 1.8762e-01 5.9516e-01 2.1692e-01
12061.10 4.9689e-04 2.0237e-01 5.8265e-01 2.1448e-01
12793.43 3.6353e-04 1.8517e-01 5.9556e-01 2.1892e-01
13528.61 4.8528e-04 1.9816e-01 5.7845e-01 2.2291e-01
14194.74 4.3927e-04 1.8121e-01 5.8201e-01 2.3634e-01
14757.77 2.0370e-04 8.3379e-02 6.7015e-01 2.4627e-01
15240.48 1.8361e-04 8.1766e-02 6.9115e-01 2.2690e-01
15646.99 1.8585e-04 7.4844e-02 7.5886e-01 1.6611e-01
15960.30 3.0202e-04 7.7283e-02 7.9776e-01 1.2465e-01
16187.41 2.1549e-04 5.6023e-02 8.4371e-01 1.0005e-01
16354.17 1.4170e-04 4.5244e-02 8.5114e-01 1.0348e-01
16484.18 7.4293e-05 4.5303e-02 8.5782e-01 9.6804e-02
16593.12 9.7358e-05 4.5716e-02 8.2991e-01 1.2428e-01
16691.99 1.2792e-04 3.2208e-02 8.2944e-01 1.3822e-01
16788.59 1.7611e-05 1.3097e-02 8.4683e-01 1.4006e-01
16888.37 2.9727e-05 2.1102e-02 8.2128e-01 1.5759e-01
16998.79 2.1395e-05 1.8382e-02 8.1907e-01 1.6252e-01
17146.37 2.8550e-05 1.6962e-02 8.0690e-01 1.7611e-01
17415.23 7.1720e-06 9.3528e-03 8.1399e-01 1.7665e-01
17888.12 2.9467e-06 6.2982e-03 7.7254e-01 2.2116e-01
18532.37 2.3859e-06 7.2473e-03 7.4276e-01 2.4999e-01
19260.76 7.6444e-07 3.2228e-03 7.1182e-01 2.8495e-01
20034.10 1.5235e-06 5.0504e-03 6.6960e-01 3.2535e-01
20838.00 4.3999e-07 2.2476e-03 6.2495e-01 3.7281e-01
21647.97 1.5651e-06 5.0716e-03 5.9931e-01 3.9562e-01
22447.94 5.1263e-06 1.1941e-02 5.3282e-01 4.5523e-01
23245.88 5.1179e-05 4.9681e-02 4.6028e-01 4.8999e-01
24052.47 1.7787e-06 5.8064e-03 4.2418e-01 5.7001e-01
24867.72 1.9173e-05 2.3220e-02 3.7770e-01 5.9906e-01
25698.86 1.4293e-06 7.0627e-03 3.4589e-01 6.4705e-01
26587.16 4.6346e-07 3.1565e-03 2.9536e-01 7.0149e-01
27637.54 2.7079e-06 9.8480e-03 3.0202e-01 6.8813e-01
28986.97 7.6975e-06 1.5425e-02 2.8204e-01 7.0252e-01
#TIME: 233.01
#NVEL 78
#vel_mid[km/s] ar0 ar1 ar2 ar3
1060.83 2.0791e-02 6.2035e-01 3.2681e-01 3.2050e-02
1919.29 4.6089e-02 6.0133e-01 3.2185e-01 3.0739e-02
2581.60 1.1704e-02 5.6265e-01 3.7976e-01 4.5886e-02
3084.17 4.7284e-03 4.5501e-01 4.6888e-01 7.1376e-02
3472.46 1.1608e-03 2.7431e-01 6.1000e-01 1.1454e-01
3909.64 2.9281e-04 1.2964e-01 6.9996e-01 1.7011e-01
4148.46 2.6374e-04 1.3139e-01 6.9298e-01 1.7537e-01
4670.75 3.0583e-04 1.4645e-01 6.8272e-01 1.7052e-01
4956.05 1.0994e-04 7.8188e-02 7.1942e-01 2.0229e-01
5258.79 1.8296e-05 3.2542e-02 7.2906e-01 2.3838e-01
5580.02 2.8146e-06 1.1776e-02 7.2082e-01 2.6740e-01
5920.87 6.0611e-07 5.5872e-03 7.0476e-01 2.8965e-01
6282.54 2.6368e-07 3.6423e-03 6.7433e-01 3.2203e-01
6666.30 2.4038e-07 3.5230e-03 6.6469e-01 3.3179e-01
7073.50 2.3441e-07 3.4407e-03 6.5763e-01 3.3893e-01
7505.58 2.2545e-07 3.3213e-03 6.4667e-01 3.5001e-01
7964.05 3.5049e-07 4.3759e-03 6.4760e-01 3.4802e-01
8450.53 1.1297e-06 8.5519e-03 6.6094e-01 3.3051e-01
8966.72 5.5546e-06 1.9982e-02 6.6837e-01 3.1165e-01
9514.44 2.3052e-05 4.2493e-02 6.6385e-01 2.9363e-01
10095.62 7.6685e-05 8.0924e-02 6.5253e-01 2.6647e-01
10712.30 1.7789e-04 1.2504e-01 6.3544e-01 2.3934e-01
11366.65 3.3572e-04 1.6596e-01 6.1035e-01 2.2335e-01
12061.10 3.1883e-04 1.9127e-01 5.9391e-01 2.1450e-01
12793.43 4.7253e-04 1.9770e-01 5.8421e-01 2.1762e-01
13528.61 6.8236e-04 2.1096e-01 5.7429e-01 2.1407e-01
14194.74 7.5225e-04 2.0727e-01 5.6399e-01 2.2798e-01
14757.77 2.6166e-04 1.0835e-01 6.4078e-01 2.5060e-01
15240.48 1.1506e-04 7.1035e-02 7.1035e-01 2.1850e-01
15646.99 1.2148e-04 4.1737e-02 7.8021e-01 1.7793e-01
15960.30 3.5841e-04 7.1720e-02 8.0606e-01 1.2186e-01
16187.41 2.1199e-04 5.1942e-02 8.4233e-01 1.0551e-01
16354.17 1.1282e-04 3.6689e-02 8.6023e-01 1.0297e-01
16484.18 4.4226e-05 2.5398e-02 8.6605e-01 1.0850e-01
16593.12 1.0181e-04 3.4452e-02 8.4003e-01 1.2541e-01
16691.99 6.9755e-05 2.7128e-02 8.4670e-01 1.2610e-01
16788.59 3.6367e-05 1.9367e-02 8.3678e-01 1.4382e-01
16888.37 2.1943e-05 1.4360e-02 8.3073e-01 1.5489e-01
16998.79 5.4206e-05 2.7554e-02 8.0480e-01 1.6759e-01
17146.37 4.5036e-05 2.8237e-02 7.9863e-01 1.7309e-01
17415.23 4.9173e-06 8.4424e-03 8.0384e-01 1.8771e-01
17888.12 2.3534e-06 5.9574e-03 7.7151e-01 2.2253e-01
18532.37 6.7177e-07 2.5820e-03 7.5126e-01 2.4616e-01
19260.76 9.0322e-07 3.4026e-03 7.1864e-01 2.7795e-01
20034.10 1.2129e-06 4.3469e-03 6.6979e-01 3.2586e-01
20838.00 1.0781e-06 3.0327e-03 6.3266e-01 3.6431e-01
21647.97 4.4732e-06 6.9937e-03 5.9920e-01 3.9380e-01
22447.94 3.4795e-06 1.1230e-02 5.5828e-01 4.3048e-01
23245.88 3.5738e-06 4.8113e-03 4.9460e-01 5.0059e-01
24052.47 2.1458e-05 4.5969e-02 4.2960e-01 5.2441e-01
24867.72 7.2055e-06 4.3127e-02 3.8310e-01 5.7377e-01
25698.86 7.3936e-07 8.4360e-03 4.0072e-01 5.9084e-01
26587.16 1.0654e-06 2.1809e-03 3.0421e-01 6.9360e-01
27637.54 2.2886e-06 6.3095e-03 3.1128e-01 6.8240e-01
28986.97 4.6869e-06 1.7131e-02 2.6299e-01 7.1988e-01
#TIME: 236.36
#NVEL 78
#vel_mid[km/s] ar0 ar1 ar2 ar3
1060.83 2.5899e-02 6.2479e-01 3.1939e-01 2.9917e-02
1919.29 3.2873e-02 6.1875e-01 3.1758e-01 3.0800e-02
2581.60 9.8784e-03 5.6416e-01 3.8034e-01 4.5619e-02
3084.17 4.3683e-03 4.5586e-01 4.6854e-01 7.1239e-02
3472.46 1.2189e-03 2.6689e-01 6.1618e-01 1.1571e-01
3909.64 3.0956e-04 1.3239e-01 6.9799e-01 1.6931e-01
4148.46 2.6890e-04 1.3856e-01 6.8817e-01 1.7300e-01
4670.75 2.8942e-04 1.4324e-01 6.8597e-01 1.7050e-01
4956.05 1.1547e-04 7.9558e-02 7.1849e-01 2.0183e-01
5258.79 2.2399e-05 3.5418e-02 7.2940e-01 2.3516e-01
5580.02 2.7321e-06 1.1646e-02 7.2038e-01 2.6797e-01
5920.87 6.7068e-07 5.7537e-03 7.0092e-01 2.9333e-01
6282.54 2.7555e-07 3.6420e-03 6.7852e-01 3.1784e-01
6666.30 2.3904e-07 3.3318e-03 6.6648e-01 3.3019e-01
7073.50 2.3468e-07 3.5196e-03 6.6180e-01 3.3468e-01
7505.58 2.3215e-07 3.4146e-03 6.4057e-01 3.5602e-01
7964.05 3.7887e-07 4.5788e-03 6.5054e-01 3.4488e-01
8450.53 1.2927e-06 9.4470e-03 6.6097e-01 3.2958e-01
8966.72 5.0274e-06 1.8284e-02 6.6905e-01 3.1266e-01
9514.44 2.1375e-05 4.0695e-02 6.6470e-01 2.9458e-01
10095.62 8.3645e-05 8.3645e-02 6.4892e-01 2.6735e-01
10712.30 1.9225e-04 1.3051e-01 6.3078e-01 2.3852e-01
11366.65 4.2348e-04 1.8232e-01 5.9760e-01 2.1965e-01
12061.10 5.0598e-04 2.1096e-01 5.7815e-01 2.1039e-01
12793.43 4.4760e-04 2.2090e-01 5.6748e-01 2.1117e-01
13528.61 5.9130e-04 2.0453e-01 5.7680e-01 2.1808e-01
14194.74 3.1056e-04 1.4853e-01 6.3317e-01 2.1799e-01
14757.77 4.3751e-04 1.2914e-01 6.2384e-01 2.4658e-01
15240.48 3.0034e-04 1.2245e-01 6.5808e-01 2.1917e-01
15646.99 1.1325e-04 6.1173e-02 7.6634e-01 1.7238e-01
15960.30 4.6040e-04 9.7153e-02 7.8477e-01 1.1762e-01
16187.41 1.6999e-04 5.7621e-02 8.4913e-01 9.3076e-02
16354.17 2.1156e-04 5.1390e-02 8.4724e-01 1.0116e-01
16484.18 1.4002e-04 4.6657e-02 8.4483e-01 1.0837e-01
16593.12 5.9336e-05 2.8373e-02 8.5160e-01 1.1997e-01
16691.99 5.6138e-05 6.5264e-02 8.0252e-01 1.3216e-01
16788.59 1.7135e-05 1.2379e-02 8.3862e-01 1.4898e-01
16888.37 1.1736e-05 1.3705e-02 8.3496e-01 1.5132e-01
16998.79 3.1208e-05 1.9382e-02 8.2604e-01 1.5455e-01
17146.37 2.6282e-05 2.3128e-02 8.2374e-01 1.5311e-01
17415.23 4.4713e-06 7.8700e-03 8.0630e-01 1.8583e-01
17888.12 2.2067e-06 5.2460e-03 7.8841e-01 2.0634e-01
18532.37 1.7348e-06 5.2972e-03 7.4720e-01 2.4750e-01
19260.76 8.5742e-07 4.2906e-03 7.2369e-01 2.7202e-01
20034.10 9.1777e-07 3.5397e-03 6.6915e-01 3.2731e-01
20838.00 4.7037e-07 2.1518e-03 6.2907e-01 3.6878e-01
21647.97 6.2758e-07 2.5835e-03 5.9777e-01 3.9965e-01
22447.94 7.1707e-07 2.3197e-03 5.6201e-01 4.3567e-01
23245.88 8.3654e-07 2.9287e-03 5.1503e-01 4.8204e-01
24052.47 2.3036e-06 6.8971e-03 4.4350e-01 5.4961e-01
24867.72 6.6497e-06 8.8531e-03 4.2410e-01 5.6704e-01
25698.86 7.5169e-06 3.2331e-02 3.6188e-01 6.0578e-01
26587.16 7.5334e-07 5.1131e-03 3.3745e-01 6.5744e-01
27637.54 1.6891e-06 7.2356e-03 3.1780e-01 6.7496e-01
28986.97 2.5222e-05 1.2031e-02 2.6904e-01 7.1891e-01
#TIME: 239.76
#NVEL 78
#vel_mid[km/s] ar0 ar1 ar2 ar3
1060.83 3.5021e-02 6.1435e-01 3.1984e-01 3.0788e-02
1919.29 3.1189e-02 6.2241e-01 3.1613e-01 3.0271e-02
2581.60 1.3897e-02 5.7256e-01 3.7064e-01 4.2903e-02
3084.17 5.0418e-03 4.5022e-01 4.7281e-01 7.1929e-02
3472.46 1.2988e-03 2.6748e-01 6.1578e-01 1.1545e-01
3909.64 2.7490e-04 1.2563e-01 7.0382e-01 1.7028e-01
4148.46 2.4913e-04 1.3571e-01 6.9109e-01 1.7295e-01
4670.75 3.1294e-04 1.4428e-01 6.8592e-01 1.6949e-01
4956.05 1.0390e-04 8.8510e-02 7.1244e-01 1.9895e-01
5258.79 2.4008e-05 4.0049e-02 7.2383e-01 2.3610e-01
5580.02 2.8918e-06 1.2187e-02 7.1983e-01 2.6798e-01
5920.87 6.1775e-07 5.3636e-03 7.0017e-01 2.9446e-01
6282.54 2.7967e-07 3.7358e-03 6.7280e-01 3.2347e-01
6666.30 2.4060e-07 3.4679e-03 6.6872e-01 3.2781e-01
7073.50 2.4887e-07 3.4960e-03 6.6186e-01 3.3464e-01
7505.58 2.1276e-07 2.9998e-03 6.4726e-01 3.4974e-01
7964.05 3.8593e-07 4.5725e-03 6.4449e-01 3.5094e-01
8450.53 1.0453e-06 7.9533e-03 6.6271e-01 3.2934e-01
8966.72 5.1107e-06 1.9920e-02 6.6887e-01 3.1120e-01
9514.44 2.1975e-05 4.0176e-02 6.6610e-01 2.9370e-01
10095.62 7.5766e-05 8.0803e-02 6.5377e-01 2.6535e-01
10712.30 1.9615e-04 1.2718e-01 6.3254e-01 2.4008e-01
11366.65 3.1491e-04 1.5353e-01 6.2065e-01 2.2551e-01
