#NTIMES: 200
#NSTAGES: 7
#TIMES[d]: 0.9869 1.0089 1.0313 1.0543 1.0778 1.1018 1.1263 1.1514 1.1771 1.2033 1.2301 1.2575 1.2855 1.3142 1.3434 1.3734 1.4039 1.4352 1.4672 1.4999 1.5333 1.5674 1.6024 1.6381 1.6745 1.7118 1.7500 1.7890 1.8288 1.8696 1.9112 1.9538 1.9973 2.0418 2.0873 2.1338 2.1813 2.2299 2.2796 2.3303 2.3823 2.4353 2.4896 2.5450 2.6017 2.6597 2.7189 2.7795 2.8414 2.9047 2.9694 3.0356 3.1032 3.1723 3.2430 3.3152 3.3891 3.4646 3.5417 3.6206 3.7013 3.7837 3.8680 3.9542 4.0423 4.1323 4.2244 4.3185 4.4147 4.5130 4.6135 4.7163 4.8214 4.9288 5.0386 5.1508 5.2655 5.3828 5.5028 5.6253 5.7506 5.8787 6.0097 6.1436 6.2804 6.4203 6.5633 6.7096 6.8590 7.0118 7.1680 7.3277 7.4909 7.6578 7.8284 8.0028 8.1810 8.3633 8.5496 8.7400 8.9347 9.1337 9.3372 9.5452 9.7578 9.9752 10.1974 10.4246 10.6568 10.8942 11.1368 11.3849 11.6385 11.8978 12.1628 12.4338 12.7108 12.9939 13.2834 13.5793 13.8818 14.1910 14.5071 14.8303 15.1606 15.4983 15.8436 16.1965 16.5573 16.9261 17.3032 17.6886 18.0827 18.4855 18.8973 19.3182 19.7486 20.1885 20.6382 21.0979 21.5679 22.0484 22.5395 23.0416 23.5549 24.0796 24.6160 25.1644 25.7249 26.2980 26.8838 27.4826 28.0949 28.7207 29.3605 30.0145 30.6831 31.3666 32.0654 32.7796 33.5098 34.2563 35.0194 35.7995 36.5970 37.4122 38.2456 39.0976 39.9685 40.8589 41.7690 42.6995 43.6507 44.6230 45.6171 46.6332 47.6720 48.7340 49.8196 50.9294 52.0639 53.2236 54.4093 55.6213 56.8603 58.1269 59.4218 60.7455 62.0986 63.4819 64.8961 66.3417 67.8195 69.3303 70.8747 72.4535 74.0675 75.7174 77.4041 79.1284
#
#TIME: 0.9869
#NVEL: 115
#vel_mid[km/s] si0 si1 si2 si3 si4 si5 si6
4.4010e+02 5.8874e-33 3.0516e-24 2.1166e-15 1.0015e-07 5.7964e-01 4.2031e-01 4.6585e-05
8.8623e+02 5.2651e-25 3.2095e-18 2.6179e-11 1.4568e-05 9.9153e-01 8.4554e-03 1.1021e-08
9.0614e+02 5.2557e-25 3.2052e-18 2.6156e-11 1.4561e-05 9.9153e-01 8.4592e-03 1.1031e-08
9.4442e+02 5.2558e-25 3.2052e-18 2.6156e-11 1.4561e-05 9.9153e-01 8.4591e-03 1.1031e-08
9.9911e+02 5.2508e-25 3.2027e-18 2.6141e-11 1.4557e-05 9.9152e-01 8.4686e-03 1.1058e-08
1.0608e+03 5.2269e-25 3.1910e-18 2.6076e-11 1.4537e-05 9.9148e-01 8.5032e-03 1.1158e-08
1.1257e+03 5.2043e-25 3.1777e-18 2.5998e-11 1.4508e-05 9.9138e-01 8.6054e-03 1.1462e-08
1.1944e+03 5.0791e-25 3.1105e-18 2.5611e-11 1.4377e-05 9.9100e-01 8.9863e-03 1.2628e-08
1.2673e+03 4.5697e-25 2.8378e-18 2.4019e-11 1.3836e-05 9.8927e-01 1.0713e-02 1.8706e-08
1.3448e+03 2.9099e-25 1.9229e-18 1.8305e-11 1.1769e-05 9.7835e-01 2.1641e-02 9.0378e-08
1.4269e+03 1.1680e-25 8.7101e-19 1.0449e-11 8.3394e-06 9.1902e-01 8.0970e-02 1.8250e-06
1.5140e+03 3.7221e-26 3.1911e-19 4.9382e-12 5.0122e-06 7.3562e-01 2.6434e-01 3.2896e-05
1.6065e+03 1.0797e-26 1.0593e-19 2.0532e-12 2.5871e-06 4.8094e-01 5.1882e-01 2.4366e-04
1.7047e+03 2.9612e-27 3.2471e-20 7.6304e-13 1.1590e-06 2.6130e-01 7.3759e-01 1.1075e-03
1.8088e+03 6.3164e-28 7.7857e-21 2.2432e-13 4.1629e-07 1.1401e-01 8.8153e-01 4.4637e-03
1.9193e+03 1.0435e-28 1.4808e-21 5.3758e-14 1.2567e-07 4.2522e-02 9.4066e-01 1.6818e-02
2.0365e+03 1.4432e-29 2.3972e-22 1.1178e-14 3.3680e-08 1.4203e-02 9.2560e-01 6.0195e-02
2.1609e+03 1.6573e-30 3.2863e-23 2.0050e-15 7.9614e-09 4.2251e-03 8.0728e-01 1.8850e-01
2.2929e+03 1.4395e-31 3.4816e-24 2.8276e-16 1.5102e-09 1.0200e-03 5.5440e-01 4.4458e-01
2.4330e+03 9.8432e-33 2.8795e-25 3.0798e-17 2.1952e-10 1.8575e-04 2.7600e-01 7.2382e-01
2.5816e+03 7.7968e-34 2.6759e-26 3.6193e-18 3.3095e-11 3.3735e-05 1.2001e-01 8.7996e-01
2.7393e+03 1.0277e-34 4.0109e-27 6.5265e-19 7.2689e-12 8.5770e-06 5.9076e-02 9.4092e-01
2.9067e+03 2.4590e-35 1.0703e-27 2.0098e-19 2.6042e-12 3.4621e-06 3.6682e-02 9.6331e-01
3.0842e+03 1.0780e-35 5.2066e-28 1.0947e-19 1.5915e-12 2.3539e-06 3.0079e-02 9.6992e-01
3.2726e+03 9.2456e-36 4.8869e-28 1.1057e-19 1.7230e-12 2.7754e-06 3.3167e-02 9.6683e-01
3.4725e+03 1.4110e-35 8.0042e-28 1.8734e-19 2.9940e-12 5.1185e-06 4.6434e-02 9.5356e-01
3.6846e+03 3.5304e-35 2.1453e-27 5.0745e-19 8.0947e-12 1.4549e-05 8.1543e-02 9.1844e-01
3.9097e+03 1.0990e-34 7.3616e-27 1.7778e-18 2.8545e-11 5.5007e-05 1.6380e-01 8.3615e-01
4.1484e+03 3.3890e-34 2.3584e-26 5.5544e-18 8.6120e-11 1.6795e-04 2.8324e-01 7.1660e-01
4.4019e+03 6.9604e-34 4.6802e-26 1.0378e-17 1.5097e-10 2.8117e-04 3.5684e-01 6.4288e-01
4.6708e+03 5.0051e-34 3.4754e-26 8.0174e-18 1.2145e-10 2.3439e-04 3.2994e-01 6.6983e-01
4.9561e+03 1.8315e-34 1.4469e-26 3.8479e-18 6.7318e-11 1.4869e-04 2.7041e-01 7.2945e-01
5.2588e+03 7.3135e-35 6.5753e-27 2.0066e-18 4.0332e-11 1.0175e-04 2.2808e-01 7.7182e-01
5.5800e+03 4.7448e-35 4.5796e-27 1.5020e-18 3.2448e-11 8.7922e-05 2.1374e-01 7.8618e-01
5.9209e+03 4.5229e-35 4.6069e-27 1.5749e-18 3.5405e-11 1.0069e-04 2.2942e-01 7.7048e-01
6.2825e+03 5.4471e-35 5.8337e-27 2.0504e-18 4.7244e-11 1.3983e-04 2.6961e-01 7.3025e-01
6.6663e+03 8.0154e-35 8.8079e-27 3.0951e-18 7.1079e-11 2.1319e-04 3.2826e-01 6.7153e-01
7.0735e+03 1.4244e-34 1.5980e-26 5.5357e-18 1.2485e-10 3.7555e-04 4.2030e-01 5.7932e-01
7.5056e+03 2.9030e-34 3.4097e-26 1.1737e-17 2.6182e-10 8.0118e-04 5.6368e-01 4.3552e-01
7.9641e+03 6.9450e-34 8.3950e-26 2.7974e-17 6.0173e-10 1.8255e-03 7.2348e-01 2.7469e-01
8.4505e+03 2.0526e-33 2.4441e-25 7.5058e-17 1.4845e-09 4.2397e-03 8.5407e-01 1.4169e-01
8.9668e+03 8.4493e-33 9.7584e-25 2.6542e-16 4.6494e-09 1.2006e-02 9.3903e-01 4.8961e-02
9.5145e+03 6.2884e-32 6.8410e-24 1.5397e-15 2.2449e-08 4.8525e-02 9.4254e-01 8.9358e-03
1.0096e+04 1.0056e-30 9.6581e-23 1.6090e-14 1.7662e-07 2.7663e-01 7.2278e-01 5.8993e-04
1.0712e+04 1.5666e-29 1.2481e-21 1.3429e-13 9.8446e-07 8.8934e-01 1.1066e-01 2.1614e-06
1.1367e+04 2.5338e-28 1.4562e-20 8.0150e-13 3.0741e-06 9.9899e-01 1.0071e-03 5.3312e-11
1.2062e+04 1.4657e-26 5.2918e-19 1.2260e-11 1.6964e-05 9.9998e-01 7.2115e-07 5.1711e-18
1.2794e+04 1.8706e-24 4.1850e-17 4.1961e-10 1.4928e-04 9.9985e-01 1.1540e-10 1.7508e-26
1.3528e+04 2.8429e-22 4.2412e-15 1.9988e-08 1.5300e-03 9.9847e-01 1.2703e-14 2.5599e-35
1.4194e+04 9.2300e-20 9.4128e-13 1.9017e-06 2.2719e-02 9.7728e-01 3.6621e-19 1.4013e-45
1.4758e+04 7.0269e-17 5.1563e-10 3.6917e-04 4.1357e-01 5.8606e-01 4.5908e-25 0.0000e+00
1.5240e+04 2.6553e-14 1.1323e-07 1.8526e-02 9.6210e-01 1.9375e-02 2.7024e-33 0.0000e+00
1.5647e+04 5.8383e-12 1.2416e-05 3.6891e-01 6.3095e-01 1.2550e-04 1.2247e-42 0.0000e+00
1.5960e+04 2.8933e-10 2.4359e-04 9.6752e-01 3.2232e-02 3.3561e-08 0.0000e+00 0.0000e+00
1.6187e+04 8.7616e-09 2.4400e-03 9.9720e-01 3.6107e-04 9.0420e-13 0.0000e+00 0.0000e+00
1.6354e+04 3.6886e-07 2.9215e-02 9.7078e-01 2.1452e-06 5.8032e-18 0.0000e+00 0.0000e+00
1.6484e+04 1.5827e-05 3.1958e-01 6.8040e-01 5.1049e-09 6.5310e-24 0.0000e+00 0.0000e+00
1.6593e+04 1.2685e-04 8.4197e-01 1.5790e-01 6.3835e-12 6.6922e-30 0.0000e+00 0.0000e+00
1.6692e+04 3.2549e-04 9.7184e-01 2.7830e-02 1.7675e-14 6.2559e-35 0.0000e+00 0.0000e+00
1.6788e+04 5.4043e-04 9.9176e-01 7.6999e-03 2.3883e-16 1.2933e-38 0.0000e+00 0.0000e+00
1.6888e+04 7.6499e-04 9.9631e-01 2.9289e-03 9.2630e-18 2.1017e-41 0.0000e+00 0.0000e+00
1.6999e+04 1.0368e-03 9.9770e-01 1.2599e-03 5.5238e-19 8.1275e-44 0.0000e+00 0.0000e+00
1.7146e+04 1.4123e-03 9.9804e-01 5.4328e-04 3.3850e-20 0.0000e+00 0.0000e+00 0.0000e+00
1.7416e+04 2.2698e-03 9.9757e-01 1.5897e-04 6.0434e-22 0.0000e+00 0.0000e+00 0.0000e+00
1.7888e+04 5.6899e-03 9.9429e-01 1.7294e-05 4.8781e-25 0.0000e+00 0.0000e+00 0.0000e+00
1.8532e+04 1.6499e-02 9.8350e-01 1.4779e-06 2.0708e-28 0.0000e+00 0.0000e+00 0.0000e+00
1.9260e+04 4.2079e-02 9.5792e-01 1.5141e-07 1.5266e-31 0.0000e+00 0.0000e+00 0.0000e+00
2.0034e+04 9.4255e-02 9.0574e-01 1.7562e-08 1.6596e-34 0.0000e+00 0.0000e+00 0.0000e+00
2.0838e+04 1.8473e-01 8.1527e-01 2.3186e-09 2.9846e-37 0.0000e+00 0.0000e+00 0.0000e+00
2.1648e+04 3.1739e-01 6.8261e-01 3.3390e-10 8.4467e-40 0.0000e+00 0.0000e+00 0.0000e+00
2.2448e+04 4.6480e-01 5.3520e-01 5.1152e-11 3.0955e-42 0.0000e+00 0.0000e+00 0.0000e+00
2.3246e+04 6.0427e-01 3.9573e-01 8.2338e-12 1.4013e-44 0.0000e+00 0.0000e+00 0.0000e+00
2.4052e+04 7.2044e-01 2.7956e-01 1.4350e-12 0.0000e+00 0.0000e+00 0.0000e+00 0.0000e+00
2.4868e+04 8.0062e-01 1.9938e-01 3.0729e-13 0.0000e+00 0.0000e+00 0.0000e+00 0.0000e+00
2.5699e+04 8.4912e-01 1.5088e-01 8.5308e-14 0.0000e+00 0.0000e+00 0.0000e+00 0.0000e+00
2.6588e+04 8.8009e-01 1.1991e-01 2.6395e-14 0.0000e+00 0.0000e+00 0.0000e+00 0.0000e+00
2.7638e+04 9.1413e-01 8.5869e-02 4.9605e-15 0.0000e+00 0.0000e+00 0.0000e+00 0.0000e+00
2.8987e+04 9.5163e-01 4.8366e-02 3.2749e-16 0.0000e+00 0.0000e+00 0.0000e+00 0.0000e+00
3.0652e+04 9.2982e-01 7.0181e-02 3.1189e-16 0.0000e+00 0.0000e+00 0.0000e+00 0.0000e+00
3.2516e+04 8.2251e-01 1.7749e-01 1.3165e-15 0.0000e+00 0.0000e+00 0.0000e+00 0.0000e+00
3.4459e+04 4.8920e-01 5.1080e-01 1.7737e-14 0.0000e+00 0.0000e+00 0.0000e+00 0.0000e+00
3.6371e+04 2.0481e-01 7.9519e-01 1.4030e-13 0.0000e+00 0.0000e+00 0.0000e+00 0.0000e+00
3.8150e+04 8.7748e-02 9.1225e-01 6.8002e-13 0.0000e+00 0.0000e+00 0.0000e+00 0.0000e+00
3.9750e+04 5.8345e-02 9.4165e-01 1.2240e-12 0.0000e+00 0.0000e+00 0.0000e+00 0.0000e+00
4.1174e+04 5.8783e-02 9.4122e-01 8.5417e-13 0.0000e+00 0.0000e+00 0.0000e+00 0.0000e+00
4.2468e+04 8.9570e-02 9.1043e-01 2.1616e-13 0.0000e+00 0.0000e+00 0.0000e+00 0.0000e+00
4.3688e+04 1.8873e-01 8.1127e-01 2.1850e-14 0.0000e+00 0.0000e+00 0.0000e+00 0.0000e+00
4.4884e+04 4.0873e-01 5.9127e-01 1.1229e-15 0.0000e+00 0.0000e+00 0.0000e+00 0.0000e+00
4.6084e+04 6.5871e-01 3.4129e-01 5.1683e-17 0.0000e+00 0.0000e+00 0.0000e+00 0.0000e+00
4.7294e+04 6.6029e-01 3.3971e-01 3.4770e-17 0.0000e+00 0.0000e+00 0.0000e+00 0.0000e+00
4.8516e+04 6.1284e-01 3.8716e-01 4.2070e-17 0.0000e+00 0.0000e+00 0.0000e+00 0.0000e+00
4.9754e+04 5.5452e-01 4.4548e-01 5.5456e-17 0.0000e+00 0.0000e+00 0.0000e+00 0.0000e+00
5.1012e+04 4.8723e-01 5.1277e-01 7.7858e-17 0.0000e+00 0.0000e+00 0.0000e+00 0.0000e+00
5.2292e+04 4.1782e-01 5.8218e-01 1.1039e-16 0.0000e+00 0.0000e+00 0.0000e+00 0.0000e+00
5.3596e+04 3.5077e-01 6.4923e-01 1.5443e-16 0.0000e+00 0.0000e+00 0.0000e+00 0.0000e+00
5.4921e+04 2.8873e-01 7.1127e-01 2.1326e-16 0.0000e+00 0.0000e+00 0.0000e+00 0.0000e+00
5.6265e+04 2.3346e-01 7.6654e-01 2.9049e-16 0.0000e+00 0.0000e+00 0.0000e+00 0.0000e+00
5.7622e+04 1.8595e-01 8.1405e-01 3.9058e-16 0.0000e+00 0.0000e+00 0.0000e+00 0.0000e+00
5.8985e+04 1.4679e-01 8.5321e-01 5.1604e-16 0.0000e+00 0.0000e+00 0.0000e+00 0.0000e+00
6.0341e+04 1.1509e-01 8.8491e-01 6.7407e-16 0.0000e+00 0.0000e+00 0.0000e+00 0.0000e+00
6.1676e+04 9.0433e-02 9.0957e-01 8.6279e-16 0.0000e+00 0.0000e+00 0.0000e+00 0.0000e+00
6.2975e+04 7.1282e-02 9.2872e-01 1.0895e-15 0.0000e+00 0.0000e+00 0.0000e+00 0.0000e+00
6.4219e+04 5.6758e-02 9.4324e-01 1.3514e-15 0.0000e+00 0.0000e+00 0.0000e+00 0.0000e+00
6.5388e+04 4.5884e-02 9.5412e-01 1.6425e-15 0.0000e+00 0.0000e+00 0.0000e+00 0.0000e+00
6.6461e+04 3.7795e-02 9.6220e-01 1.9531e-15 0.0000e+00 0.0000e+00 0.0000e+00 0.0000e+00
6.7422e+04 3.1826e-02 9.6817e-01 2.2716e-15 0.0000e+00 0.0000e+00 0.0000e+00 0.0000e+00
6.8257e+04 2.7461e-02 9.7254e-01 2.5814e-15 0.0000e+00 0.0000e+00 0.0000e+00 0.0000e+00
6.8960e+04 2.4275e-02 9.7573e-01 2.8735e-15 0.0000e+00 0.0000e+00 0.0000e+00 0.0000e+00
6.9475e+04 2.2003e-02 9.7800e-01 3.1229e-15 0.0000e+00 0.0000e+00 0.0000e+00 0.0000e+00
6.9758e+04 2.1096e-02 9.7890e-01 3.2336e-15 0.0000e+00 0.0000e+00 0.0000e+00 0.0000e+00
6.9886e+04 2.0858e-02 9.7914e-01 3.2572e-15 0.0000e+00 0.0000e+00 0.0000e+00 0.0000e+00
6.9950e+04 2.0498e-02 9.7950e-01 3.3018e-15 0.0000e+00 0.0000e+00 0.0000e+00 0.0000e+00
6.9982e+04 2.1563e-02 9.7844e-01 3.1225e-15 0.0000e+00 0.0000e+00 0.0000e+00 0.0000e+00
6.9996e+04 1.8416e-02 9.8158e-01 3.6684e-15 0.0000e+00 0.0000e+00 0.0000e+00 0.0000e+00
7.0000e+04 7.7005e-03 9.9230e-01 8.9658e-15 0.0000e+00 0.0000e+00 0.0000e+00 0.0000e+00
#
#TIME: 1.0089
#NVEL: 115
#vel_mid[km/s] si0 si1 si2 si3 si4 si5 si6
4.4010e+02 4.4273e-33 2.4466e-24 1.8094e-15 9.1291e-08 5.6346e-01 4.3649e-01 5.1710e-05
8.8623e+02 3.5540e-25 2.3594e-18 2.1254e-11 1.3037e-05 9.8913e-01 1.0852e-02 1.8949e-08
9.0614e+02 3.5775e-25 2.3730e-18 2.1339e-11 1.3068e-05 9.8926e-01 1.0732e-02 1.8481e-08
9.4442e+02 3.5801e-25 2.3745e-18 2.1349e-11 1.3072e-05 9.8927e-01 1.0721e-02 1.8441e-08
9.9911e+02 3.5834e-25 2.3764e-18 2.1360e-11 1.3076e-05 9.8928e-01 1.0705e-02 1.8380e-08
1.0608e+03 3.5592e-25 2.3632e-18 2.1279e-11 1.3048e-05 9.8920e-01 1.0782e-02 1.8673e-08
1.1257e+03 3.5525e-25 2.3583e-18 2.1246e-11 1.3033e-05 9.8911e-01 1.0875e-02 1.9038e-08
1.1944e+03 3.4621e-25 2.3056e-18 2.0912e-11 1.2909e-05 9.8861e-01 1.1378e-02 2.1069e-08
1.2673e+03 3.1317e-25 2.1128e-18 1.9671e-11 1.2443e-05 9.8653e-01 1.3462e-02 3.0703e-08
1.3448e+03 2.0045e-25 1.4369e-18 1.5021e-11 1.0588e-05 9.7305e-01 2.6942e-02 1.4579e-07
1.4269e+03 8.0424e-26 6.4898e-19 8.5259e-12 7.4398e-06 9.0171e-01 9.8275e-02 2.8294e-06
1.5140e+03 2.4758e-26 2.2952e-19 3.8861e-12 4.3103e-06 6.9365e-01 3.0630e-01 4.8287e-05
1.6065e+03 6.8576e-27 7.2726e-20 1.5413e-12 2.1216e-06 4.3152e-01 5.6814e-01 3.3512e-04
1.7047e+03 1.8158e-27 2.1521e-20 5.5275e-13 9.1704e-07 2.2583e-01 7.7272e-01 1.4447e-03
1.8088e+03 3.7741e-28 5.0341e-21 1.5864e-13 3.2194e-07 9.6262e-02 8.9811e-01 5.6278e-03
1.9193e+03 6.1404e-29 9.4446e-22 3.7546e-14 9.6131e-08 3.5518e-02 9.4373e-01 2.0750e-02
2.0365e+03 8.3784e-30 1.5101e-22 7.7166e-15 2.5495e-08 1.1738e-02 9.1542e-01 7.2846e-02
2.1609e+03 9.4310e-31 2.0283e-23 1.3551e-15 5.8981e-09 3.4120e-03 7.7623e-01 2.2036e-01
2.2929e+03 7.9497e-32 2.0811e-24 1.8461e-16 1.0783e-09 7.9156e-04 5.0827e-01 4.9094e-01
2.4330e+03 5.2803e-33 1.6691e-25 1.9455e-17 1.5137e-10 1.3884e-04 2.4198e-01 7.5788e-01
2.5816e+03 4.0784e-34 1.5138e-26 2.2331e-18 2.2309e-11 2.4662e-05 1.0273e-01 8.9725e-01
2.7393e+03 5.2801e-35 2.2324e-27 3.9682e-19 4.8373e-12 6.1991e-06 5.0038e-02 9.4996e-01
2.9067e+03 1.2475e-35 5.8892e-28 1.2097e-19 1.7182e-12 2.4837e-06 3.0898e-02 9.6910e-01
3.0842e+03 5.4135e-36 2.8381e-28 6.5332e-20 1.0423e-12 1.6776e-06 2.5234e-02 9.7476e-01
3.2726e+03 4.5811e-36 2.6301e-28 6.5227e-20 1.1166e-12 1.9587e-06 2.7686e-02 9.7231e-01
3.4725e+03 6.9216e-36 4.2656e-28 1.0950e-19 1.9236e-12 3.5832e-06 3.8633e-02 9.6136e-01
3.6846e+03 1.7462e-35 1.1517e-27 2.9853e-19 5.2288e-12 1.0233e-05 6.8203e-02 9.3179e-01
3.9097e+03 5.6269e-35 4.0821e-27 1.0776e-18 1.8943e-11 3.9677e-05 1.3975e-01 8.6021e-01
4.1484e+03 1.8178e-34 1.3674e-26 3.5109e-18 5.9416e-11 1.2572e-04 2.4865e-01 7.5122e-01
4.4019e+03 3.8076e-34 2.7661e-26 6.6817e-18 1.0600e-10 2.1410e-04 3.1788e-01 6.8191e-01
4.6708e+03 2.7346e-34 2.0513e-26 5.1537e-18 8.5120e-11 1.7811e-04 2.9292e-01 7.0690e-01
4.9561e+03 9.8875e-35 8.4399e-27 2.4452e-18 4.6655e-11 1.1175e-04 2.3757e-01 7.6232e-01
5.2588e+03 3.9513e-35 3.8371e-27 1.2749e-18 2.7930e-11 7.6374e-05 1.9954e-01 8.0038e-01
5.5800e+03 2.5325e-35 2.6415e-27 9.4392e-19 2.2245e-11 6.5372e-05 1.8590e-01 8.1403e-01
5.9209e+03 2.4055e-35 2.6481e-27 9.8680e-19 2.4209e-11 7.4696e-05 1.9958e-01 8.0034e-01
6.2825e+03 2.9153e-35 3.3739e-27 1.2924e-18 3.2492e-11 1.0433e-04 2.3603e-01 7.6387e-01
6.6663e+03 4.3233e-35 5.1338e-27 1.9663e-18 4.9268e-11 1.6036e-04 2.9000e-01 7.0984e-01
7.0735e+03 7.7756e-35 9.4279e-27 3.5608e-18 8.7634e-11 2.8621e-04 3.7686e-01 6.2285e-01
7.5056e+03 1.6248e-34 2.0629e-26 7.7428e-18 1.8845e-10 6.2645e-04 5.1867e-01 4.8071e-01
7.9641e+03 3.9966e-34 5.2236e-26 1.8984e-17 4.4556e-10 1.4696e-03 6.8587e-01 3.1266e-01
8.4505e+03 1.2104e-33 1.5587e-25 5.2211e-17 1.1266e-09 3.5010e-03 8.3088e-01 1.6562e-01
8.9668e+03 5.0629e-33 6.3246e-25 1.8768e-16 3.5862e-09 1.0087e-02 9.3141e-01 5.8504e-02
9.5145e+03 3.8287e-32 4.5017e-24 1.1044e-15 1.7541e-08 4.1326e-02 9.4784e-01 1.0834e-02
1.0096e+04 6.3756e-31 6.6073e-23 1.1979e-14 1.4295e-07 2.4417e-01 7.5509e-01 7.4574e-04
1.0712e+04 1.0914e-29 9.3959e-22 1.1017e-13 8.7923e-07 8.7048e-01 1.2952e-01 3.1005e-06
1.1367e+04 1.7777e-28 1.1064e-20 6.6478e-13 2.7843e-06 9.9878e-01 1.2208e-03 8.0559e-11
1.2062e+04 1.0214e-26 3.9907e-19 1.0073e-11 1.5271e-05 9.9998e-01 8.9236e-07 8.1828e-18
1.2794e+04 1.2845e-24 3.1097e-17 3.3958e-10 1.3327e-04 9.9987e-01 1.4676e-10 2.9456e-26
1.3528e+04 1.9296e-22 3.1126e-15 1.5985e-08 1.3573e-03 9.9864e-01 1.6516e-14 4.5239e-35
1.4194e+04 6.2492e-20 6.8796e-13 1.5154e-06 2.0141e-02 9.7986e-01 4.8223e-19 2.8026e-45
1.4758e+04 4.9827e-17 3.9235e-10 3.0580e-04 3.8253e-01 6.1716e-01 6.6038e-25 0.0000e+00
1.5240e+04 1.8896e-14 8.7332e-08 1.5902e-02 9.6085e-01 2.3248e-02 5.3185e-33 0.0000e+00
1.5647e+04 4.5073e-12 1.0284e-05 3.3658e-01 6.6325e-01 1.5681e-04 2.4831e-42 0.0000e+00
1.5960e+04 2.3148e-10 2.1349e-04 9.6115e-01 3.8638e-02 5.0642e-08 0.0000e+00 0.0000e+00
1.6187e+04 6.9092e-09 2.1271e-03 9.9743e-01 4.4640e-04 1.4523e-12 0.0000e+00 0.0000e+00
1.6354e+04 2.4955e-07 2.3109e-02 9.7689e-01 3.2819e-06 1.5208e-17 0.0000e+00 0.0000e+00
1.6484e+04 1.0887e-05 2.6165e-01 7.3834e-01 9.2338e-09 2.2973e-23 0.0000e+00 0.0000e+00
1.6593e+04 1.1039e-04 8.1865e-01 1.8124e-01 9.7170e-12 1.4614e-29 0.0000e+00 0.0000e+00
1.6692e+04 3.5060e-04 9.7744e-01 2.2209e-02 7.9543e-15 1.2601e-35 0.0000e+00 0.0000e+00
1.6788e+04 5.5303e-04 9.9268e-01 6.7683e-03 1.4718e-16 4.7965e-39 0.0000e+00 0.0000e+00
1.6888e+04 7.4280e-04 9.9633e-01 2.9231e-03 8.6393e-18 1.7520e-41 0.0000e+00 0.0000e+00
1.6999e+04 9.1254e-04 9.9751e-01 1.5803e-03 1.0690e-18 2.7746e-43 0.0000e+00 0.0000e+00
1.7146e+04 1.1387e-03 9.9804e-01 8.1864e-04 1.1527e-19 2.8026e-45 0.0000e+00 0.0000e+00
1.7416e+04 1.9331e-03 9.9786e-01 2.0790e-04 1.2917e-21 0.0000e+00 0.0000e+00 0.0000e+00
1.7888e+04 4.6099e-03 9.9537e-01 2.4782e-05 1.3585e-24 0.0000e+00 0.0000e+00 0.0000e+00
1.8532e+04 1.3251e-02 9.8675e-01 2.1754e-06 6.2486e-28 0.0000e+00 0.0000e+00 0.0000e+00
1.9260e+04 3.4338e-02 9.6566e-01 2.1913e-07 4.3361e-31 0.0000e+00 0.0000e+00 0.0000e+00
2.0034e+04 7.2752e-02 9.2725e-01 2.9830e-08 7.4539e-34 0.0000e+00 0.0000e+00 0.0000e+00
2.0838e+04 1.4685e-01 8.5315e-01 4.0022e-09 1.3592e-36 0.0000e+00 0.0000e+00 0.0000e+00
2.1648e+04 2.5134e-01 7.4866e-01 6.8128e-10 5.9284e-39 0.0000e+00 0.0000e+00 0.0000e+00
2.2448e+04 3.8098e-01 6.1902e-01 1.1612e-10 2.7425e-41 0.0000e+00 0.0000e+00 0.0000e+00
2.3246e+04 5.0302e-01 4.9698e-01 2.3547e-11 2.2561e-43 0.0000e+00 0.0000e+00 0.0000e+00
2.4052e+04 6.1394e-01 3.8606e-01 5.2391e-12 2.8026e-45 0.0000e+00 0.0000e+00 0.0000e+00
2.4868e+04 7.0045e-01 2.9955e-01 1.3699e-12 0.0000e+00 0.0000e+00 0.0000e+00 0.0000e+00
2.5699e+04 7.8578e-01 2.1422e-01 2.8155e-13 0.0000e+00 0.0000e+00 0.0000e+00 0.0000e+00
2.6588e+04 8.2496e-01 1.7504e-01 9.2306e-14 0.0000e+00 0.0000e+00 0.0000e+00 0.0000e+00
2.7638e+04 8.6953e-01 1.3047e-01 1.9130e-14 0.0000e+00 0.0000e+00 0.0000e+00 0.0000e+00
2.8987e+04 9.0729e-01 9.2709e-02 2.6474e-15 0.0000e+00 0.0000e+00 0.0000e+00 0.0000e+00
3.0652e+04 8.5129e-01 1.4871e-01 3.6092e-15 0.0000e+00 0.0000e+00 0.0000e+00 0.0000e+00
3.2516e+04 6.3356e-01 3.6644e-01 1.9259e-14 0.0000e+00 0.0000e+00 0.0000e+00 0.0000e+00
3.4459e+04 1.8808e-01 8.1192e-01 4.7136e-13 0.0000e+00 0.0000e+00 0.0000e+00 0.0000e+00
3.6371e+04 9.1547e-02 9.0845e-01 1.0213e-12 0.0000e+00 0.0000e+00 0.0000e+00 0.0000e+00
3.8150e+04 6.4348e-02 9.3565e-01 1.3103e-12 0.0000e+00 0.0000e+00 0.0000e+00 0.0000e+00
3.9750e+04 4.9170e-02 9.5083e-01 1.6939e-12 0.0000e+00 0.0000e+00 0.0000e+00 0.0000e+00
4.1174e+04 3.3720e-02 9.6628e-01 2.8327e-12 0.0000e+00 0.0000e+00 0.0000e+00 0.0000e+00
4.2468e+04 1.5644e-01 8.4356e-01 5.1767e-14 0.0000e+00 0.0000e+00 0.0000e+00 0.0000e+00
4.3688e+04 8.2441e-02 9.1756e-01 1.5974e-13 0.0000e+00 0.0000e+00 0.0000e+00 0.0000e+00
4.4884e+04 5.2438e-01 4.7562e-01 3.2150e-16 0.0000e+00 0.0000e+00 0.0000e+00 0.0000e+00
4.6084e+04 2.3510e-02 9.7649e-01 1.1490e-12 0.0000e+00 0.0000e+00 0.0000e+00 0.0000e+00
4.7294e+04 3.7850e-01 6.2150e-01 6.6790e-16 0.0000e+00 0.0000e+00 0.0000e+00 0.0000e+00
4.8516e+04 2.0860e-01 7.9140e-01 3.2615e-15 0.0000e+00 0.0000e+00 0.0000e+00 0.0000e+00
4.9754e+04 3.9663e-01 6.0337e-01 2.6523e-16 0.0000e+00 0.0000e+00 0.0000e+00 0.0000e+00
5.1012e+04 4.6894e-01 5.3106e-01 8.8071e-17 0.0000e+00 0.0000e+00 0.0000e+00 0.0000e+00
5.2292e+04 1.0111e-01 8.9889e-01 6.9514e-15 0.0000e+00 0.0000e+00 0.0000e+00 0.0000e+00
5.3596e+04 3.7990e-01 6.2010e-01 1.0678e-16 0.0000e+00 0.0000e+00 0.0000e+00 0.0000e+00
5.4921e+04 9.8650e-01 1.3497e-02 5.3792e-23 0.0000e+00 0.0000e+00 0.0000e+00 0.0000e+00
5.6265e+04 5.4674e-01 4.5326e-01 9.4290e-18 0.0000e+00 0.0000e+00 0.0000e+00 0.0000e+00
5.7622e+04 8.3754e-01 1.6246e-01 1.1288e-19 0.0000e+00 0.0000e+00 0.0000e+00 0.0000e+00
5.8985e+04 5.6990e-04 9.9943e-01 7.8850e-10 7.0065e-45 0.0000e+00 0.0000e+00 0.0000e+00
6.0341e+04 4.3010e-01 5.6990e-01 1.1308e-17 0.0000e+00 0.0000e+00 0.0000e+00 0.0000e+00
6.1676e+04 2.7068e-02 9.7293e-01 1.1082e-14 0.0000e+00 0.0000e+00 0.0000e+00 0.0000e+00
6.2975e+04 2.4097e-02 9.7590e-01 1.0391e-14 0.0000e+00 0.0000e+00 0.0000e+00 0.0000e+00
6.4219e+04 1.2188e-02 9.8781e-01 3.2181e-14 0.0000e+00 0.0000e+00 0.0000e+00 0.0000e+00
6.5388e+04 8.7651e-04 9.9912e-01 1.8639e-11 0.0000e+00 0.0000e+00 0.0000e+00 0.0000e+00
6.6461e+04 1.9477e-03 9.9805e-01 1.2285e-12 0.0000e+00 0.0000e+00 0.0000e+00 0.0000e+00
6.7422e+04 7.1528e-04 9.9928e-01 1.9987e-11 0.0000e+00 0.0000e+00 0.0000e+00 0.0000e+00
6.8257e+04 2.5235e-01 7.4765e-01 1.2774e-17 0.0000e+00 0.0000e+00 0.0000e+00 0.0000e+00
6.8960e+04 1.9481e-01 8.0519e-01 2.3335e-17 0.0000e+00 0.0000e+00 0.0000e+00 0.0000e+00
6.9475e+04 7.4582e-01 2.5418e-01 3.7209e-20 0.0000e+00 0.0000e+00 0.0000e+00 0.0000e+00
6.9758e+04 9.4753e-01 5.2473e-02 1.5121e-22 0.0000e+00 0.0000e+00 0.0000e+00 0.0000e+00
6.9886e+04 9.8181e-01 1.8190e-02 4.4876e-24 0.0000e+00 0.0000e+00 0.0000e+00 0.0000e+00
6.9950e+04 9.8672e-01 1.3285e-02 1.5431e-24 0.0000e+00 0.0000e+00 0.0000e+00 0.0000e+00
6.9982e+04 9.8686e-01 1.3135e-02 1.5592e-24 0.0000e+00 0.0000e+00 0.0000e+00 0.0000e+00
6.9996e+04 9.8511e-01 1.4893e-02 2.0147e-24 0.0000e+00 0.0000e+00 0.0000e+00 0.0000e+00
7.0000e+04 9.7049e-01 2.9513e-02 8.0052e-24 0.0000e+00 0.0000e+00 0.0000e+00 0.0000e+00
#
#TIME: 1.0313
#NVEL: 115
#vel_mid[km/s] si0 si1 si2 si3 si4 si5 si6
4.4010e+02 6.0456e-33 3.3698e-24 2.4084e-15 1.1807e-07 6.8271e-01 3.1727e-01 1.9876e-05
8.8623e+02 3.9490e-25 2.6434e-18 2.3119e-11 1.3837e-05 9.9301e-01 6.9737e-03 6.9810e-09
9.0614e+02 3.9812e-25 2.6620e-18 2.3233e-11 1.3878e-05 9.9310e-01 6.8815e-03 6.7766e-09
9.4442e+02 4.0182e-25 2.6829e-18 2.3360e-11 1.3922e-05 9.9319e-01 6.7937e-03 6.5859e-09
9.9911e+02 4.0029e-25 2.6743e-18 2.3308e-11 1.3904e-05 9.9316e-01 6.8283e-03 6.6606e-09
1.0608e+03 3.9789e-25 2.6613e-18 2.3230e-11 1.3878e-05 9.9312e-01 6.8701e-03 6.7509e-09
1.1257e+03 3.9785e-25 2.6597e-18 2.3218e-11 1.3871e-05 9.9307e-01 6.9123e-03 6.8455e-09
1.1944e+03 3.8660e-25 2.5940e-18 2.2814e-11 1.3725e-05 9.9272e-01 7.2623e-03 7.6440e-09
1.2673e+03 3.4958e-25 2.3767e-18 2.1457e-11 1.3229e-05 9.9138e-01 8.6019e-03 1.1157e-08
1.3448e+03 2.2106e-25 1.6015e-18 1.6286e-11 1.1227e-05 9.8239e-01 1.7600e-02 5.5328e-08
1.4269e+03 8.8463e-26 7.2470e-19 9.3083e-12 7.9814e-06 9.3239e-01 6.7596e-02 1.1696e-06
1.5140e+03 2.8500e-26 2.6902e-19 4.4726e-12 4.8908e-06 7.6724e-01 2.3273e-01 2.2946e-05
1.6065e+03 8.5106e-27 9.1997e-20 1.9181e-12 2.6054e-06 5.2006e-01 4.7975e-01 1.8146e-04
1.7047e+03 2.3915e-27 2.8899e-20 7.3098e-13 1.1968e-06 2.9069e-01 7.0844e-01 8.6720e-04
1.8088e+03 5.1510e-28 6.9959e-21 2.1709e-13 4.3417e-07 1.2850e-01 8.6787e-01 3.6366e-03
1.9193e+03 8.5154e-29 1.3307e-21 5.2033e-14 1.3099e-07 4.8015e-02 9.3791e-01 1.4073e-02
2.0365e+03 1.1659e-29 2.1332e-22 1.0729e-14 3.4832e-08 1.5966e-02 9.3221e-01 5.1825e-02
2.1609e+03 1.3313e-30 2.9112e-23 1.9202e-15 8.2272e-09 4.7636e-03 8.2716e-01 1.6807e-01
2.2929e+03 1.1613e-31 3.1029e-24 2.7321e-16 1.5779e-09 1.1674e-03 5.8433e-01 4.1450e-01
2.4330e+03 7.9982e-33 2.5884e-25 3.0077e-17 2.3219e-10 2.1583e-04 2.9844e-01 7.0134e-01
2.5816e+03 6.2599e-34 2.3778e-26 3.4994e-18 3.4697e-11 3.8922e-05 1.3040e-01 8.6956e-01
2.7393e+03 8.0461e-35 3.4773e-27 6.1671e-19 7.4592e-12 9.6992e-06 6.3689e-02 9.3630e-01
2.9067e+03 1.8807e-35 9.0715e-28 1.8597e-19 2.6212e-12 3.8447e-06 3.9198e-02 9.6080e-01
3.0842e+03 8.1249e-36 4.3517e-28 9.9993e-20 1.5832e-12 2.5858e-06 3.1963e-02 9.6803e-01
3.2726e+03 6.9138e-36 4.0550e-28 1.0035e-19 1.7047e-12 3.0338e-06 3.5149e-02 9.6485e-01
3.4725e+03 1.0496e-35 6.6106e-28 1.6936e-19 2.9532e-12 5.5809e-06 4.9127e-02 9.5087e-01
3.6846e+03 2.6996e-35 1.8198e-27 4.7026e-19 8.1704e-12 1.6206e-05 8.7156e-02 9.1283e-01
3.9097e+03 8.8692e-35 6.5755e-27 1.7275e-18 3.0086e-11 6.3733e-05 1.7800e-01 8.2193e-01
4.1484e+03 2.8740e-34 2.2079e-26 5.6298e-18 9.4253e-11 2.0116e-04 3.1041e-01 6.8939e-01
4.4019e+03 5.9853e-34 4.4384e-26 1.0636e-17 1.6676e-10 3.3925e-04 3.9010e-01 6.0956e-01
4.6708e+03 4.3286e-34 3.3141e-26 8.2598e-18 1.3482e-10 2.8418e-04 3.6224e-01 6.3747e-01
4.9561e+03 1.5791e-34 1.3761e-26 3.9573e-18 7.4658e-11 1.8026e-04 2.9827e-01 7.0155e-01
5.2588e+03 6.4113e-35 6.3543e-27 2.0948e-18 4.5352e-11 1.2499e-04 2.5395e-01 7.4593e-01
5.5800e+03 4.0940e-35 4.3601e-27 1.5470e-18 3.6057e-11 1.0686e-04 2.3704e-01 7.6285e-01
5.9209e+03 3.8878e-35 4.3705e-27 1.6169e-18 3.9232e-11 1.2204e-04 2.5382e-01 7.4606e-01
6.2825e+03 4.6867e-35 5.5392e-27 2.1061e-18 5.2370e-11 1.6944e-04 2.9738e-01 7.0245e-01
6.6663e+03 6.9088e-35 8.3757e-27 3.1820e-18 7.8821e-11 2.5819e-04 3.6031e-01 6.3943e-01
7.0735e+03 1.2272e-34 1.5181e-26 5.6801e-18 1.3809e-10 4.5301e-04 4.5696e-01 5.4259e-01
7.5056e+03 2.5151e-34 3.2529e-26 1.2066e-17 2.8958e-10 9.6338e-04 6.0343e-01 3.9561e-01
7.9641e+03 6.0304e-34 8.0141e-26 2.8700e-17 6.6282e-10 2.1780e-03 7.5783e-01 2.3999e-01
8.4505e+03 1.7879e-33 2.3371e-25 7.6940e-17 1.6308e-09 5.0246e-03 8.7592e-01 1.1906e-01
8.9668e+03 7.4541e-33 9.4357e-25 2.7434e-16 5.1400e-09 1.4243e-02 9.4626e-01 3.9496e-02
9.5145e+03 5.7194e-32 6.8069e-24 1.6314e-15 2.5377e-08 5.8385e-02 9.3478e-01 6.8335e-03
1.0096e+04 9.0338e-31 9.4867e-23 1.6790e-14 1.9649e-07 3.2440e-01 6.7519e-01 4.0697e-04
1.0712e+04 1.2808e-29 1.1101e-21 1.2606e-13 9.7922e-07 9.1413e-01 8.5863e-02 1.1587e-06
1.1367e+04 2.1550e-28 1.3359e-20 7.6896e-13 3.0776e-06 9.9930e-01 6.9248e-04 2.2564e-11
1.2062e+04 1.3252e-26 5.1471e-19 1.2476e-11 1.7615e-05 9.9998e-01 4.4118e-07 1.6849e-18
1.2794e+04 1.8373e-24 4.4110e-17 4.6157e-10 1.6186e-04 9.9984e-01 6.1111e-11 4.1328e-27
1.3528e+04 3.1050e-22 4.9610e-15 2.4115e-08 1.7468e-03 9.9825e-01 5.6167e-15 4.0417e-36
1.4194e+04 1.1328e-19 1.2369e-12 2.5306e-06 2.7365e-02 9.7263e-01 1.3135e-19 0.0000e+00
1.4758e+04 8.4037e-17 6.6894e-10 4.8080e-04 4.7176e-01 5.2776e-01 1.2295e-25 0.0000e+00
1.5240e+04 2.8492e-14 1.3146e-07 2.1417e-02 9.6338e-01 1.5200e-02 6.2644e-34 0.0000e+00
1.5647e+04 6.2838e-12 1.4462e-05 4.1851e-01 5.8140e-01 8.2867e-05 1.6535e-43 0.0000e+00
1.5960e+04 3.0450e-10 2.6629e-04 9.7567e-01 2.4067e-02 1.5999e-08 0.0000e+00 0.0000e+00
1.6187e+04 9.9064e-09 2.7717e-03 9.9698e-01 2.4338e-04 3.4384e-13 0.0000e+00 0.0000e+00
1.6354e+04 3.4461e-07 2.9119e-02 9.7088e-01 1.8910e-06 4.1339e-18 0.0000e+00 0.0000e+00
1.6484e+04 1.6018e-05 3.3337e-01 6.6662e-01 3.8544e-09 3.3266e-24 0.0000e+00 0.0000e+00
1.6593e+04 1.5651e-04 8.9275e-01 1.0709e-01 1.4854e-12 3.5072e-31 0.0000e+00 0.0000e+00
1.6692e+04 4.7557e-04 9.8921e-01 1.0313e-02 6.1216e-16 8.0654e-38 0.0000e+00 0.0000e+00
1.6788e+04 7.4605e-04 9.9622e-01 3.0386e-03 1.0220e-17 2.5079e-41 0.0000e+00 0.0000e+00
1.6888e+04 9.8487e-04 9.9762e-01 1.3935e-03 7.4927e-19 1.4433e-43 0.0000e+00 0.0000e+00
1.6999e+04 1.2515e-03 9.9803e-01 7.1604e-04 8.1235e-20 1.4013e-45 0.0000e+00 0.0000e+00
1.7146e+04 1.6015e-03 9.9804e-01 3.6213e-04 8.3983e-21 0.0000e+00 0.0000e+00 0.0000e+00
1.7416e+04 2.7532e-03 9.9715e-01 9.4160e-05 1.0682e-22 0.0000e+00 0.0000e+00 0.0000e+00
1.7888e+04 6.4101e-03 9.9358e-01 1.2004e-05 1.4142e-25 0.0000e+00 0.0000e+00 0.0000e+00
1.8532e+04 1.8331e-02 9.8167e-01 1.0488e-06 6.4221e-29 0.0000e+00 0.0000e+00 0.0000e+00
1.9260e+04 5.0241e-02 9.4976e-01 9.1128e-08 2.9061e-32 0.0000e+00 0.0000e+00 0.0000e+00
2.0034e+04 1.0786e-01 8.9214e-01 1.1266e-08 3.8799e-35 0.0000e+00 0.0000e+00 0.0000e+00
2.0838e+04 2.1491e-01 7.8509e-01 1.3326e-09 5.1807e-38 0.0000e+00 0.0000e+00 0.0000e+00
2.1648e+04 3.6717e-01 6.3283e-01 1.7059e-10 1.0900e-40 0.0000e+00 0.0000e+00 0.0000e+00
2.2448e+04 5.1743e-01 4.8257e-01 2.5793e-11 4.0357e-43 0.0000e+00 0.0000e+00 0.0000e+00
2.3246e+04 6.4348e-01 3.5652e-01 4.5544e-12 2.8026e-45 0.0000e+00 0.0000e+00 0.0000e+00
2.4052e+04 7.4021e-01 2.5979e-01 9.4747e-13 0.0000e+00 0.0000e+00 0.0000e+00 0.0000e+00
2.4868e+04 8.0115e-01 1.9885e-01 2.6828e-13 0.0000e+00 0.0000e+00 0.0000e+00 0.0000e+00
2.5699e+04 8.4791e-01 1.5209e-01 7.7339e-14 0.0000e+00 0.0000e+00 0.0000e+00 0.0000e+00
2.6588e+04 8.7480e-01 1.2520e-01 2.6973e-14 0.0000e+00 0.0000e+00 0.0000e+00 0.0000e+00
2.7638e+04 8.8747e-01 1.1253e-01 1.0852e-14 0.0000e+00 0.0000e+00 0.0000e+00 0.0000e+00
2.8987e+04 8.8835e-01 1.1165e-01 4.6378e-15 0.0000e+00 0.0000e+00 0.0000e+00 0.0000e+00
3.0652e+04 8.6473e-01 1.3527e-01 2.4493e-15 0.0000e+00 0.0000e+00 0.0000e+00 0.0000e+00
3.2516e+04 7.3091e-01 2.6909e-01 5.2631e-15 0.0000e+00 0.0000e+00 0.0000e+00 0.0000e+00
3.4459e+04 4.8068e-01 5.1932e-01 1.7018e-14 0.0000e+00 0.0000e+00 0.0000e+00 0.0000e+00
3.6371e+04 3.0818e-01 6.9182e-01 3.5132e-14 0.0000e+00 0.0000e+00 0.0000e+00 0.0000e+00
3.8150e+04 3.5617e-01 6.4383e-01 1.1810e-14 0.0000e+00 0.0000e+00 0.0000e+00 0.0000e+00
3.9750e+04 3.4017e-01 6.5983e-01 9.8245e-15 0.0000e+00 0.0000e+00 0.0000e+00 0.0000e+00
4.1174e+04 2.3776e-01 7.6224e-01 2.2716e-14 0.0000e+00 0.0000e+00 0.0000e+00 0.0000e+00
4.2468e+04 4.2236e-01 5.7764e-01 2.0045e-15 0.0000e+00 0.0000e+00 0.0000e+00 0.0000e+00
4.3688e+04 4.9113e-02 9.5089e-01 4.8287e-13 0.0000e+00 0.0000e+00 0.0000e+00 0.0000e+00
4.4884e+04 8.7456e-03 9.9125e-01 1.8243e-11 0.0000e+00 0.0000e+00 0.0000e+00 0.0000e+00
4.6084e+04 1.0696e-01 8.9304e-01 3.6005e-14 0.0000e+00 0.0000e+00 0.0000e+00 0.0000e+00
4.7294e+04 2.3231e-01 7.6769e-01 3.2450e-15 0.0000e+00 0.0000e+00 0.0000e+00 0.0000e+00
4.8516e+04 8.9778e-01 1.0222e-01 2.6087e-19 0.0000e+00 0.0000e+00 0.0000e+00 0.0000e+00
4.9754e+04 8.8914e-01 1.1086e-01 2.3856e-19 0.0000e+00 0.0000e+00 0.0000e+00 0.0000e+00
5.1012e+04 9.6307e-01 3.6929e-02 4.1999e-21 0.0000e+00 0.0000e+00 0.0000e+00 0.0000e+00
5.2292e+04 6.2583e-01 3.7417e-01 1.0721e-17 0.0000e+00 0.0000e+00 0.0000e+00 0.0000e+00
5.3596e+04 4.3208e-01 5.6792e-01 5.8612e-17 0.0000e+00 0.0000e+00 0.0000e+00 0.0000e+00
5.4921e+04 2.0672e-10 1.4510e-02 9.8549e-01 1.2316e-11 3.3341e-32 0.0000e+00 0.0000e+00
5.6265e+04 9.5597e-01 4.4026e-02 1.8207e-21 0.0000e+00 0.0000e+00 0.0000e+00 0.0000e+00
5.7622e+04 1.2857e-02 9.8714e-01 1.3659e-13 0.0000e+00 0.0000e+00 0.0000e+00 0.0000e+00
5.8985e+04 1.7267e-03 9.9827e-01 1.4245e-11 0.0000e+00 0.0000e+00 0.0000e+00 0.0000e+00
6.0341e+04 9.8219e-01 1.7811e-02 3.2756e-23 0.0000e+00 0.0000e+00 0.0000e+00 0.0000e+00
6.1676e+04 1.9078e-02 9.8092e-01 2.1574e-14 0.0000e+00 0.0000e+00 0.0000e+00 0.0000e+00
6.2975e+04 9.7135e-01 2.8647e-02 8.5354e-23 0.0000e+00 0.0000e+00 0.0000e+00 0.0000e+00
6.4219e+04 5.8543e-01 4.1457e-01 8.4175e-19 0.0000e+00 0.0000e+00 0.0000e+00 0.0000e+00
6.5388e+04 8.9526e-03 9.9105e-01 4.3963e-14 0.0000e+00 0.0000e+00 0.0000e+00 0.0000e+00
6.6461e+04 4.9045e-02 9.5096e-01 9.8546e-16 0.0000e+00 0.0000e+00 0.0000e+00 0.0000e+00
6.7422e+04 4.4293e-03 9.9557e-01 1.2541e-13 0.0000e+00 0.0000e+00 0.0000e+00 0.0000e+00
6.8257e+04 8.9786e-01 1.0214e-01 1.7997e-21 0.0000e+00 0.0000e+00 0.0000e+00 0.0000e+00
6.8960e+04 9.4586e-01 5.4143e-02 1.8668e-22 0.0000e+00 0.0000e+00 0.0000e+00 0.0000e+00
6.9475e+04 9.9531e-01 4.6905e-03 4.7617e-26 0.0000e+00 0.0000e+00 0.0000e+00 0.0000e+00
6.9758e+04 9.9681e-01 3.1872e-03 1.2178e-26 0.0000e+00 0.0000e+00 0.0000e+00 0.0000e+00
6.9886e+04 9.8959e-01 1.0411e-02 6.5536e-25 0.0000e+00 0.0000e+00 0.0000e+00 0.0000e+00
6.9950e+04 9.8016e-01 1.9845e-02 5.4972e-24 0.0000e+00 0.0000e+00 0.0000e+00 0.0000e+00
6.9982e+04 9.8159e-01 1.8414e-02 4.5013e-24 0.0000e+00 0.0000e+00 0.0000e+00 0.0000e+00
6.9996e+04 9.8160e-01 1.8396e-02 3.8145e-24 0.0000e+00 0.0000e+00 0.0000e+00 0.0000e+00
7.0000e+04 9.8161e-01 1.8390e-02 1.5738e-24 0.0000e+00 0.0000e+00 0.0000e+00 0.0000e+00
#
#TIME: 1.0543
#NVEL: 115
#vel_mid[km/s] si0 si1 si2 si3 si4 si5 si6
4.4010e+02 7.9770e-33 4.4754e-24 3.0812e-15 1.4626e-07 7.8629e-01 2.1370e-01 6.8611e-06
8.8623e+02 4.3793e-25 2.9560e-18 2.5126e-11 1.4682e-05 9.9550e-01 4.4882e-03 2.5846e-09
9.0614e+02 4.1977e-25 2.8526e-18 2.4512e-11 1.4472e-05 9.9523e-01 4.7510e-03 2.9326e-09
9.4442e+02 4.2924e-25 2.9068e-18 2.4836e-11 1.4583e-05 9.9538e-01 4.6058e-03 2.7373e-09
9.9911e+02 4.2362e-25 2.8747e-18 2.4644e-11 1.4518e-05 9.9530e-01 4.6901e-03 2.8498e-09
1.0608e+03 4.2299e-25 2.8717e-18 2.4627e-11 1.4513e-05 9.9530e-01 4.6892e-03 2.8482e-09
1.1257e+03 4.2158e-25 2.8622e-18 2.4568e-11 1.4489e-05 9.9525e-01 4.7393e-03 2.9171e-09
1.1944e+03 4.1089e-25 2.7985e-18 2.4182e-11 1.4351e-05 9.9503e-01 4.9591e-03 3.2278e-09
1.2673e+03 3.7104e-25 2.5614e-18 2.2725e-11 1.3825e-05 9.9410e-01 5.8864e-03 4.7313e-09
1.3448e+03 2.3277e-25 1.7153e-18 1.7173e-11 1.1705e-05 9.8778e-01 1.2205e-02 2.4084e-08
1.4269e+03 9.2069e-26 7.7064e-19 9.7934e-12 8.3449e-06 9.5111e-01 4.8879e-02 5.4901e-07
1.5140e+03 3.0395e-26 2.9402e-19 4.8561e-12 5.2951e-06 8.1882e-01 1.8116e-01 1.2012e-05
1.6065e+03 9.6556e-27 1.0702e-19 2.2189e-12 3.0060e-06 5.9453e-01 4.0536e-01 1.0485e-04
1.7047e+03 2.8702e-27 3.5578e-20 8.9579e-13 1.4630e-06 3.5369e-01 6.4576e-01 5.4995e-04
1.8088e+03 6.3911e-28 8.9007e-21 2.7512e-13 5.4869e-07 1.6230e-01 8.3521e-01 2.4880e-03
1.9193e+03 1.0762e-28 1.7211e-21 6.6972e-14 1.6777e-07 6.1592e-02 9.2834e-01 1.0070e-02
2.0365e+03 1.4817e-29 2.7710e-22 1.3867e-14 4.4742e-08 2.0592e-02 9.4089e-01 3.8515e-02
2.1609e+03 1.7011e-30 3.8060e-23 2.5035e-15 1.0674e-08 6.2334e-03 8.6195e-01 1.3182e-01
2.2929e+03 1.5283e-31 4.1891e-24 3.6921e-16 2.1279e-09 1.5963e-03 6.4646e-01 3.5195e-01
2.4330e+03 1.0847e-32 3.6128e-25 4.2207e-17 3.2635e-10 3.0929e-04 3.5189e-01 6.4780e-01
2.5816e+03 8.5968e-34 3.3618e-26 4.9816e-18 4.9518e-11 5.6747e-05 1.5849e-01 8.4146e-01
2.7393e+03 1.0963e-34 4.8745e-27 8.7082e-19 1.0561e-11 1.4034e-05 7.7690e-02 9.2230e-01
2.9067e+03 2.5193e-35 1.2502e-27 2.5841e-19 3.6551e-12 5.4823e-06 4.7567e-02 9.5243e-01
3.0842e+03 1.0829e-35 5.9669e-28 1.3827e-19 2.1976e-12 3.6707e-06 3.8722e-02 9.6127e-01
3.2726e+03 9.1725e-36 5.5370e-28 1.3827e-19 2.3593e-12 4.2957e-06 4.2511e-02 9.5748e-01
3.4725e+03 1.3969e-35 9.0592e-28 2.3421e-19 4.1036e-12 7.9339e-06 5.9465e-02 9.4053e-01
3.6846e+03 3.6421e-35 2.5282e-27 6.5880e-19 1.1496e-11 2.3307e-05 1.0572e-01 8.9425e-01
3.9097e+03 1.2381e-34 9.4402e-27 2.4925e-18 4.3471e-11 9.3811e-05 2.1608e-01 7.8383e-01
4.1484e+03 4.0763e-34 3.2151e-26 8.2101e-18 1.3722e-10 2.9718e-04 3.7025e-01 6.2945e-01
4.4019e+03 8.4519e-34 6.4302e-26 1.5410e-17 2.4094e-10 4.9659e-04 4.5748e-01 5.4202e-01
4.6708e+03 6.1639e-34 4.8411e-26 1.2065e-17 1.9634e-10 4.1928e-04 4.2819e-01 5.7139e-01
4.9561e+03 2.2857e-34 2.0431e-26 5.8751e-18 1.1049e-10 2.7035e-04 3.5881e-01 6.4092e-01
5.2588e+03 9.3182e-35 9.4766e-27 3.1260e-18 6.7505e-11 1.8868e-04 3.0855e-01 6.9126e-01
5.5800e+03 5.9751e-35 6.5300e-27 2.3186e-18 5.3905e-11 1.6204e-04 2.8937e-01 7.1047e-01
5.9209e+03 5.6246e-35 6.4913e-27 2.4046e-18 5.8236e-11 1.8378e-04 3.0809e-01 6.9173e-01
6.2825e+03 6.7768e-35 8.2199e-27 3.1270e-18 7.7569e-11 2.5432e-04 3.5795e-01 6.4180e-01
6.6663e+03 9.8940e-35 1.2307e-26 4.6752e-18 1.1551e-10 3.8300e-04 4.2705e-01 5.7256e-01
7.0735e+03 1.7359e-34 2.2015e-26 8.2269e-18 1.9931e-10 6.6058e-04 5.2885e-01 4.7049e-01
7.5056e+03 3.5218e-34 4.6611e-26 1.7216e-17 4.1074e-10 1.3750e-03 6.7363e-01 3.2500e-01
7.9641e+03 8.3040e-34 1.1273e-25 4.0090e-17 9.1853e-10 3.0240e-03 8.1125e-01 1.8573e-01
8.4505e+03 2.4297e-33 3.2402e-25 1.0571e-16 2.2201e-09 6.8252e-03 9.0561e-01 8.7567e-02
8.9668e+03 1.0278e-32 1.3245e-24 3.8014e-16 7.0384e-09 1.9325e-02 9.5323e-01 2.7444e-02
9.5145e+03 7.9646e-32 9.6460e-24 2.2775e-15 3.4998e-08 7.9181e-02 9.1635e-01 4.4661e-03
1.0096e+04 1.1842e-30 1.2656e-22 2.2025e-14 2.5458e-07 4.0874e-01 5.9104e-01 2.2587e-04
1.0712e+04 1.4450e-29 1.2652e-21 1.4000e-13 1.0645e-06 9.4238e-01 5.7618e-02 4.5487e-07
1.1367e+04 2.5359e-28 1.5733e-20 8.7487e-13 3.3693e-06 9.9959e-01 4.0849e-04 6.8944e-12
1.2062e+04 1.6623e-26 6.4534e-19 1.5148e-11 2.0073e-05 9.9998e-01 2.2824e-07 3.8364e-19
1.2794e+04 2.5580e-24 6.1167e-17 6.1689e-10 1.9456e-04 9.9981e-01 2.6439e-11 6.3127e-28
1.3528e+04 4.8034e-22 7.6386e-15 3.5374e-08 2.2106e-03 9.9779e-01 2.0338e-15 4.1531e-37
1.4194e+04 2.0103e-19 2.1850e-12 4.1653e-06 3.6826e-02 9.6317e-01 3.6568e-20 0.0000e+00
1.4758e+04 1.3535e-16 1.0914e-09 7.2520e-04 5.6089e-01 4.3838e-01 2.2863e-26 0.0000e+00
1.5240e+04 4.1184e-14 1.9065e-07 2.8104e-02 9.6170e-01 1.0194e-02 8.4066e-35 0.0000e+00
1.5647e+04 8.3183e-12 1.9344e-05 4.9975e-01 5.0018e-01 4.4313e-05 1.2612e-44 0.0000e+00
1.5960e+04 3.8221e-10 3.2035e-04 9.8384e-01 1.5838e-02 5.8053e-09 0.0000e+00 0.0000e+00
1.6187e+04 1.2809e-08 3.3665e-03 9.9648e-01 1.5301e-04 1.1361e-13 0.0000e+00 0.0000e+00
1.6354e+04 4.4853e-07 3.5277e-02 9.6472e-01 1.1790e-06 1.3518e-18 0.0000e+00 0.0000e+00
1.6484e+04 2.3446e-05 4.1878e-01 5.8119e-01 1.4845e-09 4.1755e-25 0.0000e+00 0.0000e+00
1.6593e+04 1.9753e-04 9.3041e-01 6.9394e-02 3.2919e-13 1.7749e-32 0.0000e+00 0.0000e+00
1.6692e+04 5.8951e-04 9.9368e-01 5.7256e-03 8.4408e-17 1.6062e-39 0.0000e+00 0.0000e+00
1.6788e+04 9.2017e-04 9.9736e-01 1.7191e-03 1.5353e-18 5.9976e-43 0.0000e+00 0.0000e+00
1.6888e+04 1.2269e-03 9.9798e-01 7.8998e-04 1.1645e-19 4.2039e-45 0.0000e+00 0.0000e+00
1.6999e+04 1.6247e-03 9.9800e-01 3.7968e-04 1.0500e-20 0.0000e+00 0.0000e+00 0.0000e+00
1.7146e+04 2.1085e-03 9.9770e-01 1.9030e-04 1.0794e-21 0.0000e+00 0.0000e+00 0.0000e+00
1.7416e+04 3.8051e-03 9.9615e-01 4.5950e-05 1.1271e-23 0.0000e+00 0.0000e+00 0.0000e+00
1.7888e+04 9.1721e-03 9.9082e-01 5.4744e-06 1.2284e-26 0.0000e+00 0.0000e+00 0.0000e+00
1.8532e+04 2.5476e-02 9.7452e-01 4.9737e-07 6.3022e-30 0.0000e+00 0.0000e+00 0.0000e+00
1.9260e+04 7.0786e-02 9.2921e-01 4.0227e-08 2.3598e-33 0.0000e+00 0.0000e+00 0.0000e+00
2.0034e+04 1.6130e-01 8.3870e-01 3.8662e-09 1.5674e-36 0.0000e+00 0.0000e+00 0.0000e+00
2.0838e+04 3.1432e-01 6.8568e-01 3.7138e-10 1.2486e-39 0.0000e+00 0.0000e+00 0.0000e+00
2.1648e+04 5.0337e-01 4.9663e-01 3.7794e-11 1.5624e-42 0.0000e+00 0.0000e+00 0.0000e+00
2.2448e+04 6.6349e-01 3.3651e-01 4.4824e-12 2.8026e-45 0.0000e+00 0.0000e+00 0.0000e+00
2.3246e+04 7.4933e-01 2.5067e-01 1.0075e-12 0.0000e+00 0.0000e+00 0.0000e+00 0.0000e+00
2.4052e+04 8.2802e-01 1.7198e-01 1.9097e-13 0.0000e+00 0.0000e+00 0.0000e+00 0.0000e+00
2.4868e+04 8.6564e-01 1.3436e-01 6.2526e-14 0.0000e+00 0.0000e+00 0.0000e+00 0.0000e+00
2.5699e+04 8.9400e-01 1.0600e-01 2.0957e-14 0.0000e+00 0.0000e+00 0.0000e+00 0.0000e+00
2.6588e+04 9.1255e-01 8.7446e-02 7.5204e-15 0.0000e+00 0.0000e+00 0.0000e+00 0.0000e+00
2.7638e+04 9.0742e-01 9.2577e-02 5.2807e-15 0.0000e+00 0.0000e+00 0.0000e+00 0.0000e+00
2.8987e+04 9.1017e-01 8.9832e-02 2.1005e-15 0.0000e+00 0.0000e+00 0.0000e+00 0.0000e+00
3.0652e+04 9.0164e-01 9.8362e-02 7.8691e-16 0.0000e+00 0.0000e+00 0.0000e+00 0.0000e+00
3.2516e+04 8.1539e-01 1.8461e-01 1.2488e-15 0.0000e+00 0.0000e+00 0.0000e+00 0.0000e+00
3.4459e+04 6.4222e-01 3.5778e-01 2.8372e-15 0.0000e+00 0.0000e+00 0.0000e+00 0.0000e+00
3.6371e+04 3.9286e-01 6.0714e-01 1.3455e-14 0.0000e+00 0.0000e+00 0.0000e+00 0.0000e+00
3.8150e+04 2.8083e-01 7.1917e-01 2.5290e-14 0.0000e+00 0.0000e+00 0.0000e+00 0.0000e+00
3.9750e+04 4.2530e-01 5.7470e-01 3.8075e-15 0.0000e+00 0.0000e+00 0.0000e+00 0.0000e+00
4.1174e+04 5.4239e-01 4.5761e-01 8.1410e-16 0.0000e+00 0.0000e+00 0.0000e+00 0.0000e+00
4.2468e+04 6.8308e-01 3.1692e-01 1.0819e-16 0.0000e+00 0.0000e+00 0.0000e+00 0.0000e+00
4.3688e+04 5.0207e-01 4.9793e-01 5.4318e-16 0.0000e+00 0.0000e+00 0.0000e+00 0.0000e+00
4.4884e+04 6.1835e-02 9.3817e-01 1.7631e-13 0.0000e+00 0.0000e+00 0.0000e+00 0.0000e+00
