#NTIMES: 200
#NSTAGES: 7
#TIMES[d]: 0.9869 1.0089 1.0313 1.0543 1.0778 1.1018 1.1263 1.1514 1.1771 1.2033 1.2301 1.2575 1.2855 1.3142 1.3434 1.3734 1.4039 1.4352 1.4672 1.4999 1.5333 1.5674 1.6024 1.6381 1.6745 1.7118 1.7500 1.7890 1.8288 1.8696 1.9112 1.9538 1.9973 2.0418 2.0873 2.1338 2.1813 2.2299 2.2796 2.3303 2.3823 2.4353 2.4896 2.5450 2.6017 2.6597 2.7189 2.7795 2.8414 2.9047 2.9694 3.0356 3.1032 3.1723 3.2430 3.3152 3.3891 3.4646 3.5417 3.6206 3.7013 3.7837 3.8680 3.9542 4.0423 4.1323 4.2244 4.3185 4.4147 4.5130 4.6135 4.7163 4.8214 4.9288 5.0386 5.1508 5.2655 5.3828 5.5028 5.6253 5.7506 5.8787 6.0097 6.1436 6.2804 6.4203 6.5633 6.7096 6.8590 7.0118 7.1680 7.3277 7.4909 7.6578 7.8284 8.0028 8.1810 8.3633 8.5496 8.7400 8.9347 9.1337 9.3372 9.5452 9.7578 9.9752 10.1974 10.4246 10.6568 10.8942 11.1368 11.3849 11.6385 11.8978 12.1628 12.4338 12.7108 12.9939 13.2834 13.5793 13.8818 14.1910 14.5071 14.8303 15.1606 15.4983 15.8436 16.1965 16.5573 16.9261 17.3032 17.6886 18.0827 18.4855 18.8973 19.3182 19.7486 20.1885 20.6382 21.0979 21.5679 22.0484 22.5395 23.0416 23.5549 24.0796 24.6160 25.1644 25.7249 26.2980 26.8838 27.4826 28.0949 28.7207 29.3605 30.0145 30.6831 31.3666 32.0654 32.7796 33.5098 34.2563 35.0194 35.7995 36.5970 37.4122 38.2456 39.0976 39.9685 40.8589 41.7690 42.6995 43.6507 44.6230 45.6171 46.6332 47.6720 48.7340 49.8196 50.9294 52.0639 53.2236 54.4093 55.6213 56.8603 58.1269 59.4218 60.7455 62.0986 63.4819 64.8961 66.3417 67.8195 69.3303 70.8747 72.4535 74.0675 75.7174 77.4041 79.1284
#
#TIME: 0.9869
#NVEL: 115
#vel_mid[km/s] al0 al1 al2 al3 al4 al5 al6
4.4010e+02 1.2915e-29 2.8020e-20 7.3865e-12 2.1887e-04 2.2830e-01 7.7115e-01 3.2948e-04
8.8623e+02 2.6378e-21 6.7300e-14 2.0864e-07 7.2707e-02 8.9186e-01 3.5429e-02 1.7802e-07
9.0614e+02 2.6331e-21 6.7211e-14 2.0846e-07 7.2676e-02 8.9188e-01 3.5445e-02 1.7818e-07
9.4442e+02 2.6331e-21 6.7212e-14 2.0846e-07 7.2676e-02 8.9188e-01 3.5445e-02 1.7818e-07
9.9911e+02 2.6295e-21 6.7132e-14 2.0826e-07 7.2617e-02 8.9190e-01 3.5483e-02 1.7860e-07
1.0608e+03 2.6139e-21 6.6800e-14 2.0744e-07 7.2396e-02 8.9198e-01 3.5623e-02 1.8012e-07
1.1257e+03 2.5890e-21 6.6193e-14 2.0570e-07 7.1800e-02 8.9217e-01 3.6028e-02 1.8469e-07
1.1944e+03 2.4816e-21 6.3703e-14 1.9892e-07 6.9629e-02 8.9283e-01 3.7541e-02 2.0218e-07
1.2673e+03 2.0747e-21 5.4222e-14 1.7294e-07 6.1349e-02 8.9433e-01 4.4317e-02 2.9164e-07
1.3448e+03 9.6712e-22 2.7333e-14 9.5573e-08 3.5947e-02 8.7962e-01 8.4427e-02 1.2431e-06
1.4269e+03 1.9083e-22 6.2774e-15 2.6317e-08 1.1031e-02 7.3548e-01 2.5347e-01 1.7704e-05
1.5140e+03 2.5030e-23 9.7607e-16 5.0185e-09 2.3714e-03 4.4042e-01 5.5702e-01 1.8874e-04
1.6065e+03 3.5468e-24 1.6198e-16 1.0035e-09 5.3234e-04 2.2195e-01 7.7662e-01 9.0010e-04
1.7047e+03 5.6501e-25 2.9427e-17 2.1358e-10 1.2417e-04 1.0481e-01 8.9204e-01 3.0314e-03
1.8088e+03 7.5736e-26 4.5280e-18 3.8867e-11 2.4827e-05 4.3859e-02 9.4621e-01 9.9071e-03
1.9193e+03 8.2866e-27 5.8261e-19 6.0730e-12 4.3554e-06 1.6705e-02 9.5122e-01 3.2074e-02
2.0365e+03 7.6636e-28 6.4424e-20 8.3089e-13 6.7934e-07 5.7938e-03 8.9426e-01 9.9946e-02
2.1609e+03 5.8264e-29 5.9682e-21 9.7109e-14 9.2431e-08 1.7530e-03 7.3041e-01 2.6784e-01
2.2929e+03 3.3731e-30 4.2958e-22 8.9903e-15 1.0217e-08 4.2321e-04 4.6335e-01 5.3623e-01
2.4330e+03 1.6269e-31 2.5524e-23 6.8060e-16 9.2087e-10 8.0414e-05 2.2270e-01 7.7722e-01
2.5816e+03 1.0023e-32 1.8744e-24 6.1406e-17 9.6753e-11 1.6012e-05 9.9096e-02 9.0089e-01
2.7393e+03 1.1184e-33 2.4066e-25 9.2825e-18 1.6638e-11 4.4537e-06 5.0673e-02 9.4932e-01
2.9067e+03 2.4303e-34 5.8732e-26 2.5806e-18 5.1762e-12 1.9067e-06 3.2339e-02 9.6766e-01
3.0842e+03 1.0393e-34 2.7922e-26 1.3689e-18 3.0511e-12 1.3164e-06 2.6709e-02 9.7329e-01
3.2726e+03 9.3307e-35 2.7340e-26 1.4517e-18 3.5327e-12 1.5061e-06 2.9020e-02 9.7098e-01
3.4725e+03 1.5770e-34 4.9214e-26 2.7414e-18 7.1381e-12 2.6029e-06 3.9383e-02 9.6061e-01
3.6846e+03 4.6605e-34 1.5391e-25 8.8596e-18 2.4732e-11 6.7032e-06 6.6105e-02 9.3389e-01
3.9097e+03 1.8350e-33 6.5723e-25 3.9785e-17 1.2352e-10 2.2564e-05 1.2684e-01 8.7313e-01
4.1484e+03 7.0467e-33 2.5866e-24 1.5650e-16 5.1087e-10 6.4114e-05 2.1625e-01 7.8368e-01
4.4019e+03 1.6041e-32 5.6576e-24 3.2557e-16 1.0329e-09 1.0553e-04 2.7427e-01 7.2562e-01
4.6708e+03 1.1173e-32 4.0759e-24 2.4331e-16 7.9579e-10 8.8184e-05 2.5250e-01 7.4741e-01
4.9561e+03 3.8522e-33 1.6033e-24 1.0977e-16 4.0726e-10 5.6018e-05 2.0475e-01 7.9519e-01
5.2588e+03 1.4806e-33 7.0262e-25 5.5022e-17 2.3191e-10 3.8340e-05 1.7142e-01 8.2854e-01
5.5800e+03 9.5325e-34 4.8573e-25 4.0861e-17 1.8484e-10 3.3035e-05 1.6004e-01 8.3993e-01
5.9209e+03 9.4663e-34 5.0767e-25 4.4732e-17 2.1412e-10 3.7234e-05 1.7097e-01 8.2900e-01
6.2825e+03 1.2347e-33 6.9286e-25 6.3317e-17 3.2031e-10 5.0463e-05 2.0014e-01 7.9981e-01
6.6663e+03 2.0054e-33 1.1481e-24 1.0597e-16 5.5351e-10 7.5310e-05 2.4419e-01 7.5573e-01
7.0735e+03 4.1148e-33 2.3866e-24 2.2017e-16 1.1846e-09 1.3019e-04 3.1670e-01 6.8317e-01
7.5056e+03 1.0575e-32 6.3473e-24 5.9404e-16 3.3934e-09 2.7441e-04 4.3990e-01 5.5983e-01
7.9641e+03 3.3955e-32 2.0687e-23 1.9205e-15 1.1486e-08 6.2933e-04 6.0044e-01 3.9893e-01
8.4505e+03 1.3934e-31 8.2357e-23 7.2383e-15 4.3455e-08 1.4805e-03 7.6205e-01 2.3647e-01
8.9668e+03 8.7780e-31 4.9261e-22 3.9795e-14 2.3769e-07 4.1502e-03 8.9961e-01 9.6240e-02
9.5145e+03 1.1678e-29 5.9820e-21 4.2203e-13 2.4555e-06 1.5927e-02 9.6263e-01 2.1438e-02
1.0096e+04 4.7430e-28 2.0504e-19 1.1547e-11 6.1578e-05 9.4714e-02 9.0313e-01 2.0976e-03
1.0712e+04 5.8958e-26 1.9714e-17 8.0273e-10 3.6548e-03 6.3280e-01 3.6351e-01 2.7064e-05
1.1367e+04 9.1998e-24 1.9814e-15 4.8932e-08 1.5505e-01 8.3935e-01 5.5933e-03 1.7858e-09
1.2062e+04 4.2259e-22 4.7983e-14 6.3054e-07 9.7127e-01 2.8727e-02 2.3301e-07 2.0014e-17
1.2794e+04 4.6325e-21 2.6473e-13 1.9234e-06 9.9994e-01 5.5502e-05 1.3723e-13 5.6661e-28
1.3528e+04 5.3094e-20 1.6781e-12 7.0150e-06 9.9999e-01 8.0083e-08 4.3078e-20 5.5088e-39
1.4194e+04 8.9790e-19 1.6805e-11 3.4723e-05 9.9997e-01 4.4687e-11 1.5538e-27 0.0000e+00
1.4758e+04 2.7741e-17 3.5186e-10 2.6780e-04 9.9973e-01 3.7787e-15 7.4495e-37 0.0000e+00
1.5240e+04 3.1179e-15 2.4478e-08 3.8683e-03 9.9613e-01 5.0998e-20 0.0000e+00 0.0000e+00
1.5647e+04 6.3171e-13 2.9550e-06 7.0408e-02 9.2959e-01 3.1706e-25 0.0000e+00 0.0000e+00
1.5960e+04 1.1127e-10 2.8273e-04 6.9829e-01 3.0143e-01 1.5379e-31 0.0000e+00 0.0000e+00
1.6187e+04 3.8880e-09 5.3511e-03 9.8602e-01 8.6252e-03 7.7340e-40 0.0000e+00 0.0000e+00
1.6354e+04 1.2066e-07 8.9046e-02 9.1085e-01 1.0138e-04 0.0000e+00 0.0000e+00 0.0000e+00
1.6484e+04 1.9107e-06 7.0216e-01 2.9784e-01 2.6262e-07 0.0000e+00 0.0000e+00 0.0000e+00
1.6593e+04 4.7054e-06 9.7584e-01 2.4154e-02 2.5887e-10 0.0000e+00 0.0000e+00 0.0000e+00
1.6692e+04 7.2907e-06 9.9729e-01 2.7006e-03 8.8441e-13 0.0000e+00 0.0000e+00 0.0000e+00
1.6788e+04 9.1152e-06 9.9942e-01 5.7121e-04 1.5101e-14 0.0000e+00 0.0000e+00 0.0000e+00
1.6888e+04 1.0583e-05 9.9981e-01 1.7870e-04 7.0794e-16 0.0000e+00 0.0000e+00 0.0000e+00
1.6999e+04 1.2177e-05 9.9992e-01 6.5117e-05 4.9849e-17 0.0000e+00 0.0000e+00 0.0000e+00
1.7146e+04 1.4186e-05 9.9996e-01 2.3888e-05 3.6004e-18 0.0000e+00 0.0000e+00 0.0000e+00
1.7416e+04 1.8375e-05 9.9998e-01 5.5684e-06 8.1194e-20 0.0000e+00 0.0000e+00 0.0000e+00
1.7888e+04 3.2170e-05 9.9997e-01 4.1145e-07 9.8133e-23 0.0000e+00 0.0000e+00 0.0000e+00
1.8532e+04 6.4688e-05 9.9994e-01 2.3494e-08 6.4482e-26 0.0000e+00 0.0000e+00 0.0000e+00
1.9260e+04 1.1945e-04 9.9988e-01 1.6754e-09 7.2838e-29 0.0000e+00 0.0000e+00 0.0000e+00
2.0034e+04 2.0305e-04 9.9980e-01 1.4159e-10 1.2295e-31 0.0000e+00 0.0000e+00 0.0000e+00
2.0838e+04 3.2598e-04 9.9967e-01 1.4719e-11 3.5034e-34 0.0000e+00 0.0000e+00 0.0000e+00
2.1648e+04 5.0708e-04 9.9949e-01 1.8488e-12 1.6372e-36 0.0000e+00 0.0000e+00 0.0000e+00
2.2448e+04 7.2496e-04 9.9928e-01 2.6645e-13 1.0470e-38 0.0000e+00 0.0000e+00 0.0000e+00
2.3246e+04 9.8863e-04 9.9901e-01 4.3399e-14 9.0396e-41 0.0000e+00 0.0000e+00 0.0000e+00
2.4052e+04 1.3236e-03 9.9868e-01 8.2153e-15 1.1631e-42 0.0000e+00 0.0000e+00 0.0000e+00
2.4868e+04 1.6877e-03 9.9831e-01 1.9605e-15 2.6625e-44 0.0000e+00 0.0000e+00 0.0000e+00
2.5699e+04 1.9847e-03 9.9802e-01 5.8815e-16 1.4013e-45 0.0000e+00 0.0000e+00 0.0000e+00
2.6588e+04 2.1653e-03 9.9783e-01 1.8655e-16 0.0000e+00 0.0000e+00 0.0000e+00 0.0000e+00
2.7638e+04 2.4357e-03 9.9756e-01 3.6560e-17 0.0000e+00 0.0000e+00 0.0000e+00 0.0000e+00
2.8987e+04 3.0109e-03 9.9699e-01 2.6980e-18 0.0000e+00 0.0000e+00 0.0000e+00 0.0000e+00
3.0652e+04 1.6386e-03 9.9836e-01 1.3854e-18 0.0000e+00 0.0000e+00 0.0000e+00 0.0000e+00
3.2516e+04 4.9824e-04 9.9950e-01 1.9675e-18 0.0000e+00 0.0000e+00 0.0000e+00 0.0000e+00
3.4459e+04 1.0213e-04 9.9990e-01 9.1230e-18 0.0000e+00 0.0000e+00 0.0000e+00 0.0000e+00
3.6371e+04 2.9811e-05 9.9997e-01 5.0946e-17 0.0000e+00 0.0000e+00 0.0000e+00 0.0000e+00
3.8150e+04 1.2548e-05 9.9999e-01 2.4705e-16 0.0000e+00 0.0000e+00 0.0000e+00 0.0000e+00
3.9750e+04 8.3335e-06 9.9999e-01 4.4621e-16 0.0000e+00 0.0000e+00 0.0000e+00 0.0000e+00
4.1174e+04 7.6603e-06 9.9999e-01 2.8014e-16 0.0000e+00 0.0000e+00 0.0000e+00 0.0000e+00
4.2468e+04 9.5635e-06 9.9999e-01 5.6068e-17 0.0000e+00 0.0000e+00 0.0000e+00 0.0000e+00
4.3688e+04 1.6016e-05 9.9998e-01 4.2732e-18 0.0000e+00 0.0000e+00 0.0000e+00 0.0000e+00
4.4884e+04 3.1596e-05 9.9997e-01 1.8787e-19 0.0000e+00 0.0000e+00 0.0000e+00 0.0000e+00
4.6084e+04 5.9516e-05 9.9994e-01 9.5126e-21 0.0000e+00 0.0000e+00 0.0000e+00 0.0000e+00
4.7294e+04 5.4190e-05 9.9995e-01 5.7235e-21 0.0000e+00 0.0000e+00 0.0000e+00 0.0000e+00
4.8516e+04 4.2483e-05 9.9996e-01 5.8152e-21 0.0000e+00 0.0000e+00 0.0000e+00 0.0000e+00
4.9754e+04 3.2507e-05 9.9997e-01 6.4550e-21 0.0000e+00 0.0000e+00 0.0000e+00 0.0000e+00
5.1012e+04 2.4355e-05 9.9998e-01 7.7053e-21 0.0000e+00 0.0000e+00 0.0000e+00 0.0000e+00
5.2292e+04 1.8116e-05 9.9998e-01 9.4536e-21 0.0000e+00 0.0000e+00 0.0000e+00 0.0000e+00
5.3596e+04 1.3435e-05 9.9999e-01 1.1656e-20 0.0000e+00 0.0000e+00 0.0000e+00 0.0000e+00
5.4921e+04 9.9514e-06 9.9999e-01 1.4453e-20 0.0000e+00 0.0000e+00 0.0000e+00 0.0000e+00
5.6265e+04 7.3634e-06 9.9999e-01 1.7976e-20 0.0000e+00 0.0000e+00 0.0000e+00 0.0000e+00
5.7622e+04 5.4480e-06 9.9999e-01 2.2406e-20 0.0000e+00 0.0000e+00 0.0000e+00 0.0000e+00
5.8985e+04 4.0478e-06 1.0000e+00 2.7805e-20 0.0000e+00 0.0000e+00 0.0000e+00 0.0000e+00
6.0341e+04 3.0210e-06 1.0000e+00 3.4504e-20 0.0000e+00 0.0000e+00 0.0000e+00 0.0000e+00
6.1676e+04 2.2799e-06 1.0000e+00 4.2332e-20 0.0000e+00 0.0000e+00 0.0000e+00 0.0000e+00
6.2975e+04 1.7388e-06 1.0000e+00 5.1625e-20 0.0000e+00 0.0000e+00 0.0000e+00 0.0000e+00
6.4219e+04 1.3478e-06 1.0000e+00 6.2226e-20 0.0000e+00 0.0000e+00 0.0000e+00 0.0000e+00
6.5388e+04 1.0657e-06 1.0000e+00 7.3856e-20 0.0000e+00 0.0000e+00 0.0000e+00 0.0000e+00
6.6461e+04 8.6196e-07 1.0000e+00 8.6098e-20 0.0000e+00 0.0000e+00 0.0000e+00 0.0000e+00
6.7422e+04 7.1511e-07 1.0000e+00 9.8532e-20 0.0000e+00 0.0000e+00 0.0000e+00 0.0000e+00
6.8257e+04 6.0966e-07 1.0000e+00 1.1050e-19 0.0000e+00 0.0000e+00 0.0000e+00 0.0000e+00
6.8960e+04 5.3398e-07 1.0000e+00 1.2177e-19 0.0000e+00 0.0000e+00 0.0000e+00 0.0000e+00
6.9475e+04 4.8040e-07 1.0000e+00 1.3124e-19 0.0000e+00 0.0000e+00 0.0000e+00 0.0000e+00
6.9758e+04 4.5908e-07 1.0000e+00 1.3540e-19 0.0000e+00 0.0000e+00 0.0000e+00 0.0000e+00
6.9886e+04 4.5326e-07 1.0000e+00 1.3617e-19 0.0000e+00 0.0000e+00 0.0000e+00 0.0000e+00
6.9950e+04 4.4474e-07 1.0000e+00 1.3779e-19 0.0000e+00 0.0000e+00 0.0000e+00 0.0000e+00
6.9982e+04 4.6797e-07 1.0000e+00 1.3033e-19 0.0000e+00 0.0000e+00 0.0000e+00 0.0000e+00
6.9996e+04 3.9809e-07 1.0000e+00 1.5249e-19 0.0000e+00 0.0000e+00 0.0000e+00 0.0000e+00
7.0000e+04 1.6466e-07 1.0000e+00 3.6866e-19 0.0000e+00 0.0000e+00 0.0000e+00 0.0000e+00
#
#TIME: 1.0089
#NVEL: 115
#vel_mid[km/s] al0 al1 al2 al3 al4 al5 al6
4.4010e+02 9.4829e-30 2.1935e-20 6.1653e-12 1.9476e-04 2.1689e-01 7.8255e-01 3.5730e-04
8.8623e+02 1.6567e-21 4.6226e-14 1.5724e-07 5.9642e-02 8.9522e-01 4.5139e-02 2.9870e-07
9.0614e+02 1.6756e-21 4.6702e-14 1.5865e-07 6.0129e-02 8.9520e-01 4.4669e-02 2.9184e-07
9.4442e+02 1.6775e-21 4.6749e-14 1.5878e-07 6.0173e-02 8.9520e-01 4.4627e-02 2.9124e-07
9.9911e+02 1.6801e-21 4.6813e-14 1.5897e-07 6.0238e-02 8.9520e-01 4.4566e-02 2.9035e-07
1.0608e+03 1.6642e-21 4.6436e-14 1.5793e-07 5.9914e-02 8.9522e-01 4.4868e-02 2.9468e-07
1.1257e+03 1.6543e-21 4.6160e-14 1.5702e-07 5.9556e-02 8.9522e-01 4.5226e-02 2.9999e-07
1.1944e+03 1.5811e-21 4.4303e-14 1.5147e-07 5.7624e-02 8.9520e-01 4.7179e-02 3.2956e-07
1.2673e+03 1.3293e-21 3.7880e-14 1.3213e-07 5.0889e-02 8.9396e-01 5.5150e-02 4.6692e-07
1.3448e+03 6.1753e-22 1.8999e-14 7.2545e-08 2.9567e-02 8.6743e-01 1.0300e-01 1.9365e-06
1.4269e+03 1.1919e-22 4.2565e-15 1.9439e-08 8.8010e-03 6.9721e-01 2.9396e-01 2.5870e-05
1.5140e+03 1.4842e-23 6.2775e-16 3.5135e-09 1.7909e-03 3.9328e-01 6.0467e-01 2.5618e-04
1.6065e+03 2.0403e-24 1.0101e-16 6.8095e-10 3.8942e-04 1.9104e-01 8.0741e-01 1.1609e-03
1.7047e+03 3.2174e-25 1.8162e-17 1.4340e-10 8.9862e-05 8.8818e-02 9.0730e-01 3.7947e-03
1.8088e+03 4.2795e-26 2.7757e-18 2.5945e-11 1.7882e-05 3.6881e-02 9.5091e-01 1.2186e-02
1.9193e+03 4.6510e-27 3.5527e-19 4.0384e-12 3.1300e-06 1.3977e-02 9.4715e-01 3.8871e-02
2.0365e+03 4.2456e-28 3.8813e-20 5.4641e-13 4.8339e-07 4.7878e-03 8.7652e-01 1.1870e-01
2.1609e+03 3.1543e-29 3.5119e-21 6.2339e-14 6.4195e-08 1.4084e-03 6.9265e-01 3.0594e-01
2.2929e+03 1.7794e-30 2.4577e-22 5.5983e-15 6.8730e-09 3.2718e-04 4.1970e-01 5.7997e-01
2.4330e+03 8.4349e-32 1.4325e-23 4.1491e-16 6.0584e-10 6.0431e-05 1.9477e-01 8.0517e-01
2.5816e+03 5.1046e-33 1.0342e-24 3.6833e-17 6.2746e-11 1.1840e-05 8.5145e-02 9.1484e-01
2.7393e+03 5.6089e-34 1.3097e-25 5.5011e-18 1.0688e-11 3.2636e-06 4.3182e-02 9.5681e-01
2.9067e+03 1.2042e-34 3.1620e-26 1.5148e-18 3.3000e-12 1.3881e-06 2.7428e-02 9.7257e-01
3.0842e+03 5.0953e-35 1.4886e-26 7.9649e-19 1.9300e-12 9.5255e-07 2.2571e-02 9.7743e-01
3.2726e+03 4.5078e-35 1.4374e-26 8.3369e-19 2.2062e-12 1.0799e-06 2.4407e-02 9.7559e-01
3.4725e+03 7.5283e-35 2.5574e-26 1.5568e-18 4.4060e-12 1.8518e-06 3.3008e-02 9.6699e-01
3.6846e+03 2.2385e-34 8.0399e-26 5.0530e-18 1.5301e-11 4.7843e-06 5.5612e-02 9.4438e-01
3.9097e+03 9.0940e-34 3.5346e-25 2.3306e-17 7.8253e-11 1.6436e-05 1.0836e-01 8.9162e-01
4.1484e+03 3.6454e-33 1.4491e-24 9.5266e-17 3.3556e-10 4.8134e-05 1.8894e-01 8.1101e-01
4.4019e+03 8.4430e-33 3.2229e-24 2.0138e-16 6.8896e-10 8.0320e-05 2.4239e-01 7.5753e-01
4.6708e+03 5.8828e-33 2.3224e-24 1.5051e-16 5.3081e-10 6.7047e-05 2.2264e-01 7.7730e-01
4.9561e+03 2.0085e-33 9.0490e-25 6.7275e-17 2.6922e-10 4.2227e-05 1.7909e-01 8.2087e-01
5.2588e+03 7.7474e-34 3.9778e-25 3.3810e-17 1.5367e-10 2.8907e-05 1.4957e-01 8.5041e-01
5.5800e+03 4.9248e-34 2.7166e-25 2.4820e-17 1.2113e-10 2.4697e-05 1.3891e-01 8.6107e-01
5.9209e+03 4.8646e-34 2.8249e-25 2.7042e-17 1.3964e-10 2.7754e-05 1.4830e-01 8.5167e-01
6.2825e+03 6.3699e-34 3.8699e-25 3.8415e-17 2.0959e-10 3.7755e-05 1.7433e-01 8.2563e-01
6.6663e+03 1.0391e-33 6.4410e-25 6.4581e-17 3.6374e-10 5.6636e-05 2.1402e-01 7.8593e-01
7.0735e+03 2.1474e-33 1.3487e-24 1.3519e-16 7.8430e-10 9.8780e-05 2.8050e-01 7.1941e-01
7.5056e+03 5.6286e-33 3.6589e-24 3.7209e-16 2.2921e-09 2.1250e-04 3.9775e-01 6.0204e-01
7.9641e+03 1.8537e-32 1.2235e-23 1.2346e-15 7.9639e-09 5.0061e-04 5.5810e-01 4.4140e-01
8.4505e+03 7.8193e-32 5.0079e-23 4.7842e-15 3.0986e-08 1.2118e-03 7.2924e-01 2.6955e-01
8.9668e+03 5.0353e-31 3.0627e-22 2.6897e-14 1.7335e-07 3.4799e-03 8.8364e-01 1.1288e-01
9.5145e+03 6.8190e-30 3.7833e-21 2.8989e-13 1.8192e-06 1.3566e-02 9.6086e-01 2.5568e-02
1.0096e+04 2.8153e-28 1.3163e-19 8.0370e-12 4.6179e-05 8.1761e-02 9.1564e-01 2.5491e-03
1.0712e+04 3.7496e-26 1.3583e-17 6.0036e-10 2.9526e-03 5.9299e-01 4.0402e-01 3.6485e-05
1.1367e+04 6.2599e-24 1.4644e-15 3.9313e-08 1.3522e-01 8.5791e-01 6.8703e-03 2.7029e-09
1.2062e+04 3.2727e-22 4.0355e-14 5.7525e-07 9.6603e-01 3.3965e-02 3.3736e-07 3.6560e-17
1.2794e+04 3.5819e-21 2.2237e-13 1.7520e-06 9.9993e-01 6.7282e-05 2.0892e-13 1.1232e-27
1.3528e+04 4.0827e-20 1.4000e-12 6.3548e-06 9.9999e-01 9.8616e-08 6.7974e-20 1.1607e-38
1.4194e+04 6.8902e-19 1.3948e-11 3.1367e-05 9.9997e-01 5.5431e-11 2.4928e-27 0.0000e+00
1.4758e+04 2.1389e-17 2.9113e-10 2.4133e-04 9.9976e-01 4.8137e-15 1.2720e-36 0.0000e+00
1.5240e+04 2.2464e-15 1.9052e-08 3.3642e-03 9.9664e-01 7.4261e-20 0.0000e+00 0.0000e+00
1.5647e+04 4.7376e-13 2.3636e-06 6.2375e-02 9.3762e-01 4.6027e-25 0.0000e+00 0.0000e+00
1.5960e+04 8.5138e-11 2.3415e-04 6.6120e-01 3.3857e-01 2.8341e-31 0.0000e+00 0.0000e+00
1.6187e+04 3.0832e-09 4.6084e-03 9.8496e-01 1.0430e-02 1.6668e-39 0.0000e+00 0.0000e+00
1.6354e+04 8.4268e-08 6.9622e-02 9.3023e-01 1.4959e-04 0.0000e+00 0.0000e+00 0.0000e+00
1.6484e+04 1.5175e-06 6.3227e-01 3.6773e-01 5.0570e-07 0.0000e+00 0.0000e+00 0.0000e+00
1.6593e+04 4.2792e-06 9.7113e-01 2.8865e-02 3.9658e-10 0.0000e+00 0.0000e+00 0.0000e+00
1.6692e+04 7.4012e-06 9.9795e-01 2.0397e-03 4.1634e-13 0.0000e+00 0.0000e+00 0.0000e+00
1.6788e+04 9.0101e-06 9.9951e-01 4.8546e-04 9.6120e-15 0.0000e+00 0.0000e+00 0.0000e+00
1.6888e+04 1.0178e-05 9.9981e-01 1.7665e-04 6.6670e-16 0.0000e+00 0.0000e+00 0.0000e+00
1.6999e+04 1.1039e-05 9.9990e-01 8.4188e-05 9.3577e-17 0.0000e+00 0.0000e+00 0.0000e+00
1.7146e+04 1.2103e-05 9.9995e-01 3.8180e-05 1.1544e-17 0.0000e+00 0.0000e+00 0.0000e+00
1.7416e+04 1.6129e-05 9.9998e-01 7.5202e-06 1.6782e-19 0.0000e+00 0.0000e+00 0.0000e+00
1.7888e+04 2.7120e-05 9.9997e-01 6.1566e-07 2.6084e-22 0.0000e+00 0.0000e+00 0.0000e+00
1.8532e+04 5.4104e-05 9.9995e-01 3.6182e-08 1.8450e-25 0.0000e+00 0.0000e+00 0.0000e+00
1.9260e+04 1.0070e-04 9.9990e-01 2.5168e-09 1.9587e-28 0.0000e+00 0.0000e+00 0.0000e+00
2.0034e+04 1.6256e-04 9.9984e-01 2.5135e-10 5.0318e-31 0.0000e+00 0.0000e+00 0.0000e+00
2.0838e+04 2.6298e-04 9.9974e-01 2.5989e-11 1.4214e-33 0.0000e+00 0.0000e+00 0.0000e+00
2.1648e+04 3.9600e-04 9.9960e-01 3.7600e-12 9.5588e-36 0.0000e+00 0.0000e+00 0.0000e+00
2.2448e+04 5.6074e-04 9.9944e-01 5.7779e-13 7.2392e-38 0.0000e+00 0.0000e+00 0.0000e+00
2.3246e+04 7.3080e-04 9.9927e-01 1.1193e-13 9.7296e-40 0.0000e+00 0.0000e+00 0.0000e+00
2.4052e+04 9.2972e-04 9.9907e-01 2.5189e-14 1.9370e-41 0.0000e+00 0.0000e+00 0.0000e+00
2.4868e+04 1.1357e-03 9.9886e-01 6.8655e-15 6.3339e-43 0.0000e+00 0.0000e+00 0.0000e+00
2.5699e+04 1.4438e-03 9.9856e-01 1.5507e-15 1.2612e-44 0.0000e+00 0.0000e+00 0.0000e+00
2.6588e+04 1.5580e-03 9.9844e-01 5.0931e-16 0.0000e+00 0.0000e+00 0.0000e+00 0.0000e+00
2.7638e+04 1.7234e-03 9.9828e-01 1.0680e-16 0.0000e+00 0.0000e+00 0.0000e+00 0.0000e+00
2.8987e+04 1.8212e-03 9.9818e-01 1.4249e-17 0.0000e+00 0.0000e+00 0.0000e+00 0.0000e+00
3.0652e+04 8.8761e-04 9.9911e-01 9.8149e-18 0.0000e+00 0.0000e+00 0.0000e+00 0.0000e+00
3.2516e+04 2.3997e-04 9.9976e-01 1.8708e-17 0.0000e+00 0.0000e+00 0.0000e+00 0.0000e+00
3.4459e+04 3.5640e-05 9.9996e-01 2.3266e-16 0.0000e+00 0.0000e+00 0.0000e+00 0.0000e+00
3.6371e+04 1.4823e-05 9.9999e-01 4.2781e-16 0.0000e+00 0.0000e+00 0.0000e+00 0.0000e+00
3.8150e+04 9.6944e-06 9.9999e-01 5.0743e-16 0.0000e+00 0.0000e+00 0.0000e+00 0.0000e+00
3.9750e+04 7.2049e-06 9.9999e-01 6.3686e-16 0.0000e+00 0.0000e+00 0.0000e+00 0.0000e+00
4.1174e+04 4.9976e-06 9.9999e-01 1.0817e-15 0.0000e+00 0.0000e+00 0.0000e+00 0.0000e+00
4.2468e+04 1.4930e-05 9.9999e-01 1.1661e-17 0.0000e+00 0.0000e+00 0.0000e+00 0.0000e+00
4.3688e+04 7.8623e-06 9.9999e-01 3.6421e-17 0.0000e+00 0.0000e+00 0.0000e+00 0.0000e+00
4.4884e+04 4.3447e-05 9.9996e-01 5.6351e-20 0.0000e+00 0.0000e+00 0.0000e+00 0.0000e+00
4.6084e+04 2.4619e-06 1.0000e+00 2.9455e-16 0.0000e+00 0.0000e+00 0.0000e+00 0.0000e+00
4.7294e+04 2.3197e-05 9.9998e-01 8.6139e-20 0.0000e+00 0.0000e+00 0.0000e+00 0.0000e+00
4.8516e+04 1.1465e-05 9.9999e-01 3.8500e-19 0.0000e+00 0.0000e+00 0.0000e+00 0.0000e+00
4.9754e+04 2.0211e-05 9.9998e-01 2.7519e-20 0.0000e+00 0.0000e+00 0.0000e+00 0.0000e+00
5.1012e+04 2.2722e-05 9.9998e-01 8.4537e-21 0.0000e+00 0.0000e+00 0.0000e+00 0.0000e+00
5.2292e+04 4.6161e-06 1.0000e+00 6.7555e-19 0.0000e+00 0.0000e+00 0.0000e+00 0.0000e+00
5.3596e+04 1.4467e-05 9.9999e-01 7.9491e-21 0.0000e+00 0.0000e+00 0.0000e+00 0.0000e+00
5.4921e+04 3.6880e-04 9.9963e-01 3.0972e-26 0.0000e+00 0.0000e+00 0.0000e+00 0.0000e+00
5.6265e+04 1.9555e-05 9.9998e-01 6.2211e-22 0.0000e+00 0.0000e+00 0.0000e+00 0.0000e+00
5.7622e+04 5.0199e-05 9.9995e-01 1.1535e-23 0.0000e+00 0.0000e+00 0.0000e+00 0.0000e+00
5.8985e+04 1.2047e-07 1.0000e+00 4.5541e-13 6.8288e-41 0.0000e+00 0.0000e+00 0.0000e+00
6.0341e+04 1.0688e-05 9.9999e-01 5.0762e-22 0.0000e+00 0.0000e+00 0.0000e+00 0.0000e+00
6.1676e+04 8.7634e-07 1.0000e+00 7.3328e-19 0.0000e+00 0.0000e+00 0.0000e+00 0.0000e+00
6.2975e+04 7.4063e-07 1.0000e+00 6.4778e-19 0.0000e+00 0.0000e+00 0.0000e+00 0.0000e+00
6.4219e+04 4.1361e-07 1.0000e+00 2.2535e-18 0.0000e+00 0.0000e+00 0.0000e+00 0.0000e+00
6.5388e+04 7.7684e-08 1.0000e+00 3.9564e-15 0.0000e+00 0.0000e+00 0.0000e+00 0.0000e+00
6.6461e+04 1.0450e-07 1.0000e+00 1.4617e-16 0.0000e+00 0.0000e+00 0.0000e+00 0.0000e+00
6.7422e+04 6.1200e-08 1.0000e+00 4.0738e-15 0.0000e+00 0.0000e+00 0.0000e+00 0.0000e+00
6.8257e+04 3.7230e-06 1.0000e+00 3.2756e-22 0.0000e+00 0.0000e+00 0.0000e+00 0.0000e+00
6.8960e+04 2.8089e-06 1.0000e+00 5.8948e-22 0.0000e+00 0.0000e+00 0.0000e+00 0.0000e+00
6.9475e+04 1.6396e-05 9.9998e-01 1.2798e-24 0.0000e+00 0.0000e+00 0.0000e+00 0.0000e+00
6.9758e+04 5.8061e-05 9.9994e-01 1.3308e-26 0.0000e+00 0.0000e+00 0.0000e+00 0.0000e+00
6.9886e+04 1.2146e-04 9.9988e-01 7.5450e-28 0.0000e+00 0.0000e+00 0.0000e+00 0.0000e+00
6.9950e+04 1.4918e-04 9.9985e-01 3.1153e-28 0.0000e+00 0.0000e+00 0.0000e+00 0.0000e+00
6.9982e+04 1.5221e-04 9.9985e-01 3.2156e-28 0.0000e+00 0.0000e+00 0.0000e+00 0.0000e+00
6.9996e+04 1.3414e-04 9.9987e-01 3.6687e-28 0.0000e+00 0.0000e+00 0.0000e+00 0.0000e+00
7.0000e+04 6.6629e-05 9.9993e-01 7.3488e-28 0.0000e+00 0.0000e+00 0.0000e+00 0.0000e+00
#
#TIME: 1.0313
#NVEL: 115
#vel_mid[km/s] al0 al1 al2 al3 al4 al5 al6
4.4010e+02 1.9293e-29 4.4436e-20 1.2316e-11 3.9277e-04 3.0682e-01 6.9261e-01 1.7637e-04
8.8623e+02 2.2551e-21 6.2730e-14 2.1088e-07 8.0746e-02 8.8947e-01 2.9784e-02 1.1837e-07
9.0614e+02 2.2854e-21 6.3486e-14 2.1307e-07 8.1499e-02 8.8910e-01 2.9405e-02 1.1511e-07
9.4442e+02 2.3180e-21 6.4279e-14 2.1531e-07 8.2239e-02 8.8872e-01 2.9042e-02 1.1205e-07
9.9911e+02 2.3047e-21 6.3959e-14 2.1441e-07 8.1944e-02 8.8887e-01 2.9185e-02 1.1325e-07
1.0608e+03 2.2861e-21 6.3521e-14 2.1323e-07 8.1583e-02 8.8906e-01 2.9359e-02 1.1470e-07
1.1257e+03 2.2792e-21 6.3310e-14 2.1248e-07 8.1257e-02 8.8921e-01 2.9530e-02 1.1620e-07
1.1944e+03 2.1714e-21 6.0605e-14 2.0456e-07 7.8510e-02 8.9052e-01 3.0966e-02 1.2889e-07
1.2673e+03 1.8330e-21 5.2042e-14 1.7922e-07 6.9672e-02 8.9393e-01 3.6401e-02 1.8372e-07
1.3448e+03 8.5190e-22 2.6199e-14 9.9039e-08 4.0917e-02 8.8830e-01 7.0781e-02 8.0916e-07
1.4269e+03 1.6979e-22 6.0926e-15 2.7663e-08 1.2782e-02 7.6501e-01 2.2219e-01 1.2270e-05
1.5140e+03 2.2547e-23 9.6188e-16 5.3700e-09 2.8068e-03 4.7668e-01 5.2037e-01 1.4354e-04
1.6065e+03 3.2324e-24 1.6167e-16 1.0884e-09 6.3957e-04 2.4613e-01 7.5251e-01 7.2077e-04
1.7047e+03 5.1524e-25 2.9403e-17 2.3198e-10 1.4950e-04 1.1727e-01 8.8008e-01 2.4995e-03
1.8088e+03 6.8380e-26 4.4801e-18 4.1809e-11 2.9608e-05 4.9012e-02 9.4260e-01 8.3617e-03
1.9193e+03 7.4069e-27 5.7049e-19 6.4632e-12 5.1359e-06 1.8600e-02 9.5379e-01 2.7600e-02
2.0365e+03 6.7400e-28 6.2113e-20 8.7137e-13 7.8937e-07 6.4246e-03 9.0527e-01 8.8306e-02
2.1609e+03 5.0743e-29 5.7067e-21 1.0117e-13 1.0675e-07 1.9534e-03 7.5304e-01 2.4500e-01
2.2929e+03 2.9247e-30 4.0982e-22 9.3672e-15 1.1811e-08 4.7709e-04 4.8937e-01 5.1015e-01
2.4330e+03 1.4030e-31 2.4257e-23 7.0766e-16 1.0622e-09 9.1262e-05 2.3914e-01 7.6077e-01
2.5816e+03 8.4590e-33 1.7445e-24 6.2592e-17 1.0926e-10 1.7966e-05 1.0637e-01 8.9361e-01
2.7393e+03 9.1528e-34 2.1737e-25 9.1938e-18 1.8235e-11 4.8978e-06 5.3908e-02 9.4609e-01
2.9067e+03 1.9369e-34 5.1713e-26 2.4947e-18 5.5353e-12 2.0610e-06 3.4104e-02 9.6589e-01
3.0842e+03 8.1498e-35 2.4209e-26 1.3044e-18 3.2172e-12 1.4086e-06 2.8018e-02 9.7198e-01
3.2726e+03 7.2568e-35 2.3524e-26 1.3738e-18 3.7037e-12 1.6043e-06 3.0367e-02 9.6963e-01
3.4725e+03 1.2203e-34 4.2157e-26 2.5844e-18 7.4691e-12 2.7666e-06 4.1155e-02 9.5884e-01
3.6846e+03 3.7224e-34 1.3593e-25 8.5987e-18 2.6658e-11 7.2730e-06 6.9799e-02 9.3019e-01
3.9097e+03 1.5620e-33 6.1693e-25 4.0899e-17 1.4096e-10 2.5468e-05 1.3643e-01 8.6355e-01
4.1484e+03 6.3902e-33 2.5786e-24 1.7020e-16 6.1602e-10 7.5047e-05 2.3576e-01 7.6416e-01
4.4019e+03 1.4856e-32 5.7526e-24 3.6060e-16 1.2677e-09 1.2480e-04 2.9935e-01 7.0052e-01
4.6708e+03 1.0396e-32 4.1631e-24 2.7064e-16 9.8064e-10 1.0467e-04 2.7646e-01 7.2344e-01
4.9561e+03 3.5574e-33 1.6263e-24 1.2133e-16 4.9881e-10 6.6324e-05 2.2461e-01 7.7532e-01
5.2588e+03 1.3893e-33 7.2358e-25 6.1696e-17 2.8794e-10 4.5892e-05 1.8946e-01 8.1050e-01
5.5800e+03 8.7783e-34 4.9144e-25 4.5071e-17 2.2595e-10 3.9120e-05 1.7606e-01 8.2390e-01
5.9209e+03 8.6914e-34 5.1225e-25 4.9221e-17 2.6119e-10 4.4008e-05 1.8779e-01 8.1217e-01
6.2825e+03 1.1384e-33 7.0189e-25 6.9935e-17 3.9230e-10 5.9749e-05 2.1963e-01 7.8031e-01
6.6663e+03 1.8609e-33 1.1701e-24 1.1770e-16 6.8170e-10 8.9366e-05 2.6750e-01 7.3241e-01
7.0735e+03 3.8419e-33 2.4459e-24 2.4572e-16 1.4657e-09 1.5453e-04 3.4522e-01 6.5462e-01
7.5056e+03 1.0038e-32 6.6026e-24 6.7163e-16 4.2502e-09 3.2663e-04 4.7533e-01 5.2435e-01
7.9641e+03 3.2612e-32 2.1731e-23 2.1881e-15 1.4480e-08 7.4604e-04 6.3776e-01 3.6150e-01
8.4505e+03 1.3486e-31 8.7017e-23 8.2781e-15 5.4925e-08 1.7407e-03 7.9201e-01 2.0625e-01
8.9668e+03 8.6253e-31 5.2737e-22 4.6012e-14 3.0326e-07 4.8583e-03 9.1475e-01 8.0389e-02
9.5145e+03 1.1970e-29 6.6633e-21 5.0630e-13 3.2436e-06 1.8887e-02 9.6407e-01 1.7039e-02
1.0096e+04 5.0540e-28 2.3708e-19 1.4364e-11 8.4176e-05 1.1346e-01 8.8489e-01 1.5677e-03
1.0712e+04 6.0524e-26 2.1818e-17 9.5106e-10 4.7152e-03 6.8796e-01 3.0731e-01 1.6409e-05
1.1367e+04 9.2757e-24 2.1301e-15 5.5928e-08 1.8936e-01 8.0681e-01 3.8297e-03 7.8798e-10
1.2062e+04 3.6198e-22 4.3574e-14 6.1005e-07 9.7903e-01 2.0972e-02 1.0876e-07 5.2651e-18
1.2794e+04 4.1016e-21 2.4735e-13 1.9110e-06 9.9996e-01 3.6243e-05 5.0143e-14 9.8912e-29
1.3528e+04 4.9591e-20 1.6519e-12 7.2420e-06 9.9999e-01 4.5929e-08 1.1708e-20 5.8211e-40
1.4194e+04 8.9106e-19 1.7675e-11 3.7322e-05 9.9996e-01 2.2116e-11 3.0178e-28 0.0000e+00
1.4758e+04 2.8209e-17 3.8832e-10 2.9569e-04 9.9970e-01 1.6339e-15 1.0601e-37 0.0000e+00
1.5240e+04 3.2304e-15 2.7734e-08 4.3084e-03 9.9569e-01 2.1905e-20 0.0000e+00 0.0000e+00
1.5647e+04 6.9323e-13 3.5974e-06 8.1619e-02 9.1838e-01 1.0382e-25 0.0000e+00 0.0000e+00
1.5960e+04 1.2257e-10 3.3779e-04 7.4633e-01 2.5333e-01 3.2567e-32 0.0000e+00 0.0000e+00
1.6187e+04 4.2938e-09 6.3302e-03 9.8739e-01 6.2762e-03 1.0230e-40 0.0000e+00 0.0000e+00
1.6354e+04 1.1119e-07 9.0337e-02 9.0957e-01 9.2608e-05 0.0000e+00 0.0000e+00 0.0000e+00
1.6484e+04 1.8265e-06 7.2102e-01 2.7898e-01 2.0077e-07 0.0000e+00 0.0000e+00 0.0000e+00
1.6593e+04 4.9595e-06 9.8575e-01 1.4243e-02 6.2826e-11 0.0000e+00 0.0000e+00 0.0000e+00
1.6692e+04 8.4831e-06 9.9918e-01 8.0751e-04 3.6821e-14 0.0000e+00 0.0000e+00 0.0000e+00
1.6788e+04 1.0359e-05 9.9980e-01 1.8608e-04 7.7830e-16 0.0000e+00 0.0000e+00 0.0000e+00
1.6888e+04 1.1738e-05 9.9992e-01 7.3117e-05 6.6596e-17 0.0000e+00 0.0000e+00 0.0000e+00
1.6999e+04 1.3151e-05 9.9995e-01 3.2998e-05 8.2357e-18 0.0000e+00 0.0000e+00 0.0000e+00
1.7146e+04 1.4837e-05 9.9997e-01 1.4630e-05 9.7406e-19 0.0000e+00 0.0000e+00 0.0000e+00
1.7416e+04 2.0311e-05 9.9998e-01 2.9869e-06 1.5900e-20 0.0000e+00 0.0000e+00 0.0000e+00
1.7888e+04 3.3897e-05 9.9997e-01 2.6546e-07 3.0713e-23 0.0000e+00 0.0000e+00 0.0000e+00
1.8532e+04 6.7564e-05 9.9993e-01 1.5566e-08 2.1544e-26 0.0000e+00 0.0000e+00 0.0000e+00
1.9260e+04 1.3221e-04 9.9987e-01 9.2536e-10 1.5415e-29 0.0000e+00 0.0000e+00 0.0000e+00
2.0034e+04 2.1894e-04 9.9978e-01 8.4780e-11 3.1827e-32 0.0000e+00 0.0000e+00 0.0000e+00
2.0838e+04 3.6098e-04 9.9964e-01 7.9593e-12 6.9913e-35 0.0000e+00 0.0000e+00 0.0000e+00
2.1648e+04 5.7291e-04 9.9943e-01 9.0996e-13 2.5605e-37 0.0000e+00 0.0000e+00 0.0000e+00
2.2448e+04 8.1145e-04 9.9919e-01 1.3323e-13 1.6979e-39 0.0000e+00 0.0000e+00 0.0000e+00
2.3246e+04 1.0736e-03 9.9893e-01 2.4186e-14 1.9297e-41 0.0000e+00 0.0000e+00 0.0000e+00
2.4052e+04 1.3731e-03 9.9863e-01 5.4267e-15 3.8255e-43 0.0000e+00 0.0000e+00 0.0000e+00
2.4868e+04 1.6364e-03 9.9836e-01 1.6502e-15 1.6816e-44 0.0000e+00 0.0000e+00 0.0000e+00
2.5699e+04 1.9073e-03 9.9809e-01 5.1086e-16 1.4013e-45 0.0000e+00 0.0000e+00 0.0000e+00
2.6588e+04 2.0235e-03 9.9798e-01 1.7874e-16 0.0000e+00 0.0000e+00 0.0000e+00 0.0000e+00
2.7638e+04 1.9090e-03 9.9809e-01 6.5110e-17 0.0000e+00 0.0000e+00 0.0000e+00 0.0000e+00
2.8987e+04 1.5477e-03 9.9845e-01 2.1810e-17 0.0000e+00 0.0000e+00 0.0000e+00 0.0000e+00
3.0652e+04 9.4472e-04 9.9906e-01 6.9285e-18 0.0000e+00 0.0000e+00 0.0000e+00 0.0000e+00
3.2516e+04 3.2744e-04 9.9967e-01 5.9187e-18 0.0000e+00 0.0000e+00 0.0000e+00 0.0000e+00
3.4459e+04 9.6348e-05 9.9990e-01 8.3736e-18 0.0000e+00 0.0000e+00 0.0000e+00 0.0000e+00
3.6371e+04 4.2939e-05 9.9996e-01 1.1876e-17 0.0000e+00 0.0000e+00 0.0000e+00 0.0000e+00
3.8150e+04 4.3215e-05 9.9996e-01 3.3669e-18 0.0000e+00 0.0000e+00 0.0000e+00 0.0000e+00
3.9750e+04 3.7433e-05 9.9996e-01 2.5118e-18 0.0000e+00 0.0000e+00 0.0000e+00 0.0000e+00
4.1174e+04 2.3814e-05 9.9998e-01 5.3270e-18 0.0000e+00 0.0000e+00 0.0000e+00 0.0000e+00
4.2468e+04 3.9718e-05 9.9996e-01 4.1893e-19 0.0000e+00 0.0000e+00 0.0000e+00 0.0000e+00
4.3688e+04 5.1757e-06 9.9999e-01 1.2419e-16 0.0000e+00 0.0000e+00 0.0000e+00 0.0000e+00
4.4884e+04 1.4264e-06 1.0000e+00 7.8080e-15 5.6052e-45 0.0000e+00 0.0000e+00 0.0000e+00
4.6084e+04 7.7015e-06 9.9999e-01 5.9124e-18 0.0000e+00 0.0000e+00 0.0000e+00 0.0000e+00
4.7294e+04 1.3738e-05 9.9999e-01 4.1488e-19 0.0000e+00 0.0000e+00 0.0000e+00 0.0000e+00
4.8516e+04 1.3821e-04 9.9986e-01 7.3750e-23 0.0000e+00 0.0000e+00 0.0000e+00 0.0000e+00
4.9754e+04 1.1788e-04 9.9988e-01 5.7466e-23 0.0000e+00 0.0000e+00 0.0000e+00 0.0000e+00
5.1012e+04 2.4165e-04 9.9976e-01 1.7830e-24 0.0000e+00 0.0000e+00 0.0000e+00 0.0000e+00
5.2292e+04 3.2121e-05 9.9997e-01 1.0420e-21 0.0000e+00 0.0000e+00 0.0000e+00 0.0000e+00
5.3596e+04 1.6628e-05 9.9998e-01 4.3574e-21 0.0000e+00 0.0000e+00 0.0000e+00 0.0000e+00
5.4921e+04 3.6395e-11 2.3846e-01 7.6154e-01 2.0025e-08 0.0000e+00 0.0000e+00 0.0000e+00
5.6265e+04 1.4716e-04 9.9985e-01 4.5182e-25 0.0000e+00 0.0000e+00 0.0000e+00 0.0000e+00
5.7622e+04 6.4690e-07 1.0000e+00 1.5065e-17 0.0000e+00 0.0000e+00 0.0000e+00 0.0000e+00
5.8985e+04 1.7059e-07 1.0000e+00 3.4264e-15 0.0000e+00 0.0000e+00 0.0000e+00 0.0000e+00
6.0341e+04 2.1112e-04 9.9979e-01 1.0390e-26 0.0000e+00 0.0000e+00 0.0000e+00 0.0000e+00
6.1676e+04 6.6271e-07 1.0000e+00 1.5502e-18 0.0000e+00 0.0000e+00 0.0000e+00 0.0000e+00
6.2975e+04 1.2970e-04 9.9987e-01 1.6816e-26 0.0000e+00 0.0000e+00 0.0000e+00 0.0000e+00
6.4219e+04 1.2972e-05 9.9999e-01 3.1515e-23 0.0000e+00 0.0000e+00 0.0000e+00 0.0000e+00
6.5388e+04 3.0259e-07 1.0000e+00 3.0657e-18 0.0000e+00 0.0000e+00 0.0000e+00 0.0000e+00
6.6461e+04 1.0192e-06 1.0000e+00 3.8950e-20 0.0000e+00 0.0000e+00 0.0000e+00 0.0000e+00
6.7422e+04 1.6271e-07 1.0000e+00 9.6345e-18 0.0000e+00 0.0000e+00 0.0000e+00 0.0000e+00
6.8257e+04 3.7609e-05 9.9996e-01 1.1316e-25 0.0000e+00 0.0000e+00 0.0000e+00 0.0000e+00
6.8960e+04 5.8365e-05 9.9994e-01 1.6643e-26 0.0000e+00 0.0000e+00 0.0000e+00 0.0000e+00
6.9475e+04 2.9633e-04 9.9970e-01 1.7895e-29 0.0000e+00 0.0000e+00 0.0000e+00 0.0000e+00
6.9758e+04 3.7429e-04 9.9963e-01 5.6357e-30 0.0000e+00 0.0000e+00 0.0000e+00 0.0000e+00
6.9886e+04 1.7347e-04 9.9983e-01 1.5114e-28 0.0000e+00 0.0000e+00 0.0000e+00 0.0000e+00
6.9950e+04 1.1194e-04 9.9989e-01 8.5414e-28 0.0000e+00 0.0000e+00 0.0000e+00 0.0000e+00
6.9982e+04 1.1927e-04 9.9988e-01 7.4267e-28 0.0000e+00 0.0000e+00 0.0000e+00 0.0000e+00
6.9996e+04 1.1439e-04 9.9989e-01 5.9956e-28 0.0000e+00 0.0000e+00 0.0000e+00 0.0000e+00
7.0000e+04 9.0774e-05 9.9991e-01 1.8938e-28 0.0000e+00 0.0000e+00 0.0000e+00 0.0000e+00
#
#TIME: 1.0543
#NVEL: 115
#vel_mid[km/s] al0 al1 al2 al3 al4 al5 al6
4.4010e+02 3.9025e-29 8.9248e-20 2.4333e-11 7.8067e-04 4.1994e-01 5.7920e-01 7.9904e-05
8.8623e+02 3.0253e-21 8.3912e-14 2.7898e-07 1.0774e-01 8.7280e-01 1.9459e-02 4.6594e-08
9.0614e+02 2.8425e-21 7.9475e-14 2.6659e-07 1.0366e-01 8.7575e-01 2.0590e-02 5.2574e-08
9.4442e+02 2.9388e-21 8.1828e-14 2.7321e-07 1.0586e-01 8.7417e-01 1.9966e-02 4.9225e-08
9.9911e+02 2.8818e-21 8.0438e-14 2.6931e-07 1.0457e-01 8.7511e-01 2.0329e-02 5.1156e-08
1.0608e+03 2.8784e-21 8.0375e-14 2.6921e-07 1.0457e-01 8.7511e-01 2.0326e-02 5.1133e-08
1.1257e+03 2.8563e-21 7.9781e-14 2.6735e-07 1.0385e-01 8.7561e-01 2.0538e-02 5.2302e-08
1.1944e+03 2.7364e-21 7.6761e-14 2.5852e-07 1.0074e-01 8.7778e-01 2.1475e-02 5.7579e-08
1.2673e+03 2.3144e-21 6.6063e-14 2.2704e-07 8.9673e-02 8.8493e-01 2.5395e-02 8.2724e-08
1.3448e+03 1.0801e-21 3.3465e-14 1.2644e-07 5.3234e-02 8.9595e-01 5.0816e-02 3.7945e-07
1.4269e+03 2.1810e-22 7.9251e-15 3.6120e-08 1.7120e-02 8.1083e-01 1.7204e-01 6.4026e-06
1.5140e+03 3.0382e-23 1.3174e-15 7.4065e-09 3.9893e-03 5.4745e-01 4.4847e-01 8.6131e-05
1.6065e+03 4.5722e-24 2.3265e-16 1.5781e-09 9.5716e-04 3.0047e-01 6.9810e-01 4.7280e-04
1.7047e+03 7.4084e-25 4.3045e-17 3.4236e-10 2.2797e-04 1.4729e-01 8.5074e-01 1.7356e-03
1.8088e+03 9.7795e-26 6.5245e-18 6.1384e-11 4.4918e-05 6.1973e-02 9.3192e-01 6.0568e-03
1.9193e+03 1.0573e-26 8.2795e-19 9.4418e-12 7.7390e-06 2.3560e-02 9.5586e-01 2.0574e-02
2.0365e+03 9.6006e-28 8.9879e-20 1.2682e-12 1.1833e-06 8.1768e-03 9.2367e-01 6.8151e-02
2.1609e+03 7.2564e-29 8.3022e-21 1.4829e-13 1.6121e-07 2.5377e-03 7.9726e-01 2.0020e-01
2.2929e+03 4.2793e-30 6.1186e-22 1.4134e-14 1.8391e-08 6.4733e-04 5.4932e-01 4.5004e-01
2.4330e+03 2.0727e-31 3.6696e-23 1.0861e-15 1.6848e-09 1.2794e-04 2.8179e-01 7.1808e-01
2.5816e+03 1.2446e-32 2.6301e-24 9.5832e-17 1.7255e-10 2.5352e-05 1.2770e-01 8.7227e-01
2.7393e+03 1.3249e-33 3.2228e-25 1.3842e-17 2.8240e-11 6.8396e-06 6.4707e-02 9.3529e-01
2.9067e+03 2.7443e-34 7.5068e-26 3.6795e-18 8.3854e-12 2.8367e-06 4.0694e-02 9.5930e-01
3.0842e+03 1.1475e-34 3.4924e-26 1.9122e-18 4.8420e-12 1.9303e-06 3.3371e-02 9.6663e-01
3.2726e+03 1.0172e-34 3.3799e-26 2.0068e-18 5.5612e-12 2.1936e-06 3.6119e-02 9.6388e-01
3.4725e+03 1.7193e-34 6.0901e-26 3.7968e-18 1.1300e-11 3.7993e-06 4.9019e-02 9.5098e-01
3.6846e+03 5.3470e-34 2.0018e-25 1.2873e-17 4.1184e-11 1.0117e-05 8.3487e-02 9.1650e-01
3.9097e+03 2.3564e-33 9.5241e-25 6.4028e-17 2.2792e-10 3.6436e-05 1.6438e-01 8.3558e-01
4.1484e+03 9.9830e-33 4.1134e-24 2.7457e-16 1.0262e-09 1.0883e-04 2.8236e-01 7.1754e-01
4.4019e+03 2.3316e-32 9.2111e-24 5.8328e-16 2.1172e-09 1.8036e-04 3.5471e-01 6.4511e-01
4.6708e+03 1.6422e-32 6.7082e-24 4.4047e-16 1.6475e-09 1.5217e-04 3.2956e-01 6.7029e-01
4.9561e+03 5.6825e-33 2.6498e-24 1.9968e-16 8.4713e-10 9.7570e-05 2.7122e-01 7.2868e-01
5.2588e+03 2.2177e-33 1.1787e-24 1.0156e-16 4.8925e-10 6.7726e-05 2.3025e-01 7.6969e-01
5.5800e+03 1.4051e-33 8.0284e-25 7.4412e-17 3.8504e-10 5.7914e-05 2.1468e-01 7.8526e-01
5.9209e+03 1.3810e-33 8.3106e-25 8.0744e-17 4.4252e-10 6.4820e-05 2.2807e-01 7.7187e-01
6.2825e+03 1.8190e-33 1.1446e-24 1.1525e-16 6.6772e-10 8.8062e-05 2.6565e-01 7.3426e-01
6.6663e+03 2.9655e-33 1.9024e-24 1.9330e-16 1.1564e-09 1.3088e-04 3.2038e-01 6.7949e-01
7.0735e+03 6.1078e-33 3.9633e-24 4.0181e-16 2.4748e-09 2.2409e-04 4.0680e-01 5.9298e-01
7.5056e+03 1.6017e-32 1.0714e-23 1.0971e-15 7.1592e-09 4.6723e-04 5.4500e-01 4.5453e-01
7.9641e+03 5.1536e-32 3.4852e-23 3.5248e-15 2.4020e-08 1.0395e-03 7.0272e-01 2.9624e-01
8.4505e+03 2.1001e-31 1.3732e-22 1.3100e-14 8.9402e-08 2.3569e-03 8.3778e-01 1.5987e-01
8.9668e+03 1.3637e-30 8.4259e-22 7.3501e-14 4.9724e-07 6.5064e-03 9.3497e-01 5.8519e-02
9.5145e+03 1.9395e-29 1.0897e-20 8.2705e-13 5.4321e-06 2.5347e-02 9.6290e-01 1.1748e-02
1.0096e+04 8.4063e-28 3.9761e-19 2.4051e-11 1.4422e-04 1.5150e-01 8.4737e-01 9.8966e-04
1.0712e+04 9.0292e-26 3.2522e-17 1.4052e-09 7.0392e-03 7.6306e-01 2.2989e-01 7.5119e-06
1.1367e+04 1.2890e-23 2.9227e-15 7.5568e-08 2.5290e-01 7.4493e-01 2.1740e-03 2.4452e-10
1.2062e+04 3.9059e-22 4.6204e-14 6.3972e-07 9.8668e-01 1.3314e-02 3.7603e-08 8.5586e-19
1.2794e+04 4.6271e-21 2.7255e-13 2.0738e-06 9.9998e-01 2.0076e-05 1.2825e-14 9.6924e-30
1.3528e+04 5.9012e-20 1.9223e-12 8.1759e-06 9.9999e-01 2.2387e-08 2.2374e-21 3.4783e-41
1.4194e+04 1.1399e-18 2.2268e-11 4.4214e-05 9.9996e-01 8.9828e-12 3.8042e-29 0.0000e+00
1.4758e+04 3.6870e-17 5.1510e-10 3.6069e-04 9.9964e-01 5.6593e-16 9.2521e-39 0.0000e+00
1.5240e+04 4.4809e-15 3.9152e-08 5.4121e-03 9.9459e-01 6.9719e-21 0.0000e+00 0.0000e+00
1.5647e+04 9.7918e-13 5.2940e-06 1.0436e-01 8.9563e-01 2.5330e-26 0.0000e+00 0.0000e+00
1.5960e+04 1.6259e-10 4.5181e-04 8.0787e-01 1.9168e-01 4.7109e-33 0.0000e+00 0.0000e+00
1.6187e+04 5.4145e-09 8.0044e-03 9.8774e-01 4.2597e-03 1.1641e-41 0.0000e+00 0.0000e+00
1.6354e+04 1.3872e-07 1.1189e-01 8.8805e-01 6.1264e-05 0.0000e+00 0.0000e+00 0.0000e+00
1.6484e+04 2.1506e-06 7.9923e-01 2.0077e-01 7.2775e-08 0.0000e+00 0.0000e+00 0.0000e+00
1.6593e+04 5.4601e-06 9.9183e-01 8.1621e-03 1.4666e-11 0.0000e+00 0.0000e+00 0.0000e+00
1.6692e+04 9.2852e-06 9.9959e-01 3.9731e-04 5.6894e-15 0.0000e+00 0.0000e+00 0.0000e+00
1.6788e+04 1.1445e-05 9.9989e-01 9.4211e-05 1.3061e-16 0.0000e+00 0.0000e+00 0.0000e+00
1.6888e+04 1.3192e-05 9.9995e-01 3.7284e-05 1.1524e-17 0.0000e+00 0.0000e+00 0.0000e+00
1.6999e+04 1.5322e-05 9.9997e-01 1.5629e-05 1.1948e-18 0.0000e+00 0.0000e+00 0.0000e+00
1.7146e+04 1.7588e-05 9.9998e-01 6.8818e-06 1.4033e-19 0.0000e+00 0.0000e+00 0.0000e+00
1.7416e+04 2.5172e-05 9.9997e-01 1.2963e-06 1.8961e-21 0.0000e+00 0.0000e+00 0.0000e+00
1.7888e+04 4.3314e-05 9.9996e-01 1.0692e-07 3.0484e-24 0.0000e+00 0.0000e+00 0.0000e+00
1.8532e+04 8.4810e-05 9.9992e-01 6.5872e-09 2.4130e-27 0.0000e+00 0.0000e+00 0.0000e+00
1.9260e+04 1.6956e-04 9.9983e-01 3.6662e-10 1.4628e-30 0.0000e+00 0.0000e+00 0.0000e+00
2.0034e+04 3.0123e-04 9.9970e-01 2.6267e-11 1.6195e-33 0.0000e+00 0.0000e+00 0.0000e+00
2.0838e+04 5.1168e-04 9.9949e-01 2.1019e-12 2.3445e-36 0.0000e+00 0.0000e+00 0.0000e+00
2.1648e+04 8.2975e-04 9.9917e-01 2.0749e-13 5.8283e-39 0.0000e+00 0.0000e+00 0.0000e+00
2.2448e+04 1.2137e-03 9.9879e-01 2.6226e-14 2.6427e-41 0.0000e+00 0.0000e+00 0.0000e+00
2.3246e+04 1.4966e-03 9.9850e-01 6.2478e-15 6.0116e-43 0.0000e+00 0.0000e+00 0.0000e+00
2.4052e+04 1.9464e-03 9.9805e-01 1.3510e-15 1.1210e-44 0.0000e+00 0.0000e+00 0.0000e+00
2.4868e+04 2.2360e-03 9.9776e-01 4.7530e-16 0.0000e+00 0.0000e+00 0.0000e+00 0.0000e+00
2.5699e+04 2.5080e-03 9.9749e-01 1.6911e-16 0.0000e+00 0.0000e+00 0.0000e+00 0.0000e+00
2.6588e+04 2.6364e-03 9.9736e-01 6.0998e-17 0.0000e+00 0.0000e+00 0.0000e+00 0.0000e+00
2.7638e+04 2.1877e-03 9.9781e-01 3.5085e-17 0.0000e+00 0.0000e+00 0.0000e+00 0.0000e+00
2.8987e+04 1.8055e-03 9.9819e-01 1.1100e-17 0.0000e+00 0.0000e+00 0.0000e+00 0.0000e+00
3.0652e+04 1.2015e-03 9.9880e-01 2.6663e-18 0.0000e+00 0.0000e+00 0.0000e+00 0.0000e+00
3.2516e+04 4.5780e-04 9.9954e-01 1.7201e-18 0.0000e+00 0.0000e+00 0.0000e+00 0.0000e+00
3.4459e+04 1.5321e-04 9.9985e-01 1.6121e-18 0.0000e+00 0.0000e+00 0.0000e+00 0.0000e+00
3.6371e+04 5.5345e-05 9.9994e-01 4.5157e-18 0.0000e+00 0.0000e+00 0.0000e+00 0.0000e+00
3.8150e+04 3.3024e-05 9.9997e-01 7.0726e-18 0.0000e+00 0.0000e+00 0.0000e+00 0.0000e+00
3.9750e+04 4.7775e-05 9.9995e-01 9.7602e-19 0.0000e+00 0.0000e+00 0.0000e+00 0.0000e+00
4.1174e+04 6.1337e-05 9.9994e-01 2.0309e-19 0.0000e+00 0.0000e+00 0.0000e+00 0.0000e+00
4.2468e+04 8.4650e-05 9.9992e-01 2.8349e-20 0.0000e+00 0.0000e+00 0.0000e+00 0.0000e+00
4.3688e+04 4.4001e-05 9.9996e-01 1.0229e-19 0.0000e+00 0.0000e+00 0.0000e+00 0.0000e+00
4.4884e+04 5.4253e-06 9.9999e-01 3.6637e-17 0.0000e+00 0.0000e+00 0.0000e+00 0.0000e+00
