#NTIMES:     65
#NSTAGES:     4
#TIMES[d]:     0.500    0.550    0.666    0.733    0.806    0.887    0.976    1.074    1.181    1.300    1.430    1.573    1.730    1.900    2.090    2.300    2.530    2.783    3.061    3.367    3.704    4.074    4.481    4.929    5.422    5.964    6.560    7.216    7.938    8.732    9.600   10.560   11.620   12.780   14.060   15.470   17.020   18.720   20.590   22.650   24.910   27.400   30.140   33.150   36.460   40.110   44.120   48.530   53.380   58.720   64.590   71.050   78.200   86.000   94.600  104.100  114.500  126.000  138.600  152.500  167.800  184.600  203.100  223.400  245.800
#
#TIME:     0.500
#NVEL: 115
#vel_mid[km/s]           sc1           sc2           sc3           sc4
    8.772128E+02    1.0000E-99    1.7675E-12    6.9955E-06    9.9999E-01
    8.826573E+02    1.0000E-99    1.7675E-12    6.9955E-06    9.9999E-01
    8.991942E+02    1.0000E-99    1.7675E-12    6.9955E-06    9.9999E-01
    9.332033E+02    1.0000E-99    1.7675E-12    6.9955E-06    9.9999E-01
    9.912889E+02    1.0000E-99    1.7675E-12    6.9955E-06    9.9999E-01
    1.052238E+03    1.0000E-99    1.7675E-12    6.9955E-06    9.9999E-01
    1.116940E+03    1.0000E-99    1.7677E-12    6.9961E-06    9.9999E-01
    1.185621E+03    1.0000E-99    1.7699E-12    7.0031E-06    9.9999E-01
    1.258525E+03    1.0000E-99    1.7743E-12    7.0178E-06    9.9999E-01
    1.335911E+03    1.0000E-99    1.7932E-12    7.0655E-06    9.9999E-01
    1.418056E+03    1.0000E-99    1.8034E-12    7.1134E-06    9.9999E-01
    1.505253E+03    1.0000E-99    7.4848E-13    5.0508E-06    9.9999E-01
    1.597810E+03    1.0000E-99    7.1355E-13    4.9395E-06    1.0000E+00
    1.696060E+03    1.0000E-99    4.9693E-13    4.2535E-06    1.0000E+00
    1.800350E+03    1.0000E-99    4.8190E-13    4.2423E-06    1.0000E+00
    1.911054E+03    1.0000E-99    2.9321E-13    3.4654E-06    1.0000E+00
    2.028564E+03    1.0000E-99    2.5724E-13    3.2966E-06    1.0000E+00
    2.153300E+03    1.0000E-99    1.7278E-13    2.8080E-06    1.0000E+00
    2.285707E+03    1.0000E-99    1.1522E-13    2.3643E-06    1.0000E+00
    2.426255E+03    1.0000E-99    8.1264E-14    2.0300E-06    1.0000E+00
    2.575445E+03    1.0000E-99    5.0142E-14    1.6613E-06    1.0000E+00
    2.733809E+03    1.0000E-99    3.9188E-14    1.4917E-06    1.0000E+00
    2.901910E+03    1.0000E-99    3.1274E-14    1.3525E-06    1.0000E+00
    3.080349E+03    1.0000E-99    2.4394E-14    1.2003E-06    1.0000E+00
    3.269759E+03    1.0000E-99    1.9965E-14    1.0791E-06    1.0000E+00
    3.470816E+03    1.0000E-99    1.7179E-14    9.8713E-07    1.0000E+00
    3.684237E+03    1.0000E-99    1.4565E-14    8.9110E-07    1.0000E+00
    3.910780E+03    1.0000E-99    1.1668E-14    7.8175E-07    1.0000E+00
    4.151254E+03    1.0000E-99    1.0144E-14    7.0284E-07    1.0000E+00
    4.406514E+03    1.0000E-99    1.1035E-14    7.3010E-07    1.0000E+00
    4.677470E+03    1.0000E-99    9.7872E-15    6.9986E-07    1.0000E+00
    4.965088E+03    1.0000E-99    6.6273E-15    5.7664E-07    1.0000E+00
    5.270391E+03    1.0000E-99    5.4802E-15    5.2791E-07    1.0000E+00
    5.594466E+03    1.0000E-99    4.9598E-15    5.0203E-07    1.0000E+00
    5.938470E+03    1.0000E-99    4.6044E-15    4.8132E-07    1.0000E+00
    6.303626E+03    1.0000E-99    4.2234E-15    4.5571E-07    1.0000E+00
    6.691235E+03    1.0000E-99    4.0029E-15    4.4045E-07    1.0000E+00
    7.102679E+03    1.0000E-99    3.8203E-15    4.2711E-07    1.0000E+00
    7.539422E+03    1.0000E-99    3.4123E-15    3.9500E-07    1.0000E+00
    8.003021E+03    1.0000E-99    3.1362E-15    3.7115E-07    1.0000E+00
    8.495126E+03    1.0000E-99    3.0841E-15    3.6260E-07    1.0000E+00
    9.017491E+03    1.0000E-99    3.0939E-15    3.5291E-07    1.0000E+00
    9.571975E+03    1.0000E-99    3.3136E-15    3.4877E-07    1.0000E+00
    1.016056E+04    1.0000E-99    4.3477E-15    3.7982E-07    1.0000E+00
    1.078533E+04    1.0000E-99    6.9239E-15    4.3984E-07    1.0000E+00
    1.144852E+04    1.0000E-99    1.6056E-14    6.0764E-07    1.0000E+00
    1.215249E+04    1.0000E-99    4.6996E-14    9.6610E-07    1.0000E+00
    1.289974E+04    1.0000E-99    1.3342E-13    1.6597E-06    1.0000E+00
    1.369294E+04    1.0000E-99    3.7508E-13    3.0718E-06    1.0000E+00
    1.453492E+04    1.0000E-99    2.8811E-12    1.1370E-05    9.9999E-01
    1.542867E+04    1.0000E-99    2.7487E-09    1.1613E-03    9.9884E-01
    1.626717E+04    1.0000E-99    3.3299E-04    9.3034E-01    6.9322E-02
    1.668676E+04    1.0000E-99    6.0004E-03    9.9381E-01    1.8728E-04
    1.713874E+04    1.0000E-99    5.0130E-01    4.9870E-01    1.5098E-09
    1.771854E+04    1.0000E-99    9.8494E-01    1.5061E-02    5.8514E-15
    1.838692E+04    1.0000E-99    9.8072E-01    1.9284E-02    9.0521E-15
    1.903533E+04    1.0000E-99    9.7199E-01    2.8006E-02    1.8680E-14
    1.976116E+04    1.0000E-99    9.6414E-01    3.5863E-02    2.9976E-14
    2.046516E+04    1.0000E-99    9.5178E-01    4.8224E-02    5.3038E-14
    2.125594E+04    1.0000E-99    9.3603E-01    6.3972E-02    9.0832E-14
    2.202587E+04    1.0000E-99    9.2483E-01    7.5167E-02    1.2122E-13
    2.285981E+04    1.0000E-99    8.9352E-01    1.0648E-01    2.3449E-13
    2.372435E+04    1.0000E-99    8.9128E-01    1.0872E-01    2.3041E-13
    2.455466E+04    1.0000E-99    8.3748E-01    1.6252E-01    4.9323E-13
    2.552174E+04    1.0000E-99    8.2604E-01    1.7396E-01    5.2690E-13
    2.640440E+04    1.0000E-99    7.9277E-01    2.0723E-01    7.1199E-13
    2.741295E+04    1.0000E-99    7.7420E-01    2.2580E-01    8.0177E-13
    2.838201E+04    1.0000E-99    8.1519E-01    1.8481E-01    5.1062E-13
    2.923203E+04    1.0000E-99    7.8892E-01    2.1108E-01    6.3127E-13
    3.013295E+04    1.0000E-99    8.2501E-01    1.7499E-01    3.9402E-13
    3.094669E+04    1.0000E-99    8.1263E-01    1.8737E-01    4.3249E-13
    3.176516E+04    1.0000E-99    8.1834E-01    1.8166E-01    3.9231E-13
    3.259805E+04    1.0000E-99    8.0562E-01    1.9438E-01    4.3177E-13
    3.345740E+04    1.0000E-99    7.7932E-01    2.2068E-01    5.2836E-13
    3.438030E+04    1.0000E-99    7.7592E-01    2.2408E-01    5.1361E-13
    3.533529E+04    1.0000E-99    7.4367E-01    2.5633E-01    6.4472E-13
    3.634323E+04    1.0000E-99    7.4147E-01    2.5853E-01    6.3164E-13
    3.736894E+04    1.0000E-99    7.2280E-01    2.7720E-01    6.9917E-13
    3.839518E+04    1.0000E-99    7.0240E-01    2.9760E-01    7.7454E-13
    3.939114E+04    1.0000E-99    7.0142E-01    2.9858E-01    7.5437E-13
    4.037465E+04    1.0000E-99    7.0762E-01    2.9238E-01    7.0603E-13
    4.133441E+04    1.0000E-99    7.0603E-01    2.9397E-01    6.9716E-13
    4.215976E+04    1.0000E-99    6.9830E-01    3.0170E-01    7.1745E-13
    4.290657E+04    1.0000E-99    6.9169E-01    3.0831E-01    7.3412E-13
    4.365819E+04    1.0000E-99    6.8854E-01    3.1146E-01    7.3704E-13
    4.442297E+04    1.0000E-99    6.9029E-01    3.0971E-01    7.2143E-13
    4.520034E+04    1.0000E-99    6.9810E-01    3.0190E-01    6.8501E-13
    4.600555E+04    1.0000E-99    7.1239E-01    2.8761E-01    6.2871E-13
    4.686215E+04    1.0000E-99    7.3001E-01    2.6999E-01    5.6564E-13
    4.776422E+04    1.0000E-99    7.4914E-01    2.5086E-01    5.0246E-13
    4.868597E+04    1.0000E-99    7.6789E-01    2.3211E-01    4.4435E-13
    4.962544E+04    1.0000E-99    7.8547E-01    2.1453E-01    3.9262E-13
    5.058305E+04    1.0000E-99    8.0152E-01    1.9848E-01    3.4756E-13
    5.155912E+04    1.0000E-99    8.1575E-01    1.8425E-01    3.0944E-13
    5.255403E+04    1.0000E-99    8.2808E-01    1.7192E-01    2.7818E-13
    5.356816E+04    1.0000E-99    8.3800E-01    1.6200E-01    2.5430E-13
    5.460189E+04    1.0000E-99    8.4540E-01    1.5460E-01    2.3747E-13
    5.565558E+04    1.0000E-99    8.4958E-01    1.5042E-01    2.2843E-13
    5.672959E+04    1.0000E-99    8.5049E-01    1.4951E-01    2.2689E-13
    5.782432E+04    1.0000E-99    8.4858E-01    1.5142E-01    2.3212E-13
    5.894013E+04    1.0000E-99    8.4469E-01    1.5531E-01    2.4230E-13
    6.007747E+04    1.0000E-99    8.3975E-01    1.6025E-01    2.5516E-13
    6.123675E+04    1.0000E-99    8.3493E-01    1.6507E-01    2.6786E-13
    6.241838E+04    1.0000E-99    8.3067E-01    1.6933E-01    2.7905E-13
    6.362274E+04    1.0000E-99    8.2834E-01    1.7166E-01    2.8604E-13
    6.485024E+04    1.0000E-99    8.2771E-01    1.7229E-01    2.8896E-13
    6.610128E+04    1.0000E-99    8.2801E-01    1.7199E-01    2.8921E-13
    6.737631E+04    1.0000E-99    8.3063E-01    1.6937E-01    2.8323E-13
    6.867574E+04    1.0000E-99    8.3546E-01    1.6454E-01    2.6988E-13
    6.935606E+04    1.0000E-99    8.4148E-01    1.5852E-01    2.5713E-13
    6.969874E+04    1.0000E-99    8.5296E-01    1.4704E-01    2.3123E-13
    6.987071E+04    1.0000E-99    8.6556E-01    1.3444E-01    1.9910E-13
    6.995686E+04    1.0000E-99    8.8146E-01    1.1854E-01    1.5185E-13
    6.999782E+04    1.0000E-99    8.9396E-01    1.0604E-01    9.1876E-14
    6.999997E+04    1.0000E-99    8.9597E-01    1.0403E-01    7.9249E-14
#TIME:     0.550
#NVEL: 115
#vel_mid[km/s]           sc1           sc2           sc3           sc4
    8.772128E+02    1.0000E-99    1.4007E-12    6.0497E-06    9.9999E-01
    8.825108E+02    1.0000E-99    1.4007E-12    6.0497E-06    9.9999E-01
    8.985975E+02    1.0000E-99    1.4007E-12    6.0497E-06    9.9999E-01
    9.316560E+02    1.0000E-99    1.4007E-12    6.0497E-06    9.9999E-01
    9.893707E+02    1.0000E-99    1.4007E-12    6.0497E-06    9.9999E-01
    1.050609E+03    1.0000E-99    1.4006E-12    6.0496E-06    9.9999E-01
    1.115637E+03    1.0000E-99    1.4004E-12    6.0495E-06    9.9999E-01
    1.184691E+03    1.0000E-99    1.4018E-12    6.0548E-06    9.9999E-01
    1.258018E+03    1.0000E-99    1.4044E-12    6.0655E-06    9.9999E-01
    1.335885E+03    1.0000E-99    1.4110E-12    6.0913E-06    9.9999E-01
    1.418571E+03    1.0000E-99    1.3225E-12    5.9554E-06    9.9999E-01
    1.506375E+03    1.0000E-99    5.9363E-13    4.3517E-06    1.0000E+00
    1.599613E+03    1.0000E-99    5.3635E-13    4.1641E-06    1.0000E+00
    1.698623E+03    1.0000E-99    3.7927E-13    3.6061E-06    1.0000E+00
    1.803761E+03    1.0000E-99    3.5420E-13    3.5423E-06    1.0000E+00
    1.915407E+03    1.0000E-99    2.2017E-13    2.9172E-06    1.0000E+00
    2.033963E+03    1.0000E-99    1.8658E-13    2.7370E-06    1.0000E+00
    2.159857E+03    1.0000E-99    1.2490E-13    2.3272E-06    1.0000E+00
    2.293544E+03    1.0000E-99    8.2771E-14    1.9542E-06    1.0000E+00
    2.435505E+03    1.0000E-99    5.6963E-14    1.6620E-06    1.0000E+00
    2.586253E+03    1.0000E-99    3.5703E-14    1.3694E-06    1.0000E+00
    2.746332E+03    1.0000E-99    2.7738E-14    1.2270E-06    1.0000E+00
    2.916319E+03    1.0000E-99    2.2090E-14    1.1111E-06    1.0000E+00
    3.096828E+03    1.0000E-99    1.7262E-14    9.8603E-07    1.0000E+00
    3.288509E+03    1.0000E-99    1.4173E-14    8.8702E-07    1.0000E+00
    3.492055E+03    1.0000E-99    1.2216E-14    8.1114E-07    1.0000E+00
    3.708199E+03    1.0000E-99    1.0340E-14    7.3088E-07    1.0000E+00
    3.937722E+03    1.0000E-99    8.3626E-15    6.4237E-07    1.0000E+00
    4.181452E+03    1.0000E-99    7.5127E-15    5.8854E-07    1.0000E+00
    4.440267E+03    1.0000E-99    8.0667E-15    6.0848E-07    1.0000E+00
    4.715102E+03    1.0000E-99    7.0882E-15    5.7984E-07    1.0000E+00
    5.006948E+03    1.0000E-99    4.7105E-15    4.7351E-07    1.0000E+00
    5.316859E+03    1.0000E-99    3.9781E-15    4.3778E-07    1.0000E+00
    5.645951E+03    1.0000E-99    3.6193E-15    4.1714E-07    1.0000E+00
    5.995413E+03    1.0000E-99    3.3615E-15    3.9954E-07    1.0000E+00
    6.366506E+03    1.0000E-99    3.0860E-15    3.7849E-07    1.0000E+00
    6.760567E+03    1.0000E-99    2.9466E-15    3.6712E-07    1.0000E+00
    7.179019E+03    1.0000E-99    2.8010E-15    3.5443E-07    1.0000E+00
    7.623372E+03    1.0000E-99    2.5020E-15    3.2744E-07    1.0000E+00
    8.095229E+03    1.0000E-99    2.3384E-15    3.1032E-07    1.0000E+00
    8.596292E+03    1.0000E-99    2.3341E-15    3.0471E-07    1.0000E+00
    9.128368E+03    1.0000E-99    2.3783E-15    2.9767E-07    1.0000E+00
    9.693378E+03    1.0000E-99    2.6768E-15    3.0089E-07    1.0000E+00
    1.029336E+04    1.0000E-99    3.6932E-15    3.3402E-07    1.0000E+00
    1.093048E+04    1.0000E-99    6.5088E-15    4.0577E-07    1.0000E+00
    1.160703E+04    1.0000E-99    1.6414E-14    5.8936E-07    1.0000E+00
    1.232546E+04    1.0000E-99    5.4791E-14    1.0450E-06    1.0000E+00
    1.308836E+04    1.0000E-99    1.6489E-13    1.9337E-06    1.0000E+00
    1.389955E+04    1.0000E-99    5.8189E-13    4.2742E-06    1.0000E+00
    1.474312E+04    1.0000E-99    8.3003E-12    2.4751E-05    9.9998E-01
    1.540367E+04    1.0000E-99    2.8623E-09    1.3117E-03    9.9869E-01
    1.581332E+04    1.0000E-99    5.1477E-07    3.7266E-02    9.6273E-01
    1.611284E+04    1.0000E-99    4.9796E-05    5.5937E-01    4.4058E-01
    1.636570E+04    1.0000E-99    8.2256E-04    9.8865E-01    1.0523E-02
    1.654730E+04    1.0000E-99    3.4555E-03    9.9603E-01    5.1650E-04
    1.669441E+04    1.0000E-99    1.2308E-02    9.8766E-01    3.3878E-05
    1.681682E+04    1.0000E-99    5.0291E-02    9.4971E-01    1.6191E-06
    1.692241E+04    1.0000E-99    1.7672E-01    8.2328E-01    7.0659E-08
    1.702116E+04    1.0000E-99    3.8774E-01    6.1226E-01    4.4077E-09
    1.711664E+04    1.0000E-99    5.7631E-01    4.2369E-01    5.0139E-10
    1.721561E+04    1.0000E-99    7.1537E-01    2.8463E-01    8.0484E-11
    1.732334E+04    1.0000E-99    8.2020E-01    1.7980E-01    1.3247E-11
    1.744562E+04    1.0000E-99    8.9094E-01    1.0906E-01    2.2273E-12
    1.759425E+04    1.0000E-99    9.3597E-01    6.4034E-02    3.6878E-13
    1.788224E+04    1.0000E-99    9.7211E-01    2.7895E-02    2.5223E-14
    1.867332E+04    1.0000E-99    9.9325E-01    6.7472E-03    2.7584E-16
    1.962851E+04    1.0000E-99    9.9664E-01    3.3644E-03    2.7948E-17
    2.067444E+04    1.0000E-99    9.9700E-01    3.0018E-03    2.6730E-17
    2.182447E+04    1.0000E-99    9.9687E-01    3.1337E-03    4.9901E-17
    2.306690E+04    1.0000E-99    9.9532E-01    4.6769E-03    1.6993E-16
    2.438107E+04    1.0000E-99    9.9259E-01    7.4090E-03    5.0288E-16
    2.587845E+04    1.0000E-99    9.8882E-01    1.1181E-02    1.1609E-15
    2.749199E+04    1.0000E-99    9.8027E-01    1.9726E-02    2.7395E-15
    2.896661E+04    1.0000E-99    9.7564E-01    2.4363E-02    2.6565E-15
    3.023928E+04    1.0000E-99    9.7760E-01    2.2402E-02    1.8268E-15
    3.138852E+04    1.0000E-99    9.7334E-01    2.6659E-02    2.4763E-15
    3.250795E+04    1.0000E-99    9.6846E-01    3.1539E-02    3.3788E-15
    3.365620E+04    1.0000E-99    9.5690E-01    4.3096E-02    5.9690E-15
    3.486705E+04    1.0000E-99    9.4642E-01    5.3581E-02    8.8051E-15
    3.613166E+04    1.0000E-99    9.3522E-01    6.4782E-02    1.3138E-14
    3.742115E+04    1.0000E-99    9.2063E-01    7.9368E-02    2.0098E-14
    3.871394E+04    1.0000E-99    9.0471E-01    9.5293E-02    2.9965E-14
    3.997047E+04    1.0000E-99    8.9973E-01    1.0027E-01    3.4146E-14
    4.112379E+04    1.0000E-99    8.9381E-01    1.0619E-01    4.0681E-14
    4.218343E+04    1.0000E-99    8.8106E-01    1.1894E-01    5.4928E-14
    4.320753E+04    1.0000E-99    8.6448E-01    1.3552E-01    7.6100E-14
    4.423621E+04    1.0000E-99    8.4688E-01    1.5312E-01    1.0216E-13
    4.529664E+04    1.0000E-99    8.3218E-01    1.6782E-01    1.2817E-13
    4.639486E+04    1.0000E-99    8.2384E-01    1.7616E-01    1.4812E-13
    4.752261E+04    1.0000E-99    8.2021E-01    1.7979E-01    1.6427E-13
    4.867617E+04    1.0000E-99    8.2095E-01    1.7905E-01    1.7633E-13
    4.985675E+04    1.0000E-99    8.2554E-01    1.7446E-01    1.8382E-13
    5.106564E+04    1.0000E-99    8.3283E-01    1.6717E-01    1.8687E-13
    5.230378E+04    1.0000E-99    8.4119E-01    1.5881E-01    1.8665E-13
    5.357136E+04    1.0000E-99    8.4863E-01    1.5137E-01    1.8566E-13
    5.486695E+04    1.0000E-99    8.5380E-01    1.4620E-01    1.8641E-13
    5.618695E+04    1.0000E-99    8.5516E-01    1.4484E-01    1.9217E-13
    5.752536E+04    1.0000E-99    8.5260E-01    1.4740E-01    2.0438E-13
    5.887450E+04    1.0000E-99    8.4725E-01    1.5275E-01    2.2190E-13
    6.022291E+04    1.0000E-99    8.4078E-01    1.5922E-01    2.4154E-13
    6.155592E+04    1.0000E-99    8.3489E-01    1.6511E-01    2.5938E-13
    6.285824E+04    1.0000E-99    8.3050E-01    1.6950E-01    2.7311E-13
    6.411280E+04    1.0000E-99    8.2860E-01    1.7140E-01    2.8080E-13
    6.529403E+04    1.0000E-99    8.2817E-01    1.7183E-01    2.8426E-13
    6.638404E+04    1.0000E-99    8.2880E-01    1.7120E-01    2.8436E-13
    6.736672E+04    1.0000E-99    8.3093E-01    1.6907E-01    2.8009E-13
    6.821143E+04    1.0000E-99    8.3325E-01    1.6675E-01    2.7347E-13
    6.893337E+04    1.0000E-99    8.3675E-01    1.6325E-01    2.6571E-13
    6.953439E+04    1.0000E-99    8.4608E-01    1.5392E-01    2.4644E-13
    6.977430E+04    1.0000E-99    8.5681E-01    1.4319E-01    2.2049E-13
    6.989457E+04    1.0000E-99    8.6937E-01    1.3063E-01    1.8918E-13
    6.995478E+04    1.0000E-99    8.8106E-01    1.1894E-01    1.5288E-13
    6.998490E+04    1.0000E-99    8.8832E-01    1.1168E-01    1.1712E-13
    6.999922E+04    1.0000E-99    8.9532E-01    1.0468E-01    8.3637E-14
    6.999997E+04    1.0000E-99    8.9609E-01    1.0391E-01    7.8761E-14
#TIME:     0.666
#NVEL: 115
#vel_mid[km/s]           sc1           sc2           sc3           sc4
    8.772128E+02    1.0000E-99    8.9412E-13    4.5801E-06    1.0000E+00
    8.833155E+02    1.0000E-99    8.9412E-13    4.5801E-06    1.0000E+00
    9.018795E+02    1.0000E-99    8.9412E-13    4.5801E-06    1.0000E+00
    9.401862E+02    1.0000E-99    8.9414E-13    4.5801E-06    1.0000E+00
    1.001110E+03    1.0000E-99    8.9413E-13    4.5801E-06    1.0000E+00
    1.062646E+03    1.0000E-99    8.9399E-13    4.5798E-06    1.0000E+00
    1.127988E+03    1.0000E-99    8.9344E-13    4.5790E-06    1.0000E+00
    1.197348E+03    1.0000E-99    8.9384E-13    4.5818E-06    1.0000E+00
    1.270973E+03    1.0000E-99    8.9570E-13    4.5906E-06    1.0000E+00
    1.349125E+03    1.0000E-99    8.6371E-13    4.5303E-06    1.0000E+00
    1.432083E+03    1.0000E-99    6.0327E-13    3.9207E-06    1.0000E+00
    1.520141E+03    1.0000E-99    3.8962E-13    3.2897E-06    1.0000E+00
    1.613615E+03    1.0000E-99    2.9102E-13    2.9127E-06    1.0000E+00
    1.712836E+03    1.0000E-99    2.3379E-13    2.6647E-06    1.0000E+00
    1.818158E+03    1.0000E-99    1.7866E-13    2.3978E-06    1.0000E+00
    1.929957E+03    1.0000E-99    1.2946E-13    2.1048E-06    1.0000E+00
    2.048630E+03    1.0000E-99    9.6156E-14    1.8698E-06    1.0000E+00
    2.174600E+03    1.0000E-99    6.5913E-14    1.6035E-06    1.0000E+00
    2.308316E+03    1.0000E-99    4.3832E-14    1.3475E-06    1.0000E+00
    2.450254E+03    1.0000E-99    2.8137E-14    1.1166E-06    1.0000E+00
    2.600920E+03    1.0000E-99    1.8922E-14    9.4561E-07    1.0000E+00
    2.760850E+03    1.0000E-99    1.4359E-14    8.4102E-07    1.0000E+00
    2.930615E+03    1.0000E-99    1.1369E-14    7.5832E-07    1.0000E+00
    3.110818E+03    1.0000E-99    9.0376E-15    6.7793E-07    1.0000E+00
    3.302102E+03    1.0000E-99    7.4943E-15    6.1223E-07    1.0000E+00
    3.505148E+03    1.0000E-99    6.4429E-15    5.5864E-07    1.0000E+00
    3.720679E+03    1.0000E-99    5.5032E-15    5.0500E-07    1.0000E+00
    3.949463E+03    1.0000E-99    4.4685E-15    4.4199E-07    1.0000E+00
    4.192316E+03    1.0000E-99    4.1946E-15    4.1721E-07    1.0000E+00
    4.450101E+03    1.0000E-99    4.3849E-15    4.2442E-07    1.0000E+00
    4.723737E+03    1.0000E-99    3.8290E-15    4.0112E-07    1.0000E+00
    5.014199E+03    1.0000E-99    2.7436E-15    3.4137E-07    1.0000E+00
    5.322522E+03    1.0000E-99    2.2288E-15    3.0885E-07    1.0000E+00
    5.649804E+03    1.0000E-99    2.0382E-15    2.9526E-07    1.0000E+00
    5.997210E+03    1.0000E-99    1.8861E-15    2.8212E-07    1.0000E+00
    6.365978E+03    1.0000E-99    1.7446E-15    2.6858E-07    1.0000E+00
    6.757421E+03    1.0000E-99    1.6752E-15    2.6089E-07    1.0000E+00
    7.172935E+03    1.0000E-99    1.5992E-15    2.5184E-07    1.0000E+00
    7.613998E+03    1.0000E-99    1.4515E-15    2.3492E-07    1.0000E+00
    8.082182E+03    1.0000E-99    1.3749E-15    2.2384E-07    1.0000E+00
    8.579155E+03    1.0000E-99    1.3949E-15    2.2088E-07    1.0000E+00
    9.106686E+03    1.0000E-99    1.4490E-15    2.1800E-07    1.0000E+00
    9.666656E+03    1.0000E-99    1.6759E-15    2.2382E-07    1.0000E+00
    1.026106E+04    1.0000E-99    2.3600E-15    2.5094E-07    1.0000E+00
    1.089201E+04    1.0000E-99    4.2291E-15    3.1181E-07    1.0000E+00
    1.156176E+04    1.0000E-99    1.0728E-14    4.6476E-07    1.0000E+00
    1.227269E+04    1.0000E-99    3.9380E-14    9.0419E-07    1.0000E+00
    1.302734E+04    1.0000E-99    1.5580E-13    2.0436E-06    1.0000E+00
    1.382861E+04    1.0000E-99    6.6089E-13    5.2538E-06    9.9999E-01
    1.462901E+04    1.0000E-99    8.3344E-12    2.9248E-05    9.9997E-01
    1.525056E+04    1.0000E-99    6.4111E-10    5.7062E-04    9.9943E-01
    1.570852E+04    1.0000E-99    1.4530E-07    1.9910E-02    9.8009E-01
    1.603933E+04    1.0000E-99    1.4321E-05    3.4081E-01    6.5917E-01
    1.626493E+04    1.0000E-99    2.9231E-04    9.5805E-01    4.1654E-02
    1.642900E+04    1.0000E-99    2.0645E-03    9.9694E-01    9.9858E-04
    1.655927E+04    1.0000E-99    1.1353E-02    9.8862E-01    2.8277E-05
    1.666808E+04    1.0000E-99    5.2352E-02    9.4765E-01    1.0122E-06
    1.676387E+04    1.0000E-99    1.7175E-01    8.2825E-01    5.1771E-08
    1.685344E+04    1.0000E-99    3.5558E-01    6.4442E-01    4.3031E-09
    1.694048E+04    1.0000E-99    5.3252E-01    4.6748E-01    5.6609E-10
    1.702877E+04    1.0000E-99    6.7404E-01    3.2596E-01    9.8073E-11
    1.712364E+04    1.0000E-99    7.8048E-01    2.1952E-01    1.9114E-11
    1.723140E+04    1.0000E-99    8.5901E-01    1.4099E-01    3.6797E-12
    1.736849E+04    1.0000E-99    9.1819E-01    8.1809E-02    5.5915E-13
    1.764428E+04    1.0000E-99    9.7033E-01    2.9669E-02    2.0423E-14
    1.825185E+04    1.0000E-99    9.9610E-01    3.9049E-03    3.9252E-17
    1.898577E+04    1.0000E-99    9.9947E-01    5.2952E-04    8.3317E-20
    1.978625E+04    1.0000E-99    9.9990E-01    1.0351E-04    4.8145E-22
    2.065037E+04    1.0000E-99    9.9997E-01    2.9057E-05    1.1167E-23
    2.155095E+04    1.0000E-99    9.9999E-01    1.0163E-05    7.6003E-24
    2.245768E+04    1.0000E-99    9.9999E-01    6.5134E-06    3.4192E-23
    2.340027E+04    1.0000E-99    9.9999E-01    9.1797E-06    1.7197E-22
    2.441765E+04    1.0000E-99    9.9998E-01    2.1624E-05    9.8726E-22
    2.552663E+04    1.0000E-99    9.9993E-01    6.6934E-05    5.1360E-21
    2.678810E+04    1.0000E-99    9.9969E-01    3.1189E-04    3.3486E-20
    2.832661E+04    1.0000E-99    9.9853E-01    1.4699E-03    1.8131E-19
    3.001704E+04    1.0000E-99    9.9747E-01    2.5277E-03    2.6936E-19
    3.165601E+04    1.0000E-99    9.9575E-01    4.2460E-03    4.9856E-19
    3.325288E+04    1.0000E-99    9.9225E-01    7.7461E-03    2.0039E-18
    3.484169E+04    1.0000E-99    9.8773E-01    1.2270E-02    6.4908E-18
    3.639765E+04    1.0000E-99    9.8282E-01    1.7181E-02    1.9116E-17
    3.790349E+04    1.0000E-99    9.7672E-01    2.3283E-02    5.7322E-17
    3.933015E+04    1.0000E-99    9.7219E-01    2.7806E-02    1.2250E-16
    4.064946E+04    1.0000E-99    9.6964E-01    3.0363E-02    2.0496E-16
    4.183748E+04    1.0000E-99    9.6504E-01    3.4956E-02    4.3106E-16
    4.295471E+04    1.0000E-99    9.5760E-01    4.2401E-02    1.0655E-15
    4.404536E+04    1.0000E-99    9.4746E-01    5.2538E-02    2.6365E-15
    4.514998E+04    1.0000E-99    9.3494E-01    6.5056E-02    5.9477E-15
    4.627877E+04    1.0000E-99    9.2136E-01    7.8645E-02    1.1581E-14
    4.742914E+04    1.0000E-99    9.0704E-01    9.2959E-02    2.0621E-14
    4.859884E+04    1.0000E-99    8.9371E-01    1.0629E-01    3.3589E-14
    4.979054E+04    1.0000E-99    8.8349E-01    1.1651E-01    5.0216E-14
    5.100851E+04    1.0000E-99    8.7725E-01    1.2275E-01    6.9044E-14
    5.225617E+04    1.0000E-99    8.7431E-01    1.2569E-01    8.8188E-14
    5.353554E+04    1.0000E-99    8.7283E-01    1.2717E-01    1.0657E-13
    5.484601E+04    1.0000E-99    8.7120E-01    1.2880E-01    1.2435E-13
    5.618429E+04    1.0000E-99    8.6767E-01    1.3233E-01    1.4360E-13
    5.754205E+04    1.0000E-99    8.6166E-01    1.3834E-01    1.6610E-13
    5.891132E+04    1.0000E-99    8.5383E-01    1.4617E-01    1.9171E-13
    6.027604E+04    1.0000E-99    8.4560E-01    1.5440E-01    2.1787E-13
    6.162485E+04    1.0000E-99    8.3845E-01    1.6155E-01    2.4103E-13
    6.293682E+04    1.0000E-99    8.3324E-01    1.6676E-01    2.5887E-13
    6.419493E+04    1.0000E-99    8.3076E-01    1.6924E-01    2.6971E-13
    6.537955E+04    1.0000E-99    8.2992E-01    1.7008E-01    2.7552E-13
    6.646379E+04    1.0000E-99    8.3030E-01    1.6970E-01    2.7723E-13
    6.743920E+04    1.0000E-99    8.3222E-01    1.6778E-01    2.7414E-13
    6.827833E+04    1.0000E-99    8.3443E-01    1.6557E-01    2.6841E-13
    6.898935E+04    1.0000E-99    8.3812E-01    1.6188E-01    2.6085E-13
    6.955810E+04    1.0000E-99    8.4761E-01    1.5239E-01    2.4140E-13
    6.978582E+04    1.0000E-99    8.5841E-01    1.4159E-01    2.1553E-13
    6.989995E+04    1.0000E-99    8.7084E-01    1.2916E-01    1.8434E-13
    6.995709E+04    1.0000E-99    8.8203E-01    1.1797E-01    1.4880E-13
    6.998568E+04    1.0000E-99    8.8905E-01    1.1095E-01    1.1428E-13
    6.999926E+04    1.0000E-99    8.9574E-01    1.0426E-01    8.2567E-14
    6.999997E+04    1.0000E-99    8.9647E-01    1.0353E-01    7.7906E-14
#TIME:     0.733
#NVEL: 115
#vel_mid[km/s]           sc1           sc2           sc3           sc4
    8.772128E+02    1.0000E-99    7.1803E-13    4.0077E-06    1.0000E+00
    8.821279E+02    1.0000E-99    7.1803E-13    4.0077E-06    1.0000E+00
    8.970391E+02    1.0000E-99    7.1803E-13    4.0077E-06    1.0000E+00
    9.276219E+02    1.0000E-99    7.1804E-13    4.0077E-06    1.0000E+00
    9.834559E+02    1.0000E-99    7.1805E-13    4.0078E-06    1.0000E+00
    1.043937E+03    1.0000E-99    7.1793E-13    4.0075E-06    1.0000E+00
    1.108129E+03    1.0000E-99    7.1747E-13    4.0065E-06    1.0000E+00
    1.176267E+03    1.0000E-99    7.1715E-13    4.0067E-06    1.0000E+00
    1.248596E+03    1.0000E-99    7.1734E-13    4.0101E-06    1.0000E+00
    1.325372E+03    1.0000E-99    6.9565E-13    3.9635E-06    1.0000E+00
    1.406869E+03    1.0000E-99    5.3291E-13    3.5537E-06    1.0000E+00
    1.493377E+03    1.0000E-99    3.4740E-13    2.9839E-06    1.0000E+00
    1.585205E+03    1.0000E-99    2.4929E-13    2.5992E-06    1.0000E+00
    1.682679E+03    1.0000E-99    1.9398E-13    2.3416E-06    1.0000E+00
    1.786147E+03    1.0000E-99    1.4941E-13    2.1103E-06    1.0000E+00
    1.895977E+03    1.0000E-99    1.0901E-13    1.8577E-06    1.0000E+00
    2.012561E+03    1.0000E-99    7.9805E-14    1.6388E-06    1.0000E+00
    2.136313E+03    1.0000E-99    5.5558E-14    1.4156E-06    1.0000E+00
    2.267674E+03    1.0000E-99    3.6977E-14    1.1920E-06    1.0000E+00
    2.407114E+03    1.0000E-99    2.3664E-14    9.8595E-07    1.0000E+00
    2.555127E+03    1.0000E-99    1.5564E-14    8.2695E-07    1.0000E+00
    2.712241E+03    1.0000E-99    1.1419E-14    7.2588E-07    1.0000E+00
    2.879017E+03    1.0000E-99    8.9487E-15    6.5295E-07    1.0000E+00
    3.056048E+03    1.0000E-99    7.0956E-15    5.8492E-07    1.0000E+00
    3.243964E+03    1.0000E-99    5.8274E-15    5.2708E-07    1.0000E+00
    3.443435E+03    1.0000E-99    4.9771E-15    4.8026E-07    1.0000E+00
    3.655171E+03    1.0000E-99    4.3071E-15    4.3745E-07    1.0000E+00
    3.879927E+03    1.0000E-99    3.5362E-15    3.8513E-07    1.0000E+00
    4.118504E+03    1.0000E-99    3.1039E-15    3.5058E-07    1.0000E+00
    4.371751E+03    1.0000E-99    3.3040E-15    3.5768E-07    1.0000E+00
    4.640569E+03    1.0000E-99    3.0388E-15    3.4539E-07    1.0000E+00
    4.925917E+03    1.0000E-99    2.3195E-15    3.0389E-07    1.0000E+00
    5.228812E+03    1.0000E-99    1.7896E-15    2.6803E-07    1.0000E+00
    5.550331E+03    1.0000E-99    1.5920E-15    2.5310E-07    1.0000E+00
    5.891620E+03    1.0000E-99    1.4730E-15    2.4227E-07    1.0000E+00
    6.253896E+03    1.0000E-99    1.3586E-15    2.3046E-07    1.0000E+00
    6.638447E+03    1.0000E-99    1.2966E-15    2.2307E-07    1.0000E+00
    7.046645E+03    1.0000E-99    1.2545E-15    2.1697E-07    1.0000E+00
    7.479943E+03    1.0000E-99    1.1531E-15    2.0411E-07    1.0000E+00
    7.939884E+03    1.0000E-99    1.0802E-15    1.9328E-07    1.0000E+00
    8.428107E+03    1.0000E-99    1.0914E-15    1.9028E-07    1.0000E+00
    8.946351E+03    1.0000E-99    1.1359E-15    1.8863E-07    1.0000E+00
    9.496461E+03    1.0000E-99    1.2764E-15    1.9176E-07    1.0000E+00
    1.008040E+04    1.0000E-99    1.7262E-15    2.1172E-07    1.0000E+00
    1.070024E+04    1.0000E-99    2.9087E-15    2.5755E-07    1.0000E+00
    1.135820E+04    1.0000E-99    6.7198E-15    3.6843E-07    1.0000E+00
    1.205661E+04    1.0000E-99    2.3268E-14    6.9131E-07    1.0000E+00
    1.279797E+04    1.0000E-99    1.0337E-13    1.6657E-06    1.0000E+00
    1.358477E+04    1.0000E-99    4.7211E-13    4.4745E-06    1.0000E+00
    1.437244E+04    1.0000E-99    3.9448E-12    1.9021E-05    9.9998E-01
    1.500937E+04    1.0000E-99    1.1388E-10    1.9205E-04    9.9981E-01
    1.552878E+04    1.0000E-99    1.8216E-08    5.6665E-03    9.9433E-01
    1.591273E+04    1.0000E-99    2.2301E-06    1.2384E-01    8.7615E-01
    1.617011E+04    1.0000E-99    9.6718E-05    8.2633E-01    1.7357E-01
    1.634952E+04    1.0000E-99    8.2581E-04    9.9447E-01    4.6998E-03
    1.648696E+04    1.0000E-99    6.3510E-03    9.9357E-01    7.8189E-05
    1.659878E+04    1.0000E-99    4.1147E-02    9.5885E-01    1.4344E-06
    1.669545E+04    1.0000E-99    1.6189E-01    8.3811E-01    5.0036E-08
    1.678508E+04    1.0000E-99    3.5335E-01    6.4665E-01    3.6017E-09
    1.687250E+04    1.0000E-99    5.3485E-01    4.6515E-01    4.5223E-10
    1.696111E+04    1.0000E-99    6.7761E-01    3.2239E-01    7.6959E-11
    1.705636E+04    1.0000E-99    7.8474E-01    2.1526E-01    1.4625E-11
    1.716416E+04    1.0000E-99    8.6279E-01    1.3721E-01    2.7561E-12
    1.730537E+04    1.0000E-99    9.2229E-01    7.7706E-02    3.8761E-13
    1.760745E+04    1.0000E-99    9.7469E-01    2.5309E-02    1.0077E-14
    1.821538E+04    1.0000E-99    9.9677E-01    3.2281E-03    1.7634E-17
    1.893451E+04    1.0000E-99    9.9959E-01    4.1439E-04    3.1847E-20
    1.971244E+04    1.0000E-99    9.9993E-01    6.7352E-05    1.0669E-22
    2.054375E+04    1.0000E-99    9.9999E-01    1.3873E-05    6.9072E-25
    2.140728E+04    1.0000E-99    1.0000E+00    3.1292E-06    1.0115E-26
    2.226561E+04    1.0000E-99    1.0000E+00    9.2819E-07    1.6586E-26
    2.313428E+04    1.0000E-99    1.0000E+00    5.2561E-07    1.0790E-25
    2.404497E+04    1.0000E-99    1.0000E+00    9.1797E-07    7.9696E-25
    2.500523E+04    1.0000E-99    1.0000E+00    3.0458E-06    5.2717E-24
    2.604263E+04    1.0000E-99    9.9999E-01    1.4698E-05    4.0325E-23
    2.724271E+04    1.0000E-99    9.9990E-01    1.0402E-04    4.4323E-22
    2.880103E+04    1.0000E-99    9.9939E-01    6.1016E-04    3.5518E-21
    3.057189E+04    1.0000E-99    9.9876E-01    1.2353E-03    8.2208E-21
    3.239972E+04    1.0000E-99    9.9705E-01    2.9492E-03    3.2379E-20
    3.417455E+04    1.0000E-99    9.9391E-01    6.0918E-03    1.8311E-19
    3.587716E+04    1.0000E-99    9.9015E-01    9.8479E-03    7.7822E-19
    3.749452E+04    1.0000E-99    9.8568E-01    1.4324E-02    3.2269E-18
    3.901907E+04    1.0000E-99    9.8180E-01    1.8204E-02    9.5461E-18
    4.041392E+04    1.0000E-99    9.7963E-01    2.0370E-02    1.9147E-17
    4.166067E+04    1.0000E-99    9.7642E-01    2.3582E-02    4.7254E-17
    4.282033E+04    1.0000E-99    9.7110E-01    2.8897E-02    1.4879E-16
    4.393802E+04    1.0000E-99    9.6360E-01    3.6397E-02    4.8777E-16
    4.506444E+04    1.0000E-99    9.5385E-01    4.6152E-02    1.4596E-15
    4.621047E+04    1.0000E-99    9.4243E-01    5.7571E-02    3.6548E-15
    4.737662E+04    1.0000E-99    9.2930E-01    7.0704E-02    8.1392E-15
    4.855943E+04    1.0000E-99    9.1572E-01    8.4279E-02    1.6128E-14
    4.976293E+04    1.0000E-99    9.0373E-01    9.6265E-02    2.8474E-14
    5.099069E+04    1.0000E-99    8.9460E-01    1.0540E-01    4.4889E-14
    5.224631E+04    1.0000E-99    8.8829E-01    1.1171E-01    6.3944E-14
    5.353171E+04    1.0000E-99    8.8356E-01    1.1644E-01    8.4117E-14
    5.484612E+04    1.0000E-99    8.7919E-01    1.2081E-01    1.0471E-13
    5.618687E+04    1.0000E-99    8.7362E-01    1.2638E-01    1.2691E-13
    5.754538E+04    1.0000E-99    8.6619E-01    1.3381E-01    1.5205E-13
    5.891516E+04    1.0000E-99    8.5732E-01    1.4268E-01    1.8001E-13
    6.027894E+04    1.0000E-99    8.4831E-01    1.5169E-01    2.0826E-13
    6.162742E+04    1.0000E-99    8.4056E-01    1.5944E-01    2.3331E-13
    6.293850E+04    1.0000E-99    8.3488E-01    1.6512E-01    2.5276E-13
    6.419616E+04    1.0000E-99    8.3204E-01    1.6796E-01    2.6494E-13
    6.537984E+04    1.0000E-99    8.3092E-01    1.6908E-01    2.7181E-13
    6.646444E+04    1.0000E-99    8.3110E-01    1.6890E-01    2.7430E-13
    6.743912E+04    1.0000E-99    8.3287E-01    1.6713E-01    2.7180E-13
    6.827867E+04    1.0000E-99    8.3497E-01    1.6503E-01    2.6651E-13
    6.898947E+04    1.0000E-99    8.3859E-01    1.6141E-01    2.5927E-13
    6.955800E+04    1.0000E-99    8.4800E-01    1.5200E-01    2.4012E-13
    6.978577E+04    1.0000E-99    8.5875E-01    1.4125E-01    2.1445E-13
    6.989993E+04    1.0000E-99    8.7113E-01    1.2887E-01    1.8345E-13
    6.995708E+04    1.0000E-99    8.8230E-01    1.1770E-01    1.4810E-13
    6.998567E+04    1.0000E-99    8.8929E-01    1.1071E-01    1.1374E-13
    6.999926E+04    1.0000E-99    8.9596E-01    1.0404E-01    8.2177E-14
    6.999997E+04    1.0000E-99    8.9669E-01    1.0331E-01    7.7541E-14
#TIME:     0.806
#NVEL: 115
#vel_mid[km/s]           sc1           sc2           sc3           sc4
    8.772128E+02    1.0000E-99    5.7909E-13    3.5251E-06    1.0000E+00
    8.817035E+02    1.0000E-99    5.7909E-13    3.5251E-06    1.0000E+00
    8.953142E+02    1.0000E-99    5.7909E-13    3.5251E-06    1.0000E+00
    9.231691E+02    1.0000E-99    5.7909E-13    3.5251E-06    1.0000E+00
    9.772176E+02    1.0000E-99    5.7909E-13    3.5251E-06    1.0000E+00
    1.037326E+03    1.0000E-99    5.7895E-13    3.5248E-06    1.0000E+00
    1.101111E+03    1.0000E-99    5.7849E-13    3.5236E-06    1.0000E+00
    1.168818E+03    1.0000E-99    5.7775E-13    3.5223E-06    1.0000E+00
    1.240689E+03    1.0000E-99    5.7546E-13    3.5180E-06    1.0000E+00
    1.316978E+03    1.0000E-99    5.5123E-13    3.4562E-06    1.0000E+00
    1.397959E+03    1.0000E-99    4.3375E-13    3.1263E-06    1.0000E+00
    1.483920E+03    1.0000E-99    2.9115E-13    2.6492E-06    1.0000E+00
    1.575166E+03    1.0000E-99    2.0589E-13    2.2896E-06    1.0000E+00
    1.672023E+03    1.0000E-99    1.5639E-13    2.0389E-06    1.0000E+00
    1.774835E+03    1.0000E-99    1.1980E-13    1.8306E-06    1.0000E+00
    1.883970E+03    1.0000E-99    8.7185E-14    1.6082E-06    1.0000E+00
    1.999815E+03    1.0000E-99    6.3161E-14    1.4113E-06    1.0000E+00
    2.122784E+03    1.0000E-99    4.3935E-14    1.2182E-06    1.0000E+00
    2.253313E+03    1.0000E-99    2.9085E-14    1.0238E-06    1.0000E+00
    2.391869E+03    1.0000E-99    1.8532E-14    8.4508E-07    1.0000E+00
    2.538945E+03    1.0000E-99    1.2119E-14    7.0693E-07    1.0000E+00
    2.695065E+03    1.0000E-99    8.7750E-15    6.1727E-07    1.0000E+00
    2.860784E+03    1.0000E-99    6.8310E-15    5.5411E-07    1.0000E+00
    3.036693E+03    1.0000E-99    5.4111E-15    4.9668E-07    1.0000E+00
    3.223420E+03    1.0000E-99    4.4283E-15    4.4724E-07    1.0000E+00
    3.421628E+03    1.0000E-99    3.7799E-15    4.0760E-07    1.0000E+00
    3.632023E+03    1.0000E-99    3.2974E-15    3.7277E-07    1.0000E+00
    3.855356E+03    1.0000E-99    2.7353E-15    3.2973E-07    1.0000E+00
    4.092421E+03    1.0000E-99    2.3501E-15    2.9666E-07    1.0000E+00
    4.344064E+03    1.0000E-99    2.5045E-15    3.0241E-07    1.0000E+00
    4.611180E+03    1.0000E-99    2.3666E-15    2.9517E-07    1.0000E+00
    4.894722E+03    1.0000E-99    1.8487E-15    2.6266E-07    1.0000E+00
    5.195698E+03    1.0000E-99    1.4179E-15    2.3099E-07    1.0000E+00
    5.515181E+03    1.0000E-99    1.2474E-15    2.1700E-07    1.0000E+00
    5.854309E+03    1.0000E-99    1.1503E-15    2.0753E-07    1.0000E+00
    6.214290E+03    1.0000E-99    1.0592E-15    1.9734E-07    1.0000E+00
    6.596406E+03    1.0000E-99    1.0111E-15    1.9099E-07    1.0000E+00
    7.002019E+03    1.0000E-99    9.8586E-16    1.8649E-07    1.0000E+00
    7.432572E+03    1.0000E-99    9.1319E-16    1.7619E-07    1.0000E+00
    7.889601E+03    1.0000E-99    8.5650E-16    1.6694E-07    1.0000E+00
    8.374732E+03    1.0000E-99    8.7072E-16    1.6478E-07    1.0000E+00
    8.889693E+03    1.0000E-99    9.1585E-16    1.6433E-07    1.0000E+00
    9.436320E+03    1.0000E-99    1.0298E-15    1.6746E-07    1.0000E+00
    1.001656E+04    1.0000E-99    1.3901E-15    1.8534E-07    1.0000E+00
    1.063248E+04    1.0000E-99    2.3351E-15    2.2666E-07    1.0000E+00
    1.128627E+04    1.0000E-99    5.3009E-15    3.2528E-07    1.0000E+00
    1.198026E+04    1.0000E-99    1.8616E-14    6.2520E-07    1.0000E+00
    1.271692E+04    1.0000E-99    8.9641E-14    1.6065E-06    1.0000E+00
    1.349805E+04    1.0000E-99    4.5927E-13    4.6975E-06    1.0000E+00
    1.425822E+04    1.0000E-99    3.5916E-12    1.9236E-05    9.9998E-01
    1.486986E+04    1.0000E-99    6.4615E-11    1.4314E-04    9.9986E-01
    1.537519E+04    1.0000E-99    4.3272E-09    2.4063E-03    9.9759E-01
    1.578064E+04    1.0000E-99    4.1140E-07    4.6566E-02    9.5343E-01
    1.606880E+04    1.0000E-99    2.7445E-05    5.5183E-01    4.4814E-01
    1.627147E+04    1.0000E-99    3.2712E-04    9.7885E-01    2.0824E-02
    1.642133E+04    1.0000E-99    2.8171E-03    9.9686E-01    3.2307E-04
    1.653799E+04    1.0000E-99    2.3134E-02    9.7686E-01    4.0524E-06
    1.663728E+04    1.0000E-99    1.2096E-01    8.7904E-01    8.8705E-08
    1.672867E+04    1.0000E-99    3.1075E-01    6.8925E-01    4.7837E-09
    1.681726E+04    1.0000E-99    5.0074E-01    4.9926E-01    5.3401E-10
    1.690746E+04    1.0000E-99    6.5301E-01    3.4699E-01    8.5595E-11
    1.700408E+04    1.0000E-99    7.6777E-01    2.3223E-01    1.5748E-11
    1.711406E+04    1.0000E-99    8.5240E-01    1.4760E-01    2.8595E-12
    1.726274E+04    1.0000E-99    9.1828E-01    8.1719E-02    3.6524E-13
    1.762026E+04    1.0000E-99    9.7776E-01    2.2242E-02    5.2779E-15
    1.824949E+04    1.0000E-99    9.9719E-01    2.8147E-03    8.9795E-18
    1.897008E+04    1.0000E-99    9.9962E-01    3.8163E-04    1.8931E-20
    1.974151E+04    1.0000E-99    9.9994E-01    6.2598E-05    6.5194E-23
    2.056198E+04    1.0000E-99    9.9999E-01    1.2400E-05    3.7711E-25
    2.140466E+04    1.0000E-99    1.0000E+00    2.5969E-06    2.8448E-27
    2.223509E+04    1.0000E-99    1.0000E+00    6.2366E-07    4.4576E-29
    2.306880E+04    1.0000E-99    1.0000E+00    1.8366E-07    1.1128E-28
