#NTIMES: 145 
#NSTAGES: 7 
#TIMES[d]: 4.14 4.22 4.31 4.40 4.49 4.58 4.68 4.77 4.87 4.97 5.08 5.18 5.29 5.40 5.51 5.62 5.74 5.86 5.98 6.10 6.23 6.36 6.49 6.62 6.76 6.90 7.04 7.19 7.34 7.49 7.64 7.80 7.96 8.13 8.30 8.47 8.64 8.82 9.01 9.19 9.38 9.58 9.77 9.98 10.18 10.39 10.61 10.83 11.05 11.28 11.51 11.75 11.99 12.24 12.50 12.75 13.02 13.29 13.56 13.84 14.13 14.42 14.72 15.02 15.33 15.65 15.98 16.31 16.64 16.99 17.34 17.70 18.06 18.44 18.82 19.21 19.60 20.01 20.42 20.85 21.28 21.72 22.17 22.62 23.09 23.57 24.06 24.56 25.06 25.58 26.11 26.65 27.20 27.76 28.34 28.93 29.52 30.13 30.76 31.39 32.04 32.71 33.38 34.07 34.78 35.50 36.23 36.98 37.74 38.53 39.32 40.14 40.97 41.81 42.68 43.56 44.46 45.38 46.32 47.28 48.26 49.25 50.27 51.31 52.37 53.46 54.56 55.69 56.84 58.02 59.22 60.44 61.69 62.97 64.27 65.60 66.96 68.34 69.76 71.20 72.67 74.17 75.71 77.27 78.87 
#
#TIME: 4.14 
#NVEL: 67 
#vel_mid[km/s] cr0 cr1 cr2 cr3 cr4 cr5 cr6 
440.10 1.09e-17 1.42e-10 2.06e-05 9.10e-02 8.98e-01 1.13e-02 6.39e-08 
999.11 3.75e-19 5.57e-12 1.35e-06 1.63e-02 8.49e-01 1.34e-01 2.82e-05 
1267.34 7.81e-21 1.51e-13 5.71e-08 1.80e-03 4.43e-01 5.53e-01 2.04e-03 
1514.05 3.14e-22 7.00e-15 3.47e-09 2.07e-04 1.45e-01 8.31e-01 2.45e-02 
1808.80 1.51e-23 3.92e-16 2.53e-10 2.63e-05 4.29e-02 8.30e-01 1.28e-01 
1919.29 8.39e-25 2.48e-17 1.97e-11 3.55e-06 1.24e-02 6.36e-01 3.51e-01 
2160.92 1.16e-26 3.68e-19 3.56e-13 1.45e-07 1.65e-03 3.12e-01 6.87e-01 
2292.92 1.97e-27 7.29e-20 8.39e-14 4.37e-08 6.94e-04 2.01e-01 7.99e-01 
2432.98 4.36e-28 1.85e-20 2.47e-14 1.59e-08 3.34e-04 1.38e-01 8.62e-01 
2581.60 1.36e-28 6.67e-21 9.98e-15 7.39e-09 1.90e-04 1.03e-01 8.97e-01 
2739.29 5.33e-29 2.76e-21 4.47e-15 3.79e-09 1.16e-04 7.84e-02 9.21e-01 
2906.62 2.95e-29 1.67e-21 2.91e-15 2.69e-09 9.11e-05 6.86e-02 9.31e-01 
3084.17 1.78e-29 1.13e-21 2.14e-15 2.17e-09 7.99e-05 6.50e-02 9.35e-01 
3272.56 1.04e-29 7.25e-22 1.52e-15 1.73e-09 7.04e-05 6.21e-02 9.38e-01 
3472.46 8.20e-30 6.44e-22 1.48e-15 1.80e-09 7.58e-05 6.63e-02 9.34e-01 
3684.57 6.25e-30 5.41e-22 1.36e-15 1.81e-09 8.01e-05 7.13e-02 9.29e-01 
3909.64 4.34e-30 4.32e-22 1.23e-15 1.83e-09 8.64e-05 7.89e-02 9.21e-01 
4148.46 5.22e-30 5.61e-22 1.69e-15 2.53e-09 1.15e-04 9.56e-02 9.04e-01 
4401.86 1.20e-29 1.24e-21 3.53e-15 4.78e-09 1.85e-04 1.24e-01 8.75e-01 
4670.75 2.76e-29 2.81e-21 7.70e-15 9.51e-09 3.12e-04 1.65e-01 8.35e-01 
4956.05 2.79e-29 3.21e-21 9.51e-15 1.20e-08 3.81e-04 1.85e-01 8.14e-01 
5258.79 2.58e-29 3.27e-21 1.05e-14 1.39e-08 4.42e-04 2.03e-01 7.96e-01 
5580.02 3.93e-29 5.21e-21 1.73e-14 2.25e-08 6.46e-04 2.45e-01 7.54e-01 
5920.87 5.73e-29 8.24e-21 2.82e-14 3.56e-08 9.21e-04 2.94e-01 7.05e-01 
6282.54 8.77e-29 1.30e-20 4.59e-14 5.65e-08 1.33e-03 3.54e-01 6.45e-01 
6666.30 1.81e-28 2.81e-20 9.85e-14 1.11e-07 2.19e-03 4.45e-01 5.53e-01 
7073.50 4.67e-28 7.22e-20 2.48e-13 2.53e-07 3.98e-03 5.67e-01 4.29e-01 
7505.58 8.53e-28 1.40e-19 4.81e-13 4.57e-07 6.17e-03 6.72e-01 3.22e-01 
7964.05 2.87e-27 4.87e-19 1.62e-12 1.30e-06 1.25e-02 8.11e-01 1.77e-01 
8450.53 2.01e-26 3.35e-18 1.00e-11 5.84e-06 3.19e-02 9.02e-01 6.60e-02 
8966.72 1.60e-25 2.65e-17 7.07e-11 2.90e-05 8.36e-02 8.98e-01 1.86e-02 
9514.44 2.77e-24 4.37e-16 9.55e-10 2.30e-04 2.68e-01 7.29e-01 2.37e-03 
10095.62 9.33e-23 1.37e-14 2.10e-08 2.25e-03 7.07e-01 2.91e-01 7.24e-05 
10712.30 4.49e-21 5.76e-13 5.65e-07 1.99e-02 9.52e-01 2.85e-02 2.40e-07 
11366.65 4.72e-19 5.42e-11 2.90e-05 2.24e-01 7.75e-01 6.12e-04 2.18e-11 
12061.10 3.34e-17 3.68e-09 8.97e-04 9.10e-01 8.94e-02 2.13e-07 7.51e-18 
12793.43 1.47e-15 1.53e-07 1.42e-02 9.85e-01 1.15e-03 4.22e-12 3.72e-26 
13528.61 1.32e-13 1.10e-05 2.70e-01 7.30e-01 3.81e-06 6.55e-18 1.48e-32 
14194.74 1.97e-12 1.45e-04 9.04e-01 9.55e-02 1.44e-09 4.72e-25 3.64e-32 
14757.77 9.25e-12 5.52e-04 9.93e-01 6.33e-03 1.05e-12 2.73e-31 4.66e-32 
15240.48 4.76e-11 1.92e-03 9.98e-01 5.15e-04 8.36e-16 5.32e-37 2.19e-32 
15646.99 2.78e-10 6.57e-03 9.93e-01 3.85e-05 1.07e-18 3.49e-37 7.55e-35 
15960.30 1.87e-09 2.26e-02 9.77e-01 3.13e-06 1.44e-21 4.29e-37 3.59e-36 
16187.41 9.36e-09 6.83e-02 9.32e-01 4.54e-07 8.99e-24 6.38e-37 2.12e-36 
16354.17 2.76e-08 1.52e-01 8.48e-01 3.93e-08 3.04e-26 9.57e-37 4.17e-37 
16484.18 4.14e-08 2.15e-01 7.85e-01 4.43e-08 1.38e-26 1.42e-36 6.20e-37 
16593.12 6.06e-08 2.98e-01 7.02e-01 3.77e-09 9.72e-29 2.01e-36 8.81e-37 
16691.99 7.53e-08 3.95e-01 6.05e-01 2.49e-09 2.07e-29 2.64e-36 1.16e-36 
16788.59 9.53e-08 4.56e-01 5.44e-01 9.78e-10 4.01e-30 3.33e-36 1.47e-36 
16888.37 1.43e-07 5.74e-01 4.26e-01 9.43e-11 1.25e-32 4.20e-36 1.85e-36 
16998.79 1.50e-07 6.58e-01 3.42e-01 5.13e-11 4.62e-33 5.47e-36 2.42e-36 
17146.37 1.97e-07 7.54e-01 2.46e-01 9.91e-12 1.15e-34 7.44e-36 3.30e-36 
17415.23 3.23e-07 8.93e-01 1.07e-01 3.37e-13 1.97e-35 1.14e-35 5.09e-36 
17888.12 4.39e-07 9.72e-01 2.83e-02 2.12e-15 3.84e-35 2.25e-35 1.01e-35 
18532.37 7.27e-07 9.95e-01 4.69e-03 4.11e-18 6.45e-35 3.81e-35 1.73e-35 
19260.76 9.85e-07 9.99e-01 1.06e-03 3.48e-20 9.75e-35 5.81e-35 2.66e-35 
20034.10 1.02e-06 1.00e+00 2.50e-04 2.77e-22 1.45e-34 8.69e-35 4.01e-35 
20838.00 1.06e-06 1.00e+00 6.89e-05 1.02e-24 2.11e-34 1.27e-34 5.91e-35 
21647.97 1.35e-06 1.00e+00 3.32e-05 4.93e-26 2.92e-34 1.77e-34 8.26e-35 
22447.94 1.95e-06 1.00e+00 3.69e-06 5.84e-29 4.30e-34 2.61e-34 1.23e-34 
23245.88 2.22e-06 1.00e+00 6.42e-07 1.14e-33 6.58e-34 4.00e-34 1.89e-34 
24052.47 2.39e-06 1.00e+00 4.06e-07 7.57e-32 1.02e-33 6.20e-34 2.95e-34 
24867.72 2.74e-06 1.00e+00 1.05e-07 2.72e-33 1.57e-33 9.60e-34 4.58e-34 
25698.86 3.30e-06 1.00e+00 4.92e-08 4.19e-33 2.42e-33 1.48e-33 7.11e-34 
26587.16 3.53e-06 1.00e+00 1.39e-08 6.24e-33 3.61e-33 2.21e-33 1.07e-33 
27637.54 4.33e-06 1.00e+00 1.69e-08 8.40e-33 4.86e-33 2.98e-33 1.44e-33 
28986.97 3.29e-06 1.00e+00 2.03e-09 1.03e-32 5.95e-33 3.66e-33 1.78e-33 
#TIME: 4.22 
#NVEL: 67 
#vel_mid[km/s] cr0 cr1 cr2 cr3 cr4 cr5 cr6 
440.10 6.15e-18 8.93e-11 1.43e-05 6.92e-02 9.08e-01 2.26e-02 4.80e-07 
999.11 2.31e-19 4.17e-12 1.12e-06 1.37e-02 7.98e-01 1.88e-01 7.69e-05 
1267.34 5.31e-21 1.16e-13 4.74e-08 1.45e-03 3.76e-01 6.19e-01 3.54e-03 
1514.05 2.62e-22 6.49e-15 3.41e-09 1.95e-04 1.34e-01 8.36e-01 2.93e-02 
1808.80 1.46e-23 4.08e-16 2.76e-10 2.76e-05 4.31e-02 8.24e-01 1.33e-01 
1919.29 8.86e-25 2.85e-17 2.34e-11 3.77e-06 1.24e-02 6.34e-01 3.53e-01 
2160.92 2.60e-26 1.04e-18 1.09e-12 3.29e-07 2.56e-03 3.57e-01 6.40e-01 
2292.92 2.18e-27 8.68e-20 1.03e-13 5.15e-08 7.71e-04 2.10e-01 7.89e-01 
2432.98 5.52e-28 2.53e-20 3.48e-14 2.11e-08 4.07e-04 1.52e-01 8.47e-01 
2581.60 1.98e-28 9.87e-21 1.50e-14 1.08e-08 2.54e-04 1.19e-01 8.80e-01 
2739.29 8.14e-29 4.44e-21 7.37e-15 5.95e-09 1.64e-04 9.39e-02 9.06e-01 
2906.62 4.72e-29 2.85e-21 5.10e-15 4.49e-09 1.35e-04 8.45e-02 9.15e-01 
3084.17 2.82e-29 1.83e-21 3.56e-15 3.49e-09 1.16e-04 7.87e-02 9.21e-01 
3272.56 1.58e-29 1.14e-21 2.46e-15 2.71e-09 1.00e-04 7.42e-02 9.26e-01 
3472.46 1.26e-29 1.00e-21 2.35e-15 2.80e-09 1.08e-04 7.96e-02 9.20e-01 
3684.57 9.43e-30 8.43e-22 2.18e-15 2.83e-09 1.14e-04 8.57e-02 9.14e-01 
3909.64 6.50e-30 6.76e-22 1.98e-15 2.87e-09 1.24e-04 9.51e-02 9.05e-01 
4148.46 7.41e-30 8.15e-22 2.51e-15 3.74e-09 1.58e-04 1.12e-01 8.87e-01 
4401.86 1.73e-29 1.84e-21 5.37e-15 7.17e-09 2.56e-04 1.47e-01 8.53e-01 
4670.75 3.88e-29 4.14e-21 1.17e-14 1.41e-08 4.26e-04 1.91e-01 8.08e-01 
4956.05 4.06e-29 4.68e-21 1.42e-14 1.77e-08 5.22e-04 2.16e-01 7.84e-01 
5258.79 3.61e-29 4.65e-21 1.53e-14 2.02e-08 5.94e-04 2.34e-01 7.66e-01 
5580.02 5.60e-29 7.79e-21 2.65e-14 3.37e-08 8.83e-04 2.83e-01 7.16e-01 
5920.87 8.05e-29 1.14e-20 4.00e-14 5.02e-08 1.21e-03 3.32e-01 6.66e-01 
6282.54 1.23e-28 1.89e-20 6.79e-14 8.18e-08 1.76e-03 3.98e-01 6.00e-01 
6666.30 2.59e-28 4.07e-20 1.45e-13 1.62e-07 2.91e-03 4.96e-01 5.01e-01 
7073.50 6.48e-28 1.05e-19 3.66e-13 3.62e-07 5.16e-03 6.15e-01 3.80e-01 
7505.58 1.19e-27 2.02e-19 7.07e-13 6.55e-07 8.00e-03 7.20e-01 2.72e-01 
7964.05 3.97e-27 7.07e-19 2.39e-12 1.85e-06 1.60e-02 8.40e-01 1.44e-01 
8450.53 3.14e-26 5.54e-18 1.68e-11 9.22e-06 4.25e-02 9.10e-01 4.80e-02 
8966.72 2.42e-25 4.12e-17 1.10e-10 4.27e-05 1.06e-01 8.81e-01 1.30e-02 
9514.44 3.90e-24 6.45e-16 1.40e-09 3.13e-04 3.16e-01 6.82e-01 1.63e-03 
10095.62 1.32e-22 1.99e-14 3.02e-08 2.94e-03 7.64e-01 2.33e-01 3.83e-05 
10712.30 6.45e-21 8.49e-13 8.17e-07 2.55e-02 9.55e-01 1.98e-02 9.72e-08 
11366.65 6.56e-19 7.74e-11 4.00e-05 2.73e-01 7.27e-01 3.76e-04 7.71e-12 
12061.10 4.15e-17 4.75e-09 1.11e-03 9.34e-01 6.48e-02 8.48e-07 1.49e-17 
12793.43 1.80e-15 1.91e-07 1.69e-02 9.82e-01 8.63e-04 2.09e-12 9.28e-27 
13528.61 1.52e-13 1.32e-05 3.08e-01 6.92e-01 3.41e-06 4.37e-18 3.19e-32 
14194.74 2.03e-12 1.54e-04 9.21e-01 7.86e-02 7.88e-10 4.39e-25 5.82e-32 
14757.77 9.80e-12 5.90e-04 9.94e-01 5.70e-03 4.99e-13 9.45e-32 2.76e-32 
15240.48 4.92e-11 1.99e-03 9.98e-01 3.64e-04 4.23e-16 2.59e-37 2.29e-32 
15646.99 2.81e-10 6.83e-03 9.93e-01 3.39e-05 6.39e-19 3.71e-37 7.63e-35 
15960.30 2.12e-09 2.58e-02 9.74e-01 3.28e-06 1.27e-21 4.56e-37 2.18e-35 
16187.41 9.38e-09 7.03e-02 9.30e-01 4.98e-07 9.12e-24 6.79e-37 6.47e-36 
16354.17 2.48e-08 1.44e-01 8.56e-01 9.35e-08 1.24e-25 1.02e-36 6.80e-36 
16484.18 4.40e-08 2.30e-01 7.70e-01 1.16e-08 1.21e-27 1.51e-36 6.60e-37 
16593.12 5.91e-08 3.11e-01 6.89e-01 3.46e-09 7.29e-29 2.13e-36 9.36e-37 
16691.99 9.38e-08 4.40e-01 5.60e-01 5.69e-10 9.99e-31 2.81e-36 1.23e-36 
16788.59 1.17e-07 5.19e-01 4.81e-01 3.21e-10 2.63e-31 3.54e-36 1.56e-36 
16888.37 1.43e-07 5.69e-01 4.31e-01 1.18e-10 2.28e-32 4.47e-36 1.97e-36 
16998.79 1.57e-07 6.84e-01 3.16e-01 1.07e-10 1.45e-32 5.81e-36 2.57e-36 
17146.37 2.18e-07 7.83e-01 2.17e-01 6.57e-12 3.15e-35 7.90e-36 3.51e-36 
17415.23 3.11e-07 8.96e-01 1.04e-01 7.07e-13 2.10e-35 1.22e-35 5.42e-36 
17888.12 4.34e-07 9.72e-01 2.77e-02 9.15e-15 4.09e-35 2.39e-35 1.07e-35 
18532.37 6.79e-07 9.95e-01 4.75e-03 2.87e-17 6.86e-35 4.06e-35 1.84e-35 
19260.76 9.85e-07 9.99e-01 1.50e-03 1.25e-19 1.04e-34 6.18e-35 2.83e-35 
20034.10 8.91e-07 1.00e+00 1.32e-04 6.74e-24 1.54e-34 9.25e-35 4.26e-35 
20838.00 1.11e-06 1.00e+00 3.72e-05 1.01e-26 2.24e-34 1.35e-34 6.28e-35 
21647.97 1.40e-06 1.00e+00 1.27e-05 1.24e-27 3.11e-34 1.88e-34 8.78e-35 
22447.94 1.80e-06 1.00e+00 4.91e-06 1.91e-28 4.58e-34 2.78e-34 1.30e-34 
23245.88 1.98e-06 1.00e+00 7.49e-07 7.56e-31 7.00e-34 4.26e-34 2.01e-34 
24052.47 2.17e-06 1.00e+00 3.01e-07 8.30e-33 1.08e-33 6.60e-34 3.13e-34 
24867.72 2.62e-06 1.00e+00 2.84e-07 2.55e-32 1.67e-33 1.02e-33 4.87e-34 
25698.86 3.03e-06 1.00e+00 3.84e-08 4.46e-33 2.58e-33 1.58e-33 7.56e-34 
26587.16 3.36e-06 1.00e+00 1.58e-08 6.64e-33 3.84e-33 2.35e-33 1.13e-33 
27637.54 3.38e-06 1.00e+00 7.66e-09 8.93e-33 5.16e-33 3.17e-33 1.54e-33 
28986.97 3.55e-06 1.00e+00 3.03e-09 1.09e-32 6.31e-33 3.88e-33 1.90e-33 
#TIME: 4.31 
#NVEL: 67 
#vel_mid[km/s] cr0 cr1 cr2 cr3 cr4 cr5 cr6 
440.10 6.83e-18 9.81e-11 1.60e-05 7.31e-02 8.95e-01 3.21e-02 1.08e-06 
999.11 2.08e-19 3.61e-12 1.02e-06 1.36e-02 8.07e-01 1.79e-01 6.25e-05 
1267.34 4.43e-21 9.86e-14 4.29e-08 1.42e-03 3.78e-01 6.17e-01 3.55e-03 
1514.05 2.53e-22 6.26e-15 3.45e-09 2.07e-04 1.41e-01 8.31e-01 2.79e-02 
1808.80 1.48e-23 4.28e-16 3.04e-10 3.13e-05 4.72e-02 8.28e-01 1.25e-01 
1919.29 1.13e-24 3.52e-17 2.93e-11 4.92e-06 1.53e-02 6.72e-01 3.12e-01 
2160.92 4.74e-26 1.76e-18 1.84e-12 5.69e-07 3.91e-03 4.20e-01 5.76e-01 
2292.92 2.36e-27 9.24e-20 1.11e-13 5.81e-08 8.75e-04 2.26e-01 7.73e-01 
2432.98 6.86e-28 3.04e-20 4.18e-14 2.62e-08 4.97e-04 1.70e-01 8.30e-01 
2581.60 2.47e-28 1.24e-20 1.93e-14 1.38e-08 3.11e-04 1.32e-01 8.67e-01 
2739.29 1.07e-28 5.83e-21 9.82e-15 7.96e-09 2.09e-04 1.06e-01 8.94e-01 
2906.62 6.72e-29 3.91e-21 7.06e-15 6.21e-09 1.77e-04 9.74e-02 9.02e-01 
3084.17 4.06e-29 2.64e-21 5.24e-15 5.05e-09 1.56e-04 9.20e-02 9.08e-01 
3272.56 2.33e-29 1.73e-21 3.81e-15 4.12e-09 1.40e-04 8.85e-02 9.11e-01 
3472.46 1.81e-29 1.50e-21 3.61e-15 4.21e-09 1.48e-04 9.40e-02 9.06e-01 
3684.57 1.35e-29 1.24e-21 3.29e-15 4.20e-09 1.57e-04 1.01e-01 8.99e-01 
3909.64 9.05e-30 9.47e-22 2.84e-15 4.09e-09 1.65e-04 1.11e-01 8.89e-01 
4148.46 9.94e-30 1.12e-21 3.55e-15 5.24e-09 2.07e-04 1.30e-01 8.70e-01 
4401.86 2.35e-29 2.59e-21 7.72e-15 1.02e-08 3.40e-04 1.70e-01 8.30e-01 
4670.75 5.19e-29 5.53e-21 1.59e-14 1.93e-08 5.48e-04 2.17e-01 7.82e-01 
4956.05 5.47e-29 6.50e-21 2.01e-14 2.48e-08 6.80e-04 2.45e-01 7.54e-01 
5258.79 4.90e-29 6.62e-21 2.24e-14 2.90e-08 7.87e-04 2.67e-01 7.32e-01 
5580.02 7.61e-29 1.05e-20 3.66e-14 4.63e-08 1.14e-03 3.19e-01 6.80e-01 
5920.87 1.06e-28 1.57e-20 5.63e-14 6.92e-08 1.55e-03 3.70e-01 6.29e-01 
6282.54 1.68e-28 2.68e-20 9.83e-14 1.16e-07 2.30e-03 4.46e-01 5.52e-01 
6666.30 3.48e-28 5.58e-20 2.03e-13 2.22e-07 3.69e-03 5.42e-01 4.55e-01 
7073.50 7.99e-28 1.27e-19 4.50e-13 4.52e-07 6.23e-03 6.55e-01 3.39e-01 
7505.58 1.58e-27 2.73e-19 9.71e-13 8.83e-07 9.90e-03 7.59e-01 2.31e-01 
7964.05 5.43e-27 9.81e-19 3.37e-12 2.54e-06 1.99e-02 8.65e-01 1.16e-01 
8450.53 4.73e-26 8.38e-18 2.58e-11 1.36e-05 5.45e-02 9.10e-01 3.51e-02 
8966.72 3.63e-25 6.34e-17 1.71e-10 6.19e-05 1.32e-01 8.58e-01 9.28e-03 
9514.44 5.51e-24 9.28e-16 2.01e-09 4.20e-04 3.68e-01 6.30e-01 1.07e-03 
10095.62 1.83e-22 2.83e-14 4.25e-08 3.77e-03 8.09e-01 1.87e-01 2.07e-05 
10712.30 9.03e-21 1.22e-12 1.15e-06 3.20e-02 9.54e-01 1.45e-02 4.53e-08 
11366.65 9.25e-19 1.13e-10 5.63e-05 3.32e-01 6.68e-01 2.43e-04 2.79e-12 
12061.10 5.00e-17 5.91e-09 1.32e-03 9.50e-01 4.87e-02 9.63e-08 8.87e-19 
12793.43 2.15e-15 2.36e-07 1.99e-02 9.79e-01 6.32e-04 9.59e-13 2.62e-27 
13528.61 1.81e-13 1.62e-05 3.52e-01 6.48e-01 1.38e-06 8.89e-19 1.04e-32 
14194.74 2.07e-12 1.64e-04 9.31e-01 6.90e-02 5.04e-10 2.59e-25 3.91e-32 
14757.77 1.02e-11 6.24e-04 9.95e-01 4.44e-03 3.20e-13 3.37e-32 3.09e-32 
15240.48 5.07e-11 2.14e-03 9.98e-01 3.50e-04 3.43e-16 2.76e-37 3.62e-32 
15646.99 2.99e-10 7.40e-03 9.93e-01 3.67e-05 7.90e-19 3.94e-37 1.86e-34 
15960.30 2.03e-09 2.48e-02 9.75e-01 3.34e-06 1.19e-21 4.85e-37 3.37e-35 
16187.41 8.53e-09 6.69e-02 9.33e-01 3.58e-07 4.60e-24 7.21e-37 2.39e-36 
16354.17 2.70e-08 1.61e-01 8.39e-01 2.97e-08 1.38e-26 1.08e-36 4.72e-37 
16484.18 4.69e-08 2.50e-01 7.50e-01 3.85e-08 9.97e-27 1.60e-36 2.41e-35 
16593.12 6.16e-08 3.16e-01 6.84e-01 3.40e-09 6.21e-29 2.27e-36 9.96e-37 
16691.99 6.73e-08 3.60e-01 6.40e-01 1.52e-09 8.31e-30 2.98e-36 1.31e-36 
16788.59 1.11e-07 4.79e-01 5.21e-01 5.02e-10 7.70e-31 3.76e-36 1.66e-36 
16888.37 1.30e-07 5.86e-01 4.14e-01 1.81e-10 7.36e-32 4.75e-36 2.10e-36 
16998.79 1.83e-07 6.76e-01 3.24e-01 3.00e-11 7.82e-34 6.18e-36 2.73e-36 
17146.37 2.08e-07 8.01e-01 1.99e-01 1.21e-11 1.33e-34 8.41e-36 3.73e-36 
17415.23 2.69e-07 8.92e-01 1.08e-01 4.19e-13 2.23e-35 1.29e-35 5.76e-36 
17888.12 4.39e-07 9.67e-01 3.27e-02 4.02e-15 4.34e-35 2.54e-35 1.14e-35 
18532.37 6.52e-07 9.95e-01 4.72e-03 7.65e-18 7.28e-35 4.31e-35 1.95e-35 
19260.76 7.93e-07 9.99e-01 7.61e-04 9.80e-21 1.10e-34 6.57e-35 3.00e-35 
20034.10 8.01e-07 1.00e+00 3.28e-04 9.38e-23 1.64e-34 9.83e-35 4.53e-35 
20838.00 1.00e-06 1.00e+00 3.08e-05 5.70e-26 2.39e-34 1.44e-34 6.68e-35 
21647.97 1.22e-06 1.00e+00 1.23e-05 2.04e-27 3.30e-34 2.00e-34 9.34e-35 
22447.94 1.50e-06 1.00e+00 5.26e-06 2.18e-28 4.86e-34 2.95e-34 1.39e-34 
23245.88 1.73e-06 1.00e+00 8.77e-07 6.19e-32 7.45e-34 4.53e-34 2.14e-34 
24052.47 2.19e-06 1.00e+00 1.92e-06 4.87e-30 1.15e-33 7.02e-34 3.33e-34 
24867.72 2.40e-06 1.00e+00 8.09e-07 3.15e-31 1.78e-33 1.09e-33 5.18e-34 
25698.86 2.91e-06 1.00e+00 4.49e-08 4.75e-33 2.75e-33 1.68e-33 8.03e-34 
26587.16 3.49e-06 1.00e+00 2.38e-08 7.08e-33 4.10e-33 2.51e-33 1.21e-33 
27637.54 2.68e-06 1.00e+00 1.24e-08 9.51e-33 5.50e-33 3.38e-33 1.63e-33 
28986.97 3.02e-06 1.00e+00 1.81e-09 1.16e-32 6.73e-33 4.14e-33 2.02e-33 
#TIME: 4.40 
#NVEL: 67 
#vel_mid[km/s] cr0 cr1 cr2 cr3 cr4 cr5 cr6 
440.10 3.27e-18 5.19e-11 9.53e-06 5.33e-02 9.03e-01 4.34e-02 2.11e-06 
999.11 1.25e-19 2.49e-12 7.84e-07 1.10e-02 7.55e-01 2.34e-01 1.42e-04 
1267.34 3.18e-21 7.84e-14 3.65e-08 1.23e-03 3.43e-01 6.51e-01 4.82e-03 
1514.05 1.94e-22 5.19e-15 3.03e-09 1.83e-04 1.29e-01 8.38e-01 3.35e-02 
1808.80 1.32e-23 4.13e-16 3.08e-10 3.17e-05 4.74e-02 8.26e-01 1.26e-01 
1919.29 1.02e-24 3.48e-17 3.00e-11 4.82e-06 1.48e-02 6.67e-01 3.18e-01 
2160.92 6.19e-26 2.55e-18 2.76e-12 7.43e-07 4.49e-03 4.46e-01 5.49e-01 
2292.92 2.43e-27 9.97e-20 1.23e-13 6.36e-08 9.34e-04 2.35e-01 7.64e-01 
2432.98 8.00e-28 3.78e-20 5.34e-14 3.25e-08 5.82e-04 1.85e-01 8.14e-01 
2581.60 3.04e-28 1.58e-20 2.49e-14 1.76e-08 3.77e-04 1.47e-01 8.53e-01 
2739.29 1.43e-28 8.25e-21 1.42e-14 1.12e-08 2.71e-04 1.23e-01 8.77e-01 
2906.62 8.80e-29 5.39e-21 9.96e-15 8.52e-09 2.25e-04 1.11e-01 8.89e-01 
3084.17 5.43e-29 3.65e-21 7.36e-15 6.96e-09 2.00e-04 1.05e-01 8.95e-01 
3272.56 3.17e-29 2.35e-21 5.27e-15 5.63e-09 1.80e-04 1.02e-01 8.98e-01 
3472.46 2.54e-29 2.11e-21 5.17e-15 5.95e-09 1.96e-04 1.10e-01 8.90e-01 
3684.57 1.92e-29 1.82e-21 4.91e-15 6.16e-09 2.13e-04 1.20e-01 8.80e-01 
3909.64 1.19e-29 1.31e-21 4.02e-15 5.70e-09 2.15e-04 1.28e-01 8.72e-01 
4148.46 1.33e-29 1.58e-21 5.13e-15 7.43e-09 2.73e-04 1.51e-01 8.49e-01 
4401.86 3.08e-29 3.47e-21 1.06e-14 1.39e-08 4.35e-04 1.93e-01 8.07e-01 
4670.75 6.56e-29 7.28e-21 2.14e-14 2.56e-08 6.86e-04 2.42e-01 7.57e-01 
4956.05 7.13e-29 8.82e-21 2.79e-14 3.41e-08 8.75e-04 2.77e-01 7.22e-01 
5258.79 6.46e-29 8.78e-21 3.03e-14 3.91e-08 1.00e-03 3.00e-01 6.99e-01 
5580.02 9.74e-29 1.40e-20 4.95e-14 6.17e-08 1.42e-03 3.54e-01 6.45e-01 
5920.87 1.42e-28 2.21e-20 8.10e-14 9.76e-08 2.02e-03 4.17e-01 5.81e-01 
6282.54 2.27e-28 3.64e-20 1.36e-13 1.58e-07 2.92e-03 4.92e-01 5.05e-01 
6666.30 4.58e-28 7.63e-20 2.83e-13 3.02e-07 4.64e-03 5.88e-01 4.07e-01 
7073.50 9.63e-28 1.60e-19 5.79e-13 5.68e-07 7.33e-03 6.88e-01 3.05e-01 
7505.58 2.07e-27 3.72e-19 1.35e-12 1.19e-06 1.22e-02 7.92e-01 1.96e-01 
7964.05 8.17e-27 1.53e-18 5.33e-12 3.78e-06 2.53e-02 8.84e-01 9.10e-02 
8450.53 6.58e-26 1.21e-17 3.75e-11 1.88e-05 6.70e-02 9.06e-01 2.71e-02 
8966.72 5.14e-25 9.36e-17 2.53e-10 8.59e-05 1.60e-01 8.33e-01 6.64e-03 
9514.44 7.34e-24 1.28e-15 2.76e-09 5.41e-04 4.18e-01 5.81e-01 7.35e-04 
10095.62 2.51e-22 4.07e-14 6.03e-08 4.83e-03 8.50e-01 1.45e-01 1.13e-05 
10712.30 1.29e-20 1.80e-12 1.65e-06 4.06e-02 9.49e-01 1.01e-02 2.49e-08 
11366.65 1.24e-18 1.55e-10 7.44e-05 3.88e-01 6.12e-01 1.39e-04 9.10e-13 
12061.10 6.04e-17 7.36e-09 1.58e-03 9.62e-01 3.61e-02 2.15e-08 1.04e-19 
12793.43 2.61e-15 2.96e-07 2.37e-02 9.76e-01 4.29e-04 3.41e-13 4.98e-28 
13528.61 2.10e-13 1.93e-05 3.98e-01 6.02e-01 1.11e-06 4.05e-19 2.50e-32 
14194.74 2.24e-12 1.78e-04 9.44e-01 5.57e-02 2.92e-10 1.11e-26 3.07e-33 
14757.77 1.05e-11 6.60e-04 9.96e-01 3.72e-03 1.79e-13 1.11e-32 3.11e-32 
15240.48 5.27e-11 2.26e-03 9.97e-01 3.14e-04 2.08e-16 2.93e-37 1.35e-32 
15646.99 2.78e-10 7.22e-03 9.93e-01 2.49e-05 3.06e-19 4.19e-37 6.48e-35 
15960.30 1.97e-09 2.54e-02 9.75e-01 2.36e-06 5.41e-22 5.16e-37 6.71e-36 
16187.41 8.84e-09 7.42e-02 9.26e-01 3.88e-07 4.32e-24 7.66e-37 6.97e-36 
16354.17 2.70e-08 1.71e-01 8.29e-01 3.42e-08 1.81e-26 1.15e-36 5.02e-37 
16484.18 4.72e-08 2.46e-01 7.54e-01 9.41e-09 9.74e-28 1.70e-36 7.46e-37 
16593.12 5.79e-08 2.96e-01 7.04e-01 2.57e-09 2.81e-29 2.41e-36 1.06e-36 
16691.99 7.78e-08 3.99e-01 6.01e-01 1.62e-09 8.55e-30 3.17e-36 1.39e-36 
16788.59 1.09e-07 5.29e-01 4.71e-01 2.25e-10 9.30e-32 4.00e-36 1.76e-36 
16888.37 1.10e-07 5.51e-01 4.49e-01 1.55e-10 3.77e-32 5.05e-36 2.23e-36 
16998.79 1.59e-07 6.96e-01 3.04e-01 2.04e-11 3.62e-34 6.57e-36 2.91e-36 
17146.37 2.19e-07 7.43e-01 2.57e-01 1.42e-11 1.08e-34 8.94e-36 3.97e-36 
17415.23 2.94e-07 9.09e-01 9.12e-02 1.44e-13 2.36e-35 1.37e-35 6.12e-36 
17888.12 4.30e-07 9.75e-01 2.49e-02 2.05e-15 4.61e-35 2.70e-35 1.21e-35 
18532.37 6.66e-07 9.94e-01 5.59e-03 5.42e-17 7.74e-35 4.58e-35 2.08e-35 
19260.76 7.78e-07 9.99e-01 9.30e-04 3.97e-19 1.17e-34 6.98e-35 3.19e-35 
20034.10 7.90e-07 1.00e+00 2.90e-04 1.97e-22 1.74e-34 1.05e-34 4.82e-35 
20838.00 1.09e-06 1.00e+00 7.36e-05 2.42e-24 2.54e-34 1.53e-34 7.10e-35 
21647.97 1.26e-06 1.00e+00 1.20e-05 3.13e-27 3.52e-34 2.13e-34 9.93e-35 
22447.94 1.44e-06 1.00e+00 1.09e-05 1.32e-27 5.18e-34 3.14e-34 1.47e-34 
23245.88 1.54e-06 1.00e+00 1.80e-06 1.61e-30 7.92e-34 4.82e-34 2.27e-34 
24052.47 1.82e-06 1.00e+00 5.71e-06 4.75e-29 1.22e-33 7.46e-34 3.54e-34 
24867.72 2.09e-06 1.00e+00 2.67e-07 2.36e-32 1.89e-33 1.15e-33 5.51e-34 
25698.86 2.21e-06 1.00e+00 9.80e-08 5.05e-33 2.92e-33 1.79e-33 8.54e-34 
26587.16 2.48e-06 1.00e+00 4.74e-08 7.52e-33 4.35e-33 2.66e-33 1.28e-33 
27637.54 2.74e-06 1.00e+00 9.35e-09 1.01e-32 5.85e-33 3.59e-33 1.74e-33 
28986.97 2.61e-06 1.00e+00 2.71e-09 1.24e-32 7.16e-33 4.40e-33 2.14e-33 
#TIME: 4.49 
#NVEL: 67 
#vel_mid[km/s] cr0 cr1 cr2 cr3 cr4 cr5 cr6 
440.10 2.45e-18 3.96e-11 7.72e-06 4.70e-02 8.92e-01 6.05e-02 4.69e-06 
999.11 9.39e-20 1.91e-12 6.47e-07 1.01e-02 7.48e-01 2.42e-01 1.58e-04 
1267.34 2.62e-21 6.61e-14 3.24e-08 1.19e-03 3.46e-01 6.49e-01 4.63e-03 
1514.05 1.63e-22 4.51e-15 2.77e-09 1.79e-04 1.29e-01 8.37e-01 3.33e-02 
1808.80 1.27e-23 4.08e-16 3.16e-10 3.39e-05 5.05e-02 8.32e-01 1.17e-01 
1919.29 1.07e-24 3.56e-17 3.13e-11 5.39e-06 1.66e-02 6.93e-01 2.90e-01 
2160.92 8.50e-26 3.37e-18 3.68e-12 1.04e-06 5.93e-03 4.94e-01 5.00e-01 
2292.92 2.49e-27 1.05e-19 1.32e-13 7.09e-08 1.05e-03 2.52e-01 7.47e-01 
2432.98 8.45e-28 3.91e-20 5.59e-14 3.56e-08 6.46e-04 1.99e-01 8.01e-01 
2581.60 3.70e-28 1.92e-20 3.06e-14 2.18e-08 4.53e-04 1.64e-01 8.36e-01 
2739.29 1.80e-28 1.02e-20 1.77e-14 1.41e-08 3.31e-04 1.38e-01 8.62e-01 
2906.62 1.09e-28 6.78e-21 1.27e-14 1.09e-08 2.78e-04 1.25e-01 8.75e-01 
3084.17 7.28e-29 5.00e-21 1.02e-14 9.57e-09 2.59e-04 1.22e-01 8.78e-01 
3272.56 4.13e-29 3.16e-21 7.19e-15 7.58e-09 2.28e-04 1.16e-01 8.84e-01 
3472.46 3.35e-29 2.81e-21 6.98e-15 7.95e-09 2.48e-04 1.25e-01 8.74e-01 
3684.57 2.59e-29 2.47e-21 6.75e-15 8.38e-09 2.73e-04 1.38e-01 8.62e-01 
3909.64 1.57e-29 1.77e-21 5.56e-15 7.83e-09 2.79e-04 1.47e-01 8.52e-01 
4148.46 1.77e-29 2.16e-21 7.12e-15 1.02e-08 3.54e-04 1.73e-01 8.26e-01 
4401.86 3.98e-29 4.58e-21 1.42e-14 1.85e-08 5.48e-04 2.18e-01 7.82e-01 
4670.75 8.42e-29 9.75e-21 2.94e-14 3.48e-08 8.74e-04 2.74e-01 7.25e-01 
4956.05 9.07e-29 1.14e-20 3.70e-14 4.49e-08 1.09e-03 3.09e-01 6.90e-01 
5258.79 8.18e-29 1.15e-20 4.05e-14 5.15e-08 1.24e-03 3.33e-01 6.66e-01 
5580.02 1.24e-28 1.86e-20 6.75e-14 8.29e-08 1.79e-03 3.93e-01 6.05e-01 
5920.87 1.87e-28 2.94e-20 1.09e-13 1.30e-07 2.53e-03 4.61e-01 5.36e-01 
6282.54 2.91e-28 4.83e-20 1.84e-13 2.10e-07 3.61e-03 5.35e-01 4.61e-01 
6666.30 5.46e-28 9.11e-20 3.42e-13 3.69e-07 5.50e-03 6.27e-01 3.68e-01 
7073.50 1.21e-27 2.07e-19 7.59e-13 7.32e-07 8.81e-03 7.27e-01 2.64e-01 
7505.58 2.70e-27 5.09e-19 1.88e-12 1.60e-06 1.49e-02 8.25e-01 1.60e-01 
7964.05 1.13e-26 2.23e-18 7.90e-12 5.34e-06 3.17e-02 8.98e-01 7.03e-02 
8450.53 8.94e-26 1.73e-17 5.42e-11 2.57e-05 8.14e-02 8.98e-01 2.03e-02 
8966.72 7.17e-25 1.35e-16 3.64e-10 1.17e-04 1.92e-01 8.03e-01 4.69e-03 
9514.44 1.00e-23 1.85e-15 3.97e-09 7.18e-04 4.74e-01 5.25e-01 4.80e-04 
10095.62 3.55e-22 5.79e-14 8.47e-08 6.15e-03 8.84e-01 1.10e-01 5.33e-06 
10712.30 1.88e-20 2.68e-12 2.41e-06 5.19e-02 9.41e-01 6.82e-03 6.16e-09 
11366.65 1.64e-18 2.12e-10 9.83e-05 4.50e-01 5.50e-01 7.40e-05 2.81e-13 
12061.10 7.12e-17 9.00e-09 1.87e-03 9.71e-01 2.71e-02 4.72e-08 1.25e-19 
12793.43 3.30e-15 3.82e-07 2.87e-02 9.71e-01 3.70e-04 2.10e-13 1.53e-28 
13528.61 2.43e-13 2.30e-05 4.48e-01 5.52e-01 4.71e-07 8.62e-20 1.25e-32 
14194.74 2.28e-12 1.87e-04 9.51e-01 4.87e-02 1.90e-10 5.22e-27 3.64e-32 
14757.77 1.02e-11 6.66e-04 9.96e-01 3.37e-03 1.69e-13 7.31e-33 6.71e-32 
15240.48 5.03e-11 2.29e-03 9.97e-01 2.48e-04 1.31e-16 3.11e-37 5.92e-33 
15646.99 3.34e-10 8.51e-03 9.91e-01 2.93e-05 4.84e-19 4.45e-37 2.62e-34 
15960.30 2.14e-09 2.84e-02 9.72e-01 1.58e-06 2.03e-22 5.48e-37 1.44e-36 
16187.41 1.15e-08 9.43e-02 9.06e-01 2.12e-07 1.04e-24 8.15e-37 1.11e-36 
16354.17 2.79e-08 1.70e-01 8.30e-01 2.44e-08 7.92e-27 1.22e-36 5.34e-37 
16484.18 4.14e-08 2.40e-01 7.60e-01 8.65e-09 5.71e-28 1.81e-36 7.93e-37 
16593.12 5.43e-08 3.06e-01 6.94e-01 2.01e-09 1.90e-29 2.56e-36 1.13e-36 
16691.99 7.98e-08 4.20e-01 5.80e-01 7.44e-10 1.54e-30 3.37e-36 1.48e-36 
16788.59 9.66e-08 4.60e-01 5.40e-01 4.75e-10 3.92e-31 4.26e-36 1.88e-36 
16888.37 1.28e-07 6.21e-01 3.79e-01 7.86e-11 1.12e-32 5.36e-36 2.37e-36 
16998.79 1.59e-07 6.87e-01 3.13e-01 2.70e-11 6.23e-34 6.98e-36 3.09e-36 
17146.37 2.01e-07 7.94e-01 2.06e-01 1.17e-11 1.07e-34 9.50e-36 4.22e-36 
17415.23 2.91e-07 9.05e-01 9.53e-02 1.72e-13 2.51e-35 1.46e-35 6.51e-36 
17888.12 4.21e-07 9.69e-01 3.13e-02 7.64e-15 4.91e-35 2.87e-35 1.29e-35 
18532.37 6.53e-07 9.95e-01 5.22e-03 6.23e-17 8.24e-35 4.87e-35 2.21e-35 
19260.76 6.86e-07 9.99e-01 8.52e-04 7.89e-21 1.25e-34 7.43e-35 3.40e-35 
20034.10 7.26e-07 1.00e+00 2.53e-04 9.33e-23 1.85e-34 1.11e-34 5.13e-35 
20838.00 8.12e-07 1.00e+00 8.29e-05 1.28e-24 2.70e-34 1.63e-34 7.55e-35 
21647.97 1.37e-06 1.00e+00 3.11e-05 2.75e-26 3.74e-34 2.26e-34 1.06e-34 
22447.94 1.28e-06 1.00e+00 9.05e-06 1.10e-27 5.50e-34 3.34e-34 1.57e-34 
23245.88 1.49e-06 1.00e+00 2.04e-06 3.95e-29 8.42e-34 5.12e-34 2.42e-34 
24052.47 1.90e-06 1.00e+00 4.41e-07 2.25e-33 1.30e-33 7.94e-34 3.77e-34 
24867.72 2.12e-06 1.00e+00 2.78e-07 1.94e-32 2.01e-33 1.23e-33 5.86e-34 
25698.86 2.20e-06 1.00e+00 9.46e-08 5.36e-33 3.10e-33 1.90e-33 9.08e-34 
26587.16 2.46e-06 1.00e+00 2.95e-08 8.00e-33 4.63e-33 2.83e-33 1.36e-33 
27637.54 2.63e-06 1.00e+00 2.17e-08 1.08e-32 6.22e-33 3.82e-33 1.85e-33 
28986.97 2.16e-06 1.00e+00 6.14e-09 1.32e-32 7.61e-33 4.68e-33 2.28e-33 
#TIME: 4.58 
#NVEL: 67 
#vel_mid[km/s] cr0 cr1 cr2 cr3 cr4 cr5 cr6 
440.10 1.15e-18 1.72e-11 4.02e-06 3.49e-02 8.86e-01 7.88e-02 8.67e-06 
999.11 5.79e-20 1.34e-12 4.97e-07 8.35e-03 7.03e-01 2.88e-01 2.57e-04 
1267.34 1.83e-21 4.94e-14 2.58e-08 1.01e-03 3.17e-01 6.76e-01 5.80e-03 
1514.05 1.27e-22 3.84e-15 2.49e-09 1.65e-04 1.23e-01 8.41e-01 3.61e-02 
1808.80 1.12e-23 3.85e-16 3.10e-10 3.37e-05 5.04e-02 8.33e-01 1.16e-01 
1919.29 8.75e-25 3.18e-17 2.95e-11 5.01e-06 1.56e-02 6.83e-01 3.01e-01 
2160.92 9.51e-26 4.07e-18 4.57e-12 1.19e-06 6.34e-03 5.12e-01 4.81e-01 
2292.92 2.56e-27 1.13e-19 1.47e-13 7.92e-08 1.15e-03 2.67e-01 7.32e-01 
2432.98 8.69e-28 4.40e-20 6.58e-14 4.12e-08 7.20e-04 2.11e-01 7.89e-01 
2581.60 4.14e-28 2.27e-20 3.72e-14 2.63e-08 5.27e-04 1.79e-01 8.21e-01 
2739.29 2.21e-28 1.31e-20 2.33e-14 1.81e-08 4.03e-04 1.54e-01 8.45e-01 
2906.62 1.40e-28 8.86e-21 1.69e-14 1.43e-08 3.44e-04 1.42e-01 8.58e-01 
3084.17 9.22e-29 6.45e-21 1.34e-14 1.25e-08 3.23e-04 1.38e-01 8.61e-01 
3272.56 5.34e-29 4.23e-21 9.84e-15 1.02e-08 2.90e-04 1.33e-01 8.66e-01 
3472.46 4.09e-29 3.58e-21 9.09e-15 1.03e-08 3.05e-04 1.41e-01 8.59e-01 
3684.57 3.33e-29 3.27e-21 9.13e-15 1.12e-08 3.44e-04 1.57e-01 8.43e-01 
3909.64 2.09e-29 2.43e-21 7.77e-15 1.08e-08 3.59e-04 1.70e-01 8.30e-01 
4148.46 2.32e-29 2.88e-21 9.69e-15 1.38e-08 4.49e-04 1.98e-01 8.02e-01 
4401.86 5.00e-29 6.07e-21 1.94e-14 2.48e-08 6.90e-04 2.46e-01 7.54e-01 
4670.75 1.07e-28 1.27e-20 3.94e-14 4.61e-08 1.09e-03 3.07e-01 6.92e-01 
4956.05 1.14e-28 1.48e-20 4.90e-14 5.88e-08 1.34e-03 3.42e-01 6.56e-01 
5258.79 1.04e-28 1.53e-20 5.54e-14 6.92e-08 1.56e-03 3.71e-01 6.27e-01 
5580.02 1.58e-28 2.46e-20 9.15e-14 1.11e-07 2.24e-03 4.37e-01 5.61e-01 
5920.87 2.38e-28 3.86e-20 1.47e-13 1.72e-07 3.11e-03 5.03e-01 4.94e-01 
6282.54 3.74e-28 6.52e-20 2.54e-13 2.83e-07 4.51e-03 5.82e-01 4.13e-01 
6666.30 6.57e-28 1.15e-19 4.41e-13 4.64e-07 6.49e-03 6.63e-01 3.30e-01 
7073.50 1.51e-27 2.72e-19 1.02e-12 9.52e-07 1.06e-02 7.63e-01 2.27e-01 
7505.58 3.51e-27 6.76e-19 2.53e-12 2.10e-06 1.81e-02 8.51e-01 1.31e-01 
7964.05 1.65e-26 3.39e-18 1.21e-11 7.79e-06 4.01e-02 9.07e-01 5.26e-02 
8450.53 1.20e-25 2.34e-17 7.41e-11 3.39e-05 9.69e-02 8.88e-01 1.53e-02 
8966.72 9.81e-25 1.89e-16 5.13e-10 1.55e-04 2.26e-01 7.71e-01 3.37e-03 
9514.44 1.44e-23 2.70e-15 5.77e-09 9.64e-04 5.40e-01 4.58e-01 2.82e-04 
10095.62 4.67e-22 7.91e-14 1.14e-07 7.57e-03 9.06e-01 8.67e-02 3.01e-06 
10712.30 2.61e-20 3.84e-12 3.37e-06 6.46e-02 9.30e-01 4.97e-03 2.39e-09 
11366.65 2.13e-18 2.86e-10 1.28e-04 5.14e-01 4.86e-01 5.15e-05 1.11e-13 
12061.10 9.86e-17 1.29e-08 2.56e-03 9.80e-01 1.72e-02 2.91e-09 3.64e-21 
12793.43 4.02e-15 4.78e-07 3.43e-02 9.65e-01 2.29e-04 7.10e-14 2.27e-29 
13528.61 2.72e-13 2.67e-05 4.93e-01 5.07e-01 4.33e-07 5.47e-20 3.95e-32 
14194.74 2.37e-12 2.02e-04 9.60e-01 4.03e-02 1.19e-10 1.02e-26 1.61e-31 
14757.77 1.08e-11 7.33e-04 9.97e-01 2.57e-03 5.31e-14 1.14e-33 1.67e-32 
15240.48 5.20e-11 2.34e-03 9.97e-01 2.60e-04 1.57e-16 3.31e-37 8.48e-33 
15646.99 3.19e-10 8.45e-03 9.92e-01 2.07e-05 2.01e-19 4.73e-37 3.94e-35 
15960.30 2.22e-09 2.85e-02 9.72e-01 1.55e-06 1.77e-22 5.82e-37 1.26e-35 
16187.41 9.54e-09 7.94e-02 9.21e-01 1.54e-07 6.97e-25 8.66e-37 3.77e-37 
16354.17 2.68e-08 1.71e-01 8.29e-01 3.44e-08 1.14e-26 1.30e-36 5.68e-37 
16484.18 4.28e-08 2.38e-01 7.62e-01 8.23e-09 5.86e-28 1.92e-36 8.44e-37 
16593.12 5.80e-08 3.48e-01 6.52e-01 1.01e-08 7.80e-29 2.73e-36 1.20e-36 
16691.99 6.99e-08 3.92e-01 6.08e-01 9.49e-10 2.41e-30 3.58e-36 1.58e-36 
16788.59 9.72e-08 4.98e-01 5.02e-01 2.58e-10 1.58e-31 4.52e-36 1.99e-36 
16888.37 1.10e-07 5.39e-01 4.61e-01 2.62e-10 1.06e-31 5.70e-36 2.52e-36 
16998.79 1.51e-07 6.73e-01 3.27e-01 4.34e-11 2.43e-33 7.42e-36 3.29e-36 
17146.37 1.99e-07 8.01e-01 1.99e-01 4.70e-12 1.75e-35 1.01e-35 4.48e-36 
17415.23 2.66e-07 9.04e-01 9.65e-02 2.33e-13 2.67e-35 1.55e-35 6.92e-36 
17888.12 3.79e-07 9.69e-01 3.07e-02 2.62e-15 5.22e-35 3.05e-35 1.37e-35 
18532.37 6.07e-07 9.94e-01 6.25e-03 1.13e-17 8.77e-35 5.19e-35 2.35e-35 
19260.76 7.10e-07 9.98e-01 1.97e-03 1.52e-19 1.33e-34 7.90e-35 3.61e-35 
20034.10 7.79e-07 1.00e+00 2.53e-04 2.02e-22 1.97e-34 1.18e-34 5.45e-35 
20838.00 7.71e-07 1.00e+00 6.10e-05 5.36e-25 2.87e-34 1.73e-34 8.03e-35 
21647.97 1.05e-06 1.00e+00 1.02e-05 2.59e-26 3.98e-34 2.41e-34 1.12e-34 
22447.94 1.23e-06 1.00e+00 8.55e-06 7.31e-28 5.86e-34 3.55e-34 1.67e-34 
23245.88 1.40e-06 1.00e+00 2.74e-06 2.23e-29 8.97e-34 5.45e-34 2.57e-34 
24052.47 1.45e-06 1.00e+00 2.13e-06 4.42e-30 1.39e-33 8.45e-34 4.00e-34 
24867.72 1.76e-06 1.00e+00 5.68e-07 3.71e-33 2.15e-33 1.31e-33 6.23e-34 
25698.86 2.62e-06 1.00e+00 9.54e-07 1.07e-30 3.31e-33 2.02e-33 9.66e-34 
26587.16 2.30e-06 1.00e+00 4.12e-08 8.51e-33 4.92e-33 3.01e-33 1.45e-33 
27637.54 2.49e-06 1.00e+00 1.29e-08 1.14e-32 6.62e-33 4.06e-33 1.96e-33 
28986.97 2.39e-06 1.00e+00 3.99e-09 1.40e-32 8.09e-33 4.98e-33 2.42e-33 
#TIME: 4.68 
#NVEL: 67 
#vel_mid[km/s] cr0 cr1 cr2 cr3 cr4 cr5 cr6 
440.10 6.09e-19 1.14e-11 2.90e-06 2.56e-02 7.84e-01 1.90e-01 1.69e-04 
999.11 4.27e-20 1.01e-12 4.02e-07 7.52e-03 6.95e-01 2.97e-01 2.79e-04 
1267.34 1.35e-21 3.88e-14 2.17e-08 9.11e-04 3.06e-01 6.87e-01 6.26e-03 
1514.05 1.13e-22 3.52e-15 2.37e-09 1.67e-04 1.27e-01 8.40e-01 3.28e-02 
1808.80 1.03e-23 3.68e-16 3.09e-10 3.51e-05 5.27e-02 8.39e-01 1.08e-01 
1919.29 8.55e-25 3.13e-17 2.98e-11 5.45e-06 1.72e-02 7.08e-01 2.75e-01 
2160.92 1.11e-25 4.64e-18 5.28e-12 1.45e-06 7.58e-03 5.50e-01 4.42e-01 
2292.92 2.67e-27 1.22e-19 1.64e-13 9.06e-08 1.31e-03 2.89e-01 7.10e-01 
2432.98 9.56e-28 4.78e-20 7.21e-14 4.70e-08 8.27e-04 2.31e-01 7.68e-01 
2581.60 4.59e-28 2.54e-20 4.23e-14 3.06e-08 6.06e-04 1.95e-01 8.04e-01 
2739.29 2.60e-28 1.57e-20 2.83e-14 2.23e-08 4.83e-04 1.72e-01 8.27e-01 
2906.62 1.70e-28 1.10e-20 2.14e-14 1.81e-08 4.19e-04 1.59e-01 8.40e-01 
3084.17 1.11e-28 7.93e-21 1.68e-14 1.56e-08 3.88e-04 1.54e-01 8.45e-01 
3272.56 6.77e-29 5.55e-21 1.32e-14 1.36e-08 3.67e-04 1.53e-01 8.47e-01 
3472.46 5.26e-29 4.79e-21 1.24e-14 1.39e-08 3.89e-04 1.62e-01 8.38e-01 
3684.57 4.08e-29 4.13e-21 1.18e-14 1.44e-08 4.24e-04 1.76e-01 8.23e-01 
3909.64 2.76e-29 3.30e-21 1.07e-14 1.47e-08 4.61e-04 1.95e-01 8.05e-01 
4148.46 2.88e-29 3.75e-21 1.29e-14 1.82e-08 5.60e-04 2.22e-01 7.77e-01 
4401.86 6.63e-29 8.45e-21 2.75e-14 3.46e-08 8.99e-04 2.82e-01 7.17e-01 
4670.75 1.31e-28 1.61e-20 5.08e-14 5.90e-08 1.33e-03 3.39e-01 6.59e-01 
4956.05 1.44e-28 1.97e-20 6.65e-14 7.83e-08 1.68e-03 3.81e-01 6.18e-01 
5258.79 1.35e-28 2.07e-20 7.65e-14 9.40e-08 1.98e-03 4.15e-01 5.83e-01 
5580.02 2.01e-28 3.19e-20 1.21e-13 1.44e-07 2.75e-03 4.78e-01 5.19e-01 
5920.87 3.03e-28 5.14e-20 1.99e-13 2.28e-07 3.86e-03 5.48e-01 4.48e-01 
6282.54 4.39e-28 7.64e-20 3.01e-13 3.41e-07 5.28e-03 6.20e-01 3.74e-01 
6666.30 8.00e-28 1.44e-19 5.64e-13 5.86e-07 7.70e-03 7.02e-01 2.90e-01 
7073.50 1.91e-27 3.57e-19 1.36e-12 1.24e-06 1.28e-02 7.98e-01 1.89e-01 
7505.58 5.10e-27 1.02e-18 3.88e-12 3.04e-06 2.26e-02 8.72e-01 1.05e-01 
7964.05 2.30e-26 4.79e-18 1.74e-11 1.07e-05 4.93e-02 9.11e-01 4.01e-02 
8450.53 1.59e-25 3.25e-17 1.04e-10 4.49e-05 1.14e-01 8.74e-01 1.19e-02 
8966.72 1.31e-24 2.63e-16 7.12e-10 2.02e-04 2.61e-01 7.36e-01 2.39e-03 
9514.44 1.98e-23 3.88e-15 8.20e-09 1.26e-03 6.01e-01 3.97e-01 1.71e-04 
10095.62 6.41e-22 1.12e-13 1.60e-07 9.53e-03 9.25e-01 6.52e-02 1.33e-06 
10712.30 3.71e-20 5.60e-12 4.80e-06 8.13e-02 9.15e-01 3.35e-03 9.76e-10 
11366.65 2.96e-18 4.09e-10 1.76e-04 5.88e-01 4.12e-01 2.53e-05 3.03e-14 
12061.10 1.22e-16 1.64e-08 3.14e-03 9.85e-01 1.20e-02 1.37e-09 8.92e-22 
12793.43 4.90e-15 5.98e-07 4.08e-02 9.59e-01 1.51e-04 2.86e-14 5.02e-30 
13528.61 3.21e-13 3.22e-05 5.49e-01 4.51e-01 2.80e-07 3.98e-20 4.84e-32 
14194.74 2.51e-12 2.17e-04 9.66e-01 3.39e-02 6.44e-11 6.24e-28 5.44e-33 
14757.77 1.12e-11 7.73e-04 9.97e-01 2.14e-03 3.45e-14 5.04e-34 5.12e-32 
15240.48 4.82e-11 2.34e-03 9.97e-01 3.15e-04 2.20e-16 3.52e-37 1.36e-32 
15646.99 3.09e-10 8.21e-03 9.92e-01 1.63e-05 6.24e-20 5.03e-37 5.92e-35 
15960.30 2.25e-09 2.97e-02 9.70e-01 3.02e-06 9.36e-22 6.19e-37 1.29e-34 
16187.41 9.20e-09 8.12e-02 9.19e-01 1.38e-07 4.37e-25 9.21e-37 4.01e-37 
16354.17 2.42e-08 1.65e-01 8.35e-01 1.95e-08 4.87e-27 1.38e-36 6.03e-37 
16484.18 4.54e-08 2.71e-01 7.29e-01 1.32e-08 5.63e-28 2.04e-36 8.97e-37 
16593.12 6.16e-08 3.41e-01 6.59e-01 3.62e-09 5.13e-29 2.90e-36 1.27e-36 
16691.99 8.58e-08 4.44e-01 5.56e-01 1.36e-08 6.82e-29 3.81e-36 1.68e-36 
16788.59 1.03e-07 5.41e-01 4.59e-01 4.29e-10 3.44e-31 4.80e-36 2.12e-36 
16888.37 1.25e-07 6.24e-01 3.76e-01 4.72e-11 2.30e-33 6.06e-36 2.68e-36 
16998.79 1.56e-07 7.20e-01 2.80e-01 1.71e-11 2.76e-34 7.89e-36 3.50e-36 
17146.37 1.82e-07 7.65e-01 2.35e-01 6.98e-12 2.40e-35 1.07e-35 4.77e-36 
17415.23 2.69e-07 9.02e-01 9.76e-02 1.51e-13 2.84e-35 1.65e-35 7.36e-36 
17888.12 3.42e-07 9.72e-01 2.82e-02 2.97e-15 5.54e-35 3.25e-35 1.46e-35 
18532.37 5.47e-07 9.93e-01 6.51e-03 1.43e-17 9.32e-35 5.51e-35 2.50e-35 
19260.76 6.63e-07 9.99e-01 1.01e-03 1.01e-20 1.41e-34 8.40e-35 3.84e-35 
20034.10 6.56e-07 1.00e+00 2.30e-04 4.23e-23 2.10e-34 1.26e-34 5.80e-35 
20838.00 7.08e-07 1.00e+00 8.46e-05 1.15e-24 3.06e-34 1.84e-34 8.54e-35 
21647.97 8.85e-07 1.00e+00 2.51e-05 1.44e-26 4.24e-34 2.56e-34 1.19e-34 
22447.94 1.16e-06 1.00e+00 5.21e-06 2.27e-27 6.23e-34 3.77e-34 1.77e-34 
23245.88 1.23e-06 1.00e+00 1.17e-06 5.71e-31 9.54e-34 5.80e-34 2.73e-34 
24052.47 1.48e-06 1.00e+00 5.66e-06 6.12e-29 1.48e-33 8.99e-34 4.26e-34 
24867.72 1.51e-06 1.00e+00 8.06e-07 3.54e-31 2.28e-33 1.39e-33 6.62e-34 
25698.86 1.74e-06 1.00e+00 1.17e-07 6.08e-33 3.52e-33 2.15e-33 1.03e-33 
26587.16 1.80e-06 1.00e+00 6.72e-08 9.06e-33 5.24e-33 3.21e-33 1.54e-33 
27637.54 2.18e-06 1.00e+00 1.79e-08 1.22e-32 7.05e-33 4.32e-33 2.09e-33 
28986.97 2.15e-06 1.00e+00 4.84e-09 1.49e-32 8.62e-33 5.30e-33 2.58e-33 
#TIME: 4.77 
#NVEL: 67 
#vel_mid[km/s] cr0 cr1 cr2 cr3 cr4 cr5 cr6 
440.10 4.05e-19 7.96e-12 2.28e-06 2.56e-02 8.77e-01 9.70e-02 1.30e-05 
999.11 2.68e-20 7.01e-13 3.04e-07 6.20e-03 6.51e-01 3.42e-01 4.43e-04 
1267.34 1.02e-21 3.14e-14 1.86e-08 8.30e-04 2.95e-01 6.98e-01 6.77e-03 
1514.05 8.93e-23 2.94e-15 2.08e-09 1.53e-04 1.22e-01 8.44e-01 3.41e-02 
1808.80 9.21e-24 3.47e-16 3.03e-10 3.52e-05 5.34e-02 8.42e-01 1.04e-01 
1919.29 7.52e-25 2.99e-17 2.97e-11 5.39e-06 1.71e-02 7.11e-01 2.72e-01 
2160.92 1.10e-25 5.08e-18 6.03e-12 1.58e-06 7.92e-03 5.63e-01 4.30e-01 
2292.92 2.88e-27 1.39e-19 1.92e-13 1.06e-07 1.49e-03 3.13e-01 6.86e-01 
2432.98 1.04e-27 5.68e-20 8.94e-14 5.70e-08 9.54e-04 2.50e-01 7.49e-01 
2581.60 5.23e-28 3.12e-20 5.39e-14 3.84e-08 7.25e-04 2.16e-01 7.83e-01 
2739.29 3.16e-28 2.00e-20 3.69e-14 2.87e-08 5.92e-04 1.94e-01 8.05e-01 
2906.62 2.03e-28 1.36e-20 2.70e-14 2.28e-08 5.08e-04 1.79e-01 8.21e-01 
3084.17 1.35e-28 1.00e-20 2.17e-14 2.00e-08 4.76e-04 1.74e-01 8.26e-01 
3272.56 8.40e-29 6.96e-21 1.68e-14 1.73e-08 4.48e-04 1.72e-01 8.27e-01 
3472.46 6.80e-29 6.35e-21 1.68e-14 1.85e-08 4.94e-04 1.86e-01 8.14e-01 
3684.57 5.09e-29 5.48e-21 1.61e-14 1.93e-08 5.36e-04 2.00e-01 7.99e-01 
3909.64 3.55e-29 4.48e-21 1.50e-14 2.01e-08 5.91e-04 2.23e-01 7.77e-01 
4148.46 3.68e-29 5.03e-21 1.78e-14 2.46e-08 7.14e-04 2.53e-01 7.46e-01 
4401.86 8.47e-29 1.10e-20 3.67e-14 4.56e-08 1.12e-03 3.17e-01 6.82e-01 
4670.75 1.66e-28 2.13e-20 6.84e-14 7.81e-08 1.65e-03 3.77e-01 6.22e-01 
4956.05 1.86e-28 2.67e-20 9.21e-14 1.07e-07 2.13e-03 4.26e-01 5.72e-01 
5258.79 1.71e-28 2.73e-20 1.03e-13 1.25e-07 2.47e-03 4.59e-01 5.39e-01 
5580.02 2.50e-28 4.14e-20 1.60e-13 1.88e-07 3.35e-03 5.20e-01 4.77e-01 
5920.87 3.90e-28 6.97e-20 2.76e-13 3.09e-07 4.82e-03 5.98e-01 3.97e-01 
6282.54 5.30e-28 9.76e-20 3.92e-13 4.32e-07 6.26e-03 6.57e-01 3.36e-01 
6666.30 9.82e-28 1.85e-19 7.37e-13 7.47e-07 9.14e-03 7.38e-01 2.53e-01 
7073.50 2.36e-27 4.67e-19 1.81e-12 1.61e-06 1.52e-02 8.26e-01 1.58e-01 
7505.58 6.83e-27 1.44e-18 5.57e-12 4.17e-06 2.78e-02 8.90e-01 8.27e-02 
7964.05 3.02e-26 6.61e-18 2.43e-11 1.43e-05 5.91e-02 9.09e-01 3.14e-02 
8450.53 2.15e-25 4.61e-17 1.48e-10 6.02e-05 1.36e-01 8.56e-01 8.63e-03 
8966.72 1.74e-24 3.66e-16 9.94e-10 2.65e-04 3.03e-01 6.95e-01 1.66e-03 
9514.44 2.74e-23 5.63e-15 1.18e-08 1.66e-03 6.64e-01 3.34e-01 9.98e-05 
10095.62 8.56e-22 1.53e-13 2.16e-07 1.17e-02 9.39e-01 4.91e-02 6.88e-07 
10712.30 5.17e-20 8.02e-12 6.70e-06 1.01e-01 8.97e-01 2.42e-03 4.31e-10 
11366.65 4.01e-18 5.72e-10 2.37e-04 6.67e-01 3.32e-01 1.41e-05 8.71e-15 
12061.10 1.47e-16 2.07e-08 3.80e-03 9.88e-01 8.67e-03 5.36e-10 1.79e-22 
12793.43 5.73e-15 7.27e-07 4.72e-02 9.53e-01 1.13e-04 1.26e-14 1.43e-30 
13528.61 3.62e-13 3.71e-05 6.00e-01 4.00e-01 1.06e-07 2.37e-21 4.29e-33 
14194.74 2.62e-12 2.34e-04 9.71e-01 2.84e-02 3.90e-11 2.23e-28 3.35e-32 
14757.77 1.16e-11 8.15e-04 9.97e-01 1.85e-03 2.33e-14 2.31e-34 5.76e-32 
15240.48 5.13e-11 2.51e-03 9.97e-01 1.67e-04 3.74e-17 3.74e-37 5.65e-34 
15646.99 2.89e-10 8.44e-03 9.92e-01 3.75e-05 6.97e-19 5.35e-37 1.13e-33 
15960.30 2.47e-09 3.31e-02 9.67e-01 1.05e-06 5.61e-23 6.58e-37 6.13e-37 
16187.41 9.63e-09 8.47e-02 9.15e-01 1.37e-07 5.03e-25 9.79e-37 4.27e-37 
16354.17 3.03e-08 1.95e-01 8.05e-01 1.07e-08 9.77e-28 1.47e-36 6.42e-37 
16484.18 5.22e-08 2.94e-01 7.06e-01 2.61e-09 2.86e-29 2.17e-36 9.54e-37 
16593.12 5.34e-08 3.16e-01 6.84e-01 2.06e-09 1.36e-29 3.08e-36 1.35e-36 
16691.99 7.31e-08 4.15e-01 5.85e-01 3.33e-09 1.00e-29 4.05e-36 1.78e-36 
16788.59 9.20e-08 5.22e-01 4.78e-01 2.70e-10 1.48e-31 5.11e-36 2.26e-36 
16888.37 1.33e-07 6.54e-01 3.46e-01 6.82e-11 5.67e-33 6.44e-36 2.85e-36 
16998.79 1.54e-07 6.71e-01 3.29e-01 2.91e-11 7.71e-34 8.40e-36 3.72e-36 
17146.37 1.62e-07 7.49e-01 2.51e-01 5.16e-12 1.98e-35 1.14e-35 5.07e-36 
17415.23 2.45e-07 9.06e-01 9.45e-02 1.78e-13 3.02e-35 1.75e-35 7.83e-36 
17888.12 3.61e-07 9.71e-01 2.91e-02 2.37e-15 5.89e-35 3.45e-35 1.55e-35 
18532.37 5.18e-07 9.94e-01 6.00e-03 3.54e-17 9.91e-35 5.86e-35 2.66e-35 
19260.76 6.55e-07 9.99e-01 9.75e-04 1.21e-20 1.50e-34 8.93e-35 4.08e-35 
20034.10 6.42e-07 1.00e+00 2.19e-04 2.52e-23 2.23e-34 1.34e-34 6.16e-35 
20838.00 6.54e-07 1.00e+00 1.23e-04 3.00e-24 3.25e-34 1.96e-34 9.08e-35 
21647.97 8.22e-07 1.00e+00 3.20e-05 3.74e-26 4.50e-34 2.72e-34 1.27e-34 
22447.94 1.21e-06 1.00e+00 2.28e-05 8.07e-26 6.63e-34 4.02e-34 1.88e-34 
23245.88 1.29e-06 1.00e+00 1.03e-05 4.59e-27 1.02e-33 6.17e-34 2.91e-34 
24052.47 1.21e-06 1.00e+00 7.78e-07 2.71e-33 1.57e-33 9.56e-34 4.53e-34 
24867.72 1.52e-06 1.00e+00 3.76e-07 4.19e-33 2.43e-33 1.48e-33 7.04e-34 
