#NTIMES: 200
#NSTAGES: 7
#TIMES[d]: 0.9869 1.0089 1.0313 1.0543 1.0778 1.1018 1.1263 1.1514 1.1771 1.2033 1.2301 1.2575 1.2855 1.3142 1.3434 1.3734 1.4039 1.4352 1.4672 1.4999 1.5333 1.5674 1.6024 1.6381 1.6745 1.7118 1.7500 1.7890 1.8288 1.8696 1.9112 1.9538 1.9973 2.0418 2.0873 2.1338 2.1813 2.2299 2.2796 2.3303 2.3823 2.4353 2.4896 2.5450 2.6017 2.6597 2.7189 2.7795 2.8414 2.9047 2.9694 3.0356 3.1032 3.1723 3.2430 3.3152 3.3891 3.4646 3.5417 3.6206 3.7013 3.7837 3.8680 3.9542 4.0423 4.1323 4.2244 4.3185 4.4147 4.5130 4.6135 4.7163 4.8214 4.9288 5.0386 5.1508 5.2655 5.3828 5.5028 5.6253 5.7506 5.8787 6.0097 6.1436 6.2804 6.4203 6.5633 6.7096 6.8590 7.0118 7.1680 7.3277 7.4909 7.6578 7.8284 8.0028 8.1810 8.3633 8.5496 8.7400 8.9347 9.1337 9.3372 9.5452 9.7578 9.9752 10.1974 10.4246 10.6568 10.8942 11.1368 11.3849 11.6385 11.8978 12.1628 12.4338 12.7108 12.9939 13.2834 13.5793 13.8818 14.1910 14.5071 14.8303 15.1606 15.4983 15.8436 16.1965 16.5573 16.9261 17.3032 17.6886 18.0827 18.4855 18.8973 19.3182 19.7486 20.1885 20.6382 21.0979 21.5679 22.0484 22.5395 23.0416 23.5549 24.0796 24.6160 25.1644 25.7249 26.2980 26.8838 27.4826 28.0949 28.7207 29.3605 30.0145 30.6831 31.3666 32.0654 32.7796 33.5098 34.2563 35.0194 35.7995 36.5970 37.4122 38.2456 39.0976 39.9685 40.8589 41.7690 42.6995 43.6507 44.6230 45.6171 46.6332 47.6720 48.7340 49.8196 50.9294 52.0639 53.2236 54.4093 55.6213 56.8603 58.1269 59.4218 60.7455 62.0986 63.4819 64.8961 66.3417 67.8195 69.3303 70.8747 72.4535 74.0675 75.7174 77.4041 79.1284
#
#TIME: 0.9869
#NVEL: 115
#vel_mid[km/s] temp[K] ne[/cm^3] na0 na1 na2 na3 na4 na5 na6
4.4010e+02 7.7941e-28 1.0930e-19 7.3056e-12 8.7323e-06 4.9506e-02 9.4476e-01 5.7292e-03
8.8623e+02 6.6407e-19 1.0952e-12 8.6086e-07 1.2101e-02 8.0681e-01 1.8107e-01 1.2913e-05
9.0614e+02 6.6284e-19 1.0937e-12 8.6003e-07 1.2095e-02 8.0675e-01 1.8114e-01 1.2924e-05
9.4442e+02 6.6285e-19 1.0937e-12 8.6004e-07 1.2095e-02 8.0675e-01 1.8114e-01 1.2924e-05
9.9911e+02 6.6158e-19 1.0918e-12 8.5882e-07 1.2084e-02 8.0662e-01 1.8128e-01 1.2949e-05
1.0608e+03 6.5647e-19 1.0842e-12 8.5414e-07 1.2044e-02 8.0614e-01 1.8180e-01 1.3040e-05
1.1257e+03 6.4623e-19 1.0673e-12 8.4274e-07 1.1939e-02 8.0477e-01 1.8328e-01 1.3307e-05
1.1944e+03 6.0626e-19 1.0036e-12 8.0060e-07 1.1553e-02 7.9967e-01 1.8876e-01 1.4322e-05
1.2673e+03 4.6429e-19 7.7738e-13 6.4731e-07 1.0078e-02 7.7753e-01 2.1237e-01 1.9273e-05
1.3448e+03 1.4971e-19 2.6481e-13 2.6268e-07 5.5699e-03 6.6651e-01 3.2786e-01 6.1107e-05
1.4269e+03 1.3336e-20 2.6625e-14 3.6618e-08 1.4066e-03 3.9366e-01 6.0448e-01 4.5223e-04
1.5140e+03 7.9902e-22 1.8731e-15 3.5803e-09 2.5264e-04 1.6896e-01 8.2826e-01 2.5364e-03
1.6065e+03 7.0789e-23 1.9593e-16 4.8979e-10 5.6187e-05 7.5066e-02 9.1646e-01 8.4212e-03
1.7047e+03 8.1720e-24 2.6280e-17 8.2028e-11 1.4257e-05 3.4799e-02 9.4259e-01 2.2597e-02
1.8088e+03 8.1084e-25 3.0877e-18 1.2099e-11 3.2289e-06 1.4819e-02 9.2481e-01 6.0370e-02
1.9193e+03 6.3677e-26 2.9788e-19 1.4987e-12 6.2780e-07 5.6114e-03 8.3914e-01 1.5525e-01
2.0365e+03 3.8350e-27 2.2686e-20 1.4906e-13 9.8981e-08 1.7644e-03 6.4912e-01 3.4912e-01
2.1609e+03 1.7136e-28 1.3182e-21 1.1528e-14 1.2122e-08 4.3323e-04 3.9191e-01 6.0766e-01
2.2929e+03 6.0278e-30 6.1832e-23 7.3437e-16 1.2131e-09 8.6181e-05 1.8779e-01 8.1212e-01
2.4330e+03 2.0764e-31 2.8270e-24 4.5378e-17 1.1414e-10 1.5693e-05 7.9618e-02 9.2037e-01
2.5816e+03 1.0683e-32 1.8603e-25 3.8907e-18 1.3881e-11 3.3771e-06 3.5638e-02 9.6436e-01
2.7393e+03 1.0846e-33 2.2969e-26 5.9416e-19 2.7576e-12 1.0365e-06 1.9070e-02 9.8093e-01
2.9067e+03 2.2455e-34 5.5292e-27 1.6826e-19 9.4192e-13 4.7520e-07 1.2624e-02 9.8738e-01
3.0842e+03 9.4791e-35 2.6186e-27 8.9686e-20 5.6836e-13 3.3383e-07 1.0522e-02 9.8948e-01
3.2726e+03 8.6754e-35 2.5693e-27 9.3777e-20 6.2627e-13 3.6771e-07 1.1179e-02 9.8882e-01
3.4725e+03 1.5351e-34 4.6661e-27 1.7266e-19 1.1366e-12 5.8672e-07 1.4496e-02 9.8550e-01
3.6846e+03 4.9187e-34 1.4948e-26 5.4378e-19 3.3324e-12 1.3421e-06 2.2833e-02 9.7717e-01
3.9097e+03 2.2041e-33 6.7646e-26 2.4400e-18 1.3547e-11 3.9495e-06 4.1225e-02 9.5877e-01
4.1484e+03 9.7901e-33 2.9136e-25 1.0056e-17 4.8854e-11 1.0430e-05 6.9480e-02 9.3051e-01
4.4019e+03 2.4209e-32 6.7740e-25 2.1866e-17 9.5426e-11 1.7043e-05 8.9746e-02 9.1024e-01
4.6708e+03 1.6383e-32 4.7709e-25 1.6051e-17 7.3871e-11 1.4198e-05 8.1767e-02 9.1822e-01
4.9561e+03 5.3320e-33 1.7913e-25 6.9711e-18 3.7879e-11 8.9127e-06 6.4676e-02 9.3531e-01
5.2588e+03 1.9735e-33 7.6120e-26 3.4070e-18 2.1560e-11 6.0451e-06 5.3226e-02 9.4677e-01
5.5800e+03 1.2571e-33 5.2112e-26 2.5074e-18 1.7084e-11 5.1725e-06 4.9294e-02 9.5070e-01
5.9209e+03 1.2776e-33 5.5165e-26 2.7576e-18 1.9159e-11 5.7169e-06 5.2270e-02 9.4772e-01
6.2825e+03 1.7533e-33 7.7746e-26 3.9728e-18 2.7234e-11 7.5391e-06 6.0876e-02 9.3912e-01
6.6663e+03 3.0534e-33 1.3527e-25 6.8694e-18 4.4846e-11 1.1023e-05 7.4668e-02 9.2532e-01
7.0735e+03 7.0061e-33 3.0599e-25 1.5204e-17 9.1420e-11 1.8859e-05 9.9251e-02 9.0073e-01
7.5056e+03 2.1999e-32 9.5689e-25 4.6772e-17 2.5130e-10 4.0437e-05 1.4785e-01 8.5211e-01
7.9641e+03 9.5323e-32 4.0388e-24 1.8903e-16 8.6199e-10 1.0081e-04 2.3360e-01 7.6629e-01
8.4505e+03 5.8135e-31 2.2965e-23 9.7890e-16 3.5361e-09 2.7803e-04 3.7261e-01 6.2711e-01
8.9668e+03 6.3105e-30 2.2629e-22 8.3856e-15 2.1531e-08 9.6775e-04 6.0187e-01 3.9716e-01
9.5145e+03 1.5543e-28 4.8706e-21 1.4391e-13 2.1786e-07 4.2706e-03 8.5454e-01 1.4119e-01
1.0096e+04 1.1966e-26 3.1120e-19 6.2575e-12 4.2189e-06 2.4621e-02 9.5415e-01 2.1230e-02
1.0712e+04 5.9232e-24 1.2745e-16 1.3352e-09 2.5578e-04 2.3752e-01 7.6143e-01 7.9313e-04
1.1367e+04 1.3207e-20 2.3892e-13 7.4969e-07 1.8480e-02 9.2448e-01 5.7038e-02 4.5354e-07
1.2062e+04 7.8076e-17 1.2954e-09 5.6234e-04 6.1569e-01 3.8369e-01 6.2158e-05 3.0834e-13
1.2794e+04 6.0359e-14 9.9189e-07 3.7526e-02 9.5939e-01 3.0872e-03 3.8435e-10 2.4770e-22
1.3528e+04 1.3347e-11 2.2252e-04 6.6094e-01 3.3883e-01 4.6169e-06 3.2289e-16 1.7946e-32
1.4194e+04 3.6884e-10 6.1687e-03 9.8807e-01 5.7601e-03 1.5355e-10 2.0044e-24 2.8026e-45
1.4758e+04 1.0908e-08 1.9009e-01 8.0989e-01 1.7850e-05 2.0070e-16 5.4554e-35 0.0000e+00
1.5240e+04 6.6686e-08 9.5380e-01 4.6205e-02 1.1899e-09 1.2240e-24 0.0000e+00 0.0000e+00
1.5647e+04 9.9902e-08 9.9962e-01 3.8385e-04 7.2054e-15 3.7627e-34 0.0000e+00 0.0000e+00
1.5960e+04 1.6659e-07 1.0000e+00 1.5833e-06 8.5317e-21 7.0065e-45 0.0000e+00 0.0000e+00
1.6187e+04 2.8666e-07 1.0000e+00 2.8927e-09 1.2731e-27 0.0000e+00 0.0000e+00 0.0000e+00
1.6354e+04 4.9668e-07 1.0000e+00 2.2757e-12 2.1505e-35 0.0000e+00 0.0000e+00 0.0000e+00
1.6484e+04 8.9330e-07 1.0000e+00 7.4932e-16 3.7835e-44 0.0000e+00 0.0000e+00 0.0000e+00
1.6593e+04 1.3897e-06 1.0000e+00 4.3425e-19 0.0000e+00 0.0000e+00 0.0000e+00 0.0000e+00
1.6692e+04 1.8819e-06 1.0000e+00 1.1047e-21 0.0000e+00 0.0000e+00 0.0000e+00 0.0000e+00
1.6788e+04 2.1566e-06 1.0000e+00 1.3650e-23 0.0000e+00 0.0000e+00 0.0000e+00 0.0000e+00
1.6888e+04 2.3474e-06 1.0000e+00 4.8560e-25 0.0000e+00 0.0000e+00 0.0000e+00 0.0000e+00
1.6999e+04 2.5574e-06 1.0000e+00 2.7149e-26 0.0000e+00 0.0000e+00 0.0000e+00 0.0000e+00
1.7146e+04 2.8258e-06 1.0000e+00 1.5822e-27 0.0000e+00 0.0000e+00 0.0000e+00 0.0000e+00
1.7416e+04 3.3998e-06 1.0000e+00 2.7378e-29 0.0000e+00 0.0000e+00 0.0000e+00 0.0000e+00
1.7888e+04 5.2532e-06 9.9999e-01 2.3393e-32 0.0000e+00 0.0000e+00 0.0000e+00 0.0000e+00
1.8532e+04 9.2585e-06 9.9999e-01 1.1691e-35 0.0000e+00 0.0000e+00 0.0000e+00 0.0000e+00
1.9260e+04 1.5103e-05 9.9998e-01 9.7289e-39 0.0000e+00 0.0000e+00 0.0000e+00 0.0000e+00
2.0034e+04 2.2780e-05 9.9998e-01 1.1523e-41 0.0000e+00 0.0000e+00 0.0000e+00 0.0000e+00
2.0838e+04 3.2722e-05 9.9997e-01 2.3822e-44 0.0000e+00 0.0000e+00 0.0000e+00 0.0000e+00
2.1648e+04 4.5958e-05 9.9995e-01 0.0000e+00 0.0000e+00 0.0000e+00 0.0000e+00 0.0000e+00
2.2448e+04 5.9484e-05 9.9994e-01 0.0000e+00 0.0000e+00 0.0000e+00 0.0000e+00 0.0000e+00
2.3246e+04 7.3749e-05 9.9993e-01 0.0000e+00 0.0000e+00 0.0000e+00 0.0000e+00 0.0000e+00
2.4052e+04 9.0487e-05 9.9991e-01 0.0000e+00 0.0000e+00 0.0000e+00 0.0000e+00 0.0000e+00
2.4868e+04 1.0695e-04 9.9989e-01 0.0000e+00 0.0000e+00 0.0000e+00 0.0000e+00 0.0000e+00
2.5699e+04 1.1767e-04 9.9988e-01 0.0000e+00 0.0000e+00 0.0000e+00 0.0000e+00 0.0000e+00
2.6588e+04 1.1991e-04 9.9988e-01 0.0000e+00 0.0000e+00 0.0000e+00 0.0000e+00 0.0000e+00
2.7638e+04 1.2236e-04 9.9988e-01 0.0000e+00 0.0000e+00 0.0000e+00 0.0000e+00 0.0000e+00
2.8987e+04 1.2958e-04 9.9987e-01 0.0000e+00 0.0000e+00 0.0000e+00 0.0000e+00 0.0000e+00
3.0652e+04 6.4810e-05 9.9994e-01 0.0000e+00 0.0000e+00 0.0000e+00 0.0000e+00 0.0000e+00
3.2516e+04 1.8633e-05 9.9998e-01 0.0000e+00 0.0000e+00 0.0000e+00 0.0000e+00 0.0000e+00
3.4459e+04 3.8051e-06 1.0000e+00 0.0000e+00 0.0000e+00 0.0000e+00 0.0000e+00 0.0000e+00
3.6371e+04 1.1466e-06 1.0000e+00 0.0000e+00 0.0000e+00 0.0000e+00 0.0000e+00 0.0000e+00
3.8150e+04 5.0558e-07 1.0000e+00 0.0000e+00 0.0000e+00 0.0000e+00 0.0000e+00 0.0000e+00
3.9750e+04 3.3976e-07 1.0000e+00 0.0000e+00 0.0000e+00 0.0000e+00 0.0000e+00 0.0000e+00
4.1174e+04 3.0133e-07 1.0000e+00 0.0000e+00 0.0000e+00 0.0000e+00 0.0000e+00 0.0000e+00
4.2468e+04 3.4367e-07 1.0000e+00 0.0000e+00 0.0000e+00 0.0000e+00 0.0000e+00 0.0000e+00
4.3688e+04 5.0313e-07 1.0000e+00 0.0000e+00 0.0000e+00 0.0000e+00 0.0000e+00 0.0000e+00
4.4884e+04 8.4577e-07 1.0000e+00 0.0000e+00 0.0000e+00 0.0000e+00 0.0000e+00 0.0000e+00
4.6084e+04 1.3657e-06 1.0000e+00 0.0000e+00 0.0000e+00 0.0000e+00 0.0000e+00 0.0000e+00
4.7294e+04 1.1953e-06 1.0000e+00 0.0000e+00 0.0000e+00 0.0000e+00 0.0000e+00 0.0000e+00
4.8516e+04 9.2315e-07 1.0000e+00 0.0000e+00 0.0000e+00 0.0000e+00 0.0000e+00 0.0000e+00
4.9754e+04 6.9883e-07 1.0000e+00 0.0000e+00 0.0000e+00 0.0000e+00 0.0000e+00 0.0000e+00
5.1012e+04 5.1976e-07 1.0000e+00 0.0000e+00 0.0000e+00 0.0000e+00 0.0000e+00 0.0000e+00
5.2292e+04 3.8429e-07 1.0000e+00 0.0000e+00 0.0000e+00 0.0000e+00 0.0000e+00 0.0000e+00
5.3596e+04 2.8333e-07 1.0000e+00 0.0000e+00 0.0000e+00 0.0000e+00 0.0000e+00 0.0000e+00
5.4921e+04 2.0869e-07 1.0000e+00 0.0000e+00 0.0000e+00 0.0000e+00 0.0000e+00 0.0000e+00
5.6265e+04 1.5358e-07 1.0000e+00 0.0000e+00 0.0000e+00 0.0000e+00 0.0000e+00 0.0000e+00
5.7622e+04 1.1303e-07 1.0000e+00 0.0000e+00 0.0000e+00 0.0000e+00 0.0000e+00 0.0000e+00
5.8985e+04 8.3530e-08 1.0000e+00 0.0000e+00 0.0000e+00 0.0000e+00 0.0000e+00 0.0000e+00
6.0341e+04 6.2026e-08 1.0000e+00 0.0000e+00 0.0000e+00 0.0000e+00 0.0000e+00 0.0000e+00
6.1676e+04 4.6575e-08 1.0000e+00 0.0000e+00 0.0000e+00 0.0000e+00 0.0000e+00 0.0000e+00
6.2975e+04 3.5352e-08 1.0000e+00 0.0000e+00 0.0000e+00 0.0000e+00 0.0000e+00 0.0000e+00
6.4219e+04 2.7280e-08 1.0000e+00 0.0000e+00 0.0000e+00 0.0000e+00 0.0000e+00 0.0000e+00
6.5388e+04 2.1482e-08 1.0000e+00 0.0000e+00 0.0000e+00 0.0000e+00 0.0000e+00 0.0000e+00
6.6461e+04 1.7307e-08 1.0000e+00 0.0000e+00 0.0000e+00 0.0000e+00 0.0000e+00 0.0000e+00
6.7422e+04 1.4310e-08 1.0000e+00 0.0000e+00 0.0000e+00 0.0000e+00 0.0000e+00 0.0000e+00
6.8257e+04 1.2164e-08 1.0000e+00 0.0000e+00 0.0000e+00 0.0000e+00 0.0000e+00 0.0000e+00
6.8960e+04 1.0629e-08 1.0000e+00 0.0000e+00 0.0000e+00 0.0000e+00 0.0000e+00 0.0000e+00
6.9475e+04 9.5431e-09 1.0000e+00 0.0000e+00 0.0000e+00 0.0000e+00 0.0000e+00 0.0000e+00
6.9758e+04 9.1111e-09 1.0000e+00 0.0000e+00 0.0000e+00 0.0000e+00 0.0000e+00 0.0000e+00
6.9886e+04 8.9914e-09 1.0000e+00 0.0000e+00 0.0000e+00 0.0000e+00 0.0000e+00 0.0000e+00
6.9950e+04 8.8182e-09 1.0000e+00 0.0000e+00 0.0000e+00 0.0000e+00 0.0000e+00 0.0000e+00
6.9982e+04 9.2760e-09 1.0000e+00 0.0000e+00 0.0000e+00 0.0000e+00 0.0000e+00 0.0000e+00
6.9996e+04 7.8883e-09 1.0000e+00 0.0000e+00 0.0000e+00 0.0000e+00 0.0000e+00 0.0000e+00
7.0000e+04 3.2628e-09 1.0000e+00 0.0000e+00 0.0000e+00 0.0000e+00 0.0000e+00 0.0000e+00
#
#TIME: 1.0089
#NVEL: 115
#vel_mid[km/s] temp[K] ne[/cm^3] na0 na1 na2 na3 na4 na5 na6
4.4010e+02 5.6521e-28 8.4504e-20 6.0236e-12 7.6821e-06 4.6487e-02 9.4737e-01 6.1377e-03
8.8623e+02 3.7573e-19 6.7309e-13 5.9351e-07 9.6796e-03 7.7391e-01 2.1639e-01 1.9886e-05
9.0614e+02 3.8218e-19 6.8417e-13 6.0166e-07 9.7654e-03 7.7541e-01 2.1480e-01 1.9516e-05
9.4442e+02 3.8280e-19 6.8521e-13 6.0241e-07 9.7731e-03 7.7554e-01 2.1466e-01 1.9484e-05
9.9911e+02 3.8367e-19 6.8670e-13 6.0349e-07 9.7845e-03 7.7574e-01 2.1445e-01 1.9436e-05
1.0608e+03 3.7877e-19 6.7869e-13 5.9782e-07 9.7265e-03 7.7477e-01 2.1549e-01 1.9672e-05
1.1257e+03 3.7479e-19 6.7133e-13 5.9215e-07 9.6647e-03 7.7364e-01 2.1668e-01 1.9954e-05
1.1944e+03 3.5002e-19 6.2857e-13 5.6039e-07 9.3250e-03 7.6748e-01 2.2317e-01 2.1523e-05
1.2673e+03 2.6991e-19 4.8996e-13 4.5491e-07 8.1397e-03 7.4325e-01 2.4858e-01 2.8464e-05
1.3448e+03 8.6065e-20 1.6498e-13 1.8188e-07 4.4156e-03 6.2260e-01 3.7290e-01 8.7090e-05
1.4269e+03 7.4530e-21 1.6121e-14 2.4496e-08 1.0703e-03 3.5017e-01 6.4816e-01 6.0018e-04
1.5140e+03 4.3486e-22 1.1060e-15 2.3279e-09 1.8615e-04 1.4493e-01 8.5168e-01 3.2053e-03
1.6065e+03 3.8400e-23 1.1545e-16 3.1705e-10 4.1072e-05 6.3624e-02 9.2595e-01 1.0382e-02
1.7047e+03 4.4492e-24 1.5559e-17 5.3262e-11 1.0420e-05 2.9374e-02 9.4322e-01 2.7393e-02
1.8088e+03 4.3916e-25 1.8226e-18 7.8310e-12 2.3481e-06 1.2419e-02 9.1553e-01 7.2044e-02
1.9193e+03 3.3951e-26 1.7353e-19 9.5789e-13 4.5010e-07 4.6269e-03 8.1459e-01 1.8078e-01
2.0365e+03 1.9801e-27 1.2822e-20 9.2490e-14 6.8770e-08 1.4075e-03 6.0794e-01 3.9066e-01
2.1609e+03 8.5716e-29 7.2195e-22 6.9271e-15 8.1293e-09 3.3254e-04 3.5169e-01 6.4798e-01
2.2929e+03 2.9970e-30 3.3599e-23 4.3693e-16 8.0131e-10 6.4806e-05 1.6398e-01 8.3595e-01
2.4330e+03 1.0418e-31 1.5475e-24 2.7155e-17 7.5475e-11 1.1756e-05 6.8840e-02 9.3115e-01
2.5816e+03 5.3379e-33 1.0153e-25 2.3247e-18 9.1553e-12 2.5217e-06 3.0675e-02 9.6932e-01
2.7393e+03 5.3644e-34 1.2432e-26 3.5291e-19 1.8091e-12 7.7077e-07 1.6363e-02 9.8364e-01
2.9067e+03 1.0993e-34 2.9667e-27 9.9251e-20 6.1420e-13 3.5180e-07 1.0804e-02 9.8920e-01
3.0842e+03 4.5933e-35 1.3922e-27 5.2484e-20 3.6807e-13 2.4589e-07 8.9794e-03 9.9102e-01
3.2726e+03 4.1391e-35 1.3464e-27 5.4149e-20 4.0094e-13 2.6856e-07 9.4968e-03 9.9050e-01
3.4725e+03 7.2239e-35 2.4131e-27 9.8427e-20 7.1979e-13 4.2509e-07 1.2263e-02 9.8774e-01
3.6846e+03 2.3210e-34 7.7423e-27 3.0996e-19 2.1112e-12 9.7269e-07 1.9328e-02 9.8067e-01
3.9097e+03 1.0659e-33 3.5800e-26 1.4160e-18 8.7237e-12 2.8981e-06 3.5164e-02 9.6483e-01
4.1484e+03 4.8994e-33 1.5905e-25 5.9983e-18 3.2249e-11 7.8008e-06 5.9975e-02 9.4002e-01
4.4019e+03 1.2255e-32 3.7370e-25 1.3168e-17 6.3553e-11 1.2839e-05 7.7867e-02 9.2212e-01
4.6708e+03 8.3193e-33 2.6396e-25 9.6918e-18 4.9300e-11 1.0709e-05 7.0952e-02 9.2904e-01
4.9561e+03 2.6946e-33 9.8667e-26 4.1923e-18 2.5181e-11 6.6991e-06 5.5955e-02 9.4404e-01
5.2588e+03 1.0051e-33 4.2231e-26 2.0624e-18 1.4409e-11 4.5597e-06 4.6100e-02 9.5390e-01
5.5800e+03 6.3242e-34 2.8582e-26 1.5019e-18 1.1313e-11 3.8747e-06 4.2527e-02 9.5747e-01
5.9209e+03 6.3815e-34 3.0050e-26 1.6411e-18 1.2618e-11 4.2655e-06 4.5007e-02 9.5499e-01
6.2825e+03 8.7607e-34 4.2353e-26 2.3637e-18 1.7939e-11 5.6272e-06 5.2456e-02 9.4754e-01
6.6663e+03 1.5241e-33 7.3608e-26 4.0822e-18 2.9525e-11 8.2287e-06 6.4403e-02 9.3559e-01
7.0735e+03 3.4909e-33 1.6621e-25 9.0201e-18 6.0159e-11 1.4086e-05 8.5777e-02 9.1421e-01
7.5056e+03 1.1029e-32 5.2276e-25 2.7905e-17 1.6645e-10 3.0407e-05 1.2867e-01 8.7130e-01
7.9641e+03 4.8278e-32 2.2284e-24 1.1392e-16 5.7744e-10 7.6706e-05 2.0585e-01 7.9407e-01
8.4505e+03 3.0031e-31 1.2917e-23 6.0152e-16 2.4179e-09 2.1602e-04 3.3543e-01 6.6436e-01
8.9668e+03 3.3656e-30 1.3130e-22 5.3188e-15 1.5223e-08 7.7843e-04 5.6187e-01 4.3735e-01
9.5145e+03 8.6790e-29 2.9516e-21 9.5342e-14 1.6101e-07 3.5899e-03 8.3379e-01 1.6262e-01
1.0096e+04 6.8449e-27 1.9245e-19 4.2329e-12 3.1864e-06 2.1167e-02 9.5371e-01 2.5121e-02
1.0712e+04 3.4267e-24 7.9553e-17 9.1690e-10 1.9724e-04 2.0987e-01 7.8895e-01 9.8365e-04
1.1367e+04 8.3820e-21 1.6335e-13 5.6849e-07 1.5856e-02 9.1702e-01 6.7126e-02 6.4838e-07
1.2062e+04 5.3615e-17 9.5508e-10 4.6284e-04 5.7812e-01 4.2134e-01 8.2325e-05 5.0689e-13
1.2794e+04 4.3507e-14 7.6708e-07 3.2655e-02 9.6366e-01 3.6852e-03 5.6598e-10 4.6590e-22
1.3528e+04 1.0409e-11 1.8616e-04 6.2596e-01 3.7385e-01 6.1310e-06 5.3868e-16 3.9129e-32
1.4194e+04 3.0294e-10 5.4336e-03 9.8783e-01 6.7365e-03 2.1735e-10 3.5955e-24 5.6052e-45
1.4758e+04 9.1677e-09 1.7038e-01 8.2960e-01 2.1679e-05 3.0115e-16 1.0709e-34 0.0000e+00
1.5240e+04 6.1488e-08 9.4469e-01 5.5309e-02 1.8328e-09 2.6023e-24 0.0000e+00 0.0000e+00
1.5647e+04 9.3954e-08 9.9954e-01 4.5881e-04 1.0959e-14 7.8080e-34 0.0000e+00 0.0000e+00
1.5960e+04 1.5428e-07 1.0000e+00 2.0084e-06 1.4968e-20 1.8217e-44 0.0000e+00 0.0000e+00
1.6187e+04 2.6449e-07 1.0000e+00 3.7924e-09 2.4259e-27 0.0000e+00 0.0000e+00 0.0000e+00
1.6354e+04 4.4612e-07 1.0000e+00 3.9843e-12 8.4534e-35 0.0000e+00 0.0000e+00 0.0000e+00
1.6484e+04 7.9563e-07 1.0000e+00 1.4991e-15 2.1019e-43 0.0000e+00 0.0000e+00 0.0000e+00
1.6593e+04 1.2772e-06 1.0000e+00 6.3202e-19 0.0000e+00 0.0000e+00 0.0000e+00 0.0000e+00
1.6692e+04 1.8770e-06 1.0000e+00 4.7386e-22 0.0000e+00 0.0000e+00 0.0000e+00 0.0000e+00
1.6788e+04 2.1081e-06 1.0000e+00 7.9876e-24 0.0000e+00 0.0000e+00 0.0000e+00 0.0000e+00
1.6888e+04 2.2505e-06 1.0000e+00 4.3049e-25 0.0000e+00 0.0000e+00 0.0000e+00 0.0000e+00
1.6999e+04 2.3417e-06 1.0000e+00 4.9463e-26 0.0000e+00 0.0000e+00 0.0000e+00 0.0000e+00
1.7146e+04 2.4579e-06 1.0000e+00 4.9515e-27 0.0000e+00 0.0000e+00 0.0000e+00 0.0000e+00
1.7416e+04 3.0156e-06 1.0000e+00 5.3529e-29 0.0000e+00 0.0000e+00 0.0000e+00 0.0000e+00
1.7888e+04 4.4916e-06 1.0000e+00 5.8143e-32 0.0000e+00 0.0000e+00 0.0000e+00 0.0000e+00
1.8532e+04 7.8641e-06 9.9999e-01 3.1364e-35 0.0000e+00 0.0000e+00 0.0000e+00 0.0000e+00
1.9260e+04 1.2917e-05 9.9999e-01 2.4554e-38 0.0000e+00 0.0000e+00 0.0000e+00 0.0000e+00
2.0034e+04 1.8637e-05 9.9998e-01 4.4326e-41 0.0000e+00 0.0000e+00 0.0000e+00 0.0000e+00
2.0838e+04 2.6985e-05 9.9997e-01 8.9683e-44 0.0000e+00 0.0000e+00 0.0000e+00 0.0000e+00
2.1648e+04 3.6945e-05 9.9996e-01 0.0000e+00 0.0000e+00 0.0000e+00 0.0000e+00 0.0000e+00
2.2448e+04 4.7531e-05 9.9995e-01 0.0000e+00 0.0000e+00 0.0000e+00 0.0000e+00 0.0000e+00
2.3246e+04 5.6784e-05 9.9994e-01 0.0000e+00 0.0000e+00 0.0000e+00 0.0000e+00 0.0000e+00
2.4052e+04 6.6726e-05 9.9993e-01 0.0000e+00 0.0000e+00 0.0000e+00 0.0000e+00 0.0000e+00
2.4868e+04 7.5992e-05 9.9992e-01 0.0000e+00 0.0000e+00 0.0000e+00 0.0000e+00 0.0000e+00
2.5699e+04 8.9208e-05 9.9991e-01 0.0000e+00 0.0000e+00 0.0000e+00 0.0000e+00 0.0000e+00
2.6588e+04 9.0063e-05 9.9991e-01 0.0000e+00 0.0000e+00 0.0000e+00 0.0000e+00 0.0000e+00
2.7638e+04 9.0676e-05 9.9991e-01 0.0000e+00 0.0000e+00 0.0000e+00 0.0000e+00 0.0000e+00
2.8987e+04 8.4412e-05 9.9992e-01 0.0000e+00 0.0000e+00 0.0000e+00 0.0000e+00 0.0000e+00
3.0652e+04 3.8285e-05 9.9996e-01 0.0000e+00 0.0000e+00 0.0000e+00 0.0000e+00 0.0000e+00
3.2516e+04 9.9068e-06 9.9999e-01 0.0000e+00 0.0000e+00 0.0000e+00 0.0000e+00 0.0000e+00
3.4459e+04 1.5309e-06 1.0000e+00 0.0000e+00 0.0000e+00 0.0000e+00 0.0000e+00 0.0000e+00
3.6371e+04 6.2569e-07 1.0000e+00 0.0000e+00 0.0000e+00 0.0000e+00 0.0000e+00 0.0000e+00
3.8150e+04 4.0250e-07 1.0000e+00 0.0000e+00 0.0000e+00 0.0000e+00 0.0000e+00 0.0000e+00
3.9750e+04 2.9779e-07 1.0000e+00 0.0000e+00 0.0000e+00 0.0000e+00 0.0000e+00 0.0000e+00
4.1174e+04 2.0877e-07 1.0000e+00 0.0000e+00 0.0000e+00 0.0000e+00 0.0000e+00 0.0000e+00
4.2468e+04 4.9853e-07 1.0000e+00 0.0000e+00 0.0000e+00 0.0000e+00 0.0000e+00 0.0000e+00
4.3688e+04 2.7120e-07 1.0000e+00 0.0000e+00 0.0000e+00 0.0000e+00 0.0000e+00 0.0000e+00
4.4884e+04 1.0974e-06 1.0000e+00 0.0000e+00 0.0000e+00 0.0000e+00 0.0000e+00 0.0000e+00
4.6084e+04 9.0228e-08 1.0000e+00 0.0000e+00 0.0000e+00 0.0000e+00 0.0000e+00 0.0000e+00
4.7294e+04 5.7815e-07 1.0000e+00 0.0000e+00 0.0000e+00 0.0000e+00 0.0000e+00 0.0000e+00
4.8516e+04 3.0098e-07 1.0000e+00 0.0000e+00 0.0000e+00 0.0000e+00 0.0000e+00 0.0000e+00
4.9754e+04 4.6321e-07 1.0000e+00 0.0000e+00 0.0000e+00 0.0000e+00 0.0000e+00 0.0000e+00
5.1012e+04 4.8564e-07 1.0000e+00 0.0000e+00 0.0000e+00 0.0000e+00 0.0000e+00 0.0000e+00
5.2292e+04 1.1846e-07 1.0000e+00 0.0000e+00 0.0000e+00 0.0000e+00 0.0000e+00 0.0000e+00
5.3596e+04 2.9895e-07 1.0000e+00 0.0000e+00 0.0000e+00 0.0000e+00 0.0000e+00 0.0000e+00
5.4921e+04 4.1584e-06 1.0000e+00 0.0000e+00 0.0000e+00 0.0000e+00 0.0000e+00 0.0000e+00
5.6265e+04 3.4865e-07 1.0000e+00 0.0000e+00 0.0000e+00 0.0000e+00 0.0000e+00 0.0000e+00
5.7622e+04 7.3262e-07 1.0000e+00 0.0000e+00 0.0000e+00 0.0000e+00 0.0000e+00 0.0000e+00
5.8985e+04 5.8499e-09 1.0000e+00 0.0000e+00 0.0000e+00 0.0000e+00 0.0000e+00 0.0000e+00
6.0341e+04 1.8070e-07 1.0000e+00 0.0000e+00 0.0000e+00 0.0000e+00 0.0000e+00 0.0000e+00
6.1676e+04 2.0275e-08 1.0000e+00 0.0000e+00 0.0000e+00 0.0000e+00 0.0000e+00 0.0000e+00
6.2975e+04 1.6810e-08 1.0000e+00 0.0000e+00 0.0000e+00 0.0000e+00 0.0000e+00 0.0000e+00
6.4219e+04 9.8056e-09 1.0000e+00 0.0000e+00 0.0000e+00 0.0000e+00 0.0000e+00 0.0000e+00
6.5388e+04 2.6920e-09 1.0000e+00 0.0000e+00 0.0000e+00 0.0000e+00 0.0000e+00 0.0000e+00
6.6461e+04 2.9759e-09 1.0000e+00 0.0000e+00 0.0000e+00 0.0000e+00 0.0000e+00 0.0000e+00
6.7422e+04 2.0920e-09 1.0000e+00 0.0000e+00 0.0000e+00 0.0000e+00 0.0000e+00 0.0000e+00
6.8257e+04 5.7061e-08 1.0000e+00 0.0000e+00 0.0000e+00 0.0000e+00 0.0000e+00 0.0000e+00
6.8960e+04 4.3926e-08 1.0000e+00 0.0000e+00 0.0000e+00 0.0000e+00 0.0000e+00 0.0000e+00
6.9475e+04 1.9235e-07 1.0000e+00 0.0000e+00 0.0000e+00 0.0000e+00 0.0000e+00 0.0000e+00
6.9758e+04 5.4806e-07 1.0000e+00 0.0000e+00 0.0000e+00 0.0000e+00 0.0000e+00 0.0000e+00
6.9886e+04 9.9639e-07 1.0000e+00 0.0000e+00 0.0000e+00 0.0000e+00 0.0000e+00 0.0000e+00
6.9950e+04 1.1703e-06 1.0000e+00 0.0000e+00 0.0000e+00 0.0000e+00 0.0000e+00 0.0000e+00
6.9982e+04 1.1981e-06 1.0000e+00 0.0000e+00 0.0000e+00 0.0000e+00 0.0000e+00 0.0000e+00
6.9996e+04 1.0562e-06 1.0000e+00 0.0000e+00 0.0000e+00 0.0000e+00 0.0000e+00 0.0000e+00
7.0000e+04 5.2443e-07 1.0000e+00 0.0000e+00 0.0000e+00 0.0000e+00 0.0000e+00 0.0000e+00
#
#TIME: 1.0313
#NVEL: 115
#vel_mid[km/s] temp[K] ne[/cm^3] na0 na1 na2 na3 na4 na5 na6
4.4010e+02 1.4427e-27 2.1979e-19 1.4385e-11 1.5185e-05 6.8646e-02 9.2775e-01 3.5871e-03
8.8623e+02 6.4481e-19 1.1740e-12 9.6220e-07 1.3313e-02 8.2541e-01 1.6127e-01 9.4447e-06
9.0614e+02 6.5772e-19 1.1965e-12 9.7738e-07 1.3446e-02 8.2678e-01 1.5976e-01 9.2309e-06
9.4442e+02 6.7115e-19 1.2194e-12 9.9262e-07 1.3576e-02 8.2810e-01 1.5831e-01 9.0286e-06
9.9911e+02 6.6573e-19 1.2102e-12 9.8653e-07 1.3524e-02 8.2758e-01 1.5888e-01 9.1081e-06
1.0608e+03 6.5853e-19 1.1983e-12 9.7884e-07 1.3459e-02 8.2694e-01 1.5959e-01 9.2052e-06
1.1257e+03 6.5440e-19 1.1901e-12 9.7282e-07 1.3404e-02 8.2633e-01 1.6025e-01 9.3014e-06
1.1944e+03 6.0863e-19 1.1099e-12 9.1824e-07 1.2923e-02 8.2118e-01 1.6589e-01 1.0125e-05
1.2673e+03 4.7287e-19 8.7121e-13 7.5131e-07 1.1375e-02 8.0216e-01 1.8645e-01 1.3517e-05
1.3448e+03 1.5237e-19 2.9629e-13 3.0592e-07 6.3429e-03 6.9855e-01 2.9506e-01 4.4434e-05
1.4269e+03 1.3718e-20 3.0033e-14 4.3348e-08 1.6421e-03 4.2721e-01 5.7080e-01 3.5088e-04
1.5140e+03 8.0581e-22 2.0668e-15 4.1856e-09 2.9492e-04 1.8625e-01 8.1136e-01 2.0965e-03
1.6065e+03 7.0383e-23 2.1260e-16 5.6585e-10 6.5253e-05 8.2970e-02 9.0981e-01 7.1520e-03
1.7047e+03 8.0226e-24 2.8086e-17 9.3641e-11 1.6446e-05 3.8420e-02 9.4204e-01 1.9520e-02
1.8088e+03 7.8377e-25 3.2406e-18 1.3600e-11 3.6897e-06 1.6317e-02 9.3052e-01 5.3156e-02
1.9193e+03 6.1074e-26 3.0936e-19 1.6695e-12 7.1495e-07 6.1946e-03 8.5394e-01 1.3987e-01
2.0365e+03 3.6393e-27 2.3283e-20 1.6441e-13 1.1248e-07 1.9603e-03 6.7277e-01 3.2527e-01
2.1609e+03 1.6064e-28 1.3368e-21 1.2588e-14 1.3752e-08 4.8474e-04 4.1393e-01 5.8559e-01
2.2929e+03 5.5219e-30 6.1350e-23 7.8617e-16 1.3604e-09 9.6133e-05 1.9995e-01 7.9996e-01
2.4330e+03 1.8546e-31 2.7375e-24 4.7445e-17 1.2587e-10 1.7330e-05 8.4657e-02 9.1533e-01
2.5816e+03 9.2351e-33 1.7447e-25 3.9410e-18 1.4922e-11 3.6612e-06 3.7565e-02 9.6243e-01
2.7393e+03 9.0483e-34 2.0817e-26 5.8207e-19 2.8822e-12 1.1006e-06 1.9881e-02 9.8012e-01
2.9067e+03 1.8205e-34 4.8772e-27 1.6063e-19 9.6306e-13 4.9638e-07 1.3046e-02 9.8695e-01
3.0842e+03 7.5551e-35 2.2734e-27 8.4373e-20 5.7381e-13 3.4546e-07 1.0820e-02 9.8918e-01
3.2726e+03 6.8567e-35 2.2142e-27 8.7680e-20 6.2874e-13 3.7898e-07 1.1471e-02 9.8853e-01
3.4725e+03 1.2075e-34 4.0062e-27 1.6109e-19 1.1384e-12 6.0373e-07 1.4863e-02 9.8514e-01
3.6846e+03 4.0049e-34 1.3263e-26 5.2375e-19 3.4275e-12 1.4086e-06 2.3663e-02 9.7634e-01
3.9097e+03 1.9274e-33 6.4230e-26 2.5062e-18 1.4707e-11 4.3139e-06 4.3634e-02 9.5636e-01
4.1484e+03 9.2405e-33 2.9741e-25 1.1057e-17 5.6149e-11 1.1876e-05 7.5114e-02 9.2487e-01
4.4019e+03 2.3527e-32 7.1093e-25 2.4678e-17 1.1206e-10 1.9707e-05 9.7723e-02 9.0226e-01
4.6708e+03 1.5968e-32 5.0195e-25 1.8154e-17 8.6929e-11 1.6444e-05 8.9142e-02 9.1084e-01
4.9561e+03 5.1283e-33 1.8610e-25 7.7912e-18 4.4146e-11 1.0254e-05 7.0314e-02 9.2968e-01
5.2588e+03 1.9246e-33 8.0092e-26 3.8516e-18 2.5384e-11 7.0085e-06 5.8128e-02 9.4187e-01
5.5800e+03 1.2000e-33 5.3752e-26 2.7834e-18 1.9803e-11 5.9292e-06 5.3523e-02 9.4647e-01
5.9209e+03 1.2171e-33 5.6815e-26 3.0581e-18 2.2182e-11 6.5476e-06 5.6724e-02 9.4327e-01
6.2825e+03 1.6832e-33 8.0693e-26 4.4399e-18 3.1721e-11 8.6720e-06 6.6196e-02 9.3379e-01
6.6663e+03 2.9663e-33 1.4206e-25 7.7645e-18 5.2703e-11 1.2760e-05 8.1421e-02 9.1857e-01
7.0735e+03 6.9094e-33 3.2613e-25 1.7431e-17 1.0861e-10 2.1993e-05 1.0853e-01 8.9145e-01
7.5056e+03 2.2435e-32 1.0534e-24 5.5265e-17 3.0567e-10 4.7909e-05 1.6257e-01 8.3738e-01
7.9641e+03 1.0042e-31 4.5881e-24 2.2987e-16 1.0709e-09 1.2092e-04 2.5706e-01 7.4282e-01
8.4505e+03 6.2676e-31 2.6686e-23 1.2140e-15 4.4449e-09 3.3442e-04 4.0626e-01 5.9340e-01
8.9668e+03 6.9082e-30 2.6711e-22 1.0517e-14 2.7097e-08 1.1522e-03 6.3959e-01 3.5925e-01
9.5145e+03 1.7490e-28 5.9207e-21 1.8442e-13 2.7597e-07 5.0252e-03 8.7562e-01 1.1936e-01
1.0096e+04 1.4065e-26 3.9781e-19 8.3423e-12 5.4699e-06 2.9067e-02 9.5403e-01 1.6895e-02
1.0712e+04 7.4441e-24 1.7538e-16 1.8722e-09 3.3959e-04 2.7777e-01 7.2132e-01 5.6521e-04
1.1367e+04 1.6398e-20 3.2709e-13 1.0063e-06 2.2467e-02 9.3432e-01 4.3214e-02 2.3440e-07
1.2062e+04 9.4509e-17 1.7440e-09 7.1432e-04 6.7356e-01 3.2569e-01 3.5953e-05 1.0769e-13
1.2794e+04 7.3473e-14 1.3449e-06 4.6015e-02 9.5180e-01 2.1817e-03 1.6432e-10 5.5016e-23
1.3528e+04 1.5272e-11 2.8321e-04 7.2252e-01 2.7720e-01 2.4178e-06 8.8098e-17 2.1102e-33
1.4194e+04 4.1029e-10 7.6166e-03 9.8843e-01 3.9484e-03 5.9715e-11 3.4244e-25 0.0000e+00
1.4758e+04 1.1919e-08 2.3275e-01 7.6724e-01 1.0745e-05 6.1550e-17 6.2698e-36 0.0000e+00
1.5240e+04 6.0589e-08 9.6408e-01 3.5920e-02 5.8459e-10 3.0515e-25 0.0000e+00 0.0000e+00
1.5647e+04 8.8983e-08 9.9973e-01 2.6889e-04 2.7482e-15 5.9000e-35 0.0000e+00 0.0000e+00
1.5960e+04 1.5233e-07 1.0000e+00 9.8399e-07 2.4327e-21 0.0000e+00 0.0000e+00 0.0000e+00
1.6187e+04 2.6569e-07 1.0000e+00 1.5796e-09 2.6237e-28 0.0000e+00 0.0000e+00 0.0000e+00
1.6354e+04 4.4929e-07 1.0000e+00 1.8100e-12 1.1351e-35 0.0000e+00 0.0000e+00 0.0000e+00
1.6484e+04 8.2450e-07 1.0000e+00 4.9328e-16 1.2612e-44 0.0000e+00 0.0000e+00 0.0000e+00
1.6593e+04 1.4061e-06 1.0000e+00 9.0514e-20 0.0000e+00 0.0000e+00 0.0000e+00 0.0000e+00
1.6692e+04 2.0429e-06 1.0000e+00 3.4713e-23 0.0000e+00 0.0000e+00 0.0000e+00 0.0000e+00
1.6788e+04 2.3005e-06 1.0000e+00 5.2680e-25 0.0000e+00 0.0000e+00 0.0000e+00 0.0000e+00
1.6888e+04 2.4776e-06 1.0000e+00 3.6174e-26 0.0000e+00 0.0000e+00 0.0000e+00 0.0000e+00
1.6999e+04 2.6601e-06 1.0000e+00 3.7350e-27 0.0000e+00 0.0000e+00 0.0000e+00 0.0000e+00
1.7146e+04 2.8752e-06 1.0000e+00 3.6874e-28 0.0000e+00 0.0000e+00 0.0000e+00 0.0000e+00
1.7416e+04 3.6396e-06 1.0000e+00 4.7068e-30 0.0000e+00 0.0000e+00 0.0000e+00 0.0000e+00
1.7888e+04 5.4066e-06 9.9999e-01 6.4919e-33 0.0000e+00 0.0000e+00 0.0000e+00 0.0000e+00
1.8532e+04 9.4553e-06 9.9999e-01 3.4547e-36 0.0000e+00 0.0000e+00 0.0000e+00 0.0000e+00
1.9260e+04 1.6218e-05 9.9998e-01 1.8214e-39 0.0000e+00 0.0000e+00 0.0000e+00 0.0000e+00
2.0034e+04 2.3906e-05 9.9998e-01 2.6330e-42 0.0000e+00 0.0000e+00 0.0000e+00 0.0000e+00
2.0838e+04 3.5093e-05 9.9996e-01 4.2039e-45 0.0000e+00 0.0000e+00 0.0000e+00 0.0000e+00
2.1648e+04 5.0044e-05 9.9995e-01 0.0000e+00 0.0000e+00 0.0000e+00 0.0000e+00 0.0000e+00
2.2448e+04 6.4183e-05 9.9994e-01 0.0000e+00 0.0000e+00 0.0000e+00 0.0000e+00 0.0000e+00
2.3246e+04 7.7573e-05 9.9992e-01 0.0000e+00 0.0000e+00 0.0000e+00 0.0000e+00 0.0000e+00
2.4052e+04 9.1639e-05 9.9991e-01 0.0000e+00 0.0000e+00 0.0000e+00 0.0000e+00 0.0000e+00
2.4868e+04 1.0235e-04 9.9990e-01 0.0000e+00 0.0000e+00 0.0000e+00 0.0000e+00 0.0000e+00
2.5699e+04 1.1176e-04 9.9989e-01 0.0000e+00 0.0000e+00 0.0000e+00 0.0000e+00 0.0000e+00
2.6588e+04 1.1124e-04 9.9989e-01 0.0000e+00 0.0000e+00 0.0000e+00 0.0000e+00 0.0000e+00
2.7638e+04 9.7940e-05 9.9990e-01 0.0000e+00 0.0000e+00 0.0000e+00 0.0000e+00 0.0000e+00
2.8987e+04 7.2947e-05 9.9993e-01 0.0000e+00 0.0000e+00 0.0000e+00 0.0000e+00 0.0000e+00
3.0652e+04 4.0000e-05 9.9996e-01 0.0000e+00 0.0000e+00 0.0000e+00 0.0000e+00 0.0000e+00
3.2516e+04 1.2800e-05 9.9999e-01 0.0000e+00 0.0000e+00 0.0000e+00 0.0000e+00 0.0000e+00
3.4459e+04 3.5562e-06 1.0000e+00 0.0000e+00 0.0000e+00 0.0000e+00 0.0000e+00 0.0000e+00
3.6371e+04 1.5381e-06 1.0000e+00 0.0000e+00 0.0000e+00 0.0000e+00 0.0000e+00 0.0000e+00
3.8150e+04 1.4262e-06 1.0000e+00 0.0000e+00 0.0000e+00 0.0000e+00 0.0000e+00 0.0000e+00
3.9750e+04 1.2006e-06 1.0000e+00 0.0000e+00 0.0000e+00 0.0000e+00 0.0000e+00 0.0000e+00
4.1174e+04 7.7891e-07 1.0000e+00 0.0000e+00 0.0000e+00 0.0000e+00 0.0000e+00 0.0000e+00
4.2468e+04 1.1375e-06 1.0000e+00 0.0000e+00 0.0000e+00 0.0000e+00 0.0000e+00 0.0000e+00
4.3688e+04 1.8820e-07 1.0000e+00 0.0000e+00 0.0000e+00 0.0000e+00 0.0000e+00 0.0000e+00
4.4884e+04 6.2453e-08 1.0000e+00 0.0000e+00 0.0000e+00 0.0000e+00 0.0000e+00 0.0000e+00
4.6084e+04 2.3557e-07 1.0000e+00 0.0000e+00 0.0000e+00 0.0000e+00 0.0000e+00 0.0000e+00
4.7294e+04 3.6675e-07 1.0000e+00 0.0000e+00 0.0000e+00 0.0000e+00 0.0000e+00 0.0000e+00
4.8516e+04 2.4361e-06 1.0000e+00 0.0000e+00 0.0000e+00 0.0000e+00 0.0000e+00 0.0000e+00
4.9754e+04 2.0226e-06 1.0000e+00 0.0000e+00 0.0000e+00 0.0000e+00 0.0000e+00 0.0000e+00
5.1012e+04 3.4595e-06 1.0000e+00 0.0000e+00 0.0000e+00 0.0000e+00 0.0000e+00 0.0000e+00
5.2292e+04 6.1209e-07 1.0000e+00 0.0000e+00 0.0000e+00 0.0000e+00 0.0000e+00 0.0000e+00
5.3596e+04 3.3335e-07 1.0000e+00 0.0000e+00 0.0000e+00 0.0000e+00 0.0000e+00 0.0000e+00
5.4921e+04 3.1095e-11 1.0000e+00 4.6473e-22 0.0000e+00 0.0000e+00 0.0000e+00 0.0000e+00
5.6265e+04 1.8629e-06 1.0000e+00 0.0000e+00 0.0000e+00 0.0000e+00 0.0000e+00 0.0000e+00
5.7622e+04 1.7887e-08 1.0000e+00 0.0000e+00 0.0000e+00 0.0000e+00 0.0000e+00 0.0000e+00
5.8985e+04 6.1650e-09 1.0000e+00 0.0000e+00 0.0000e+00 0.0000e+00 0.0000e+00 0.0000e+00
6.0341e+04 2.1350e-06 1.0000e+00 0.0000e+00 0.0000e+00 0.0000e+00 0.0000e+00 0.0000e+00
6.1676e+04 1.5812e-08 1.0000e+00 0.0000e+00 0.0000e+00 0.0000e+00 0.0000e+00 0.0000e+00
6.2975e+04 1.3110e-06 1.0000e+00 0.0000e+00 0.0000e+00 0.0000e+00 0.0000e+00 0.0000e+00
6.4219e+04 1.8503e-07 1.0000e+00 0.0000e+00 0.0000e+00 0.0000e+00 0.0000e+00 0.0000e+00
6.5388e+04 7.1712e-09 1.0000e+00 0.0000e+00 0.0000e+00 0.0000e+00 0.0000e+00 0.0000e+00
6.6461e+04 1.9640e-08 1.0000e+00 0.0000e+00 0.0000e+00 0.0000e+00 0.0000e+00 0.0000e+00
6.7422e+04 3.9912e-09 1.0000e+00 0.0000e+00 0.0000e+00 0.0000e+00 0.0000e+00 0.0000e+00
6.8257e+04 3.9721e-07 1.0000e+00 0.0000e+00 0.0000e+00 0.0000e+00 0.0000e+00 0.0000e+00
6.8960e+04 5.5930e-07 1.0000e+00 0.0000e+00 0.0000e+00 0.0000e+00 0.0000e+00 0.0000e+00
6.9475e+04 2.0151e-06 1.0000e+00 0.0000e+00 0.0000e+00 0.0000e+00 0.0000e+00 0.0000e+00
6.9758e+04 2.3955e-06 1.0000e+00 0.0000e+00 0.0000e+00 0.0000e+00 0.0000e+00 0.0000e+00
6.9886e+04 1.3105e-06 1.0000e+00 0.0000e+00 0.0000e+00 0.0000e+00 0.0000e+00 0.0000e+00
6.9950e+04 9.2080e-07 1.0000e+00 0.0000e+00 0.0000e+00 0.0000e+00 0.0000e+00 0.0000e+00
6.9982e+04 9.7622e-07 1.0000e+00 0.0000e+00 0.0000e+00 0.0000e+00 0.0000e+00 0.0000e+00
6.9996e+04 9.2057e-07 1.0000e+00 0.0000e+00 0.0000e+00 0.0000e+00 0.0000e+00 0.0000e+00
7.0000e+04 6.6688e-07 1.0000e+00 0.0000e+00 0.0000e+00 0.0000e+00 0.0000e+00 0.0000e+00
#
#TIME: 1.0543
#NVEL: 115
#vel_mid[km/s] temp[K] ne[/cm^3] na0 na1 na2 na3 na4 na5 na6
4.4010e+02 3.8414e-27 5.9689e-19 3.5550e-11 3.0702e-05 1.0208e-01 8.9588e-01 2.0136e-03
8.8623e+02 1.0824e-18 2.0070e-12 1.5270e-06 1.7937e-02 8.6384e-01 1.1821e-01 4.4235e-06
9.0614e+02 9.9060e-19 1.8470e-12 1.4281e-06 1.7217e-02 8.5945e-01 1.2333e-01 4.8890e-06
9.4442e+02 1.0391e-18 1.9319e-12 1.4809e-06 1.7605e-02 8.6187e-01 1.2052e-01 4.6297e-06
9.9911e+02 1.0103e-18 1.8817e-12 1.4498e-06 1.7377e-02 8.6046e-01 1.2215e-01 4.7796e-06
1.0608e+03 1.0094e-18 1.8807e-12 1.4494e-06 1.7376e-02 8.6047e-01 1.2214e-01 4.7783e-06
1.1257e+03 9.9634e-19 1.8560e-12 1.4332e-06 1.7253e-02 8.5966e-01 1.2309e-01 4.8674e-06
1.1944e+03 9.3408e-19 1.7439e-12 1.3616e-06 1.6711e-02 8.5604e-01 1.2724e-01 5.2686e-06
1.2673e+03 7.2793e-19 1.3725e-12 1.1183e-06 1.4780e-02 8.4115e-01 1.4406e-01 7.0990e-06
1.3448e+03 2.3743e-19 4.7204e-13 4.6321e-07 8.4318e-03 7.5460e-01 2.3695e-01 2.4525e-05
1.4269e+03 2.1919e-20 4.8995e-14 6.8110e-08 2.2986e-03 4.9467e-01 5.0282e-01 2.1865e-04
1.5140e+03 1.3016e-21 3.3987e-15 6.7083e-09 4.2724e-04 2.2718e-01 7.7094e-01 1.4519e-03
1.6065e+03 1.1403e-22 3.4933e-16 9.1136e-10 9.5669e-05 1.0324e-01 8.9149e-01 5.1807e-03
1.7047e+03 1.2840e-23 4.5446e-17 1.4921e-10 2.4024e-05 4.8013e-02 9.3740e-01 1.4567e-02
1.8088e+03 1.2319e-24 5.1318e-18 2.1289e-11 5.3384e-06 2.0391e-02 9.3866e-01 4.0939e-02
1.9193e+03 9.6313e-26 4.8915e-19 2.6120e-12 1.0401e-06 7.8352e-03 8.8054e-01 1.1162e-01
2.0365e+03 5.8414e-27 3.7338e-20 2.6110e-13 1.6732e-07 2.5547e-03 7.2286e-01 2.7459e-01
2.1609e+03 2.6195e-28 2.1768e-21 2.0345e-14 2.1028e-08 6.5627e-04 4.6872e-01 5.3063e-01
2.2929e+03 8.9914e-30 9.9919e-23 1.2742e-15 2.1082e-09 1.3327e-04 2.3497e-01 7.6490e-01
2.4330e+03 2.9243e-31 4.3293e-24 7.4881e-17 1.9205e-10 2.3919e-05 1.0047e-01 8.9950e-01
2.5816e+03 1.4149e-32 2.6820e-25 6.0445e-18 2.2284e-11 4.9842e-06 4.4441e-02 9.5555e-01
2.7393e+03 1.3497e-33 3.1153e-26 8.6837e-19 4.2068e-12 1.4735e-06 2.3338e-02 9.7666e-01
2.9067e+03 2.6467e-34 7.1187e-27 2.3379e-19 1.3765e-12 6.5436e-07 1.5193e-02 9.8481e-01
3.0842e+03 1.0902e-34 3.2942e-27 1.2192e-19 8.1510e-13 4.5333e-07 1.2570e-02 9.8743e-01
3.2726e+03 9.8526e-35 3.1971e-27 1.2640e-19 8.9095e-13 4.9646e-07 1.3315e-02 9.8668e-01
3.4725e+03 1.7477e-34 5.8292e-27 2.3427e-19 1.6242e-12 7.9498e-07 1.7300e-02 9.8270e-01
3.6846e+03 5.9445e-34 1.9789e-26 7.8145e-19 4.9937e-12 1.8837e-06 2.7762e-02 9.7224e-01
3.9097e+03 3.0521e-33 1.0201e-25 3.9723e-18 2.2525e-11 5.9827e-06 5.2123e-02 9.4787e-01
4.1484e+03 1.5520e-32 4.9978e-25 1.8496e-17 8.9827e-11 1.6982e-05 9.0913e-02 9.0907e-01
4.4019e+03 4.0265e-32 1.2164e-24 4.1988e-17 1.8162e-10 2.8412e-05 1.1849e-01 8.8148e-01
4.6708e+03 2.7392e-32 8.6061e-25 3.0943e-17 1.4117e-10 2.3755e-05 1.0830e-01 8.9168e-01
4.9561e+03 8.8093e-33 3.1940e-25 1.3291e-17 7.1816e-11 1.4847e-05 8.5707e-02 9.1428e-01
5.2588e+03 3.2787e-33 1.3640e-25 6.5234e-18 4.1067e-11 1.0114e-05 7.0823e-02 9.2917e-01
5.5800e+03 2.0447e-33 9.1564e-26 4.7155e-18 3.2053e-11 8.5625e-06 6.5267e-02 9.3472e-01
5.9209e+03 2.0630e-33 9.6352e-26 5.1622e-18 3.5778e-11 9.4301e-06 6.9055e-02 9.3094e-01
6.2825e+03 2.8917e-33 1.3867e-25 7.5908e-18 5.1675e-11 1.2576e-05 8.0801e-02 9.1919e-01
6.6663e+03 5.1365e-33 2.4608e-25 1.3379e-17 8.6313e-11 1.8561e-05 9.9382e-02 9.0060e-01
7.0735e+03 1.2142e-32 5.7313e-25 3.0442e-17 1.7955e-10 3.2155e-05 1.3242e-01 8.6755e-01
7.5056e+03 4.0740e-32 1.9103e-24 9.9316e-17 5.1571e-10 7.0827e-05 1.9812e-01 8.0181e-01
7.9641e+03 1.8585e-31 8.4744e-24 4.1950e-16 1.8194e-09 1.7840e-04 3.0890e-01 6.9093e-01
8.4505e+03 1.1555e-30 4.9124e-23 2.2016e-15 7.4472e-09 4.8267e-04 4.7251e-01 5.2701e-01
8.9668e+03 1.2731e-29 4.9174e-22 1.8959e-14 4.4540e-08 1.6067e-03 7.0410e-01 2.9429e-01
9.5145e+03 3.1891e-28 1.0837e-20 3.2818e-13 4.4174e-07 6.7179e-03 9.0413e-01 8.9150e-02
1.0096e+04 2.6705e-26 7.6503e-19 1.5401e-11 8.9178e-06 3.8682e-02 9.4964e-01 1.1667e-02
1.0712e+04 1.4814e-23 3.5592e-16 3.5417e-09 5.4889e-04 3.5181e-01 6.4731e-01 3.2865e-04
1.1367e+04 2.9919e-20 6.1353e-13 1.6867e-06 3.0693e-02 9.4089e-01 2.8412e-02 9.0043e-08
1.2062e+04 1.5348e-16 2.9430e-09 1.0332e-03 7.5104e-01 2.4792e-01 1.6055e-05 2.4495e-14
1.2794e+04 1.1967e-13 2.2780e-06 6.3394e-02 9.3529e-01 1.3160e-03 5.0169e-11 7.1035e-24
1.3528e+04 2.1006e-11 4.0444e-04 7.9750e-01 2.0209e-01 9.7427e-07 1.5503e-17 1.3059e-34
1.4194e+04 5.4934e-10 1.0571e-02 9.8709e-01 2.3362e-03 1.6820e-11 3.4111e-26 0.0000e+00
1.4758e+04 1.4989e-08 3.0768e-01 6.9231e-01 5.2606e-06 1.2641e-17 3.7739e-37 0.0000e+00
1.5240e+04 5.9073e-08 9.7612e-01 2.3881e-02 1.9998e-10 4.0899e-26 0.0000e+00 0.0000e+00
1.5647e+04 8.4279e-08 9.9984e-01 1.6273e-04 7.4763e-16 5.1793e-36 0.0000e+00 0.0000e+00
1.5960e+04 1.4973e-07 1.0000e+00 5.2617e-07 4.9229e-22 0.0000e+00 0.0000e+00 0.0000e+00
1.6187e+04 2.6304e-07 1.0000e+00 8.0339e-10 4.6753e-29 0.0000e+00 0.0000e+00 0.0000e+00
1.6354e+04 4.4861e-07 1.0000e+00 9.1851e-13 2.0107e-36 0.0000e+00 0.0000e+00 0.0000e+00
1.6484e+04 8.5838e-07 1.0000e+00 1.5202e-16 0.0000e+00 0.0000e+00 0.0000e+00 0.0000e+00
1.6593e+04 1.4936e-06 1.0000e+00 1.9188e-20 0.0000e+00 0.0000e+00 0.0000e+00 0.0000e+00
1.6692e+04 2.1489e-06 1.0000e+00 4.5374e-24 0.0000e+00 0.0000e+00 0.0000e+00 0.0000e+00
1.6788e+04 2.4505e-06 1.0000e+00 7.6278e-26 0.0000e+00 0.0000e+00 0.0000e+00 0.0000e+00
1.6888e+04 2.6894e-06 1.0000e+00 5.5346e-27 0.0000e+00 0.0000e+00 0.0000e+00 0.0000e+00
1.6999e+04 2.9874e-06 1.0000e+00 4.8758e-28 0.0000e+00 0.0000e+00 0.0000e+00 0.0000e+00
1.7146e+04 3.2880e-06 1.0000e+00 4.8763e-29 0.0000e+00 0.0000e+00 0.0000e+00 0.0000e+00
1.7416e+04 4.3429e-06 1.0000e+00 5.2858e-31 0.0000e+00 0.0000e+00 0.0000e+00 0.0000e+00
1.7888e+04 6.6347e-06 9.9999e-01 6.1128e-34 0.0000e+00 0.0000e+00 0.0000e+00 0.0000e+00
1.8532e+04 1.1419e-05 9.9999e-01 3.6473e-37 0.0000e+00 0.0000e+00 0.0000e+00 0.0000e+00
1.9260e+04 1.9951e-05 9.9998e-01 1.6281e-40 0.0000e+00 0.0000e+00 0.0000e+00 0.0000e+00
2.0034e+04 3.1195e-05 9.9997e-01 1.2472e-43 0.0000e+00 0.0000e+00 0.0000e+00 0.0000e+00
2.0838e+04 4.6777e-05 9.9995e-01 0.0000e+00 0.0000e+00 0.0000e+00 0.0000e+00 0.0000e+00
2.1648e+04 6.7596e-05 9.9993e-01 0.0000e+00 0.0000e+00 0.0000e+00 0.0000e+00 0.0000e+00
2.2448e+04 8.8852e-05 9.9991e-01 0.0000e+00 0.0000e+00 0.0000e+00 0.0000e+00 0.0000e+00
2.3246e+04 1.0136e-04 9.9990e-01 0.0000e+00 0.0000e+00 0.0000e+00 0.0000e+00 0.0000e+00
2.4052e+04 1.2157e-04 9.9988e-01 0.0000e+00 0.0000e+00 0.0000e+00 0.0000e+00 0.0000e+00
2.4868e+04 1.3180e-04 9.9987e-01 0.0000e+00 0.0000e+00 0.0000e+00 0.0000e+00 0.0000e+00
2.5699e+04 1.3938e-04 9.9986e-01 0.0000e+00 0.0000e+00 0.0000e+00 0.0000e+00 0.0000e+00
2.6588e+04 1.3764e-04 9.9986e-01 0.0000e+00 0.0000e+00 0.0000e+00 0.0000e+00 0.0000e+00
2.7638e+04 1.0883e-04 9.9989e-01 0.0000e+00 0.0000e+00 0.0000e+00 0.0000e+00 0.0000e+00
2.8987e+04 8.2290e-05 9.9992e-01 0.0000e+00 0.0000e+00 0.0000e+00 0.0000e+00 0.0000e+00
3.0652e+04 4.8574e-05 9.9995e-01 0.0000e+00 0.0000e+00 0.0000e+00 0.0000e+00 0.0000e+00
3.2516e+04 1.6877e-05 9.9998e-01 0.0000e+00 0.0000e+00 0.0000e+00 0.0000e+00 0.0000e+00
3.4459e+04 5.2349e-06 9.9999e-01 0.0000e+00 0.0000e+00 0.0000e+00 0.0000e+00 0.0000e+00
3.6371e+04 1.8923e-06 1.0000e+00 0.0000e+00 0.0000e+00 0.0000e+00 0.0000e+00 0.0000e+00
3.8150e+04 1.1241e-06 1.0000e+00 0.0000e+00 0.0000e+00 0.0000e+00 0.0000e+00 0.0000e+00
3.9750e+04 1.4636e-06 1.0000e+00 0.0000e+00 0.0000e+00 0.0000e+00 0.0000e+00 0.0000e+00
4.1174e+04 1.7236e-06 1.0000e+00 0.0000e+00 0.0000e+00 0.0000e+00 0.0000e+00 0.0000e+00
4.2468e+04 2.1354e-06 1.0000e+00 0.0000e+00 0.0000e+00 0.0000e+00 0.0000e+00 0.0000e+00
4.3688e+04 1.1567e-06 1.0000e+00 0.0000e+00 0.0000e+00 0.0000e+00 0.0000e+00 0.0000e+00
4.4884e+04 1.8273e-07 1.0000e+00 0.0000e+00 0.0000e+00 0.0000e+00 0.0000e+00 0.0000e+00
