#NTIMES:    65
#NSTAGES:     4
#TIMES[d]:     0.500    0.550    0.666    0.733    0.806    0.887    0.976    1.074    1.181    1.300    1.430    1.573    1.730    1.900    2.090    2.300    2.530    2.783    3.061    3.367    3.704    4.074    4.481    4.929    5.422    5.964    6.560    7.216    7.938    8.732    9.600   10.560   11.620   12.780   14.060   15.470   17.020   18.720   20.590   22.650   24.910   27.400   30.140   33.150   36.460   40.110   44.120   48.530   53.380   58.720   64.590   71.050   78.200   86.000   94.600  104.100  114.500  126.000  138.600  152.500  167.800  184.600  203.100  223.400  245.800
#
#TIME:     0.500
#NVEL: 115
#vel_mid[km/s]           ti0           ti1           ti2           ti3
    8.772128E+02   1.0000E-099   5.9120E-013   4.1745E-006   1.0000E+000
    8.826573E+02   1.0000E-099   5.9120E-013   4.1745E-006   1.0000E+000
    8.991942E+02   1.0000E-099   5.9120E-013   4.1745E-006   1.0000E+000
    9.332033E+02   1.0000E-099   5.9120E-013   4.1745E-006   1.0000E+000
    9.912889E+02   1.0000E-099   5.9120E-013   4.1745E-006   1.0000E+000
    1.052238E+03   1.0000E-099   5.9120E-013   4.1745E-006   1.0000E+000
    1.116940E+03   1.0000E-099   5.9125E-013   4.1748E-006   1.0000E+000
    1.185621E+03   1.0000E-099   5.9176E-013   4.1782E-006   1.0000E+000
    1.258525E+03   1.0000E-099   5.9281E-013   4.1852E-006   1.0000E+000
    1.335911E+03   1.0000E-099   5.9838E-013   4.2106E-006   1.0000E+000
    1.418056E+03   1.0000E-099   5.9979E-013   4.2311E-006   1.0000E+000
    1.505253E+03   1.0000E-099   2.3117E-013   2.8792E-006   1.0000E+000
    1.597810E+03   1.0000E-099   2.2014E-013   2.8139E-006   1.0000E+000
    1.696060E+03   1.0000E-099   1.5007E-013   2.3935E-006   1.0000E+000
    1.800350E+03   1.0000E-099   1.4431E-013   2.3757E-006   1.0000E+000
    1.911054E+03   1.0000E-099   8.5249E-014   1.9081E-006   1.0000E+000
    2.028564E+03   1.0000E-099   7.4078E-014   1.8052E-006   1.0000E+000
    2.153300E+03   1.0000E-099   4.8611E-014   1.5173E-006   1.0000E+000
    2.285707E+03   1.0000E-099   3.1840E-014   1.2646E-006   1.0000E+000
    2.426255E+03   1.0000E-099   2.2172E-014   1.0780E-006   1.0000E+000
    2.575445E+03   1.0000E-099   1.3369E-014   8.7086E-007   1.0000E+000
    2.733809E+03   1.0000E-099   1.0359E-014   7.7821E-007   1.0000E+000
    2.901910E+03   1.0000E-099   8.2002E-015   7.0239E-007   1.0000E+000
    3.080349E+03   1.0000E-099   6.3794E-015   6.2244E-007   1.0000E+000
    3.269759E+03   1.0000E-099   5.2389E-015   5.6065E-007   1.0000E+000
    3.470816E+03   1.0000E-099   4.5427E-015   5.1505E-007   1.0000E+000
    3.684237E+03   1.0000E-099   3.8940E-015   4.6781E-007   1.0000E+000
    3.910780E+03   1.0000E-099   3.1545E-015   4.1299E-007   1.0000E+000
    4.151254E+03   1.0000E-099   2.8002E-015   3.7570E-007   1.0000E+000
    4.406514E+03   1.0000E-099   3.0533E-015   3.9078E-007   1.0000E+000
    4.677470E+03   1.0000E-099   2.6807E-015   3.7244E-007   1.0000E+000
    4.965088E+03   1.0000E-099   1.8139E-015   3.0674E-007   1.0000E+000
    5.270391E+03   1.0000E-099   1.4942E-015   2.8020E-007   1.0000E+000
    5.594466E+03   1.0000E-099   1.3526E-015   2.6650E-007   1.0000E+000
    5.938470E+03   1.0000E-099   1.2592E-015   2.5591E-007   1.0000E+000
    6.303626E+03   1.0000E-099   1.1627E-015   2.4320E-007   1.0000E+000
    6.691235E+03   1.0000E-099   1.1066E-015   2.3561E-007   1.0000E+000
    7.102679E+03   1.0000E-099   1.0607E-015   2.2903E-007   1.0000E+000
    7.539422E+03   1.0000E-099   9.5954E-016   2.1336E-007   1.0000E+000
    8.003021E+03   1.0000E-099   8.9257E-016   2.0185E-007   1.0000E+000
    8.495126E+03   1.0000E-099   8.8573E-016   1.9822E-007   1.0000E+000
    9.017491E+03   1.0000E-099   9.0444E-016   1.9491E-007   1.0000E+000
    9.571975E+03   1.0000E-099   9.9791E-016   1.9595E-007   1.0000E+000
    1.016056E+04   1.0000E-099   1.3555E-015   2.1770E-007   1.0000E+000
    1.078533E+04   1.0000E-099   2.3069E-015   2.6189E-007   1.0000E+000
    1.144852E+04   1.0000E-099   5.8969E-015   3.8228E-007   1.0000E+000
    1.215249E+04   1.0000E-099   2.0130E-014   6.5977E-007   1.0000E+000
    1.289974E+04   1.0000E-099   6.5183E-014   1.2082E-006   1.0000E+000
    1.369294E+04   1.0000E-099   2.1137E-013   2.3835E-006   1.0000E+000
    1.453492E+04   1.0000E-099   2.0506E-012   9.7636E-006   9.9999E-001
    1.542867E+04   1.0000E-099   3.8417E-009   1.4142E-003   9.9859E-001
    1.626717E+04   1.0000E-099   5.9250E-004   9.7127E-001   2.8140E-002
    1.668676E+04   1.0000E-099   1.3107E-002   9.8685E-001   3.9575E-005
    1.713874E+04   1.0000E-099   7.7651E-001   2.2349E-001   4.3164E-011
    1.771854E+04   1.0000E-099   9.9685E-001   3.1519E-003   2.8128E-017
    1.838692E+04   1.0000E-099   9.9604E-001   3.9637E-003   4.2452E-017
    1.903533E+04   1.0000E-099   9.9424E-001   5.7585E-003   8.7281E-017
    1.976116E+04   1.0000E-099   9.9261E-001   7.3925E-003   1.3973E-016
    2.046516E+04   1.0000E-099   9.9000E-001   9.9995E-003   2.4732E-016
    2.125594E+04   1.0000E-099   9.8663E-001   1.3373E-002   4.2350E-016
    2.202587E+04   1.0000E-099   9.8424E-001   1.5756E-002   5.6123E-016
    2.285981E+04   1.0000E-099   9.7726E-001   2.2736E-002   1.0928E-015
    2.372435E+04   1.0000E-099   9.7699E-001   2.3008E-002   1.0465E-015
    2.455466E+04   1.0000E-099   9.6421E-001   3.5793E-002   2.2927E-015
    2.552174E+04   1.0000E-099   9.6164E-001   3.8360E-002   2.3764E-015
    2.640440E+04   1.0000E-099   9.5328E-001   4.6718E-002   3.1894E-015
    2.741295E+04   1.0000E-099   9.4884E-001   5.1161E-002   3.4586E-015
    2.838201E+04   1.0000E-099   9.6013E-001   3.9871E-002   1.9837E-015
    2.923203E+04   1.0000E-099   9.5551E-001   4.4486E-002   2.2638E-015
    3.013295E+04   1.0000E-099   9.6547E-001   3.4534E-002   1.2475E-015
    3.094669E+04   1.0000E-099   9.6308E-001   3.6923E-002   1.3019E-015
    3.176516E+04   1.0000E-099   9.6397E-001   3.6033E-002   1.1408E-015
    3.259805E+04   1.0000E-099   9.6073E-001   3.9273E-002   1.2411E-015
    3.345740E+04   1.0000E-099   9.5469E-001   4.5307E-002   1.5070E-015
    3.438030E+04   1.0000E-099   9.5419E-001   4.5813E-002   1.4182E-015
    3.533529E+04   1.0000E-099   9.4608E-001   5.3916E-002   1.8018E-015
    3.634323E+04   1.0000E-099   9.4509E-001   5.4915E-002   1.7478E-015
    3.736894E+04   1.0000E-099   9.3993E-001   6.0069E-002   1.9491E-015
    3.839518E+04   1.0000E-099   9.3438E-001   6.5622E-002   2.1810E-015
    3.939114E+04   1.0000E-099   9.3439E-001   6.5605E-002   2.0915E-015
    4.037465E+04   1.0000E-099   9.3649E-001   6.3515E-002   1.9078E-015
    4.133441E+04   1.0000E-099   9.3683E-001   6.3169E-002   1.8437E-015
    4.215976E+04   1.0000E-099   9.3579E-001   6.4213E-002   1.8655E-015
    4.290657E+04   1.0000E-099   9.3520E-001   6.4796E-002   1.8678E-015
    4.365819E+04   1.0000E-099   9.3571E-001   6.4291E-002   1.8185E-015
    4.442297E+04   1.0000E-099   9.3763E-001   6.2371E-002   1.7109E-015
    4.520034E+04   1.0000E-099   9.4116E-001   5.8839E-002   1.5496E-015
    4.600555E+04   1.0000E-099   9.4622E-001   5.3781E-002   1.3476E-015
    4.686215E+04   1.0000E-099   9.5190E-001   4.8098E-002   1.1419E-015
    4.776422E+04   1.0000E-099   9.5759E-001   4.2406E-002   9.5098E-016
    4.868597E+04   1.0000E-099   9.6277E-001   3.7227E-002   7.8707E-016
    4.962544E+04   1.0000E-099   9.6730E-001   3.2701E-002   6.5028E-016
    5.058305E+04   1.0000E-099   9.7116E-001   2.8841E-002   5.3849E-016
    5.155912E+04   1.0000E-099   9.7436E-001   2.5636E-002   4.4943E-016
    5.255403E+04   1.0000E-099   9.7694E-001   2.3062E-002   3.8067E-016
    5.356816E+04   1.0000E-099   9.7890E-001   2.1100E-002   3.2988E-016
    5.460189E+04   1.0000E-099   9.8034E-001   1.9662E-002   2.9361E-016
    5.565558E+04   1.0000E-099   9.8128E-001   1.8724E-002   2.6989E-016
    5.672959E+04   1.0000E-099   9.8178E-001   1.8218E-002   2.5629E-016
    5.782432E+04   1.0000E-099   9.8185E-001   1.8153E-002   2.5197E-016
    5.894013E+04   1.0000E-099   9.8162E-001   1.8380E-002   2.5359E-016
    6.007747E+04   1.0000E-099   9.8117E-001   1.8826E-002   2.5890E-016
    6.123675E+04   1.0000E-099   9.8076E-001   1.9236E-002   2.6336E-016
    6.241838E+04   1.0000E-099   9.8035E-001   1.9653E-002   2.6718E-016
    6.362274E+04   1.0000E-099   9.8015E-001   1.9849E-002   2.6732E-016
    6.485024E+04   1.0000E-099   9.7992E-001   2.0081E-002   2.6741E-016
    6.610128E+04   1.0000E-099   9.7990E-001   2.0097E-002   2.6432E-016
    6.737631E+04   1.0000E-099   9.7998E-001   2.0021E-002   2.5729E-016
    6.867574E+04   1.0000E-099   9.8054E-001   1.9459E-002   2.4262E-016
    6.935606E+04   1.0000E-099   9.8109E-001   1.8905E-002   2.3056E-016
    6.969874E+04   1.0000E-099   9.8234E-001   1.7664E-002   2.0852E-016
    6.987071E+04   1.0000E-099   9.8388E-001   1.6120E-002   1.7828E-016
    6.995686E+04   1.0000E-099   9.8609E-001   1.3910E-002   1.3242E-016
    6.999782E+04   1.0000E-099   9.8827E-001   1.1729E-002   7.5310E-017
    6.999997E+04   1.0000E-099   9.8874E-001   1.1258E-002   6.3939E-017
#TIME:     0.550
#NVEL: 115
#vel_mid[km/s]           ti0           ti1           ti2           ti3
    8.772128E+02   1.0000E-099   4.8076E-013   3.6636E-006   1.0000E+000
    8.825108E+02   1.0000E-099   4.8076E-013   3.6636E-006   1.0000E+000
    8.985975E+02   1.0000E-099   4.8076E-013   3.6636E-006   1.0000E+000
    9.316560E+02   1.0000E-099   4.8076E-013   3.6636E-006   1.0000E+000
    9.893707E+02   1.0000E-099   4.8076E-013   3.6636E-006   1.0000E+000
    1.050609E+03   1.0000E-099   4.8073E-013   3.6635E-006   1.0000E+000
    1.115637E+03   1.0000E-099   4.8063E-013   3.6634E-006   1.0000E+000
    1.184691E+03   1.0000E-099   4.8093E-013   3.6658E-006   1.0000E+000
    1.258018E+03   1.0000E-099   4.8144E-013   3.6707E-006   1.0000E+000
    1.335885E+03   1.0000E-099   4.8285E-013   3.6826E-006   1.0000E+000
    1.418571E+03   1.0000E-099   4.4857E-013   3.5822E-006   1.0000E+000
    1.506375E+03   1.0000E-099   1.8775E-013   2.5147E-006   1.0000E+000
    1.599613E+03   1.0000E-099   1.6881E-013   2.3996E-006   1.0000E+000
    1.698623E+03   1.0000E-099   1.1690E-013   2.0532E-006   1.0000E+000
    1.803761E+03   1.0000E-099   1.0795E-013   2.0039E-006   1.0000E+000
    1.915407E+03   1.0000E-099   6.5200E-014   1.6232E-006   1.0000E+000
    2.033963E+03   1.0000E-099   5.4588E-014   1.5124E-006   1.0000E+000
    2.159857E+03   1.0000E-099   3.5684E-014   1.2686E-006   1.0000E+000
    2.293544E+03   1.0000E-099   2.3211E-014   1.0540E-006   1.0000E+000
    2.435505E+03   1.0000E-099   1.5743E-014   8.8906E-007   1.0000E+000
    2.586253E+03   1.0000E-099   9.6450E-015   7.2314E-007   1.0000E+000
    2.746332E+03   1.0000E-099   7.4246E-015   6.4458E-007   1.0000E+000
    2.916319E+03   1.0000E-099   5.8649E-015   5.8106E-007   1.0000E+000
    3.096828E+03   1.0000E-099   4.5735E-015   5.1503E-007   1.0000E+000
    3.288509E+03   1.0000E-099   3.7701E-015   4.6436E-007   1.0000E+000
    3.492055E+03   1.0000E-099   3.2769E-015   4.2664E-007   1.0000E+000
    3.708199E+03   1.0000E-099   2.8065E-015   3.8697E-007   1.0000E+000
    3.937722E+03   1.0000E-099   2.2997E-015   3.4263E-007   1.0000E+000
    4.181452E+03   1.0000E-099   2.1073E-015   3.1746E-007   1.0000E+000
    4.440267E+03   1.0000E-099   2.2657E-015   3.2847E-007   1.0000E+000
    4.715102E+03   1.0000E-099   1.9717E-015   3.1129E-007   1.0000E+000
    5.006948E+03   1.0000E-099   1.3090E-015   2.5406E-007   1.0000E+000
    5.316859E+03   1.0000E-099   1.1016E-015   2.3442E-007   1.0000E+000
    5.645951E+03   1.0000E-099   1.0028E-015   2.2344E-007   1.0000E+000
    5.995413E+03   1.0000E-099   9.3479E-016   2.1445E-007   1.0000E+000
    6.366506E+03   1.0000E-099   8.6390E-016   2.0392E-007   1.0000E+000
    6.760567E+03   1.0000E-099   8.2849E-016   1.9828E-007   1.0000E+000
    7.179019E+03   1.0000E-099   7.9220E-016   1.9207E-007   1.0000E+000
    7.623372E+03   1.0000E-099   7.1742E-016   1.7884E-007   1.0000E+000
    8.095229E+03   1.0000E-099   6.7878E-016   1.7068E-007   1.0000E+000
    8.596292E+03   1.0000E-099   6.8493E-016   1.6864E-007   1.0000E+000
    9.128368E+03   1.0000E-099   7.1281E-016   1.6675E-007   1.0000E+000
    9.693378E+03   1.0000E-099   8.2906E-016   1.7177E-007   1.0000E+000
    1.029336E+04   1.0000E-099   1.1924E-015   1.9531E-007   1.0000E+000
    1.093048E+04   1.0000E-099   2.2689E-015   2.4790E-007   1.0000E+000
    1.160703E+04   1.0000E-099   6.4099E-015   3.8345E-007   1.0000E+000
    1.232546E+04   1.0000E-099   2.5259E-014   7.4007E-007   1.0000E+000
    1.308836E+04   1.0000E-099   8.7330E-014   1.4601E-006   1.0000E+000
    1.389955E+04   1.0000E-099   3.6319E-013   3.4659E-006   1.0000E+000
    1.474312E+04   1.0000E-099   6.9079E-012   2.2834E-005   9.9998E-001
    1.540367E+04   1.0000E-099   4.2198E-009   1.6488E-003   9.9835E-001
    1.581332E+04   1.0000E-099   1.1092E-006   5.8957E-002   9.4104E-001
    1.611284E+04   1.0000E-099   1.0244E-004   7.3224E-001   2.6766E-001
    1.636570E+04   1.0000E-099   1.5449E-003   9.9511E-001   3.3493E-003
    1.654730E+04   1.0000E-099   7.3043E-003   9.9258E-001   1.1980E-004
    1.669441E+04   1.0000E-099   2.8755E-002   9.7124E-001   5.8426E-006
    1.681682E+04   1.0000E-099   1.2430E-001   8.7570E-001   1.9156E-007
    1.692241E+04   1.0000E-099   3.9384E-001   6.0616E-001   4.8255E-009
    1.702116E+04   1.0000E-099   6.8059E-001   3.1941E-001   1.5979E-010
    1.711664E+04   1.0000E-099   8.3183E-001   1.6817E-001   1.1124E-011
    1.721561E+04   1.0000E-099   9.0658E-001   9.3417E-002   1.2428E-012
    1.732334E+04   1.0000E-099   9.4890E-001   5.1096E-002   1.5111E-013
    1.744562E+04   1.0000E-099   9.7215E-001   2.7850E-002   1.9662E-014
    1.759425E+04   1.0000E-099   9.8496E-001   1.5039E-002   2.5867E-015
    1.788224E+04   1.0000E-099   9.9407E-001   5.9332E-003   1.2971E-016
    1.867332E+04   1.0000E-099   9.9875E-001   1.2526E-003   8.6884E-019
    1.962851E+04   1.0000E-099   9.9942E-001   5.7805E-004   8.6015E-020
    2.067444E+04   1.0000E-099   9.9950E-001   4.9663E-004   1.3689E-019
    2.182447E+04   1.0000E-099   9.9949E-001   5.0607E-004   3.1520E-019
    2.306690E+04   1.0000E-099   9.9925E-001   7.4610E-004   1.1464E-018
    2.438107E+04   1.0000E-099   9.9882E-001   1.1780E-003   3.5956E-018
    2.587845E+04   1.0000E-099   9.9827E-001   1.7261E-003   7.6005E-018
    2.749199E+04   1.0000E-099   9.9700E-001   3.0030E-003   1.7375E-017
    2.896661E+04   1.0000E-099   9.9662E-001   3.3786E-003   1.4774E-017
    3.023928E+04   1.0000E-099   9.9719E-001   2.8089E-003   8.4254E-018
    3.138852E+04   1.0000E-099   9.9659E-001   3.4130E-003   1.1122E-017
    3.250795E+04   1.0000E-099   9.9582E-001   4.1836E-003   1.4523E-017
    3.365620E+04   1.0000E-099   9.9398E-001   6.0160E-003   2.5062E-017
    3.486705E+04   1.0000E-099   9.9209E-001   7.9089E-003   3.5813E-017
    3.613166E+04   1.0000E-099   9.8965E-001   1.0348E-002   5.2926E-017
    3.742115E+04   1.0000E-099   9.8645E-001   1.3549E-002   8.0687E-017
    3.871394E+04   1.0000E-099   9.8284E-001   1.7162E-002   1.2045E-016
    3.997047E+04   1.0000E-099   9.8156E-001   1.8445E-002   1.3401E-016
    4.112379E+04   1.0000E-099   9.8001E-001   1.9987E-002   1.5587E-016
    4.218343E+04   1.0000E-099   9.7691E-001   2.3085E-002   2.0568E-016
    4.320753E+04   1.0000E-099   9.7305E-001   2.6952E-002   2.7412E-016
    4.423621E+04   1.0000E-099   9.6934E-001   3.0664E-002   3.4604E-016
    4.529664E+04   1.0000E-099   9.6702E-001   3.2976E-002   3.9957E-016
    4.639486E+04   1.0000E-099   9.6696E-001   3.3035E-002   4.1810E-016
    4.752261E+04   1.0000E-099   9.6837E-001   3.1632E-002   4.1519E-016
    4.867617E+04   1.0000E-099   9.7066E-001   2.9339E-002   3.9622E-016
    4.985675E+04   1.0000E-099   9.7335E-001   2.6652E-002   3.6595E-016
    5.106564E+04   1.0000E-099   9.7603E-001   2.3973E-002   3.3005E-016
    5.230378E+04   1.0000E-099   9.7838E-001   2.1615E-002   2.9488E-016
    5.357136E+04   1.0000E-099   9.8021E-001   1.9790E-002   2.6593E-016
    5.486695E+04   1.0000E-099   9.8147E-001   1.8530E-002   2.4537E-016
    5.618695E+04   1.0000E-099   9.8214E-001   1.7855E-002   2.3443E-016
    5.752536E+04   1.0000E-099   9.8225E-001   1.7754E-002   2.3327E-016
    5.887450E+04   1.0000E-099   9.8191E-001   1.8094E-002   2.3948E-016
    6.022291E+04   1.0000E-099   9.8131E-001   1.8689E-002   2.4922E-016
    6.155592E+04   1.0000E-099   9.8078E-001   1.9219E-002   2.5693E-016
    6.285824E+04   1.0000E-099   9.8036E-001   1.9642E-002   2.6185E-016
    6.411280E+04   1.0000E-099   9.8012E-001   1.9878E-002   2.6330E-016
    6.529403E+04   1.0000E-099   9.7995E-001   2.0053E-002   2.6352E-016
    6.638404E+04   1.0000E-099   9.7994E-001   2.0055E-002   2.6071E-016
    6.736672E+04   1.0000E-099   9.8001E-001   1.9991E-002   2.5545E-016
    6.821143E+04   1.0000E-099   9.8030E-001   1.9703E-002   2.4748E-016
    6.893337E+04   1.0000E-099   9.8064E-001   1.9361E-002   2.3908E-016
    6.953439E+04   1.0000E-099   9.8155E-001   1.8450E-002   2.2251E-016
    6.977430E+04   1.0000E-099   9.8277E-001   1.7233E-002   1.9887E-016
    6.989457E+04   1.0000E-099   9.8433E-001   1.5667E-002   1.6934E-016
    6.995478E+04   1.0000E-099   9.8601E-001   1.3992E-002   1.3379E-016
    6.998490E+04   1.0000E-099   9.8727E-001   1.2733E-002   9.9413E-017
    6.999922E+04   1.0000E-099   9.8857E-001   1.1433E-002   6.8053E-017
    6.999997E+04   1.0000E-099   9.8875E-001   1.1248E-002   6.3681E-017
#TIME:     0.666
#NVEL: 115
#vel_mid[km/s]           ti0           ti1           ti2           ti3
    8.772128E+02   1.0000E-099   3.2447E-013   2.8622E-006   1.0000E+000
    8.833155E+02   1.0000E-099   3.2447E-013   2.8622E-006   1.0000E+000
    9.018795E+02   1.0000E-099   3.2447E-013   2.8622E-006   1.0000E+000
    9.401862E+02   1.0000E-099   3.2448E-013   2.8622E-006   1.0000E+000
    1.001110E+03   1.0000E-099   3.2448E-013   2.8622E-006   1.0000E+000
    1.062646E+03   1.0000E-099   3.2442E-013   2.8620E-006   1.0000E+000
    1.127988E+03   1.0000E-099   3.2417E-013   2.8612E-006   1.0000E+000
    1.197348E+03   1.0000E-099   3.2417E-013   2.8622E-006   1.0000E+000
    1.270973E+03   1.0000E-099   3.2451E-013   2.8661E-006   1.0000E+000
    1.349125E+03   1.0000E-099   3.1115E-013   2.8195E-006   1.0000E+000
    1.432083E+03   1.0000E-099   2.0955E-013   2.3905E-006   1.0000E+000
    1.520141E+03   1.0000E-099   1.3014E-013   1.9615E-006   1.0000E+000
    1.613615E+03   1.0000E-099   9.5285E-014   1.7170E-006   1.0000E+000
    1.712836E+03   1.0000E-099   7.5324E-014   1.5563E-006   1.0000E+000
    1.818158E+03   1.0000E-099   5.6327E-014   1.3831E-006   1.0000E+000
    1.929957E+03   1.0000E-099   3.9931E-014   1.1989E-006   1.0000E+000
    2.048630E+03   1.0000E-099   2.9051E-014   1.0524E-006   1.0000E+000
    2.174600E+03   1.0000E-099   1.9462E-014   8.9070E-007   1.0000E+000
    2.308316E+03   1.0000E-099   1.2699E-014   7.4041E-007   1.0000E+000
    2.450254E+03   1.0000E-099   7.9862E-015   6.0637E-007   1.0000E+000
    2.600920E+03   1.0000E-099   5.2690E-015   5.0798E-007   1.0000E+000
    2.760850E+03   1.0000E-099   3.9505E-015   4.4872E-007   1.0000E+000
    2.930615E+03   1.0000E-099   3.1044E-015   4.0286E-007   1.0000E+000
    3.110818E+03   1.0000E-099   2.4639E-015   3.5984E-007   1.0000E+000
    3.302102E+03   1.0000E-099   2.0529E-015   3.2584E-007   1.0000E+000
    3.505148E+03   1.0000E-099   1.7813E-015   2.9888E-007   1.0000E+000
    3.720679E+03   1.0000E-099   1.5413E-015   2.7217E-007   1.0000E+000
    3.949463E+03   1.0000E-099   1.2735E-015   2.4058E-007   1.0000E+000
    4.192316E+03   1.0000E-099   1.2147E-015   2.2917E-007   1.0000E+000
    4.450101E+03   1.0000E-099   1.2738E-015   2.3355E-007   1.0000E+000
    4.723737E+03   1.0000E-099   1.1045E-015   2.1984E-007   1.0000E+000
    5.014199E+03   1.0000E-099   7.8882E-016   1.8674E-007   1.0000E+000
    5.322522E+03   1.0000E-099   6.3933E-016   1.6872E-007   1.0000E+000
    5.649804E+03   1.0000E-099   5.8477E-016   1.6132E-007   1.0000E+000
    5.997210E+03   1.0000E-099   5.4337E-016   1.5450E-007   1.0000E+000
    6.365978E+03   1.0000E-099   5.0577E-016   1.4761E-007   1.0000E+000
    6.757421E+03   1.0000E-099   4.8830E-016   1.4383E-007   1.0000E+000
    7.172935E+03   1.0000E-099   4.6975E-016   1.3945E-007   1.0000E+000
    7.613998E+03   1.0000E-099   4.3214E-016   1.3109E-007   1.0000E+000
    8.082182E+03   1.0000E-099   4.1511E-016   1.2591E-007   1.0000E+000
    8.579155E+03   1.0000E-099   4.2704E-016   1.2525E-007   1.0000E+000
    9.106686E+03   1.0000E-099   4.5372E-016   1.2523E-007   1.0000E+000
    9.666656E+03   1.0000E-099   5.4333E-016   1.3117E-007   1.0000E+000
    1.026106E+04   1.0000E-099   8.0232E-016   1.5113E-007   1.0000E+000
    1.089201E+04   1.0000E-099   1.5536E-015   1.9619E-007   1.0000E+000
    1.156176E+04   1.0000E-099   4.4483E-015   3.1214E-007   1.0000E+000
    1.227269E+04   1.0000E-099   1.9360E-014   6.6009E-007   1.0000E+000
    1.302734E+04   1.0000E-099   9.0673E-014   1.6079E-006   1.0000E+000
    1.382861E+04   1.0000E-099   4.5900E-013   4.4628E-006   1.0000E+000
    1.462901E+04   1.0000E-099   7.6330E-012   2.8269E-005   9.9997E-001
    1.525056E+04   1.0000E-099   9.0427E-010   6.9866E-004   9.9930E-001
    1.570852E+04   1.0000E-099   3.1585E-007   3.1796E-002   9.6820E-001
    1.603933E+04   1.0000E-099   3.3927E-005   5.2030E-001   4.7966E-001
    1.626493E+04   1.0000E-099   5.4250E-004   9.8484E-001   1.4613E-002
    1.642900E+04   1.0000E-099   4.3232E-003   9.9544E-001   2.3858E-004
    1.655927E+04   1.0000E-099   2.7096E-002   9.7290E-001   4.6306E-006
    1.666808E+04   1.0000E-099   1.3271E-001   8.6729E-001   1.0903E-007
    1.676387E+04   1.0000E-099   3.9209E-001   6.0791E-001   3.2791E-009
    1.685344E+04   1.0000E-099   6.5375E-001   3.4625E-001   1.5376E-010
    1.694048E+04   1.0000E-099   8.0743E-001   1.9257E-001   1.2624E-011
    1.702877E+04   1.0000E-099   8.8966E-001   1.1034E-001   1.5189E-012
    1.712364E+04   1.0000E-099   9.3575E-001   6.4247E-002   2.2061E-013
    1.723140E+04   1.0000E-099   9.6317E-001   3.6832E-002   3.2877E-014
    1.736849E+04   1.0000E-099   9.8065E-001   1.9351E-002   3.8683E-015
    1.764428E+04   1.0000E-099   9.9382E-001   6.1816E-003   9.5523E-017
    1.825185E+04   1.0000E-099   9.9931E-001   6.8879E-004   9.7470E-020
    1.898577E+04   1.0000E-099   9.9992E-001   8.0749E-005   1.1435E-022
    1.978625E+04   1.0000E-099   9.9999E-001   1.3866E-005   4.0842E-025
    2.065037E+04   1.0000E-099   1.0000E+000   3.4556E-006   3.9035E-026
    2.155095E+04   1.0000E-099   1.0000E+000   1.0733E-006   1.0548E-025
    2.245768E+04   1.0000E-099   1.0000E+000   6.1481E-007   5.4790E-025
    2.340027E+04   1.0000E-099   1.0000E+000   7.9761E-007   3.3521E-024
    2.441765E+04   1.0000E-099   1.0000E+000   1.7302E-006   1.7425E-023
    2.552663E+04   1.0000E-099   1.0000E+000   4.8526E-006   7.9570E-023
    2.678810E+04   1.0000E-099   9.9998E-001   2.0828E-005   4.2393E-022
    2.832661E+04   1.0000E-099   9.9990E-001   1.0056E-004   3.0538E-021
    3.001704E+04   1.0000E-099   9.9983E-001   1.6545E-004   2.6730E-021
    3.165601E+04   1.0000E-099   9.9972E-001   2.8193E-004   5.5165E-021
    3.325288E+04   1.0000E-099   9.9945E-001   5.5205E-004   1.7192E-020
    3.484169E+04   1.0000E-099   9.9902E-001   9.7570E-004   5.5047E-020
    3.639765E+04   1.0000E-099   9.9846E-001   1.5376E-003   1.5729E-019
    3.790349E+04   1.0000E-099   9.9766E-001   2.3393E-003   4.6566E-019
    3.933015E+04   1.0000E-099   9.9696E-001   3.0424E-003   9.9465E-019
    4.064946E+04   1.0000E-099   9.9645E-001   3.5462E-003   1.6458E-018
    4.183748E+04   1.0000E-099   9.9552E-001   4.4844E-003   3.4112E-018
    4.295471E+04   1.0000E-099   9.9388E-001   6.1188E-003   8.0767E-018
    4.404536E+04   1.0000E-099   9.9151E-001   8.4876E-003   1.8312E-017
    4.514998E+04   1.0000E-099   9.8864E-001   1.1358E-002   3.6333E-017
    4.627877E+04   1.0000E-099   9.8597E-001   1.4034E-002   6.0398E-017
    4.742914E+04   1.0000E-099   9.8378E-001   1.6216E-002   8.9445E-017
    4.859884E+04   1.0000E-099   9.8236E-001   1.7639E-002   1.2009E-016
    4.979054E+04   1.0000E-099   9.8179E-001   1.8210E-002   1.4712E-016
    5.100851E+04   1.0000E-099   9.8191E-001   1.8087E-002   1.6654E-016
    5.225617E+04   1.0000E-099   9.8242E-001   1.7582E-002   1.7780E-016
    5.353554E+04   1.0000E-099   9.8297E-001   1.7032E-002   1.8374E-016
    5.484601E+04   1.0000E-099   9.8337E-001   1.6635E-002   1.8780E-016
    5.618429E+04   1.0000E-099   9.8346E-001   1.6539E-002   1.9353E-016
    5.754205E+04   1.0000E-099   9.8317E-001   1.6828E-002   2.0355E-016
    5.891132E+04   1.0000E-099   9.8256E-001   1.7441E-002   2.1754E-016
    6.027604E+04   1.0000E-099   9.8177E-001   1.8225E-002   2.3286E-016
    6.162485E+04   1.0000E-099   9.8111E-001   1.8889E-002   2.4475E-016
    6.293682E+04   1.0000E-099   9.8060E-001   1.9400E-002   2.5267E-016
    6.419493E+04   1.0000E-099   9.8030E-001   1.9698E-002   2.5633E-016
    6.537955E+04   1.0000E-099   9.8009E-001   1.9911E-002   2.5804E-016
    6.646379E+04   1.0000E-099   9.8006E-001   1.9938E-002   2.5623E-016
    6.743920E+04   1.0000E-099   9.8012E-001   1.9882E-002   2.5162E-016
    6.827833E+04   1.0000E-099   9.8040E-001   1.9602E-002   2.4417E-016
    6.898935E+04   1.0000E-099   9.8076E-001   1.9244E-002   2.3588E-016
    6.955810E+04   1.0000E-099   9.8170E-001   1.8302E-002   2.1890E-016
    6.978582E+04   1.0000E-099   9.8294E-001   1.7064E-002   1.9509E-016
    6.989995E+04   1.0000E-099   9.8450E-001   1.5496E-002   1.6557E-016
    6.995709E+04   1.0000E-099   9.8613E-001   1.3869E-002   1.3050E-016
    6.998568E+04   1.0000E-099   9.8736E-001   1.2640E-002   9.7226E-017
    6.999926E+04   1.0000E-099   9.8860E-001   1.1396E-002   6.7426E-017
    6.999997E+04   1.0000E-099   9.8878E-001   1.1218E-002   6.3233E-017
#TIME:     0.733
#NVEL: 115
#vel_mid[km/s]           ti0           ti1           ti2           ti3
    8.772128E+02   1.0000E-099   2.6850E-013   2.5465E-006   1.0000E+000
    8.821279E+02   1.0000E-099   2.6850E-013   2.5465E-006   1.0000E+000
    8.970391E+02   1.0000E-099   2.6850E-013   2.5465E-006   1.0000E+000
    9.276219E+02   1.0000E-099   2.6851E-013   2.5466E-006   1.0000E+000
    9.834559E+02   1.0000E-099   2.6851E-013   2.5466E-006   1.0000E+000
    1.043937E+03   1.0000E-099   2.6846E-013   2.5464E-006   1.0000E+000
    1.108129E+03   1.0000E-099   2.6826E-013   2.5456E-006   1.0000E+000
    1.176267E+03   1.0000E-099   2.6804E-013   2.5452E-006   1.0000E+000
    1.248596E+03   1.0000E-099   2.6786E-013   2.5460E-006   1.0000E+000
    1.325372E+03   1.0000E-099   2.5848E-013   2.5096E-006   1.0000E+000
    1.406869E+03   1.0000E-099   1.9228E-013   2.2136E-006   1.0000E+000
    1.493377E+03   1.0000E-099   1.2033E-013   1.8164E-006   1.0000E+000
    1.585205E+03   1.0000E-099   8.4160E-014   1.5593E-006   1.0000E+000
    1.682679E+03   1.0000E-099   6.4316E-014   1.3903E-006   1.0000E+000
    1.786147E+03   1.0000E-099   4.8489E-014   1.2377E-006   1.0000E+000
    1.895977E+03   1.0000E-099   3.4575E-014   1.0752E-006   1.0000E+000
    2.012561E+03   1.0000E-099   2.4759E-014   9.3658E-007   1.0000E+000
    2.136313E+03   1.0000E-099   1.6831E-014   7.9799E-007   1.0000E+000
    2.267674E+03   1.0000E-099   1.0971E-014   6.6395E-007   1.0000E+000
    2.407114E+03   1.0000E-099   6.8741E-015   5.4257E-007   1.0000E+000
    2.555127E+03   1.0000E-099   4.4286E-015   4.4974E-007   1.0000E+000
    2.712241E+03   1.0000E-099   3.2022E-015   3.9150E-007   1.0000E+000
    2.879017E+03   1.0000E-099   2.4860E-015   3.5029E-007   1.0000E+000
    3.056048E+03   1.0000E-099   1.9643E-015   3.1317E-007   1.0000E+000
    3.243964E+03   1.0000E-099   1.6186E-015   2.8273E-007   1.0000E+000
    3.443435E+03   1.0000E-099   1.3939E-015   2.5883E-007   1.0000E+000
    3.655171E+03   1.0000E-099   1.2215E-015   2.3745E-007   1.0000E+000
    3.879927E+03   1.0000E-099   1.0206E-015   2.1115E-007   1.0000E+000
    4.118504E+03   1.0000E-099   9.1215E-016   1.9419E-007   1.0000E+000
    4.371751E+03   1.0000E-099   9.7792E-016   1.9894E-007   1.0000E+000
    4.640569E+03   1.0000E-099   8.9548E-016   1.9162E-007   1.0000E+000
    4.925917E+03   1.0000E-099   6.8047E-016   1.6816E-007   1.0000E+000
    5.228812E+03   1.0000E-099   5.2366E-016   1.4809E-007   1.0000E+000
    5.550331E+03   1.0000E-099   4.6549E-016   1.3978E-007   1.0000E+000
    5.891620E+03   1.0000E-099   4.3201E-016   1.3403E-007   1.0000E+000
    6.253896E+03   1.0000E-099   4.0086E-016   1.2794E-007   1.0000E+000
    6.638447E+03   1.0000E-099   3.8485E-016   1.2426E-007   1.0000E+000
    7.046645E+03   1.0000E-099   3.7508E-016   1.2137E-007   1.0000E+000
    7.479943E+03   1.0000E-099   3.4914E-016   1.1500E-007   1.0000E+000
    7.939884E+03   1.0000E-099   3.3195E-016   1.0984E-007   1.0000E+000
    8.428107E+03   1.0000E-099   3.4035E-016   1.0904E-007   1.0000E+000
    8.946351E+03   1.0000E-099   3.6172E-016   1.0941E-007   1.0000E+000
    9.496461E+03   1.0000E-099   4.1991E-016   1.1334E-007   1.0000E+000
    1.008040E+04   1.0000E-099   5.9421E-016   1.2842E-007   1.0000E+000
    1.070024E+04   1.0000E-099   1.0740E-015   1.6250E-007   1.0000E+000
    1.135820E+04   1.0000E-099   2.7709E-015   2.4673E-007   1.0000E+000
    1.205661E+04   1.0000E-099   1.1295E-014   5.0173E-007   1.0000E+000
    1.279797E+04   1.0000E-099   6.0198E-014   1.3110E-006   1.0000E+000
    1.358477E+04   1.0000E-099   3.2963E-013   3.8097E-006   1.0000E+000
    1.437244E+04   1.0000E-099   3.4984E-012   1.8095E-005   9.9998E-001
    1.500937E+04   1.0000E-099   1.4265E-010   2.1947E-004   9.9978E-001
    1.552878E+04   1.0000E-099   3.5526E-008   8.4658E-003   9.9153E-001
    1.591273E+04   1.0000E-099   5.7755E-006   2.1485E-001   7.8514E-001
    1.617011E+04   1.0000E-099   1.8586E-004   9.2537E-001   7.4448E-002
    1.634952E+04   1.0000E-099   1.6501E-003   9.9707E-001   1.2754E-003
    1.648696E+04   1.0000E-099   1.4773E-002   9.8521E-001   1.4045E-005
    1.659878E+04   1.0000E-099   1.0563E-001   8.9437E-001   1.6018E-007
    1.669545E+04   1.0000E-099   3.7748E-001   6.2252E-001   3.1309E-009
    1.678508E+04   1.0000E-099   6.5477E-001   3.4523E-001   1.2287E-010
    1.687250E+04   1.0000E-099   8.1116E-001   1.8884E-001   9.5073E-012
    1.696111E+04   1.0000E-099   8.9265E-001   1.0735E-001   1.1198E-012
    1.705636E+04   1.0000E-099   9.3810E-001   6.1895E-002   1.5810E-013
    1.716416E+04   1.0000E-099   9.6478E-001   3.5217E-002   2.3022E-014
    1.730537E+04   1.0000E-099   9.8198E-001   1.8020E-002   2.4853E-015
    1.760745E+04   1.0000E-099   9.9487E-001   5.1275E-003   4.2153E-017
    1.821538E+04   1.0000E-099   9.9944E-001   5.5551E-004   3.9126E-020
    1.893451E+04   1.0000E-099   9.9994E-001   6.1580E-005   3.8621E-023
    1.971244E+04   1.0000E-099   9.9999E-001   8.7098E-006   7.3580E-026
    2.054375E+04   1.0000E-099   1.0000E+000   1.5704E-006   3.0316E-028
    2.140728E+04   1.0000E-099   1.0000E+000   3.1057E-007   6.9513E-029
    2.226561E+04   1.0000E-099   1.0000E+000   8.0478E-008   4.1942E-028
    2.313428E+04   1.0000E-099   1.0000E+000   4.0389E-008   3.3044E-027
    2.404497E+04   1.0000E-099   1.0000E+000   6.4048E-008   2.3232E-026
    2.500523E+04   1.0000E-099   1.0000E+000   1.8945E-007   1.3906E-025
    2.604263E+04   1.0000E-099   1.0000E+000   8.1201E-007   8.8892E-025
    2.724271E+04   1.0000E-099   9.9999E-001   5.4422E-006   8.9367E-024
    2.880103E+04   1.0000E-099   9.9997E-001   3.2349E-005   7.7567E-023
    3.057189E+04   1.0000E-099   9.9994E-001   6.4940E-005   1.2236E-022
    3.239972E+04   1.0000E-099   9.9984E-001   1.6100E-004   4.0633E-022
    3.417455E+04   1.0000E-099   9.9963E-001   3.6666E-004   2.0173E-021
    3.587716E+04   1.0000E-099   9.9933E-001   6.6955E-004   8.4276E-021
    3.749452E+04   1.0000E-099   9.9889E-001   1.1127E-003   3.4840E-020
    3.901907E+04   1.0000E-099   9.9842E-001   1.5809E-003   1.0514E-019
    4.041392E+04   1.0000E-099   9.9809E-001   1.9140E-003   2.1415E-019
    4.166067E+04   1.0000E-099   9.9755E-001   2.4533E-003   5.3250E-019
    4.282033E+04   1.0000E-099   9.9655E-001   3.4513E-003   1.6200E-018
    4.393802E+04   1.0000E-099   9.9497E-001   5.0332E-003   4.8174E-018
    4.506444E+04   1.0000E-099   9.9279E-001   7.2087E-003   1.2364E-017
    4.621047E+04   1.0000E-099   9.9040E-001   9.6021E-003   2.5615E-017
    4.737662E+04   1.0000E-099   9.8804E-001   1.1955E-002   4.5555E-017
    4.855943E+04   1.0000E-099   9.8608E-001   1.3919E-002   7.1538E-017
    4.976293E+04   1.0000E-099   9.8478E-001   1.5216E-002   9.9484E-017
    5.099069E+04   1.0000E-099   9.8418E-001   1.5819E-002   1.2447E-016
    5.224631E+04   1.0000E-099   9.8407E-001   1.5931E-002   1.4353E-016
    5.353171E+04   1.0000E-099   9.8415E-001   1.5852E-002   1.5722E-016
    5.484612E+04   1.0000E-099   9.8420E-001   1.5797E-002   1.6784E-016
    5.618687E+04   1.0000E-099   9.8406E-001   1.5943E-002   1.7859E-016
    5.754538E+04   1.0000E-099   9.8360E-001   1.6398E-002   1.9223E-016
    5.891516E+04   1.0000E-099   9.8287E-001   1.7126E-002   2.0888E-016
    6.027894E+04   1.0000E-099   9.8201E-001   1.7992E-002   2.2619E-016
    6.162742E+04   1.0000E-099   9.8128E-001   1.8717E-002   2.3967E-016
    6.293850E+04   1.0000E-099   9.8073E-001   1.9271E-002   2.4882E-016
    6.419616E+04   1.0000E-099   9.8040E-001   1.9601E-002   2.5341E-016
    6.537984E+04   1.0000E-099   9.8016E-001   1.9836E-002   2.5580E-016
    6.646444E+04   1.0000E-099   9.8012E-001   1.9879E-002   2.5449E-016
    6.743912E+04   1.0000E-099   9.8016E-001   1.9836E-002   2.5024E-016
    6.827867E+04   1.0000E-099   9.8044E-001   1.9563E-002   2.4305E-016
    6.898947E+04   1.0000E-099   9.8079E-001   1.9211E-002   2.3496E-016
    6.955800E+04   1.0000E-099   9.8172E-001   1.8275E-002   2.1816E-016
    6.978577E+04   1.0000E-099   9.8296E-001   1.7040E-002   1.9447E-016
    6.989993E+04   1.0000E-099   9.8452E-001   1.5475E-002   1.6506E-016
    6.995708E+04   1.0000E-099   9.8615E-001   1.3850E-002   1.3011E-016
    6.998567E+04   1.0000E-099   9.8738E-001   1.2623E-002   9.6935E-017
    6.999926E+04   1.0000E-099   9.8862E-001   1.1381E-002   6.7221E-017
    6.999997E+04   1.0000E-099   9.8880E-001   1.1204E-002   6.3043E-017
#TIME:     0.806
#NVEL: 115
#vel_mid[km/s]           ti0           ti1           ti2           ti3
    8.772128E+02   1.0000E-099   2.2341E-013   2.2785E-006   1.0000E+000
    8.817035E+02   1.0000E-099   2.2341E-013   2.2785E-006   1.0000E+000
    8.953142E+02   1.0000E-099   2.2341E-013   2.2785E-006   1.0000E+000
    9.231691E+02   1.0000E-099   2.2341E-013   2.2785E-006   1.0000E+000
    9.772176E+02   1.0000E-099   2.2341E-013   2.2785E-006   1.0000E+000
    1.037326E+03   1.0000E-099   2.2335E-013   2.2782E-006   1.0000E+000
    1.101111E+03   1.0000E-099   2.2314E-013   2.2773E-006   1.0000E+000
    1.168818E+03   1.0000E-099   2.2277E-013   2.2759E-006   1.0000E+000
    1.240689E+03   1.0000E-099   2.2160E-013   2.2716E-006   1.0000E+000
    1.316978E+03   1.0000E-099   2.1097E-013   2.2243E-006   1.0000E+000
    1.397959E+03   1.0000E-099   1.6140E-013   1.9811E-006   1.0000E+000
    1.483920E+03   1.0000E-099   1.0406E-013   1.6414E-006   1.0000E+000
    1.575166E+03   1.0000E-099   7.1543E-014   1.3963E-006   1.0000E+000
    1.672023E+03   1.0000E-099   5.3256E-014   1.2292E-006   1.0000E+000
    1.774835E+03   1.0000E-099   3.9894E-014   1.0897E-006   1.0000E+000
    1.883970E+03   1.0000E-099   2.8348E-014   9.4420E-007   1.0000E+000
    1.999815E+03   1.0000E-099   2.0061E-014   8.1755E-007   1.0000E+000
    2.122784E+03   1.0000E-099   1.3613E-014   6.9567E-007   1.0000E+000
    2.253313E+03   1.0000E-099   8.8136E-015   5.7722E-007   1.0000E+000
    2.391869E+03   1.0000E-099   5.4931E-015   4.7047E-007   1.0000E+000
    2.538945E+03   1.0000E-099   3.5161E-015   3.8875E-007   1.0000E+000
    2.695065E+03   1.0000E-099   2.5059E-015   3.3639E-007   1.0000E+000
    2.860784E+03   1.0000E-099   1.9306E-015   3.0018E-007   1.0000E+000
    3.036693E+03   1.0000E-099   1.5228E-015   2.6842E-007   1.0000E+000
    3.223420E+03   1.0000E-099   1.2497E-015   2.4208E-007   1.0000E+000
    3.421628E+03   1.0000E-099   1.0755E-015   2.2165E-007   1.0000E+000
    3.632023E+03   1.0000E-099   9.5032E-016   2.0420E-007   1.0000E+000
    3.855356E+03   1.0000E-099   8.0284E-016   1.8252E-007   1.0000E+000
    4.092421E+03   1.0000E-099   7.0316E-016   1.6603E-007   1.0000E+000
    4.344064E+03   1.0000E-099   7.5564E-016   1.7006E-007   1.0000E+000
    4.611180E+03   1.0000E-099   7.1209E-016   1.6573E-007   1.0000E+000
    4.894722E+03   1.0000E-099   5.5379E-016   1.4710E-007   1.0000E+000
    5.195698E+03   1.0000E-099   4.2359E-016   1.2915E-007   1.0000E+000
    5.515181E+03   1.0000E-099   3.7227E-016   1.2126E-007   1.0000E+000
    5.854309E+03   1.0000E-099   3.4421E-016   1.1614E-007   1.0000E+000
    6.214290E+03   1.0000E-099   3.1884E-016   1.1081E-007   1.0000E+000
    6.596406E+03   1.0000E-099   3.0627E-016   1.0764E-007   1.0000E+000
    7.002019E+03   1.0000E-099   3.0090E-016   1.0556E-007   1.0000E+000
    7.432572E+03   1.0000E-099   2.8231E-016   1.0046E-007   1.0000E+000
    7.889601E+03   1.0000E-099   2.6893E-016   9.6047E-008   1.0000E+000
    8.374732E+03   1.0000E-099   2.7771E-016   9.5668E-008   1.0000E+000
    8.889693E+03   1.0000E-099   2.9849E-016   9.6603E-008   1.0000E+000
    9.436320E+03   1.0000E-099   3.4691E-016   1.0033E-007   1.0000E+000
    1.001656E+04   1.0000E-099   4.9030E-016   1.1399E-007   1.0000E+000
    1.063248E+04   1.0000E-099   8.8350E-016   1.4495E-007   1.0000E+000
    1.128627E+04   1.0000E-099   2.2377E-015   2.2049E-007   1.0000E+000
    1.198026E+04   1.0000E-099   9.2618E-015   4.5893E-007   1.0000E+000
    1.271692E+04   1.0000E-099   5.3925E-014   1.2822E-006   1.0000E+000
    1.349805E+04   1.0000E-099   3.3443E-013   4.0750E-006   1.0000E+000
    1.425822E+04   1.0000E-099   3.2929E-012   1.8602E-005   9.9998E-001
    1.486986E+04   1.0000E-099   8.0483E-011   1.6306E-004   9.9984E-001
    1.537519E+04   1.0000E-099   7.8606E-009   3.4388E-003   9.9656E-001
    1.578064E+04   1.0000E-099   1.0440E-006   8.1632E-002   9.1837E-001
    1.606880E+04   1.0000E-099   6.1060E-005   7.4572E-001   2.5422E-001
    1.627147E+04   1.0000E-099   6.3035E-004   9.9296E-001   6.4064E-003
    1.642133E+04   1.0000E-099   6.2840E-003   9.9365E-001   6.5678E-005
    1.653799E+04   1.0000E-099   5.9345E-002   9.4065E-001   5.0931E-007
    1.663728E+04   1.0000E-099   2.9879E-001   7.0121E-001   6.1935E-009
    1.672867E+04   1.0000E-099   6.0959E-001   3.9041E-001   1.7414E-010
    1.681726E+04   1.0000E-099   7.8962E-001   2.1038E-001   1.1548E-011
    1.690746E+04   1.0000E-099   8.8199E-001   1.1801E-001   1.2508E-012
    1.700408E+04   1.0000E-099   9.3251E-001   6.7493E-002   1.6838E-013
    1.711406E+04   1.0000E-099   9.6202E-001   3.7984E-002   2.3324E-014
    1.726274E+04   1.0000E-099   9.8116E-001   1.8838E-002   2.2459E-015
    1.762026E+04   1.0000E-099   9.9561E-001   4.3900E-003   1.9782E-017
    1.824949E+04   1.0000E-099   9.9953E-001   4.7344E-004   1.7919E-020
    1.897008E+04   1.0000E-099   9.9994E-001   5.5703E-005   2.0977E-023
    1.974151E+04   1.0000E-099   9.9999E-001   7.9708E-006   4.1241E-026
    2.056198E+04   1.0000E-099   1.0000E+000   1.3823E-006   1.4022E-028
    2.140466E+04   1.0000E-099   1.0000E+000   2.5386E-007   7.0223E-031
    2.223509E+04   1.0000E-099   1.0000E+000   5.3522E-008   5.2185E-031
    2.306880E+04   1.0000E-099   1.0000E+000   1.3840E-008   5.4062E-030
