#NTIMES:    65
#NSTAGES:     5
#TIMES[d]:     0.500    0.550    0.666    0.733    0.806    0.887    0.976    1.074    1.181    1.300    1.430    1.573    1.730    1.900    2.090    2.300    2.530    2.783    3.061    3.367    3.704    4.074    4.481    4.929    5.422    5.964    6.560    7.216    7.938    8.732    9.600   10.560   11.620   12.780   14.060   15.470   17.020   18.720   20.590   22.650   24.910   27.400   30.140   33.150   36.460   40.110   44.120   48.530   53.380   58.720   64.590   71.050   78.200   86.000   94.600  104.100  114.500  126.000  138.600  152.500  167.800  184.600  203.100  223.400  245.800
#
#TIME:     0.500
#NVEL: 115
#vel_mid[km/s]           c0           c1           c2           c3           c4
    8.772128E+02   6.2556E-024   9.3246E-017   3.9106E-010   1.6203E-004   9.9984E-001
    8.826573E+02   6.2556E-024   9.3246E-017   3.9106E-010   1.6203E-004   9.9984E-001
    8.991942E+02   6.2556E-024   9.3246E-017   3.9106E-010   1.6203E-004   9.9984E-001
    9.332033E+02   6.2556E-024   9.3246E-017   3.9106E-010   1.6203E-004   9.9984E-001
    9.912889E+02   6.2556E-024   9.3246E-017   3.9106E-010   1.6203E-004   9.9984E-001
    1.052238E+03   6.2556E-024   9.3246E-017   3.9106E-010   1.6203E-004   9.9984E-001
    1.116940E+03   6.2534E-024   9.3207E-017   3.9095E-010   1.6202E-004   9.9984E-001
    1.185621E+03   6.2307E-024   9.2804E-017   3.8978E-010   1.6195E-004   9.9984E-001
    1.258525E+03   6.1836E-024   9.1972E-017   3.8737E-010   1.6179E-004   9.9984E-001
    1.335911E+03   6.1785E-024   9.1383E-017   3.8559E-010   1.6192E-004   9.9984E-001
    1.418056E+03   5.8947E-024   8.6872E-017   3.7250E-010   1.6088E-004   9.9984E-001
    1.505253E+03   2.7745E-025   6.2799E-018   6.5891E-011   1.0180E-004   9.9990E-001
    1.597810E+03   2.4728E-025   5.7319E-018   6.2049E-011   9.9857E-005   9.9990E-001
    1.696060E+03   8.2584E-026   2.2924E-018   3.4288E-011   8.6032E-005   9.9991E-001
    1.800350E+03   6.7071E-026   1.8907E-018   3.0408E-011   8.4503E-005   9.9992E-001
    1.911054E+03   1.4857E-026   5.3766E-019   1.3615E-011   6.9781E-005   9.9993E-001
    2.028564E+03   9.6787E-027   3.7428E-019   1.0834E-011   6.6341E-005   9.9993E-001
    2.153300E+03   2.9153E-027   1.3798E-019   5.7672E-012   5.7310E-005   9.9994E-001
    2.285707E+03   9.4999E-028   5.5231E-020   3.2266E-012   4.9637E-005   9.9995E-001
    2.426255E+03   3.7913E-028   2.6317E-020   2.0129E-012   4.3949E-005   9.9996E-001
    2.575445E+03   9.6934E-029   8.6153E-021   9.9809E-013   3.7045E-005   9.9996E-001
    2.733809E+03   5.1032E-029   5.1431E-021   7.1964E-013   3.4010E-005   9.9997E-001
    2.901910E+03   2.8254E-029   3.1953E-021   5.3253E-013   3.1448E-005   9.9997E-001
    3.080349E+03   1.6424E-029   2.1049E-021   4.0534E-013   2.8993E-005   9.9997E-001
    3.269759E+03   1.1668E-029   1.6511E-021   3.4240E-013   2.7275E-005   9.9997E-001
    3.470816E+03   9.8611E-030   1.5009E-021   3.1643E-013   2.6168E-005   9.9997E-001
    3.684237E+03   8.5666E-030   1.4116E-021   2.9735E-013   2.5032E-005   9.9998E-001
    3.910780E+03   6.6722E-030   1.2249E-021   2.6486E-013   2.3552E-005   9.9998E-001
    4.151254E+03   7.2307E-030   1.4171E-021   2.8123E-013   2.2811E-005   9.9998E-001
    4.406514E+03   8.9128E-030   1.6740E-021   3.1299E-013   2.3729E-005   9.9998E-001
    4.677470E+03   5.8783E-030   1.1748E-021   2.5158E-013   2.2722E-005   9.9998E-001
    4.965088E+03   2.6627E-030   6.4677E-022   1.6921E-013   1.9583E-005   9.9998E-001
    5.270391E+03   1.7045E-030   4.5569E-022   1.3490E-013   1.8128E-005   9.9998E-001
    5.594466E+03   1.4014E-030   3.9381E-022   1.2234E-013   1.7384E-005   9.9998E-001
    5.938470E+03   1.2682E-030   3.6966E-022   1.1670E-013   1.6853E-005   9.9998E-001
    6.303626E+03   1.1962E-030   3.6356E-022   1.1408E-013   1.6273E-005   9.9998E-001
    6.691235E+03   1.1557E-030   3.6049E-022   1.1261E-013   1.5926E-005   9.9998E-001
    7.102679E+03   1.1336E-030   3.6166E-022   1.1204E-013   1.5636E-005   9.9998E-001
    7.539422E+03   1.1275E-030   3.7974E-022   1.1337E-013   1.4870E-005   9.9999E-001
    8.003021E+03   1.1738E-030   4.1167E-022   1.1743E-013   1.4264E-005   9.9999E-001
    8.495126E+03   1.3285E-030   4.6934E-022   1.2647E-013   1.4086E-005   9.9999E-001
    9.017491E+03   1.8183E-030   6.4032E-022   1.5192E-013   1.3856E-005   9.9999E-001
    9.571975E+03   3.4984E-030   1.1892E-021   2.2201E-013   1.3735E-005   9.9999E-001
    1.016056E+04   1.1032E-029   3.2784E-021   4.2469E-013   1.4789E-005   9.9999E-001
    1.078533E+04   8.9590E-029   2.1320E-020   1.4611E-012   1.7192E-005   9.9998E-001
    1.144852E+04   2.7011E-027   4.3659E-019   1.1927E-011   2.8404E-005   9.9997E-001
    1.215249E+04   3.6648E-025   3.8130E-017   3.4045E-010   1.2110E-004   9.9988E-001
    1.289974E+04   3.2901E-023   2.2931E-015   8.3666E-009   7.2546E-004   9.9927E-001
    1.369294E+04   3.7622E-021   1.8467E-013   2.8202E-007   5.6294E-003   9.9437E-001
    1.453492E+04   1.6786E-017   4.1494E-010   1.3167E-004   1.8410E-001   8.1577E-001
    1.542867E+04   1.3595E-010   3.6958E-004   8.0594E-001   1.9368E-001   5.6362E-006
    1.626717E+04   3.7751E-005   8.5277E-001   1.4719E-001   1.5994E-009   6.6660E-024
    1.668676E+04   5.6978E-004   9.9897E-001   4.6512E-004   3.9084E-017   1.8884E-038
    1.713874E+04   4.9819E-002   9.5018E-001   8.3874E-009   1.7185E-031   5.8873E-061
    1.771854E+04   6.6545E-001   3.3455E-001   4.3920E-013   1.2571E-043   8.7060E-065
    1.838692E+04   6.1303E-001   3.8697E-001   6.1118E-013   2.0659E-043   1.4474E-064
    1.903533E+04   5.2202E-001   4.7798E-001   1.0682E-012   5.0502E-043   2.9955E-064
    1.976116E+04   4.6062E-001   5.3938E-001   1.5035E-012   8.7377E-043   4.6936E-064
    2.046516E+04   3.8802E-001   6.1198E-001   2.2324E-012   1.6675E-042   7.6165E-064
    2.125594E+04   3.2298E-001   6.7702E-001   3.1687E-012   2.9597E-042   1.1620E-063
    2.202587E+04   2.8966E-001   7.1034E-001   3.7567E-012   3.8571E-042   1.4426E-063
    2.285981E+04   2.2110E-001   7.7890E-001   5.5915E-012   7.4440E-042   2.2716E-063
    2.372435E+04   2.2089E-001   7.7911E-001   5.3729E-012   6.5443E-042   2.3133E-063
    2.455466E+04   1.5391E-001   8.4609E-001   8.3262E-012   1.3301E-041   3.8114E-063
    2.552174E+04   1.4555E-001   8.5445E-001   8.5228E-012   1.2330E-041   4.3804E-063
    2.640440E+04   1.2150E-001   8.7850E-001   1.0071E-011   1.4984E-041   5.3544E-063
    2.741295E+04   1.1091E-001   8.8909E-001   1.0770E-011   1.5028E-041   5.3701E-063
    2.838201E+04   1.3877E-001   8.6123E-001   8.4367E-012   8.6849E-042   3.5261E-063
    2.923203E+04   1.2352E-001   8.7648E-001   9.4140E-012   9.4319E-042   3.1102E-063
    3.013295E+04   1.5252E-001   8.4748E-001   7.0088E-012   4.6926E-042   2.0821E-063
    3.094669E+04   1.4098E-001   8.5902E-001   7.3036E-012   4.3904E-042   1.9231E-063
    3.176516E+04   1.4272E-001   8.5728E-001   6.8344E-012   3.4158E-042   1.7141E-063
    3.259805E+04   1.2973E-001   8.7027E-001   7.0272E-012   3.1852E-042   1.7314E-063
    3.345740E+04   1.1147E-001   8.8853E-001   7.5736E-012   3.2423E-042   1.8533E-063
    3.438030E+04   1.0786E-001   8.9214E-001   7.1166E-012   2.5319E-042   1.7608E-063
    3.533529E+04   8.9539E-002   9.1046E-001   7.6879E-012   2.5746E-042   1.8919E-063
    3.634323E+04   8.5132E-002   9.1487E-001   7.2178E-012   2.0211E-042   1.7945E-063
    3.736894E+04   7.4761E-002   9.2524E-001   7.1735E-012   1.7583E-042   1.7878E-063
    3.839518E+04   6.5204E-002   9.3480E-001   7.0667E-012   1.5079E-042   1.7651E-063
    3.939114E+04   6.2153E-002   9.3785E-001   6.4766E-012   1.1449E-042   1.6322E-063
    4.037465E+04   6.0788E-002   9.3921E-001   5.7887E-012   8.3323E-043   1.4737E-063
    4.133441E+04   5.6794E-002   9.4321E-001   5.2490E-012   6.1959E-043   1.3447E-063
    4.215976E+04   5.1489E-002   9.4851E-001   4.8346E-012   4.7729E-043   1.2420E-063
    4.290657E+04   4.6884E-002   9.5312E-001   4.4272E-012   3.6554E-043   1.1401E-063
    4.365819E+04   4.3189E-002   9.5681E-001   3.9953E-012   2.7197E-043   1.0324E-063
    4.442297E+04   4.0675E-002   9.5933E-001   3.5646E-012   1.9859E-043   9.2539E-064
    4.520034E+04   3.9506E-002   9.6049E-001   3.1602E-012   1.4454E-043   8.2541E-064
    4.600555E+04   3.9711E-002   9.6029E-001   2.7884E-012   1.0543E-043   7.3394E-064
    4.686215E+04   4.0742E-002   9.5926E-001   2.4664E-012   7.7846E-044   6.5492E-064
    4.776422E+04   4.2417E-002   9.5758E-001   2.2029E-012   5.9028E-044   5.9060E-064
    4.868597E+04   4.4581E-002   9.5542E-001   1.9985E-012   4.6505E-044   5.4113E-064
    4.962544E+04   4.7155E-002   9.5284E-001   1.8402E-012   3.7968E-044   5.0339E-064
    5.058305E+04   5.0035E-002   9.4996E-001   1.7167E-012   3.1973E-044   4.7450E-064
    5.155912E+04   5.3036E-002   9.4696E-001   1.6203E-012   2.7673E-044   4.5246E-064
    5.255403E+04   5.5884E-002   9.4412E-001   1.5463E-012   2.4579E-044   4.3609E-064
    5.356816E+04   5.8250E-002   9.4175E-001   1.4927E-012   2.2415E-044   4.2483E-064
    5.460189E+04   5.9872E-002   9.4013E-001   1.4579E-012   2.0991E-044   4.1826E-064
    5.565558E+04   6.0504E-002   9.3950E-001   1.4415E-012   2.0202E-044   4.1631E-064
    5.672959E+04   6.0049E-002   9.3995E-001   1.4426E-012   1.9962E-044   4.1880E-064
    5.782432E+04   5.8499E-002   9.4150E-001   1.4606E-012   2.0219E-044   4.2559E-064
    5.894013E+04   5.6240E-002   9.4376E-001   1.4903E-012   2.0823E-044   4.3544E-064
    6.007747E+04   5.3769E-002   9.4623E-001   1.5245E-012   2.1584E-044   4.4657E-064
    6.123675E+04   5.1560E-002   9.4844E-001   1.5560E-012   2.2301E-044   4.5725E-064
    6.241838E+04   4.9795E-002   9.5021E-001   1.5813E-012   2.2877E-044   4.6674E-064
    6.362274E+04   4.8523E-002   9.5148E-001   1.5988E-012   2.3251E-044   4.7481E-064
    6.485024E+04   4.7730E-002   9.5227E-001   1.6084E-012   2.3413E-044   4.8161E-064
    6.610128E+04   4.7121E-002   9.5288E-001   1.6139E-012   2.3455E-044   4.8822E-064
    6.737631E+04   4.7577E-002   9.5242E-001   1.6015E-012   2.2989E-044   4.9044E-064
    6.867574E+04   4.8689E-002   9.5131E-001   1.5767E-012   2.2176E-044   4.8526E-064
    6.935606E+04   5.0475E-002   9.4952E-001   1.5478E-012   2.1332E-044   4.6316E-064
    6.969874E+04   5.3893E-002   9.4611E-001   1.4989E-012   2.0037E-044   4.2415E-064
    6.987071E+04   5.7805E-002   9.4219E-001   1.4036E-012   1.7442E-044   3.7145E-064
    6.995686E+04   6.3785E-002   9.3621E-001   1.2084E-012   1.2599E-044   3.0059E-064
    6.999782E+04   7.2290E-002   9.2771E-001   8.0982E-013   6.0309E-045   1.9143E-064
    6.999997E+04   7.4703E-002   9.2530E-001   7.0848E-013   4.9270E-045   1.6682E-064
#TIME:     0.550
#NVEL: 115
#vel_mid[km/s]           c0           c1           c2           c3           c4
    8.772128E+02   6.1913E-024   1.0440E-016   4.2671E-010   1.5952E-004   9.9984E-001
    8.825108E+02   6.1913E-024   1.0440E-016   4.2671E-010   1.5952E-004   9.9984E-001
    8.985975E+02   6.1913E-024   1.0440E-016   4.2671E-010   1.5952E-004   9.9984E-001
    9.316560E+02   6.1914E-024   1.0440E-016   4.2671E-010   1.5952E-004   9.9984E-001
    9.893707E+02   6.1914E-024   1.0440E-016   4.2671E-010   1.5952E-004   9.9984E-001
    1.050609E+03   6.1903E-024   1.0439E-016   4.2667E-010   1.5952E-004   9.9984E-001
    1.115637E+03   6.1825E-024   1.0426E-016   4.2631E-010   1.5948E-004   9.9984E-001
    1.184691E+03   6.1552E-024   1.0374E-016   4.2479E-010   1.5936E-004   9.9984E-001
    1.258018E+03   6.0933E-024   1.0258E-016   4.2140E-010   1.5908E-004   9.9984E-001
    1.335885E+03   5.9627E-024   1.0009E-016   4.1413E-010   1.5849E-004   9.9984E-001
    1.418571E+03   4.4779E-024   7.7443E-017   3.4737E-010   1.5043E-004   9.9985E-001
    1.506375E+03   2.6420E-025   6.7283E-018   6.8071E-011   9.6336E-005   9.9990E-001
    1.599613E+03   1.9803E-025   5.3027E-018   5.8209E-011   9.2226E-005   9.9991E-001
    1.698623E+03   6.8718E-026   2.1847E-018   3.2642E-011   7.9621E-005   9.9992E-001
    1.803761E+03   4.9272E-026   1.6202E-018   2.6982E-011   7.6963E-005   9.9992E-001
    1.915407E+03   1.1528E-026   4.8091E-019   1.2357E-011   6.3945E-005   9.9994E-001
    2.033963E+03   6.7067E-027   3.0412E-019   9.2375E-012   6.0004E-005   9.9994E-001
    2.159857E+03   1.9878E-027   1.1042E-019   4.8563E-012   5.1798E-005   9.9995E-001
    2.293544E+03   6.3226E-028   4.3256E-020   2.6755E-012   4.4790E-005   9.9996E-001
    2.435505E+03   2.3267E-028   1.9239E-020   1.5971E-012   3.9335E-005   9.9996E-001
    2.586253E+03   6.1627E-029   6.4689E-021   8.0436E-013   3.3398E-005   9.9997E-001
    2.746332E+03   3.1734E-029   3.7882E-021   5.7284E-013   3.0616E-005   9.9997E-001
    2.916319E+03   1.7488E-029   2.3445E-021   4.2262E-013   2.8312E-005   9.9997E-001
    3.096828E+03   1.0295E-029   1.5623E-021   3.2376E-013   2.6115E-005   9.9997E-001
    3.288509E+03   7.4363E-030   1.2440E-021   2.7598E-013   2.4562E-005   9.9998E-001
    3.492055E+03   6.3890E-030   1.1486E-021   2.5749E-013   2.3524E-005   9.9998E-001
    3.708199E+03   5.6065E-030   1.0923E-021   2.4363E-013   2.2412E-005   9.9998E-001
    3.937722E+03   4.6009E-030   9.9388E-022   2.2346E-013   2.1043E-005   9.9998E-001
    4.181452E+03   5.2328E-030   1.1883E-021   2.4350E-013   2.0416E-005   9.9998E-001
    4.440267E+03   6.1734E-030   1.3525E-021   2.6489E-013   2.1106E-005   9.9998E-001
    4.715102E+03   4.0311E-030   9.4372E-022   2.1170E-013   2.0151E-005   9.9998E-001
    5.006948E+03   1.7500E-030   5.0267E-022   1.3934E-013   1.7174E-005   9.9998E-001
    5.316859E+03   1.1748E-030   3.6744E-022   1.1374E-013   1.6019E-005   9.9998E-001
    5.645951E+03   9.8253E-031   3.2215E-022   1.0408E-013   1.5377E-005   9.9998E-001
    5.995413E+03   9.0244E-031   3.0682E-022   1.0014E-013   1.4876E-005   9.9999E-001
    6.366506E+03   8.5380E-031   3.0262E-022   9.8141E-014   1.4312E-005   9.9999E-001
    6.760567E+03   8.3970E-031   3.0437E-022   9.7830E-014   1.4009E-005   9.9999E-001
    7.179019E+03   8.4014E-031   3.1207E-022   9.8561E-014   1.3671E-005   9.9999E-001
    7.623372E+03   8.5108E-031   3.3390E-022   1.0101E-013   1.2880E-005   9.9999E-001
    8.095229E+03   9.1979E-031   3.7281E-022   1.0689E-013   1.2350E-005   9.9999E-001
    8.596292E+03   1.1068E-030   4.4865E-022   1.1926E-013   1.2184E-005   9.9999E-001
    9.128368E+03   1.6601E-030   6.6615E-022   1.5156E-013   1.1919E-005   9.9999E-001
    9.693378E+03   3.7282E-030   1.4113E-021   2.4310E-013   1.1953E-005   9.9999E-001
    1.029336E+04   1.4676E-029   4.7517E-021   5.3651E-013   1.3121E-005   9.9999E-001
    1.093048E+04   1.7589E-028   4.3727E-020   2.4164E-012   1.6755E-005   9.9998E-001
    1.160703E+04   8.4372E-027   1.3930E-018   2.9075E-011   3.7033E-005   9.9996E-001
    1.232546E+04   1.9043E-024   1.9553E-016   1.3012E-009   2.5837E-004   9.9974E-001
    1.308836E+04   2.2604E-022   1.5503E-014   4.1511E-008   1.8982E-003   9.9810E-001
    1.389955E+04   6.2944E-020   2.8459E-012   2.7373E-006   2.1695E-002   9.7830E-001
    1.474312E+04   1.1231E-015   2.1130E-008   2.7366E-003   7.1181E-001   2.8545E-001
    1.540367E+04   1.5393E-010   4.5617E-004   8.6782E-001   1.3172E-001   1.8482E-006
    1.581332E+04   3.2891E-008   1.6315E-002   9.8331E-001   3.7163E-004   1.6852E-012
    1.611284E+04   4.2001E-006   3.5581E-001   6.4419E-001   4.2179E-007   3.8225E-019
    1.636570E+04   9.1899E-005   9.7542E-001   2.4486E-002   5.1016E-012   9.4178E-029
    1.654730E+04   3.4121E-004   9.9839E-001   1.2650E-003   6.8319E-016   3.9133E-036
    1.669441E+04   1.0721E-003   9.9884E-001   8.6861E-005   2.1568E-019   8.3862E-043
    1.681682E+04   3.9041E-003   9.9609E-001   4.4931E-006   3.0492E-023   4.1957E-050
    1.692241E+04   1.3360E-002   9.8664E-001   2.3441E-007   4.0811E-027   2.5025E-057
    1.702116E+04   3.3461E-002   9.6654E-001   2.0051E-008   2.1264E-030   1.2070E-060
    1.711664E+04   6.2514E-002   9.3749E-001   3.2940E-009   8.0794E-033   3.0803E-061
    1.721561E+04   1.0148E-001   8.9852E-001   7.7242E-010   9.6640E-035   9.7562E-062
    1.732334E+04   1.5875E-001   8.4125E-001   1.9257E-010   1.5157E-036   3.0085E-062
    1.744562E+04   2.3794E-001   7.6206E-001   4.9353E-011   2.8381E-038   8.9781E-063
    1.759425E+04   3.4085E-001   6.5915E-001   1.2289E-011   5.4155E-040   2.5197E-063
    1.788224E+04   5.2532E-001   4.7468E-001   1.4323E-012   1.5309E-042   3.3126E-064
    1.867332E+04   7.9645E-001   2.0355E-001   2.9132E-014   6.3020E-047   7.8980E-066
    1.962851E+04   8.7639E-001   1.2361E-001   3.2687E-015   1.2422E-047   1.0453E-066
    2.067444E+04   8.8368E-001   1.1632E-001   1.8892E-015   5.0044E-047   7.4153E-067
    2.182447E+04   8.7733E-001   1.2267E-001   1.9308E-015   1.2838E-046   9.2182E-067
    2.306690E+04   8.2918E-001   1.7082E-001   4.1934E-015   4.6930E-046   2.3539E-066
    2.438107E+04   7.5900E-001   2.4100E-001   9.1816E-015   1.2570E-045   5.9542E-066
    2.587845E+04   6.8087E-001   3.1913E-001   1.6734E-014   2.3557E-045   1.4066E-065
    2.749199E+04   5.5623E-001   4.4377E-001   3.6470E-014   4.4899E-045   3.1511E-065
    2.896661E+04   5.1560E-001   4.8440E-001   3.8900E-014   3.6656E-045   2.6724E-065
    3.023928E+04   5.3878E-001   4.6122E-001   2.6287E-014   1.8652E-045   1.6046E-065
    3.138852E+04   4.9033E-001   5.0967E-001   3.2489E-014   2.1234E-045   1.6674E-065
    3.250795E+04   4.4602E-001   5.5398E-001   4.0393E-014   2.2827E-045   1.9074E-065
    3.365620E+04   3.7395E-001   6.2605E-001   6.5512E-014   3.1185E-045   2.8094E-065
    3.486705E+04   3.2069E-001   6.7931E-001   9.2835E-014   3.4390E-045   3.7445E-065
    3.613166E+04   2.7080E-001   7.2920E-001   1.3182E-013   3.8690E-045   5.0442E-065
    3.742115E+04   2.2434E-001   7.7566E-001   1.8551E-013   4.3591E-045   6.7921E-065
    3.871394E+04   1.8597E-001   8.1403E-001   2.4353E-013   4.7294E-045   8.6900E-065
    3.997047E+04   1.6885E-001   8.3115E-001   2.5277E-013   3.9991E-045   9.0979E-065
    4.112379E+04   1.5058E-001   8.4942E-001   2.6561E-013   3.5233E-045   9.6563E-065
    4.218343E+04   1.2723E-001   8.7277E-001   2.9910E-013   3.3924E-045   1.0934E-064
    4.320753E+04   1.0538E-001   8.9462E-001   3.3744E-013   3.2623E-045   1.2475E-064
    4.423621E+04   8.7783E-002   9.1222E-001   3.7071E-013   3.0657E-045   1.4007E-064
    4.529664E+04   7.5236E-002   9.2476E-001   3.9350E-013   2.8340E-045   1.5354E-064
    4.639486E+04   6.7398E-002   9.3260E-001   4.0816E-013   2.6206E-045   1.6526E-064
    4.752261E+04   6.2381E-002   9.3762E-001   4.3263E-013   2.5466E-045   1.8073E-064
    4.867617E+04   5.9634E-002   9.4037E-001   4.7473E-013   2.6203E-045   2.0165E-064
    4.985675E+04   5.8785E-002   9.4122E-001   5.3637E-013   2.8321E-045   2.2753E-064
    5.106564E+04   5.9395E-002   9.4060E-001   6.1507E-013   3.1809E-045   2.5641E-064
    5.230378E+04   6.0828E-002   9.3917E-001   7.0607E-013   3.6843E-045   2.8583E-064
    5.357136E+04   6.2275E-002   9.3773E-001   8.0484E-013   4.3865E-045   3.1402E-064
    5.486695E+04   6.3022E-002   9.3698E-001   9.0786E-013   5.3480E-045   3.4014E-064
    5.618695E+04   6.2522E-002   9.3748E-001   1.0138E-012   6.6426E-045   3.6455E-064
    5.752536E+04   6.0565E-002   9.3944E-001   1.1227E-012   8.3365E-045   3.8826E-064
    5.887450E+04   5.7563E-002   9.4244E-001   1.2314E-012   1.0416E-044   4.1136E-064
    6.022291E+04   5.4382E-002   9.4562E-001   1.3309E-012   1.2705E-044   4.3227E-064
    6.155592E+04   5.1734E-002   9.4827E-001   1.4126E-012   1.4919E-044   4.4938E-064
    6.285824E+04   4.9812E-002   9.5019E-001   1.4739E-012   1.6839E-044   4.6259E-064
    6.411280E+04   4.8585E-002   9.5142E-001   1.5159E-012   1.8340E-044   4.7248E-064
    6.529403E+04   4.7794E-002   9.5221E-001   1.5438E-012   1.9446E-044   4.8034E-064
    6.638404E+04   4.7418E-002   9.5258E-001   1.5595E-012   2.0159E-044   4.8620E-064
    6.736672E+04   4.7805E-002   9.5219E-001   1.5592E-012   2.0382E-044   4.8804E-064
    6.821143E+04   4.8250E-002   9.5175E-001   1.5541E-012   2.0400E-044   4.8903E-064
    6.893337E+04   4.9149E-002   9.5085E-001   1.5413E-012   2.0168E-044   4.7947E-064
    6.953439E+04   5.2287E-002   9.4771E-001   1.5108E-012   1.9509E-044   4.4851E-064
    6.977430E+04   5.5318E-002   9.4468E-001   1.4525E-012   1.7975E-044   4.0761E-064
    6.989457E+04   5.8951E-002   9.4105E-001   1.3515E-012   1.5528E-044   3.5676E-064
    6.995478E+04   6.3705E-002   9.3629E-001   1.1993E-012   1.1955E-044   3.0281E-064
    6.998490E+04   6.8230E-002   9.3177E-001   9.7694E-013   8.1609E-045   2.3919E-064
    6.999922E+04   7.3882E-002   9.2612E-001   7.3748E-013   5.0027E-045   1.7599E-064
    6.999997E+04   7.4858E-002   9.2514E-001   6.9817E-013   4.6106E-045   1.6640E-064
#TIME:     0.666
#NVEL: 115
#vel_mid[km/s]           c0           c1           c2           c3           c4
    8.772128E+02   6.7655E-024   1.4574E-016   5.6386E-010   1.6436E-004   9.9984E-001
    8.833155E+02   6.7655E-024   1.4574E-016   5.6386E-010   1.6436E-004   9.9984E-001
    9.018795E+02   6.7656E-024   1.4574E-016   5.6387E-010   1.6436E-004   9.9984E-001
    9.401862E+02   6.7661E-024   1.4575E-016   5.6389E-010   1.6436E-004   9.9984E-001
    1.001110E+03   6.7659E-024   1.4575E-016   5.6388E-010   1.6436E-004   9.9984E-001
    1.062646E+03   6.7615E-024   1.4566E-016   5.6365E-010   1.6433E-004   9.9984E-001
    1.127988E+03   6.7356E-024   1.4514E-016   5.6219E-010   1.6418E-004   9.9984E-001
    1.197348E+03   6.6873E-024   1.4404E-016   5.5899E-010   1.6387E-004   9.9984E-001
    1.270973E+03   6.5948E-024   1.4184E-016   5.5250E-010   1.6326E-004   9.9984E-001
    1.349125E+03   5.5428E-024   1.2111E-016   4.9354E-010   1.5678E-004   9.9984E-001
    1.432083E+03   1.4188E-024   3.6593E-017   2.1395E-010   1.1803E-004   9.9988E-001
    1.520141E+03   2.9682E-025   9.4204E-018   8.4801E-011   8.9873E-005   9.9991E-001
    1.613615E+03   1.1653E-025   4.2607E-018   4.9829E-011   7.7581E-005   9.9992E-001
    1.712836E+03   5.6678E-026   2.3057E-018   3.3142E-011   6.9909E-005   9.9993E-001
    1.818158E+03   2.2640E-026   1.0506E-018   1.9767E-011   6.1952E-005   9.9994E-001
    1.929957E+03   8.1042E-027   4.4101E-019   1.1228E-011   5.4306E-005   9.9995E-001
    2.048630E+03   3.1172E-027   1.9670E-019   6.6682E-012   4.8390E-005   9.9995E-001
    2.174600E+03   9.8161E-028   7.4850E-020   3.5879E-012   4.2118E-005   9.9996E-001
    2.308316E+03   3.1242E-028   2.9251E-020   1.9641E-012   3.6454E-005   9.9996E-001
    2.450254E+03   9.0095E-029   1.0553E-020   1.0251E-012   3.1248E-005   9.9997E-001
    2.600920E+03   2.9261E-029   4.1919E-021   5.7103E-013   2.7256E-005   9.9997E-001
    2.760850E+03   1.3676E-029   2.2544E-021   3.8546E-013   2.4797E-005   9.9998E-001
    2.930615E+03   7.5213E-030   1.3956E-021   2.8375E-013   2.2904E-005   9.9998E-001
    3.110818E+03   4.6282E-030   9.6351E-022   2.2227E-013   2.1197E-005   9.9998E-001
    3.302102E+03   3.4554E-030   7.8913E-022   1.9292E-013   1.9901E-005   9.9998E-001
    3.505148E+03   2.9965E-030   7.3668E-022   1.8134E-013   1.8894E-005   9.9998E-001
    3.720679E+03   2.7359E-030   7.2607E-022   1.7576E-013   1.7850E-005   9.9998E-001
    3.949463E+03   2.4396E-030   7.1667E-022   1.6960E-013   1.6440E-005   9.9998E-001
    4.192316E+03   2.8362E-030   8.5843E-022   1.8700E-013   1.5917E-005   9.9998E-001
    4.450101E+03   3.2735E-030   9.6879E-022   2.0186E-013   1.6215E-005   9.9998E-001
    4.723737E+03   2.2097E-030   7.0028E-022   1.6413E-013   1.5447E-005   9.9998E-001
    5.014199E+03   1.0718E-030   4.0140E-022   1.1377E-013   1.3461E-005   9.9999E-001
    5.322522E+03   6.7968E-031   2.8250E-022   9.0315E-014   1.2322E-005   9.9999E-001
    5.649804E+03   5.7044E-031   2.4794E-022   8.2765E-014   1.1826E-005   9.9999E-001
    5.997210E+03   5.2508E-031   2.3715E-022   7.9875E-014   1.1357E-005   9.9999E-001
    6.365978E+03   5.0123E-031   2.3524E-022   7.8765E-014   1.0875E-005   9.9999E-001
    6.757421E+03   5.0822E-031   2.4331E-022   7.9977E-014   1.0595E-005   9.9999E-001
    7.172935E+03   5.2915E-031   2.5914E-022   8.2611E-014   1.0258E-005   9.9999E-001
    7.613998E+03   5.5148E-031   2.8332E-022   8.6312E-014   9.6040E-006   9.9999E-001
    8.082182E+03   6.3117E-031   3.3311E-022   9.4785E-014   9.1450E-006   9.9999E-001
    8.579155E+03   8.2754E-031   4.3371E-022   1.1165E-013   8.9870E-006   9.9999E-001
    9.106686E+03   1.3236E-030   6.8153E-022   1.4863E-013   8.8017E-006   9.9999E-001
    9.666656E+03   3.2526E-030   1.5644E-021   2.5563E-013   8.9586E-006   9.9999E-001
    1.026106E+04   1.4857E-029   6.0862E-021   6.3807E-013   1.0186E-005   9.9999E-001
    1.089201E+04   1.8806E-028   5.9224E-020   3.1493E-012   1.4785E-005   9.9999E-001
    1.156176E+04   1.0597E-026   2.2515E-018   4.6784E-011   4.4531E-005   9.9996E-001
    1.227269E+04   3.2177E-024   4.1549E-016   2.7455E-009   4.2064E-004   9.9958E-001
    1.302734E+04   1.1973E-021   9.5059E-014   2.0857E-007   5.1870E-003   9.9481E-001
    1.382861E+04   6.1708E-019   3.0657E-011   2.1514E-005   7.4972E-002   9.2501E-001
    1.462901E+04   3.0672E-015   6.8030E-008   7.0322E-003   8.8410E-001   1.0886E-001
    1.525056E+04   2.6925E-011   1.5434E-004   6.8365E-001   3.1618E-001   1.6923E-005
    1.570852E+04   9.1896E-009   8.6247E-003   9.9065E-001   7.2184E-004   6.3667E-012
    1.603933E+04   1.0336E-006   1.8367E-001   8.1633E-001   1.7089E-006   6.0241E-018
    1.626493E+04   3.2417E-005   9.0759E-001   9.2375E-002   1.6450E-010   4.4417E-026
    1.642900E+04   2.0611E-004   9.9736E-001   2.4326E-003   3.3009E-015   5.7397E-035
    1.655927E+04   9.6347E-004   9.9896E-001   7.2953E-005   9.2481E-020   1.2865E-043
    1.666808E+04   3.9044E-003   9.9609E-001   2.8487E-006   5.4711E-024   1.6786E-051
    1.676387E+04   1.2470E-002   9.8753E-001   1.7257E-007   1.1349E-027   7.5389E-058
    1.685344E+04   2.8688E-002   9.7131E-001   1.8798E-008   1.2434E-030   1.2459E-060
    1.694048E+04   5.2130E-002   9.4787E-001   3.4210E-009   6.4372E-033   3.3480E-061
    1.702877E+04   8.3939E-002   9.1606E-001   8.4032E-010   8.7119E-035   1.1007E-061
    1.712364E+04   1.2735E-001   8.7265E-001   2.3635E-010   1.8871E-036   3.8353E-062
    1.723140E+04   1.8852E-001   8.1148E-001   6.7165E-011   4.5347E-038   1.2727E-062
    1.736849E+04   2.8302E-001   7.1698E-001   1.5878E-011   7.0160E-040   3.4052E-063
    1.764428E+04   5.0129E-001   4.9871E-001   1.1531E-012   4.9660E-043   2.8601E-064
    1.825185E+04   8.6090E-001   1.3910E-001   4.9901E-015   5.0345E-049   1.3918E-066
    1.898577E+04   9.7329E-001   2.6708E-002   1.5774E-017   3.3449E-054   4.7521E-069
    1.978625E+04   9.9351E-001   6.4895E-003   1.1689E-019   7.0823E-055   3.7830E-071
    2.065037E+04   9.9781E-001   2.1915E-003   2.4954E-021   2.7944E-055   9.0042E-073
    2.155095E+04   9.9907E-001   9.2938E-004   2.1871E-022   2.5628E-055   1.2819E-073
    2.245768E+04   9.9925E-001   7.5349E-004   2.8936E-022   8.8802E-055   2.6504E-073
    2.340027E+04   9.9869E-001   1.3051E-003   1.1237E-021   4.6274E-054   1.1883E-072
    2.441765E+04   9.9664E-001   3.3579E-003   4.8879E-021   2.0748E-053   5.7873E-072
    2.552663E+04   9.8976E-001   1.0241E-002   2.7765E-020   8.9061E-053   3.5551E-071
    2.678810E+04   9.6106E-001   3.8943E-002   3.5575E-019   4.9667E-052   4.5405E-070
    2.832661E+04   8.7591E-001   1.2409E-001   6.0860E-018   1.9757E-051   7.6409E-069
    3.001704E+04   8.2806E-001   1.7194E-001   1.2500E-017   2.3395E-051   1.4781E-068
    3.165601E+04   7.6556E-001   2.3444E-001   2.9389E-017   3.3541E-051   2.4332E-068
    3.325288E+04   6.7384E-001   3.2616E-001   9.6223E-017   8.3386E-051   5.7972E-068
    3.484169E+04   5.7811E-001   4.2189E-001   2.8781E-016   1.8918E-050   1.4072E-067
    3.639765E+04   4.9050E-001   5.0950E-001   7.2324E-016   3.9495E-050   3.0728E-067
    3.790349E+04   4.0574E-001   5.9426E-001   1.6860E-015   8.4398E-050   6.4533E-067
    3.933015E+04   3.4875E-001   6.5125E-001   2.7799E-015   1.3330E-049   1.0083E-066
    4.064946E+04   3.0952E-001   6.9048E-001   3.6773E-015   1.7090E-049   1.3014E-066
    4.183748E+04   2.6250E-001   7.3750E-001   5.3900E-015   2.7147E-049   1.8677E-066
    4.295471E+04   2.1407E-001   7.8593E-001   8.1769E-015   4.9711E-049   2.8456E-066
    4.404536E+04   1.7259E-001   8.2741E-001   1.1462E-014   9.3213E-049   4.2144E-066
    4.514998E+04   1.4029E-001   8.5971E-001   1.4570E-014   1.7161E-048   6.0305E-066
    4.627877E+04   1.1702E-001   8.8298E-001   1.7753E-014   3.0575E-048   8.6478E-066
    4.742914E+04   9.9783E-002   9.0022E-001   2.3620E-014   5.6571E-048   1.3416E-065
    4.859884E+04   8.7488E-002   9.1251E-001   3.6237E-014   1.0981E-047   2.2441E-065
    4.979054E+04   7.9448E-002   9.2055E-001   6.1251E-014   2.2115E-047   3.8393E-065
    5.100851E+04   7.4820E-002   9.2518E-001   1.0574E-013   4.5511E-047   6.3901E-065
    5.225617E+04   7.2509E-002   9.2749E-001   1.7666E-013   9.4702E-047   1.0029E-064
    5.353554E+04   7.1242E-002   9.2876E-001   2.7818E-013   1.9772E-046   1.4646E-064
    5.484601E+04   6.9925E-002   9.3008E-001   4.0912E-013   4.0954E-046   1.9877E-064
    5.618429E+04   6.7798E-002   9.3220E-001   5.6330E-013   8.2817E-046   2.5256E-064
    5.754205E+04   6.4562E-002   9.3544E-001   7.3163E-013   1.6000E-045   3.0387E-064
    5.891132E+04   6.0553E-002   9.3945E-001   9.0331E-013   2.8863E-045   3.5018E-064
    6.027604E+04   5.6615E-002   9.4339E-001   1.0637E-012   4.7606E-045   3.8898E-064
    6.162485E+04   5.3414E-002   9.4659E-001   1.2002E-012   7.0715E-045   4.1910E-064
    6.293682E+04   5.1107E-002   9.4889E-001   1.3072E-012   9.5432E-045   4.4123E-064
    6.419493E+04   4.9608E-002   9.5039E-001   1.3855E-012   1.1864E-044   4.5708E-064
    6.537955E+04   4.8626E-002   9.5137E-001   1.4411E-012   1.3856E-044   4.6890E-064
    6.646379E+04   4.8144E-002   9.5186E-001   1.4767E-012   1.5386E-044   4.7717E-064
    6.743920E+04   4.8441E-002   9.5156E-001   1.4916E-012   1.6352E-044   4.8065E-064
    6.827833E+04   4.8833E-002   9.5117E-001   1.4973E-012   1.6951E-044   4.8212E-064
    6.898935E+04   4.9817E-002   9.5018E-001   1.4920E-012   1.7181E-044   4.7204E-064
    6.955810E+04   5.3027E-002   9.4697E-001   1.4655E-012   1.6858E-044   4.4055E-064
    6.978582E+04   5.5982E-002   9.4402E-001   1.4080E-012   1.5580E-044   3.9973E-064
    6.989995E+04   5.9713E-002   9.4029E-001   1.3078E-012   1.3454E-044   3.4961E-064
    6.995709E+04   6.4441E-002   9.3556E-001   1.1585E-012   1.0320E-044   2.9649E-064
    6.998568E+04   6.8886E-002   9.3111E-001   9.4299E-013   7.0624E-045   2.3449E-064
    6.999926E+04   7.4301E-002   9.2570E-001   7.1842E-013   4.4078E-045   1.7439E-064
    6.999997E+04   7.5235E-002   9.2477E-001   6.8128E-013   4.0745E-045   1.6518E-064
#TIME:     0.733
#NVEL: 115
#vel_mid[km/s]           c0           c1           c2           c3           c4
    8.772128E+02   7.4398E-024   1.8135E-016   6.8393E-010   1.7335E-004   9.9983E-001
    8.821279E+02   7.4398E-024   1.8135E-016   6.8393E-010   1.7335E-004   9.9983E-001
    8.970391E+02   7.4399E-024   1.8136E-016   6.8394E-010   1.7335E-004   9.9983E-001
    9.276219E+02   7.4403E-024   1.8137E-016   6.8396E-010   1.7335E-004   9.9983E-001
    9.834559E+02   7.4405E-024   1.8137E-016   6.8397E-010   1.7335E-004   9.9983E-001
    1.043937E+03   7.4359E-024   1.8127E-016   6.8370E-010   1.7332E-004   9.9983E-001
    1.108129E+03   7.4116E-024   1.8073E-016   6.8220E-010   1.7317E-004   9.9983E-001
    1.176267E+03   7.3555E-024   1.7936E-016   6.7832E-010   1.7279E-004   9.9983E-001
    1.248596E+03   7.2360E-024   1.7634E-016   6.6957E-010   1.7194E-004   9.9983E-001
    1.325372E+03   6.2336E-024   1.5389E-016   6.0631E-010   1.6531E-004   9.9983E-001
    1.406869E+03   2.1694E-024   6.0385E-017   3.1096E-010   1.2851E-004   9.9987E-001
    1.493377E+03   4.4760E-025   1.5199E-017   1.1885E-010   9.3545E-005   9.9991E-001
    1.585205E+03   1.4658E-025   5.8316E-018   6.1820E-011   7.7075E-005   9.9992E-001
    1.682679E+03   6.4603E-026   2.9009E-018   3.8608E-011   6.7693E-005   9.9993E-001
    1.786147E+03   2.6313E-026   1.3406E-018   2.3062E-011   5.9589E-005   9.9994E-001
    1.895977E+03   9.3646E-027   5.5670E-019   1.2911E-011   5.1903E-005   9.9995E-001
    2.012561E+03   3.4110E-027   2.3650E-019   7.3813E-012   4.5737E-005   9.9995E-001
    2.136313E+03   1.0910E-027   9.0577E-020   3.9663E-012   3.9865E-005   9.9996E-001
    2.267674E+03   3.3618E-028   3.4219E-020   2.1174E-012   3.4415E-005   9.9997E-001
    2.407114E+03   9.5280E-029   1.2138E-020   1.0890E-012   2.9422E-005   9.9997E-001
    2.555127E+03   2.8803E-029   4.5346E-021   5.8154E-013   2.5459E-005   9.9997E-001
    2.712241E+03   1.2037E-029   2.2171E-021   3.6920E-013   2.2898E-005   9.9998E-001
    2.879017E+03   6.2821E-030   1.3092E-021   2.6391E-013   2.1066E-005   9.9998E-001
    3.056048E+03   3.7184E-030   8.7086E-022   2.0228E-013   1.9444E-005   9.9998E-001
    3.243964E+03   2.6562E-030   6.8603E-022   1.7158E-013   1.8133E-005   9.9998E-001
    3.443435E+03   2.2375E-030   6.2440E-022   1.5895E-013   1.7095E-005   9.9998E-001
    3.655171E+03   2.0833E-030   6.2375E-022   1.5574E-013   1.6122E-005   9.9998E-001
    3.879927E+03   1.9031E-030   6.2756E-022   1.5244E-013   1.4767E-005   9.9999E-001
    4.118504E+03   2.0060E-030   7.0508E-022   1.6094E-013   1.3771E-005   9.9999E-001
    4.371751E+03   2.5733E-030   8.7634E-022   1.8448E-013   1.4056E-005   9.9999E-001
    4.640569E+03   2.0167E-030   7.1626E-022   1.6210E-013   1.3651E-005   9.9999E-001
    4.925917E+03   1.0874E-030   4.4215E-022   1.1815E-013   1.2200E-005   9.9999E-001
    5.228812E+03   6.1912E-031   2.8667E-022   8.8791E-014   1.0903E-005   9.9999E-001
    5.550331E+03   4.8383E-031   2.3754E-022   7.8404E-014   1.0340E-005   9.9999E-001
    5.891620E+03   4.3722E-031   2.2313E-022   7.4907E-014   9.9207E-006   9.9999E-001
    6.253896E+03   4.1341E-031   2.1961E-022   7.3578E-014   9.4612E-006   9.9999E-001
    6.638447E+03   4.1766E-031   2.2706E-022   7.4717E-014   9.1643E-006   9.9999E-001
    7.046645E+03   4.4394E-031   2.4531E-022   7.8050E-014   8.9097E-006   9.9999E-001
    7.479943E+03   4.6714E-031   2.6922E-022   8.2018E-014   8.3745E-006   9.9999E-001
    7.939884E+03   5.3117E-031   3.1642E-022   9.0210E-014   7.9025E-006   9.9999E-001
    8.428107E+03   6.9977E-031   4.1507E-022   1.0704E-013   7.7369E-006   9.9999E-001
    8.946351E+03   1.0923E-030   6.3642E-022   1.4093E-013   7.6166E-006   9.9999E-001
    9.496461E+03   2.4423E-030   1.3497E-021   2.3158E-013   7.7149E-006   9.9999E-001
    1.008040E+04   9.9085E-030   4.7634E-021   5.4589E-013   8.7336E-006   9.9999E-001
    1.070024E+04   9.7365E-029   3.7060E-020   2.3224E-012   1.2460E-005   9.9999E-001
    1.135820E+04   3.7613E-027   1.0057E-018   2.6907E-011   3.3820E-005   9.9997E-001
    1.205661E+04   8.8894E-025   1.4738E-016   1.3093E-009   2.8364E-004   9.9972E-001
    1.279797E+04   5.3433E-022   5.2131E-014   1.4020E-007   4.2608E-003   9.9574E-001
    1.358477E+04   3.5213E-019   2.0867E-011   1.7112E-005   6.7920E-002   9.3206E-001
    1.437244E+04   6.8288E-016   2.0800E-008   3.3685E-003   7.8678E-001   2.0985E-001
    1.500937E+04   1.7461E-012   1.8801E-005   2.5699E-001   7.4254E-001   4.5155E-004
    1.552878E+04   1.1454E-009   2.3906E-003   9.9201E-001   5.6042E-003   6.9756E-010
    1.591273E+04   1.4373E-007   5.7903E-002   9.4208E-001   1.6043E-005   8.3547E-016
    1.617011E+04   9.6737E-006   6.7243E-001   3.2757E-001   8.6582E-009   7.8789E-023
    1.634952E+04   8.6724E-005   9.8870E-001   1.1209E-002   2.3264E-013   1.4477E-031
    1.648696E+04   5.5884E-004   9.9924E-001   1.9850E-004   1.5304E-018   2.2792E-041
    1.659878E+04   3.0615E-003   9.9693E-001   3.9833E-006   1.2537E-023   5.1713E-051
    1.669545E+04   1.1494E-002   9.8851E-001   1.6550E-007   8.3381E-028   1.1458E-058
    1.678508E+04   2.7869E-002   9.7213E-001   1.5772E-008   6.0626E-031   1.1297E-060
    1.687250E+04   5.1451E-002   9.4855E-001   2.7637E-009   2.8021E-033   2.8907E-061
    1.696111E+04   8.3319E-002   9.1668E-001   6.7089E-010   3.6650E-035   9.2508E-062
    1.705636E+04   1.2729E-001   8.7271E-001   1.8551E-010   7.5566E-037   3.1427E-062
    1.716416E+04   1.8931E-001   8.1069E-001   5.1951E-011   1.7394E-038   1.0271E-062
    1.730537E+04   2.8844E-001   7.1156E-001   1.1576E-011   2.2760E-040   2.5894E-063
    1.760745E+04   5.3173E-001   4.6827E-001   6.3203E-013   7.5700E-044   1.6376E-064
    1.821538E+04   8.7786E-001   1.2214E-001   2.3978E-015   5.9847E-050   6.9317E-067
    1.893451E+04   9.7802E-001   2.1982E-002   6.3772E-018   2.3782E-054   1.9706E-069
    1.971244E+04   9.9549E-001   4.5128E-003   2.8174E-020   4.7885E-055   9.1931E-072
    2.054375E+04   9.9886E-001   1.1407E-003   2.3358E-022   1.2027E-055   7.9576E-074
    2.140728E+04   9.9969E-001   3.1301E-004   2.8484E-024   3.2950E-056   1.0237E-075
    2.226561E+04   9.9988E-001   1.1617E-004   1.6405E-025   1.2387E-056   1.1371E-076
    2.313428E+04   9.9991E-001   9.0486E-005   3.6890E-025   1.0202E-056   4.3657E-076
    2.404497E+04   9.9979E-001   2.0933E-004   2.0693E-024   2.6549E-056   2.7161E-075
    2.500523E+04   9.9921E-001   7.8587E-004   1.5126E-023   1.1691E-055   1.9961E-074
    2.604263E+04   9.9618E-001   3.8247E-003   2.6160E-022   7.1394E-055   3.0253E-073
    2.724271E+04   9.7713E-001   2.2872E-002   1.4050E-020   5.9095E-054   1.5898E-071
    2.880103E+04   9.0922E-001   9.0782E-002   4.7233E-019   3.0566E-053   6.2594E-070
    3.057189E+04   8.6506E-001   1.3494E-001   1.2608E-018   4.4926E-053   1.6334E-069
    3.239972E+04   7.8211E-001   2.1789E-001   5.9180E-018   5.3528E-053   4.8568E-069
    3.417455E+04   6.8187E-001   3.1813E-001   2.5953E-017   8.8016E-053   1.5204E-068
    3.587716E+04   5.8487E-001   4.1513E-001   8.7334E-017   1.7981E-052   4.1276E-068
    3.749452E+04   4.8906E-001   5.1094E-001   2.6108E-016   4.5502E-052   1.0542E-067
    3.901907E+04   4.1669E-001   5.8331E-001   5.5753E-016   9.7143E-052   2.0501E-067
    4.041392E+04   3.6924E-001   6.3076E-001   8.4542E-016   1.5259E-051   2.9515E-067
    4.166067E+04   3.1592E-001   6.8408E-001   1.3528E-015   2.9439E-051   4.4989E-067
    4.282033E+04   2.5846E-001   7.4154E-001   2.2269E-015   7.2216E-051   7.2047E-067
    4.393802E+04   2.0758E-001   7.9242E-001   3.2906E-015   1.8882E-050   1.0909E-066
    4.506444E+04   1.6697E-001   8.3303E-001   4.2592E-015   4.8880E-050   1.5704E-066
    4.621047E+04   1.3727E-001   8.6273E-001   5.1917E-015   1.2039E-049   2.3191E-066
    4.737662E+04   1.1511E-001   8.8489E-001   7.1120E-015   3.0622E-049   3.9603E-066
    4.855943E+04   9.9165E-002   9.0084E-001   1.2130E-014   8.1486E-049   7.8189E-066
    4.976293E+04   8.8551E-002   9.1145E-001   2.4287E-014   2.2385E-048   1.6249E-065
    5.099069E+04   8.2137E-002   9.1786E-001   5.0461E-014   6.2273E-048   3.2636E-065
    5.224631E+04   7.8474E-002   9.2153E-001   9.9894E-014   1.7303E-047   6.0381E-065
    5.353171E+04   7.6063E-002   9.2394E-001   1.8132E-013   4.7476E-047   1.0094E-064
    5.484612E+04   7.3730E-002   9.2627E-001   2.9841E-013   1.2666E-046   1.5238E-064
    5.618687E+04   7.0727E-002   9.2927E-001   4.4768E-013   3.2193E-046   2.0981E-064
    5.754538E+04   6.6784E-002   9.3322E-001   6.1951E-013   7.5888E-046   2.6758E-064
    5.891516E+04   6.2222E-002   9.3778E-001   8.0101E-013   1.6193E-045   3.2128E-064
    6.027894E+04   5.7874E-002   9.4213E-001   9.7479E-013   3.0582E-045   3.6695E-064
    6.162742E+04   5.4369E-002   9.4563E-001   1.1262E-012   5.0520E-045   4.0276E-064
    6.293850E+04   5.1843E-002   9.4816E-001   1.2471E-012   7.3885E-045   4.2918E-064
