#NTIMES: 200
#NSTAGES: 7
#TIMES[d]: 0.9869 1.0089 1.0313 1.0543 1.0778 1.1018 1.1263 1.1514 1.1771 1.2033 1.2301 1.2575 1.2855 1.3142 1.3434 1.3734 1.4039 1.4352 1.4672 1.4999 1.5333 1.5674 1.6024 1.6381 1.6745 1.7118 1.7500 1.7890 1.8288 1.8696 1.9112 1.9538 1.9973 2.0418 2.0873 2.1338 2.1813 2.2299 2.2796 2.3303 2.3823 2.4353 2.4896 2.5450 2.6017 2.6597 2.7189 2.7795 2.8414 2.9047 2.9694 3.0356 3.1032 3.1723 3.2430 3.3152 3.3891 3.4646 3.5417 3.6206 3.7013 3.7837 3.8680 3.9542 4.0423 4.1323 4.2244 4.3185 4.4147 4.5130 4.6135 4.7163 4.8214 4.9288 5.0386 5.1508 5.2655 5.3828 5.5028 5.6253 5.7506 5.8787 6.0097 6.1436 6.2804 6.4203 6.5633 6.7096 6.8590 7.0118 7.1680 7.3277 7.4909 7.6578 7.8284 8.0028 8.1810 8.3633 8.5496 8.7400 8.9347 9.1337 9.3372 9.5452 9.7578 9.9752 10.1974 10.4246 10.6568 10.8942 11.1368 11.3849 11.6385 11.8978 12.1628 12.4338 12.7108 12.9939 13.2834 13.5793 13.8818 14.1910 14.5071 14.8303 15.1606 15.4983 15.8436 16.1965 16.5573 16.9261 17.3032 17.6886 18.0827 18.4855 18.8973 19.3182 19.7486 20.1885 20.6382 21.0979 21.5679 22.0484 22.5395 23.0416 23.5549 24.0796 24.6160 25.1644 25.7249 26.2980 26.8838 27.4826 28.0949 28.7207 29.3605 30.0145 30.6831 31.3666 32.0654 32.7796 33.5098 34.2563 35.0194 35.7995 36.5970 37.4122 38.2456 39.0976 39.9685 40.8589 41.7690 42.6995 43.6507 44.6230 45.6171 46.6332 47.6720 48.7340 49.8196 50.9294 52.0639 53.2236 54.4093 55.6213 56.8603 58.1269 59.4218 60.7455 62.0986 63.4819 64.8961 66.3417 67.8195 69.3303 70.8747 72.4535 74.0675 75.7174 77.4041 79.1284
#
#TIME: 0.9869
#NVEL: 115
#vel_mid[km/s] na0 na1 na2 na3 na4 na5 na6
4.4010e+02 7.7949e-28 1.0931e-19 7.3060e-12 8.7326e-06 4.9507e-02 9.4475e-01 5.7291e-03
8.8623e+02 6.6404e-19 1.0952e-12 8.6084e-07 1.2101e-02 8.0681e-01 1.8107e-01 1.2914e-05
9.0614e+02 6.6280e-19 1.0936e-12 8.6001e-07 1.2095e-02 8.0675e-01 1.8114e-01 1.2924e-05
9.4442e+02 6.6282e-19 1.0937e-12 8.6002e-07 1.2095e-02 8.0675e-01 1.8114e-01 1.2924e-05
9.9911e+02 6.6155e-19 1.0917e-12 8.5880e-07 1.2084e-02 8.0662e-01 1.8128e-01 1.2949e-05
1.0608e+03 6.5644e-19 1.0842e-12 8.5412e-07 1.2044e-02 8.0614e-01 1.8180e-01 1.3040e-05
1.1257e+03 6.4620e-19 1.0673e-12 8.4272e-07 1.1939e-02 8.0477e-01 1.8328e-01 1.3307e-05
1.1944e+03 6.0623e-19 1.0036e-12 8.0058e-07 1.1553e-02 7.9967e-01 1.8876e-01 1.4322e-05
1.2673e+03 4.6426e-19 7.7735e-13 6.4729e-07 1.0078e-02 7.7753e-01 2.1237e-01 1.9273e-05
1.3448e+03 1.4970e-19 2.6480e-13 2.6267e-07 5.5698e-03 6.6651e-01 3.2786e-01 6.1108e-05
1.4269e+03 1.3335e-20 2.6625e-14 3.6617e-08 1.4066e-03 3.9366e-01 6.0448e-01 4.5223e-04
1.5140e+03 7.9907e-22 1.8732e-15 3.5805e-09 2.5265e-04 1.6896e-01 8.2825e-01 2.5363e-03
1.6065e+03 7.0807e-23 1.9597e-16 4.8986e-10 5.6192e-05 7.5069e-02 9.1645e-01 8.4208e-03
1.7047e+03 8.1762e-24 2.6291e-17 8.2053e-11 1.4260e-05 3.4802e-02 9.4259e-01 2.2595e-02
1.8088e+03 8.1142e-25 3.0894e-18 1.2104e-11 3.2298e-06 1.4821e-02 9.2481e-01 6.0361e-02
1.9193e+03 6.3698e-26 2.9796e-19 1.4990e-12 6.2788e-07 5.6118e-03 8.3915e-01 1.5524e-01
2.0365e+03 3.8302e-27 2.2663e-20 1.4894e-13 9.8926e-08 1.7638e-03 6.4906e-01 3.4917e-01
2.1609e+03 1.7064e-28 1.3137e-21 1.1496e-14 1.2098e-08 4.3270e-04 3.9173e-01 6.0784e-01
2.2929e+03 5.9854e-30 6.1471e-23 7.3097e-16 1.2090e-09 8.5991e-05 1.8761e-01 8.1231e-01
2.4330e+03 2.0609e-31 2.8095e-24 4.5153e-17 1.1372e-10 1.5655e-05 7.9525e-02 9.2046e-01
2.5816e+03 1.0620e-32 1.8512e-25 3.8755e-18 1.3840e-11 3.3705e-06 3.5604e-02 9.6439e-01
2.7393e+03 1.0799e-33 2.2886e-26 5.9243e-19 2.7516e-12 1.0350e-06 1.9056e-02 9.8094e-01
2.9067e+03 2.2374e-34 5.5127e-27 1.6786e-19 9.4023e-13 4.7464e-07 1.2617e-02 9.8738e-01
3.0842e+03 9.4457e-35 2.6109e-27 8.9476e-20 5.6737e-13 3.3344e-07 1.0516e-02 9.8948e-01
3.2726e+03 8.6389e-35 2.5603e-27 9.3514e-20 6.2495e-13 3.6719e-07 1.1171e-02 9.8883e-01
3.4725e+03 1.5262e-34 4.6435e-27 1.7199e-19 1.1333e-12 5.8559e-07 1.4482e-02 9.8552e-01
3.6846e+03 4.8752e-34 1.4837e-26 5.4057e-19 3.3177e-12 1.3381e-06 2.2800e-02 9.7720e-01
3.9097e+03 2.1749e-33 6.6902e-26 2.4186e-18 1.3458e-11 3.9323e-06 4.1137e-02 9.5886e-01
4.1484e+03 9.6350e-33 2.8752e-25 9.9502e-18 4.8470e-11 1.0376e-05 6.9306e-02 9.3068e-01
4.4019e+03 2.3821e-32 6.6838e-25 2.1633e-17 9.4671e-11 1.6955e-05 8.9523e-02 9.1046e-01
4.6708e+03 1.6122e-32 4.7076e-25 1.5881e-17 7.3288e-11 1.4124e-05 8.1563e-02 9.1842e-01
4.9561e+03 5.2441e-33 1.7667e-25 6.8947e-18 3.7569e-11 8.8645e-06 6.4507e-02 9.3548e-01
5.2588e+03 1.9395e-33 7.5027e-26 3.3679e-18 2.1375e-11 6.0107e-06 5.3079e-02 9.4692e-01
5.5800e+03 1.2341e-33 5.1317e-26 2.4768e-18 1.6928e-11 5.1413e-06 4.9149e-02 9.5085e-01
5.9209e+03 1.2518e-33 5.4236e-26 2.7205e-18 1.8966e-11 5.6788e-06 5.2100e-02 9.4789e-01
6.2825e+03 1.7136e-33 7.6277e-26 3.9128e-18 2.6927e-11 7.4829e-06 6.0656e-02 9.3934e-01
6.6663e+03 2.9766e-33 1.3244e-25 6.7544e-18 4.4285e-11 1.0933e-05 7.4372e-02 9.2562e-01
7.0735e+03 6.8128e-33 2.9896e-25 1.4925e-17 9.0171e-11 1.8690e-05 9.8828e-02 9.0115e-01
7.5056e+03 2.1363e-32 9.3389e-25 4.5877e-17 2.4773e-10 4.0063e-05 1.4722e-01 8.5274e-01
7.9641e+03 9.2801e-32 3.9502e-24 1.8575e-16 8.5097e-10 9.9986e-05 2.3277e-01 7.6713e-01
8.4505e+03 5.7025e-31 2.2603e-23 9.6682e-16 3.5044e-09 2.7648e-04 3.7181e-01 6.2791e-01
8.9668e+03 6.2639e-30 2.2492e-22 8.3466e-15 2.1460e-08 9.6589e-04 6.0154e-01 3.9749e-01
9.5145e+03 1.5590e-28 4.8823e-21 1.4417e-13 2.1814e-07 4.2734e-03 8.5461e-01 1.4112e-01
1.0096e+04 1.2013e-26 3.1217e-19 6.2721e-12 4.2254e-06 2.4640e-02 9.5414e-01 2.1213e-02
1.0712e+04 5.9263e-24 1.2750e-16 1.3356e-09 2.5583e-04 2.3754e-01 7.6141e-01 7.9302e-04
1.1367e+04 1.3203e-20 2.3887e-13 7.4959e-07 1.8479e-02 9.2448e-01 5.7042e-02 4.5359e-07
1.2062e+04 7.8040e-17 1.2950e-09 5.6223e-04 6.1566e-01 3.8372e-01 6.2171e-05 3.0845e-13
1.2794e+04 6.0351e-14 9.9180e-07 3.7524e-02 9.5939e-01 3.0874e-03 3.8438e-10 2.4773e-22
1.3528e+04 1.3346e-11 2.2251e-04 6.6094e-01 3.3883e-01 4.6169e-06 3.2289e-16 1.7946e-32
1.4194e+04 3.6882e-10 6.1685e-03 9.8807e-01 5.7602e-03 1.5356e-10 2.0045e-24 2.8026e-45
1.4758e+04 1.0908e-08 1.9009e-01 8.0989e-01 1.7851e-05 2.0071e-16 5.4555e-35 0.0000e+00
1.5240e+04 6.6686e-08 9.5380e-01 4.6205e-02 1.1899e-09 1.2240e-24 0.0000e+00 0.0000e+00
1.5647e+04 9.9901e-08 9.9962e-01 3.8386e-04 7.2055e-15 3.7628e-34 0.0000e+00 0.0000e+00
1.5960e+04 1.6659e-07 1.0000e+00 1.5833e-06 8.5317e-21 7.0065e-45 0.0000e+00 0.0000e+00
1.6187e+04 2.8666e-07 1.0000e+00 2.8927e-09 1.2731e-27 0.0000e+00 0.0000e+00 0.0000e+00
1.6354e+04 4.9668e-07 1.0000e+00 2.2757e-12 2.1505e-35 0.0000e+00 0.0000e+00 0.0000e+00
1.6484e+04 8.9330e-07 1.0000e+00 7.4932e-16 3.7835e-44 0.0000e+00 0.0000e+00 0.0000e+00
1.6593e+04 1.3897e-06 1.0000e+00 4.3425e-19 0.0000e+00 0.0000e+00 0.0000e+00 0.0000e+00
1.6692e+04 1.8819e-06 1.0000e+00 1.1047e-21 0.0000e+00 0.0000e+00 0.0000e+00 0.0000e+00
1.6788e+04 2.1566e-06 1.0000e+00 1.3650e-23 0.0000e+00 0.0000e+00 0.0000e+00 0.0000e+00
1.6888e+04 2.3474e-06 1.0000e+00 4.8560e-25 0.0000e+00 0.0000e+00 0.0000e+00 0.0000e+00
1.6999e+04 2.5574e-06 1.0000e+00 2.7149e-26 0.0000e+00 0.0000e+00 0.0000e+00 0.0000e+00
1.7146e+04 2.8258e-06 1.0000e+00 1.5822e-27 0.0000e+00 0.0000e+00 0.0000e+00 0.0000e+00
1.7416e+04 3.3998e-06 1.0000e+00 2.7378e-29 0.0000e+00 0.0000e+00 0.0000e+00 0.0000e+00
1.7888e+04 5.2532e-06 9.9999e-01 2.3393e-32 0.0000e+00 0.0000e+00 0.0000e+00 0.0000e+00
1.8532e+04 9.2585e-06 9.9999e-01 1.1691e-35 0.0000e+00 0.0000e+00 0.0000e+00 0.0000e+00
1.9260e+04 1.5103e-05 9.9998e-01 9.7289e-39 0.0000e+00 0.0000e+00 0.0000e+00 0.0000e+00
2.0034e+04 2.2780e-05 9.9998e-01 1.1523e-41 0.0000e+00 0.0000e+00 0.0000e+00 0.0000e+00
2.0838e+04 3.2722e-05 9.9997e-01 2.3822e-44 0.0000e+00 0.0000e+00 0.0000e+00 0.0000e+00
2.1648e+04 4.5958e-05 9.9995e-01 0.0000e+00 0.0000e+00 0.0000e+00 0.0000e+00 0.0000e+00
2.2448e+04 5.9484e-05 9.9994e-01 0.0000e+00 0.0000e+00 0.0000e+00 0.0000e+00 0.0000e+00
2.3246e+04 7.3749e-05 9.9993e-01 0.0000e+00 0.0000e+00 0.0000e+00 0.0000e+00 0.0000e+00
2.4052e+04 9.0487e-05 9.9991e-01 0.0000e+00 0.0000e+00 0.0000e+00 0.0000e+00 0.0000e+00
2.4868e+04 1.0695e-04 9.9989e-01 0.0000e+00 0.0000e+00 0.0000e+00 0.0000e+00 0.0000e+00
2.5699e+04 1.1767e-04 9.9988e-01 0.0000e+00 0.0000e+00 0.0000e+00 0.0000e+00 0.0000e+00
2.6588e+04 1.1991e-04 9.9988e-01 0.0000e+00 0.0000e+00 0.0000e+00 0.0000e+00 0.0000e+00
2.7638e+04 1.2236e-04 9.9988e-01 0.0000e+00 0.0000e+00 0.0000e+00 0.0000e+00 0.0000e+00
2.8987e+04 1.2958e-04 9.9987e-01 0.0000e+00 0.0000e+00 0.0000e+00 0.0000e+00 0.0000e+00
3.0652e+04 6.4810e-05 9.9994e-01 0.0000e+00 0.0000e+00 0.0000e+00 0.0000e+00 0.0000e+00
3.2516e+04 1.8633e-05 9.9998e-01 0.0000e+00 0.0000e+00 0.0000e+00 0.0000e+00 0.0000e+00
3.4459e+04 3.8051e-06 1.0000e+00 0.0000e+00 0.0000e+00 0.0000e+00 0.0000e+00 0.0000e+00
3.6371e+04 1.1466e-06 1.0000e+00 0.0000e+00 0.0000e+00 0.0000e+00 0.0000e+00 0.0000e+00
3.8150e+04 5.0558e-07 1.0000e+00 0.0000e+00 0.0000e+00 0.0000e+00 0.0000e+00 0.0000e+00
3.9750e+04 3.3976e-07 1.0000e+00 0.0000e+00 0.0000e+00 0.0000e+00 0.0000e+00 0.0000e+00
4.1174e+04 3.0133e-07 1.0000e+00 0.0000e+00 0.0000e+00 0.0000e+00 0.0000e+00 0.0000e+00
4.2468e+04 3.4367e-07 1.0000e+00 0.0000e+00 0.0000e+00 0.0000e+00 0.0000e+00 0.0000e+00
4.3688e+04 5.0313e-07 1.0000e+00 0.0000e+00 0.0000e+00 0.0000e+00 0.0000e+00 0.0000e+00
4.4884e+04 8.4577e-07 1.0000e+00 0.0000e+00 0.0000e+00 0.0000e+00 0.0000e+00 0.0000e+00
4.6084e+04 1.3657e-06 1.0000e+00 0.0000e+00 0.0000e+00 0.0000e+00 0.0000e+00 0.0000e+00
4.7294e+04 1.1953e-06 1.0000e+00 0.0000e+00 0.0000e+00 0.0000e+00 0.0000e+00 0.0000e+00
4.8516e+04 9.2315e-07 1.0000e+00 0.0000e+00 0.0000e+00 0.0000e+00 0.0000e+00 0.0000e+00
4.9754e+04 6.9883e-07 1.0000e+00 0.0000e+00 0.0000e+00 0.0000e+00 0.0000e+00 0.0000e+00
5.1012e+04 5.1976e-07 1.0000e+00 0.0000e+00 0.0000e+00 0.0000e+00 0.0000e+00 0.0000e+00
5.2292e+04 3.8429e-07 1.0000e+00 0.0000e+00 0.0000e+00 0.0000e+00 0.0000e+00 0.0000e+00
5.3596e+04 2.8333e-07 1.0000e+00 0.0000e+00 0.0000e+00 0.0000e+00 0.0000e+00 0.0000e+00
5.4921e+04 2.0869e-07 1.0000e+00 0.0000e+00 0.0000e+00 0.0000e+00 0.0000e+00 0.0000e+00
5.6265e+04 1.5358e-07 1.0000e+00 0.0000e+00 0.0000e+00 0.0000e+00 0.0000e+00 0.0000e+00
5.7622e+04 1.1303e-07 1.0000e+00 0.0000e+00 0.0000e+00 0.0000e+00 0.0000e+00 0.0000e+00
5.8985e+04 8.3530e-08 1.0000e+00 0.0000e+00 0.0000e+00 0.0000e+00 0.0000e+00 0.0000e+00
6.0341e+04 6.2026e-08 1.0000e+00 0.0000e+00 0.0000e+00 0.0000e+00 0.0000e+00 0.0000e+00
6.1676e+04 4.6575e-08 1.0000e+00 0.0000e+00 0.0000e+00 0.0000e+00 0.0000e+00 0.0000e+00
6.2975e+04 3.5352e-08 1.0000e+00 0.0000e+00 0.0000e+00 0.0000e+00 0.0000e+00 0.0000e+00
6.4219e+04 2.7280e-08 1.0000e+00 0.0000e+00 0.0000e+00 0.0000e+00 0.0000e+00 0.0000e+00
6.5388e+04 2.1482e-08 1.0000e+00 0.0000e+00 0.0000e+00 0.0000e+00 0.0000e+00 0.0000e+00
6.6461e+04 1.7307e-08 1.0000e+00 0.0000e+00 0.0000e+00 0.0000e+00 0.0000e+00 0.0000e+00
6.7422e+04 1.4310e-08 1.0000e+00 0.0000e+00 0.0000e+00 0.0000e+00 0.0000e+00 0.0000e+00
6.8257e+04 1.2164e-08 1.0000e+00 0.0000e+00 0.0000e+00 0.0000e+00 0.0000e+00 0.0000e+00
6.8960e+04 1.0629e-08 1.0000e+00 0.0000e+00 0.0000e+00 0.0000e+00 0.0000e+00 0.0000e+00
6.9475e+04 9.5431e-09 1.0000e+00 0.0000e+00 0.0000e+00 0.0000e+00 0.0000e+00 0.0000e+00
6.9758e+04 9.1111e-09 1.0000e+00 0.0000e+00 0.0000e+00 0.0000e+00 0.0000e+00 0.0000e+00
6.9886e+04 8.9914e-09 1.0000e+00 0.0000e+00 0.0000e+00 0.0000e+00 0.0000e+00 0.0000e+00
6.9950e+04 8.8182e-09 1.0000e+00 0.0000e+00 0.0000e+00 0.0000e+00 0.0000e+00 0.0000e+00
6.9982e+04 9.2760e-09 1.0000e+00 0.0000e+00 0.0000e+00 0.0000e+00 0.0000e+00 0.0000e+00
6.9996e+04 7.8883e-09 1.0000e+00 0.0000e+00 0.0000e+00 0.0000e+00 0.0000e+00 0.0000e+00
7.0000e+04 3.2628e-09 1.0000e+00 0.0000e+00 0.0000e+00 0.0000e+00 0.0000e+00 0.0000e+00
#
#TIME: 1.0089
#NVEL: 115
#vel_mid[km/s] na0 na1 na2 na3 na4 na5 na6
4.4010e+02 5.6553e-28 8.4548e-20 6.0263e-12 7.6846e-06 4.6496e-02 9.4736e-01 6.1362e-03
8.8623e+02 3.6869e-19 6.6123e-13 5.8489e-07 9.5893e-03 7.7233e-01 2.1806e-01 2.0277e-05
9.0614e+02 3.7370e-19 6.6989e-13 5.9131e-07 9.6575e-03 7.7355e-01 2.1677e-01 1.9974e-05
9.4442e+02 3.7312e-19 6.6891e-13 5.9059e-07 9.6500e-03 7.7342e-01 2.1691e-01 2.0007e-05
9.9911e+02 3.7475e-19 6.7168e-13 5.9261e-07 9.6712e-03 7.7379e-01 2.1652e-01 1.9914e-05
1.0608e+03 3.7020e-19 6.6425e-13 5.8734e-07 9.6170e-03 7.7286e-01 2.1750e-01 2.0142e-05
1.1257e+03 3.6581e-19 6.5621e-13 5.8115e-07 9.5493e-03 7.7161e-01 2.1882e-01 2.0459e-05
1.1944e+03 3.4179e-19 6.1467e-13 5.5016e-07 9.2153e-03 7.6545e-01 2.2531e-01 2.2054e-05
1.2673e+03 2.6373e-19 4.7939e-13 4.4678e-07 8.0450e-03 7.4113e-01 2.5080e-01 2.9131e-05
1.3448e+03 8.4095e-20 1.6143e-13 1.7857e-07 4.3610e-03 6.2005e-01 3.7550e-01 8.8885e-05
1.4269e+03 7.2682e-21 1.5744e-14 2.3998e-08 1.0544e-03 3.4776e-01 6.5058e-01 6.1027e-04
1.5140e+03 4.2354e-22 1.0789e-15 2.2774e-09 1.8309e-04 1.4365e-01 8.5292e-01 3.2502e-03
1.6065e+03 3.7436e-23 1.1273e-16 3.1038e-10 4.0408e-05 6.3047e-02 9.2641e-01 1.0508e-02
1.7047e+03 4.3375e-24 1.5195e-17 5.2142e-11 1.0250e-05 2.9098e-02 9.4319e-01 2.7704e-02
1.8088e+03 4.2824e-25 1.7806e-18 7.6685e-12 2.3098e-06 1.2300e-02 9.1492e-01 7.2777e-02
1.9193e+03 3.3070e-26 1.6939e-19 9.3732e-13 4.4239e-07 4.5781e-03 8.1308e-01 1.8234e-01
2.0365e+03 1.9212e-27 1.2474e-20 9.0233e-14 6.7405e-08 1.3892e-03 6.0543e-01 3.9318e-01
2.1609e+03 8.2897e-29 7.0034e-22 6.7414e-15 7.9488e-09 3.2743e-04 3.4935e-01 6.5032e-01
2.2929e+03 2.8880e-30 3.2487e-23 4.2401e-16 7.8143e-10 6.3658e-05 1.6255e-01 8.3738e-01
2.4330e+03 1.0057e-31 1.4989e-24 2.6392e-17 7.3678e-11 1.1553e-05 6.8223e-02 9.3177e-01
2.5816e+03 5.1591e-33 9.8427e-26 2.2612e-18 8.9418e-12 2.4788e-06 3.0398e-02 9.6960e-01
2.7393e+03 5.1943e-34 1.2073e-26 3.4379e-19 1.7689e-12 7.5826e-07 1.6222e-02 9.8378e-01
2.9067e+03 1.0632e-34 2.8780e-27 9.6599e-20 6.0006e-13 3.4586e-07 1.0706e-02 9.8929e-01
3.0842e+03 4.4370e-35 1.3490e-27 5.1030e-20 3.5927e-13 2.4158e-07 8.8952e-03 9.9110e-01
3.2726e+03 3.9962e-35 1.3040e-27 5.2628e-20 3.9124e-13 2.6380e-07 9.4070e-03 9.9059e-01
3.4725e+03 6.9485e-35 2.3293e-27 9.5376e-20 7.0066e-13 4.1682e-07 1.2136e-02 9.8786e-01
3.6846e+03 2.2254e-34 7.4526e-27 2.9962e-19 2.0513e-12 9.5256e-07 1.9115e-02 9.8088e-01
3.9097e+03 1.0215e-33 3.4454e-26 1.3689e-18 8.4801e-12 2.8396e-06 3.4791e-02 9.6521e-01
4.1484e+03 4.6905e-33 1.5297e-25 5.7962e-18 3.1347e-11 7.6442e-06 5.9351e-02 9.4064e-01
4.4019e+03 1.1745e-32 3.5978e-25 1.2736e-17 6.1832e-11 1.2591e-05 7.7094e-02 9.2289e-01
4.6708e+03 7.9571e-33 2.5364e-25 9.3581e-18 4.7892e-11 1.0490e-05 7.0204e-02 9.2979e-01
4.9561e+03 2.5857e-33 9.5102e-26 4.0594e-18 2.4521e-11 6.5735e-06 5.5412e-02 9.4458e-01
5.2588e+03 9.6203e-34 4.0611e-26 1.9929e-18 1.4007e-11 4.4684e-06 4.5619e-02 9.5438e-01
5.5800e+03 6.0435e-34 2.7447e-26 1.4495e-18 1.0987e-11 3.7944e-06 4.2068e-02 9.5793e-01
5.9209e+03 6.0914e-34 2.8831e-26 1.5828e-18 1.2249e-11 4.1762e-06 4.4517e-02 9.5548e-01
6.2825e+03 8.3336e-34 4.0514e-26 2.2741e-18 1.7380e-11 5.5021e-06 5.1852e-02 9.4814e-01
6.6663e+03 1.4457e-33 7.0243e-26 3.9198e-18 2.8564e-11 8.0384e-06 6.3637e-02 9.3635e-01
7.0735e+03 3.2976e-33 1.5804e-25 8.6354e-18 5.8069e-11 1.3740e-05 8.4706e-02 9.1528e-01
7.5056e+03 1.0403e-32 4.9654e-25 2.6695e-17 1.6062e-10 2.9660e-05 1.2711e-01 8.7286e-01
7.9641e+03 4.5675e-32 2.1223e-24 1.0925e-16 5.5844e-10 7.4961e-05 2.0364e-01 7.9629e-01
8.4505e+03 2.8581e-31 1.2362e-23 5.7914e-16 2.3460e-09 2.1165e-04 3.3250e-01 6.6729e-01
8.9668e+03 3.2515e-30 1.2728e-22 5.1761e-15 1.4898e-08 7.6756e-04 5.5922e-01 4.4001e-01
9.5145e+03 8.5005e-29 2.8942e-21 9.3658e-14 1.5874e-07 3.5588e-03 8.3261e-01 1.6383e-01
1.0096e+04 6.7238e-27 1.8913e-19 4.1663e-12 3.1470e-06 2.1015e-02 9.5364e-01 2.5342e-02
1.0712e+04 3.3518e-24 7.7886e-17 9.0019e-10 1.9457e-04 2.0840e-01 7.9041e-01 9.9618e-04
1.1367e+04 8.2388e-21 1.6070e-13 5.6118e-07 1.5734e-02 9.1653e-01 6.7731e-02 6.6186e-07
1.2062e+04 5.2799e-17 9.4121e-10 4.5813e-04 5.7596e-01 4.2350e-01 8.3727e-05 5.2306e-13
1.2794e+04 4.2965e-14 7.5791e-07 3.2424e-02 9.6385e-01 3.7230e-03 5.7952e-10 4.8507e-22
1.3528e+04 1.0346e-11 1.8509e-04 6.2467e-01 3.7514e-01 6.1988e-06 5.5024e-16 4.0481e-32
1.4194e+04 3.0099e-10 5.4011e-03 9.8780e-01 6.7964e-03 2.2196e-10 3.7332e-24 5.6052e-45
1.4758e+04 9.1156e-09 1.6945e-01 8.3053e-01 2.1922e-05 3.0879e-16 1.1193e-34 0.0000e+00
1.5240e+04 6.1426e-08 9.4422e-01 5.5778e-02 1.8733e-09 2.7092e-24 0.0000e+00 0.0000e+00
1.5647e+04 9.3944e-08 9.9954e-01 4.6296e-04 1.1211e-14 8.1414e-34 0.0000e+00 0.0000e+00
1.5960e+04 1.5418e-07 1.0000e+00 2.0292e-06 1.5358e-20 1.8217e-44 0.0000e+00 0.0000e+00
1.6187e+04 2.6430e-07 1.0000e+00 3.8291e-09 2.4851e-27 0.0000e+00 0.0000e+00 0.0000e+00
1.6354e+04 4.4654e-07 1.0000e+00 3.9405e-12 8.2225e-35 0.0000e+00 0.0000e+00 0.0000e+00
1.6484e+04 7.9103e-07 1.0000e+00 1.6056e-15 2.4943e-43 0.0000e+00 0.0000e+00 0.0000e+00
1.6593e+04 1.2765e-06 1.0000e+00 6.3606e-19 0.0000e+00 0.0000e+00 0.0000e+00 0.0000e+00
1.6692e+04 1.8638e-06 1.0000e+00 5.3859e-22 0.0000e+00 0.0000e+00 0.0000e+00 0.0000e+00
1.6788e+04 2.1078e-06 1.0000e+00 8.0112e-24 0.0000e+00 0.0000e+00 0.0000e+00 0.0000e+00
1.6888e+04 2.2608e-06 1.0000e+00 3.9480e-25 0.0000e+00 0.0000e+00 0.0000e+00 0.0000e+00
1.6999e+04 2.3351e-06 1.0000e+00 5.1788e-26 0.0000e+00 0.0000e+00 0.0000e+00 0.0000e+00
1.7146e+04 2.4715e-06 1.0000e+00 4.5906e-27 0.0000e+00 0.0000e+00 0.0000e+00 0.0000e+00
1.7416e+04 2.9638e-06 1.0000e+00 6.4249e-29 0.0000e+00 0.0000e+00 0.0000e+00 0.0000e+00
1.7888e+04 4.5544e-06 1.0000e+00 5.1237e-32 0.0000e+00 0.0000e+00 0.0000e+00 0.0000e+00
1.8532e+04 7.9695e-06 9.9999e-01 2.7757e-35 0.0000e+00 0.0000e+00 0.0000e+00 0.0000e+00
1.9260e+04 1.2763e-05 9.9999e-01 2.7411e-38 0.0000e+00 0.0000e+00 0.0000e+00 0.0000e+00
2.0034e+04 1.8900e-05 9.9998e-01 3.8963e-41 0.0000e+00 0.0000e+00 0.0000e+00 0.0000e+00
2.0838e+04 2.6805e-05 9.9997e-01 9.5288e-44 0.0000e+00 0.0000e+00 0.0000e+00 0.0000e+00
2.1648e+04 3.6659e-05 9.9996e-01 0.0000e+00 0.0000e+00 0.0000e+00 0.0000e+00 0.0000e+00
2.2448e+04 4.8994e-05 9.9995e-01 0.0000e+00 0.0000e+00 0.0000e+00 0.0000e+00 0.0000e+00
2.3246e+04 5.6327e-05 9.9994e-01 0.0000e+00 0.0000e+00 0.0000e+00 0.0000e+00 0.0000e+00
2.4052e+04 6.4847e-05 9.9994e-01 0.0000e+00 0.0000e+00 0.0000e+00 0.0000e+00 0.0000e+00
2.4868e+04 7.6185e-05 9.9992e-01 0.0000e+00 0.0000e+00 0.0000e+00 0.0000e+00 0.0000e+00
2.5699e+04 8.5551e-05 9.9991e-01 0.0000e+00 0.0000e+00 0.0000e+00 0.0000e+00 0.0000e+00
2.6588e+04 9.2583e-05 9.9991e-01 0.0000e+00 0.0000e+00 0.0000e+00 0.0000e+00 0.0000e+00
2.7638e+04 8.7609e-05 9.9991e-01 0.0000e+00 0.0000e+00 0.0000e+00 0.0000e+00 0.0000e+00
2.8987e+04 6.6624e-05 9.9993e-01 0.0000e+00 0.0000e+00 0.0000e+00 0.0000e+00 0.0000e+00
3.0652e+04 3.9758e-05 9.9996e-01 0.0000e+00 0.0000e+00 0.0000e+00 0.0000e+00 0.0000e+00
3.2516e+04 8.8848e-06 9.9999e-01 0.0000e+00 0.0000e+00 0.0000e+00 0.0000e+00 0.0000e+00
3.4459e+04 1.5333e-06 1.0000e+00 0.0000e+00 0.0000e+00 0.0000e+00 0.0000e+00 0.0000e+00
3.6371e+04 8.3744e-07 1.0000e+00 0.0000e+00 0.0000e+00 0.0000e+00 0.0000e+00 0.0000e+00
3.8150e+04 5.4188e-07 1.0000e+00 0.0000e+00 0.0000e+00 0.0000e+00 0.0000e+00 0.0000e+00
3.9750e+04 3.4438e-07 1.0000e+00 0.0000e+00 0.0000e+00 0.0000e+00 0.0000e+00 0.0000e+00
4.1174e+04 5.1792e-07 1.0000e+00 0.0000e+00 0.0000e+00 0.0000e+00 0.0000e+00 0.0000e+00
4.2468e+04 7.5922e-07 1.0000e+00 0.0000e+00 0.0000e+00 0.0000e+00 0.0000e+00 0.0000e+00
4.3688e+04 5.0309e-07 1.0000e+00 0.0000e+00 0.0000e+00 0.0000e+00 0.0000e+00 0.0000e+00
4.4884e+04 1.0126e-06 1.0000e+00 0.0000e+00 0.0000e+00 0.0000e+00 0.0000e+00 0.0000e+00
4.6084e+04 1.8302e-07 1.0000e+00 0.0000e+00 0.0000e+00 0.0000e+00 0.0000e+00 0.0000e+00
4.7294e+04 1.6973e-07 1.0000e+00 0.0000e+00 0.0000e+00 0.0000e+00 0.0000e+00 0.0000e+00
4.8516e+04 1.2008e-06 1.0000e+00 0.0000e+00 0.0000e+00 0.0000e+00 0.0000e+00 0.0000e+00
4.9754e+04 3.2476e-07 1.0000e+00 0.0000e+00 0.0000e+00 0.0000e+00 0.0000e+00 0.0000e+00
5.1012e+04 1.8173e-07 1.0000e+00 0.0000e+00 0.0000e+00 0.0000e+00 0.0000e+00 0.0000e+00
5.2292e+04 4.4395e-06 1.0000e+00 0.0000e+00 0.0000e+00 0.0000e+00 0.0000e+00 0.0000e+00
5.3596e+04 2.8076e-06 1.0000e+00 0.0000e+00 0.0000e+00 0.0000e+00 0.0000e+00 0.0000e+00
5.4921e+04 9.8586e-06 9.9999e-01 0.0000e+00 0.0000e+00 0.0000e+00 0.0000e+00 0.0000e+00
5.6265e+04 4.5383e-06 1.0000e+00 0.0000e+00 0.0000e+00 0.0000e+00 0.0000e+00 0.0000e+00
5.7622e+04 3.5389e-07 1.0000e+00 0.0000e+00 0.0000e+00 0.0000e+00 0.0000e+00 0.0000e+00
5.8985e+04 7.1212e-09 1.0000e+00 0.0000e+00 0.0000e+00 0.0000e+00 0.0000e+00 0.0000e+00
6.0341e+04 4.0273e-07 1.0000e+00 0.0000e+00 0.0000e+00 0.0000e+00 0.0000e+00 0.0000e+00
6.1676e+04 3.1780e-08 1.0000e+00 0.0000e+00 0.0000e+00 0.0000e+00 0.0000e+00 0.0000e+00
6.2975e+04 7.9018e-09 1.0000e+00 0.0000e+00 0.0000e+00 0.0000e+00 0.0000e+00 0.0000e+00
6.4219e+04 1.3009e-08 1.0000e+00 0.0000e+00 0.0000e+00 0.0000e+00 0.0000e+00 0.0000e+00
6.5388e+04 2.7075e-09 1.0000e+00 0.0000e+00 0.0000e+00 0.0000e+00 0.0000e+00 0.0000e+00
6.6461e+04 2.5912e-09 1.0000e+00 0.0000e+00 0.0000e+00 0.0000e+00 0.0000e+00 0.0000e+00
6.7422e+04 2.0364e-09 1.0000e+00 0.0000e+00 0.0000e+00 0.0000e+00 0.0000e+00 0.0000e+00
6.8257e+04 2.5400e-09 1.0000e+00 0.0000e+00 0.0000e+00 0.0000e+00 0.0000e+00 0.0000e+00
6.8960e+04 1.7055e-09 1.0000e+00 0.0000e+00 0.0000e+00 0.0000e+00 0.0000e+00 0.0000e+00
6.9475e+04 1.4547e-07 1.0000e+00 0.0000e+00 0.0000e+00 0.0000e+00 0.0000e+00 0.0000e+00
6.9758e+04 2.6212e-07 1.0000e+00 0.0000e+00 0.0000e+00 0.0000e+00 0.0000e+00 0.0000e+00
6.9886e+04 4.9825e-07 1.0000e+00 0.0000e+00 0.0000e+00 0.0000e+00 0.0000e+00 0.0000e+00
6.9950e+04 5.9415e-07 1.0000e+00 0.0000e+00 0.0000e+00 0.0000e+00 0.0000e+00 0.0000e+00
6.9982e+04 5.7975e-07 1.0000e+00 0.0000e+00 0.0000e+00 0.0000e+00 0.0000e+00 0.0000e+00
6.9996e+04 4.9902e-07 1.0000e+00 0.0000e+00 0.0000e+00 0.0000e+00 0.0000e+00 0.0000e+00
7.0000e+04 2.3085e-07 1.0000e+00 0.0000e+00 0.0000e+00 0.0000e+00 0.0000e+00 0.0000e+00
#
#TIME: 1.0313
#NVEL: 115
#vel_mid[km/s] na0 na1 na2 na3 na4 na5 na6
4.4010e+02 1.4367e-27 2.1889e-19 1.4334e-11 1.5144e-05 6.8543e-02 9.2785e-01 3.5945e-03
8.8623e+02 6.6885e-19 1.2151e-12 9.8958e-07 1.3549e-02 8.2781e-01 1.5863e-01 9.0732e-06
9.0614e+02 6.4307e-19 1.1714e-12 9.6066e-07 1.3301e-02 8.2530e-01 1.6139e-01 9.4611e-06
9.4442e+02 6.4328e-19 1.1718e-12 9.6090e-07 1.3303e-02 8.2532e-01 1.6136e-01 9.4578e-06
9.9911e+02 6.4803e-19 1.1799e-12 9.6638e-07 1.3351e-02 8.2582e-01 1.6082e-01 9.3808e-06
1.0608e+03 6.3537e-19 1.1587e-12 9.5236e-07 1.3231e-02 8.2458e-01 1.6217e-01 9.5728e-06
1.1257e+03 6.3294e-19 1.1534e-12 9.4828e-07 1.3192e-02 8.2413e-01 1.6267e-01 9.6468e-06
1.1944e+03 5.8818e-19 1.0748e-12 8.9448e-07 1.2713e-02 8.1885e-01 1.6843e-01 1.0508e-05
1.2673e+03 4.5740e-19 8.4439e-13 7.3231e-07 1.1192e-02 7.9967e-01 1.8912e-01 1.4004e-05
1.3448e+03 1.4754e-19 2.8745e-13 2.9830e-07 6.2381e-03 6.9531e-01 2.9841e-01 4.5817e-05
1.4269e+03 1.3210e-20 2.8984e-14 4.2040e-08 1.6066e-03 4.2319e-01 5.7484e-01 3.6053e-04
1.5140e+03 7.7794e-22 1.9994e-15 4.0652e-09 2.8854e-04 1.8414e-01 8.1344e-01 2.1378e-03
1.6065e+03 6.7791e-23 2.0524e-16 5.4840e-10 6.3710e-05 8.1881e-02 9.1077e-01 7.2840e-03
1.7047e+03 7.7169e-24 2.7085e-17 9.0651e-11 1.6039e-05 3.7877e-02 9.4224e-01 1.9866e-02
1.8088e+03 7.5706e-25 3.1380e-18 1.3213e-11 3.6074e-06 1.6104e-02 9.2996e-01 5.3929e-02
1.9193e+03 5.8609e-26 2.9783e-19 1.6135e-12 6.9593e-07 6.0944e-03 8.5200e-01 1.4191e-01
2.0365e+03 3.4932e-27 2.2425e-20 1.5896e-13 1.0946e-07 1.9263e-03 6.6951e-01 3.2857e-01
2.1609e+03 1.5337e-28 1.2814e-21 1.2119e-14 1.3327e-08 4.7446e-04 4.1033e-01 5.8920e-01
2.2929e+03 5.2589e-30 5.8682e-23 7.5543e-16 1.3157e-09 9.3880e-05 1.9767e-01 8.0223e-01
2.4330e+03 1.7654e-31 2.6172e-24 4.5570e-17 1.2165e-10 1.6907e-05 8.3589e-02 9.1639e-01
2.5816e+03 8.7764e-33 1.6654e-25 3.7798e-18 1.4398e-11 3.5671e-06 3.7053e-02 9.6294e-01
2.7393e+03 8.6575e-34 1.9996e-26 5.6146e-19 2.7944e-12 1.0760e-06 1.9644e-02 9.8035e-01
2.9067e+03 1.7351e-34 4.6680e-27 1.5444e-19 9.3103e-13 4.8426e-07 1.2876e-02 9.8712e-01
3.0842e+03 7.1880e-35 2.1724e-27 8.1010e-20 5.5405e-13 3.3671e-07 1.0673e-02 9.8933e-01
3.2726e+03 6.5331e-35 2.1187e-27 8.4292e-20 6.0780e-13 3.6971e-07 1.1321e-02 9.8868e-01
3.4725e+03 1.1403e-34 3.8023e-27 1.5373e-19 1.0936e-12 5.8630e-07 1.4633e-02 9.8537e-01
3.6846e+03 3.7731e-34 1.2563e-26 4.9897e-19 3.2891e-12 1.3669e-06 2.3290e-02 9.7671e-01
3.9097e+03 1.8195e-33 6.0972e-26 2.3929e-18 1.4147e-11 4.1946e-06 4.3000e-02 9.5700e-01
4.1484e+03 8.7219e-33 2.8234e-25 1.0560e-17 5.4040e-11 1.1555e-05 7.4063e-02 9.2593e-01
4.4019e+03 2.2174e-32 6.7395e-25 2.3537e-17 1.0774e-10 1.9161e-05 9.6339e-02 9.0364e-01
4.6708e+03 1.5016e-32 4.7485e-25 1.7281e-17 8.3438e-11 1.5969e-05 8.7817e-02 9.1217e-01
4.9561e+03 4.8751e-33 1.7785e-25 7.4867e-18 4.2715e-11 1.0016e-05 6.9472e-02 9.3052e-01
5.2588e+03 1.8116e-33 7.5851e-26 3.6708e-18 2.4390e-11 6.8105e-06 5.7272e-02 9.4272e-01
5.5800e+03 1.1269e-33 5.0801e-26 2.6480e-18 1.9000e-11 5.7557e-06 5.2705e-02 9.4729e-01
5.9209e+03 1.1421e-33 5.3667e-26 2.9085e-18 2.1280e-11 6.3560e-06 5.5860e-02 9.4413e-01
6.2825e+03 1.5761e-33 7.6089e-26 4.2167e-18 3.0403e-11 8.4135e-06 6.5175e-02 9.3482e-01
6.6663e+03 2.7714e-33 1.3370e-25 7.3633e-18 5.0461e-11 1.2372e-05 8.0152e-02 9.1984e-01
7.0735e+03 6.4262e-33 3.0571e-25 1.6473e-17 1.0372e-10 2.1288e-05 1.0677e-01 8.9321e-01
7.5056e+03 2.0832e-32 9.8604e-25 5.2170e-17 2.9170e-10 4.6365e-05 1.6000e-01 8.3995e-01
7.9641e+03 9.3869e-32 4.3204e-24 2.1814e-16 1.0266e-09 1.1746e-04 2.5366e-01 7.4623e-01
8.4505e+03 5.9191e-31 2.5350e-23 1.1606e-15 4.2876e-09 3.2640e-04 4.0228e-01 5.9740e-01
8.9668e+03 6.6272e-30 2.5716e-22 1.0169e-14 2.6380e-08 1.1324e-03 6.3631e-01 3.6256e-01
9.5145e+03 1.6921e-28 5.7379e-21 1.7925e-13 2.6983e-07 4.9572e-03 8.7415e-01 1.2090e-01
1.0096e+04 1.3666e-26 3.8692e-19 8.1369e-12 5.3652e-06 2.8747e-02 9.5412e-01 1.7129e-02
1.0712e+04 7.2041e-24 1.6998e-16 1.8224e-09 3.3295e-04 2.7509e-01 7.2400e-01 5.7663e-04
1.1367e+04 1.5988e-20 3.1929e-13 9.8737e-07 2.2219e-02 9.3396e-01 4.3816e-02 2.4184e-07
1.2062e+04 9.2853e-17 1.7148e-09 7.0614e-04 6.7117e-01 3.2809e-01 3.6748e-05 1.1206e-13
1.2794e+04 7.2198e-14 1.3225e-06 4.5564e-02 9.5222e-01 2.2136e-03 1.6992e-10 5.8247e-23
1.3528e+04 1.5191e-11 2.8179e-04 7.2146e-01 2.7826e-01 2.4448e-06 8.9960e-17 2.1813e-33
1.4194e+04 4.0702e-10 7.5605e-03 9.8845e-01 3.9923e-03 6.1300e-11 3.5887e-25 0.0000e+00
1.4758e+04 1.1719e-08 2.2898e-01 7.7100e-01 1.1151e-05 6.6781e-17 7.2348e-36 0.0000e+00
1.5240e+04 6.0506e-08 9.6357e-01 3.6434e-02 6.0625e-10 3.2623e-25 0.0000e+00 0.0000e+00
1.5647e+04 8.8986e-08 9.9973e-01 2.6748e-04 2.7119e-15 5.7579e-35 0.0000e+00 0.0000e+00
1.5960e+04 1.5207e-07 1.0000e+00 1.0088e-06 2.5889e-21 0.0000e+00 0.0000e+00 0.0000e+00
1.6187e+04 2.6428e-07 1.0000e+00 1.6970e-09 3.1391e-28 0.0000e+00 0.0000e+00 0.0000e+00
1.6354e+04 4.5111e-07 1.0000e+00 1.7266e-12 1.0088e-35 0.0000e+00 0.0000e+00 0.0000e+00
1.6484e+04 8.1094e-07 1.0000e+00 6.0171e-16 2.1019e-44 0.0000e+00 0.0000e+00 0.0000e+00
1.6593e+04 1.4015e-06 1.0000e+00 9.4535e-20 0.0000e+00 0.0000e+00 0.0000e+00 0.0000e+00
1.6692e+04 2.0270e-06 1.0000e+00 4.0770e-23 0.0000e+00 0.0000e+00 0.0000e+00 0.0000e+00
1.6788e+04 2.2984e-06 1.0000e+00 5.3593e-25 0.0000e+00 0.0000e+00 0.0000e+00 0.0000e+00
1.6888e+04 2.4908e-06 1.0000e+00 3.3361e-26 0.0000e+00 0.0000e+00 0.0000e+00 0.0000e+00
1.6999e+04 2.6634e-06 1.0000e+00 3.6769e-27 0.0000e+00 0.0000e+00 0.0000e+00 0.0000e+00
1.7146e+04 2.8917e-06 1.0000e+00 3.4561e-28 0.0000e+00 0.0000e+00 0.0000e+00 0.0000e+00
1.7416e+04 3.6369e-06 1.0000e+00 4.7400e-30 0.0000e+00 0.0000e+00 0.0000e+00 0.0000e+00
1.7888e+04 5.4634e-06 9.9999e-01 5.9066e-33 0.0000e+00 0.0000e+00 0.0000e+00 0.0000e+00
1.8532e+04 9.5598e-06 9.9999e-01 3.1227e-36 0.0000e+00 0.0000e+00 0.0000e+00 0.0000e+00
1.9260e+04 1.6241e-05 9.9998e-01 1.7971e-39 0.0000e+00 0.0000e+00 0.0000e+00 0.0000e+00
2.0034e+04 2.4132e-05 9.9998e-01 2.4088e-42 0.0000e+00 0.0000e+00 0.0000e+00 0.0000e+00
2.0838e+04 3.6155e-05 9.9996e-01 2.8026e-45 0.0000e+00 0.0000e+00 0.0000e+00 0.0000e+00
2.1648e+04 5.0044e-05 9.9995e-01 0.0000e+00 0.0000e+00 0.0000e+00 0.0000e+00 0.0000e+00
2.2448e+04 6.5120e-05 9.9993e-01 0.0000e+00 0.0000e+00 0.0000e+00 0.0000e+00 0.0000e+00
2.3246e+04 7.4374e-05 9.9993e-01 0.0000e+00 0.0000e+00 0.0000e+00 0.0000e+00 0.0000e+00
2.4052e+04 8.5065e-05 9.9991e-01 0.0000e+00 0.0000e+00 0.0000e+00 0.0000e+00 0.0000e+00
2.4868e+04 9.7121e-05 9.9990e-01 0.0000e+00 0.0000e+00 0.0000e+00 0.0000e+00 0.0000e+00
2.5699e+04 1.0810e-04 9.9989e-01 0.0000e+00 0.0000e+00 0.0000e+00 0.0000e+00 0.0000e+00
2.6588e+04 1.0977e-04 9.9989e-01 0.0000e+00 0.0000e+00 0.0000e+00 0.0000e+00 0.0000e+00
2.7638e+04 1.0427e-04 9.9990e-01 0.0000e+00 0.0000e+00 0.0000e+00 0.0000e+00 0.0000e+00
2.8987e+04 8.1026e-05 9.9992e-01 0.0000e+00 0.0000e+00 0.0000e+00 0.0000e+00 0.0000e+00
3.0652e+04 4.6391e-05 9.9995e-01 0.0000e+00 0.0000e+00 0.0000e+00 0.0000e+00 0.0000e+00
3.2516e+04 1.5830e-05 9.9998e-01 0.0000e+00 0.0000e+00 0.0000e+00 0.0000e+00 0.0000e+00
3.4459e+04 2.8646e-06 1.0000e+00 0.0000e+00 0.0000e+00 0.0000e+00 0.0000e+00 0.0000e+00
3.6371e+04 1.8136e-06 1.0000e+00 0.0000e+00 0.0000e+00 0.0000e+00 0.0000e+00 0.0000e+00
3.8150e+04 1.0379e-06 1.0000e+00 0.0000e+00 0.0000e+00 0.0000e+00 0.0000e+00 0.0000e+00
3.9750e+04 1.0946e-06 1.0000e+00 0.0000e+00 0.0000e+00 0.0000e+00 0.0000e+00 0.0000e+00
4.1174e+04 1.7480e-06 1.0000e+00 0.0000e+00 0.0000e+00 0.0000e+00 0.0000e+00 0.0000e+00
4.2468e+04 5.4958e-07 1.0000e+00 0.0000e+00 0.0000e+00 0.0000e+00 0.0000e+00 0.0000e+00
4.3688e+04 1.4028e-07 1.0000e+00 0.0000e+00 0.0000e+00 0.0000e+00 0.0000e+00 0.0000e+00
4.4884e+04 1.3578e-07 1.0000e+00 0.0000e+00 0.0000e+00 0.0000e+00 0.0000e+00 0.0000e+00
4.6084e+04 2.7847e-07 1.0000e+00 0.0000e+00 0.0000e+00 0.0000e+00 0.0000e+00 0.0000e+00
4.7294e+04 8.6773e-07 1.0000e+00 0.0000e+00 0.0000e+00 0.0000e+00 0.0000e+00 0.0000e+00
4.8516e+04 3.8909e-07 1.0000e+00 0.0000e+00 0.0000e+00 0.0000e+00 0.0000e+00 0.0000e+00
4.9754e+04 1.6962e-06 1.0000e+00 0.0000e+00 0.0000e+00 0.0000e+00 0.0000e+00 0.0000e+00
5.1012e+04 1.8223e-06 1.0000e+00 0.0000e+00 0.0000e+00 0.0000e+00 0.0000e+00 0.0000e+00
5.2292e+04 8.4135e-10 1.0000e+00 6.2646e-32 0.0000e+00 0.0000e+00 0.0000e+00 0.0000e+00
5.3596e+04 3.6476e-09 1.0000e+00 3.6673e-40 0.0000e+00 0.0000e+00 0.0000e+00 0.0000e+00
5.4921e+04 1.8775e-13 4.1131e-01 5.8869e-01 4.6646e-09 9.0682e-27 0.0000e+00 0.0000e+00
5.6265e+04 2.2057e-11 1.0000e+00 5.6765e-22 0.0000e+00 0.0000e+00 0.0000e+00 0.0000e+00
5.7622e+04 6.1430e-07 1.0000e+00 0.0000e+00 0.0000e+00 0.0000e+00 0.0000e+00 0.0000e+00
5.8985e+04 5.1447e-08 1.0000e+00 0.0000e+00 0.0000e+00 0.0000e+00 0.0000e+00 0.0000e+00
6.0341e+04 4.7492e-09 1.0000e+00 0.0000e+00 0.0000e+00 0.0000e+00 0.0000e+00 0.0000e+00
6.1676e+04 1.3001e-06 1.0000e+00 0.0000e+00 0.0000e+00 0.0000e+00 0.0000e+00 0.0000e+00
6.2975e+04 3.5634e-08 1.0000e+00 0.0000e+00 0.0000e+00 0.0000e+00 0.0000e+00 0.0000e+00
6.4219e+04 2.0582e-07 1.0000e+00 0.0000e+00 0.0000e+00 0.0000e+00 0.0000e+00 0.0000e+00
6.5388e+04 7.7429e-09 1.0000e+00 0.0000e+00 0.0000e+00 0.0000e+00 0.0000e+00 0.0000e+00
6.6461e+04 1.0811e-08 1.0000e+00 0.0000e+00 0.0000e+00 0.0000e+00 0.0000e+00 0.0000e+00
6.7422e+04 2.1195e-09 1.0000e+00 0.0000e+00 0.0000e+00 0.0000e+00 0.0000e+00 0.0000e+00
6.8257e+04 1.6293e-08 1.0000e+00 0.0000e+00 0.0000e+00 0.0000e+00 0.0000e+00 0.0000e+00
6.8960e+04 1.9113e-09 1.0000e+00 0.0000e+00 0.0000e+00 0.0000e+00 0.0000e+00 0.0000e+00
6.9475e+04 1.6393e-06 1.0000e+00 0.0000e+00 0.0000e+00 0.0000e+00 0.0000e+00 0.0000e+00
6.9758e+04 2.0856e-06 1.0000e+00 0.0000e+00 0.0000e+00 0.0000e+00 0.0000e+00 0.0000e+00
6.9886e+04 2.2793e-06 1.0000e+00 0.0000e+00 0.0000e+00 0.0000e+00 0.0000e+00 0.0000e+00
6.9950e+04 2.0833e-06 1.0000e+00 0.0000e+00 0.0000e+00 0.0000e+00 0.0000e+00 0.0000e+00
6.9982e+04 2.1525e-06 1.0000e+00 0.0000e+00 0.0000e+00 0.0000e+00 0.0000e+00 0.0000e+00
6.9996e+04 1.9818e-06 1.0000e+00 0.0000e+00 0.0000e+00 0.0000e+00 0.0000e+00 0.0000e+00
7.0000e+04 1.3114e-06 1.0000e+00 0.0000e+00 0.0000e+00 0.0000e+00 0.0000e+00 0.0000e+00
#
#TIME: 1.0543
#NVEL: 115
#vel_mid[km/s] na0 na1 na2 na3 na4 na5 na6
4.4010e+02 3.8345e-27 5.9585e-19 3.5495e-11 3.0667e-05 1.0201e-01 8.9594e-01 2.0155e-03
8.8623e+02 1.0695e-18 1.9846e-12 1.5132e-06 1.7838e-02 8.6326e-01 1.1890e-01 4.4844e-06
9.0614e+02 9.5282e-19 1.7807e-12 1.3864e-06 1.6907e-02 8.5744e-01 1.2565e-01 5.1101e-06
9.4442e+02 9.6393e-19 1.8002e-12 1.3987e-06 1.6999e-02 8.5804e-01 1.2495e-01 5.0432e-06
9.9911e+02 9.6778e-19 1.8070e-12 1.4030e-06 1.7031e-02 8.5826e-01 1.2471e-01 5.0197e-06
1.0608e+03 9.4900e-19 1.7747e-12 1.3829e-06 1.6883e-02 8.5729e-01 1.2582e-01 5.1258e-06
1.1257e+03 9.4726e-19 1.7699e-12 1.3792e-06 1.6850e-02 8.5704e-01 1.2610e-01 5.1552e-06
1.1944e+03 8.8564e-19 1.6587e-12 1.3075e-06 1.6299e-02 8.5319e-01 1.3050e-01 5.5960e-06
1.2673e+03 6.8898e-19 1.3033e-12 1.0723e-06 1.4399e-02 8.3783e-01 1.4776e-01 7.5466e-06
1.3448e+03 2.2395e-19 4.4677e-13 4.4263e-07 8.1878e-03 7.4937e-01 2.4241e-01 2.6016e-05
1.4269e+03 2.0731e-20 4.6486e-14 6.5116e-08 2.2272e-03 4.8843e-01 5.0911e-01 2.2825e-04
1.5140e+03 1.2251e-21 3.2101e-15 6.3803e-09 4.1160e-04 2.2291e-01 7.7517e-01 1.5037e-03
1.6065e+03 1.0709e-22 3.2935e-16 8.6494e-10 9.1939e-05 1.0102e-01 8.9354e-01 5.3458e-03
1.7047e+03 1.2032e-23 4.2768e-17 1.4133e-10 2.3042e-05 4.6897e-02 9.3807e-01 1.5010e-02
1.8088e+03 1.1652e-24 4.8729e-18 2.0324e-11 5.1492e-06 1.9971e-02 9.3810e-01 4.1922e-02
1.9193e+03 9.0152e-26 4.6020e-19 2.4729e-12 9.9625e-07 7.6359e-03 8.7798e-01 1.1438e-01
2.0365e+03 5.4637e-27 3.5115e-20 2.4709e-13 1.6006e-07 2.4839e-03 7.1788e-01 2.7964e-01
2.1609e+03 2.4351e-28 2.0360e-21 1.9154e-14 2.0008e-08 6.3454e-04 4.6267e-01 5.3669e-01
2.2929e+03 8.3099e-30 9.2958e-23 1.1938e-15 1.9959e-09 1.2820e-04 2.3070e-01 7.6917e-01
2.4330e+03 2.7054e-31 4.0313e-24 7.0211e-17 1.8182e-10 2.2990e-05 9.8457e-02 9.0152e-01
2.5816e+03 1.3039e-32 2.4885e-25 5.6493e-18 2.1027e-11 4.7774e-06 4.3461e-02 9.5653e-01
2.7393e+03 1.2513e-33 2.9066e-26 8.1580e-19 3.9866e-12 1.4166e-06 2.2856e-02 9.7714e-01
2.9067e+03 2.4540e-34 6.6427e-27 2.1970e-19 1.3046e-12 6.2914e-07 1.4878e-02 9.8512e-01
3.0842e+03 1.0095e-34 3.0703e-27 1.1446e-19 7.7184e-13 4.3557e-07 1.2306e-02 9.8769e-01
3.2726e+03 9.0861e-35 2.9688e-27 1.1826e-19 8.4128e-13 4.7604e-07 1.3021e-02 9.8698e-01
3.4725e+03 1.5952e-34 5.3621e-27 2.1731e-19 1.5226e-12 7.5828e-07 1.6870e-02 9.8313e-01
3.6846e+03 5.3992e-34 1.8123e-26 7.2199e-19 4.6671e-12 1.7930e-06 2.7046e-02 9.7295e-01
3.9097e+03 2.7962e-33 9.4189e-26 3.6983e-18 2.1205e-11 5.7265e-06 5.0944e-02 9.4905e-01
4.1484e+03 1.4216e-32 4.6145e-25 1.7221e-17 8.4606e-11 1.6266e-05 8.8928e-02 9.1106e-01
4.4019e+03 3.7074e-32 1.1285e-24 3.9265e-17 1.7173e-10 2.7295e-05 1.1612e-01 8.8385e-01
4.6708e+03 2.5028e-32 7.9272e-25 2.8746e-17 1.3273e-10 2.2726e-05 1.0589e-01 8.9409e-01
4.9561e+03 8.1049e-33 2.9614e-25 1.2423e-17 6.7875e-11 1.4257e-05 8.3942e-02 9.1604e-01
5.2588e+03 3.0212e-33 1.2666e-25 6.1071e-18 3.8867e-11 9.7216e-06 6.9390e-02 9.3060e-01
5.5800e+03 1.8498e-33 8.3600e-26 4.3470e-18 2.9939e-11 8.1508e-06 6.3620e-02 9.3637e-01
5.9209e+03 1.8835e-33 8.8735e-26 4.7975e-18 3.3658e-11 9.0249e-06 6.7506e-02 9.3248e-01
6.2825e+03 2.6221e-33 1.2692e-25 7.0164e-18 4.8401e-11 1.1999e-05 7.8876e-02 9.2111e-01
6.6663e+03 4.6429e-33 2.2462e-25 1.2338e-17 8.0709e-11 1.7691e-05 9.6988e-02 9.0299e-01
7.0735e+03 1.1001e-32 5.2435e-25 2.8138e-17 1.6828e-10 3.0709e-05 1.2941e-01 8.7056e-01
7.5056e+03 3.6644e-32 1.7359e-24 9.1238e-17 4.8102e-10 6.7440e-05 1.9351e-01 8.0642e-01
7.9641e+03 1.6934e-31 7.7908e-24 3.8940e-16 1.7124e-09 1.7109e-04 3.0320e-01 6.9663e-01
8.4505e+03 1.0744e-30 4.5983e-23 2.0764e-15 7.1038e-09 4.6763e-04 4.6684e-01 5.3270e-01
8.9668e+03 1.1881e-29 4.6127e-22 1.7903e-14 4.2548e-08 1.5605e-03 6.9877e-01 2.9967e-01
9.5145e+03 3.0245e-28 1.0307e-20 3.1365e-13 4.2631e-07 6.5769e-03 9.0235e-01 9.1075e-02
1.0096e+04 2.5365e-26 7.2830e-19 1.4741e-11 8.6225e-06 3.7951e-02 9.5009e-01 1.1954e-02
1.0712e+04 1.3995e-23 3.3710e-16 3.3810e-09 5.3082e-04 3.4640e-01 6.5273e-01 3.4117e-04
1.1367e+04 2.8732e-20 5.9025e-13 1.6364e-06 3.0159e-02 9.4077e-01 2.9072e-02 9.4777e-08
1.2062e+04 1.4996e-16 2.8784e-09 1.0181e-03 7.4823e-01 2.5074e-01 1.6569e-05 2.5916e-14
1.2794e+04 1.1489e-13 2.1905e-06 6.1966e-02 9.3667e-01 1.3626e-03 5.4327e-11 8.1328e-24
1.3528e+04 2.0888e-11 4.0231e-04 7.9653e-01 2.0307e-01 9.8711e-07 1.5885e-17 1.3569e-34
1.4194e+04 5.4112e-10 1.0424e-02 9.8719e-01 2.3862e-03 1.7683e-11 3.7309e-26 0.0000e+00
1.4758e+04 1.4558e-08 2.9919e-01 7.0080e-01 5.6596e-06 1.4794e-17 4.9628e-37 0.0000e+00
1.5240e+04 5.9038e-08 9.7594e-01 2.4057e-02 2.0375e-10 4.2323e-26 0.0000e+00 0.0000e+00
1.5647e+04 8.4275e-08 9.9984e-01 1.6324e-04 7.5357e-16 5.2551e-36 0.0000e+00 0.0000e+00
1.5960e+04 1.4919e-07 1.0000e+00 5.5387e-07 5.5967e-22 0.0000e+00 0.0000e+00 0.0000e+00
1.6187e+04 2.6167e-07 1.0000e+00 8.6188e-10 5.5745e-29 0.0000e+00 0.0000e+00 0.0000e+00
1.6354e+04 4.4757e-07 1.0000e+00 9.4350e-13 2.1504e-36 0.0000e+00 0.0000e+00 0.0000e+00
1.6484e+04 8.3603e-07 1.0000e+00 2.0933e-16 1.4013e-45 0.0000e+00 0.0000e+00 0.0000e+00
1.6593e+04 1.4963e-06 1.0000e+00 1.8701e-20 0.0000e+00 0.0000e+00 0.0000e+00 0.0000e+00
1.6692e+04 2.1256e-06 1.0000e+00 5.6670e-24 0.0000e+00 0.0000e+00 0.0000e+00 0.0000e+00
1.6788e+04 2.4500e-06 1.0000e+00 7.6535e-26 0.0000e+00 0.0000e+00 0.0000e+00 0.0000e+00
1.6888e+04 2.7443e-06 1.0000e+00 4.2615e-27 0.0000e+00 0.0000e+00 0.0000e+00 0.0000e+00
1.6999e+04 2.9893e-06 1.0000e+00 4.8398e-28 0.0000e+00 0.0000e+00 0.0000e+00 0.0000e+00
1.7146e+04 3.2971e-06 1.0000e+00 4.7394e-29 0.0000e+00 0.0000e+00 0.0000e+00 0.0000e+00
1.7416e+04 4.3512e-06 1.0000e+00 5.1937e-31 0.0000e+00 0.0000e+00 0.0000e+00 0.0000e+00
1.7888e+04 6.6260e-06 9.9999e-01 6.1861e-34 0.0000e+00 0.0000e+00 0.0000e+00 0.0000e+00
1.8532e+04 1.1508e-05 9.9999e-01 3.3943e-37 0.0000e+00 0.0000e+00 0.0000e+00 0.0000e+00
1.9260e+04 2.0309e-05 9.9998e-01 1.3818e-40 0.0000e+00 0.0000e+00 0.0000e+00 0.0000e+00
2.0034e+04 3.2269e-05 9.9997e-01 8.9683e-44 0.0000e+00 0.0000e+00 0.0000e+00 0.0000e+00
2.0838e+04 4.8173e-05 9.9995e-01 0.0000e+00 0.0000e+00 0.0000e+00 0.0000e+00 0.0000e+00
2.1648e+04 6.8536e-05 9.9993e-01 0.0000e+00 0.0000e+00 0.0000e+00 0.0000e+00 0.0000e+00
2.2448e+04 8.7376e-05 9.9991e-01 0.0000e+00 0.0000e+00 0.0000e+00 0.0000e+00 0.0000e+00
2.3246e+04 1.0524e-04 9.9989e-01 0.0000e+00 0.0000e+00 0.0000e+00 0.0000e+00 0.0000e+00
2.4052e+04 1.1450e-04 9.9989e-01 0.0000e+00 0.0000e+00 0.0000e+00 0.0000e+00 0.0000e+00
2.4868e+04 1.2508e-04 9.9987e-01 0.0000e+00 0.0000e+00 0.0000e+00 0.0000e+00 0.0000e+00
2.5699e+04 1.3473e-04 9.9987e-01 0.0000e+00 0.0000e+00 0.0000e+00 0.0000e+00 0.0000e+00
2.6588e+04 1.2306e-04 9.9988e-01 0.0000e+00 0.0000e+00 0.0000e+00 0.0000e+00 0.0000e+00
2.7638e+04 1.0750e-04 9.9989e-01 0.0000e+00 0.0000e+00 0.0000e+00 0.0000e+00 0.0000e+00
2.8987e+04 8.8429e-05 9.9991e-01 0.0000e+00 0.0000e+00 0.0000e+00 0.0000e+00 0.0000e+00
3.0652e+04 4.5160e-05 9.9995e-01 0.0000e+00 0.0000e+00 0.0000e+00 0.0000e+00 0.0000e+00
3.2516e+04 1.2443e-05 9.9999e-01 0.0000e+00 0.0000e+00 0.0000e+00 0.0000e+00 0.0000e+00
3.4459e+04 3.7235e-06 1.0000e+00 0.0000e+00 0.0000e+00 0.0000e+00 0.0000e+00 0.0000e+00
3.6371e+04 2.5883e-06 1.0000e+00 0.0000e+00 0.0000e+00 0.0000e+00 0.0000e+00 0.0000e+00
3.8150e+04 1.9329e-06 1.0000e+00 0.0000e+00 0.0000e+00 0.0000e+00 0.0000e+00 0.0000e+00
3.9750e+04 1.4490e-06 1.0000e+00 0.0000e+00 0.0000e+00 0.0000e+00 0.0000e+00 0.0000e+00
4.1174e+04 2.1920e-06 1.0000e+00 0.0000e+00 0.0000e+00 0.0000e+00 0.0000e+00 0.0000e+00
4.2468e+04 2.0481e-06 1.0000e+00 0.0000e+00 0.0000e+00 0.0000e+00 0.0000e+00 0.0000e+00
4.3688e+04 9.1421e-07 1.0000e+00 0.0000e+00 0.0000e+00 0.0000e+00 0.0000e+00 0.0000e+00
4.4884e+04 5.4710e-07 1.0000e+00 0.0000e+00 0.0000e+00 0.0000e+00 0.0000e+00 0.0000e+00
