#NTIMES: 145 
#NSTAGES: 7 
#TIMES[d]: 4.14 4.22 4.31 4.40 4.49 4.58 4.68 4.77 4.87 4.97 5.08 5.18 5.29 5.40 5.51 5.62 5.74 5.86 5.98 6.10 6.23 6.36 6.49 6.62 6.76 6.90 7.04 7.19 7.34 7.49 7.64 7.80 7.96 8.13 8.30 8.47 8.64 8.82 9.01 9.19 9.38 9.58 9.77 9.98 10.18 10.39 10.61 10.83 11.05 11.28 11.51 11.75 11.99 12.24 12.50 12.75 13.02 13.29 13.56 13.84 14.13 14.42 14.72 15.02 15.33 15.65 15.98 16.31 16.64 16.99 17.34 17.70 18.06 18.44 18.82 19.21 19.60 20.01 20.42 20.85 21.28 21.72 22.17 22.62 23.09 23.57 24.06 24.56 25.06 25.58 26.11 26.65 27.20 27.76 28.34 28.93 29.52 30.13 30.76 31.39 32.04 32.71 33.38 34.07 34.78 35.50 36.23 36.98 37.74 38.53 39.32 40.14 40.97 41.81 42.68 43.56 44.46 45.38 46.32 47.28 48.26 49.25 50.27 51.31 52.37 53.46 54.56 55.69 56.84 58.02 59.22 60.44 61.69 62.97 64.27 65.60 66.96 68.34 69.76 71.20 72.67 74.17 75.71 77.27 78.87 
#
#TIME: 4.14 
#NVEL: 67 
#vel_mid[km/s] fe0 fe1 fe2 fe3 fe4 fe5 fe6 
440.10 6.59e-18 7.43e-11 7.54e-05 6.31e-01 3.68e-01 3.21e-04 2.96e-11 
999.11 5.24e-19 6.98e-12 1.01e-05 2.34e-01 7.56e-01 9.63e-03 1.03e-07 
1267.34 2.17e-20 3.77e-13 8.78e-07 5.26e-02 8.48e-01 9.98e-02 1.37e-05 
1514.05 1.81e-21 3.62e-14 1.18e-07 1.33e-02 6.23e-01 3.64e-01 4.45e-04 
1808.80 1.63e-22 3.81e-15 1.55e-08 2.92e-03 3.25e-01 6.67e-01 4.85e-03 
1919.29 1.47e-23 3.94e-16 2.02e-09 6.02e-04 1.55e-01 8.25e-01 1.93e-02 
2160.92 4.99e-25 1.49e-17 9.92e-11 5.26e-05 5.47e-02 8.58e-01 8.72e-02 
2292.92 1.18e-25 4.10e-18 3.44e-11 2.38e-05 3.47e-02 8.27e-01 1.38e-01 
2432.98 2.96e-26 1.18e-18 1.31e-11 1.15e-05 2.24e-02 7.77e-01 2.01e-01 
2581.60 8.51e-27 3.91e-19 5.89e-12 6.36e-06 1.53e-02 7.17e-01 2.68e-01 
2739.29 4.00e-27 1.94e-19 3.20e-12 3.93e-06 1.13e-02 6.63e-01 3.26e-01 
2906.62 2.10e-27 1.11e-19 2.15e-12 2.95e-06 9.40e-03 6.18e-01 3.72e-01 
3084.17 1.22e-27 7.13e-20 1.62e-12 2.49e-06 8.62e-03 6.18e-01 3.73e-01 
3272.56 7.33e-28 4.72e-20 1.19e-12 2.04e-06 7.79e-03 6.09e-01 3.83e-01 
3472.46 5.26e-28 3.79e-20 1.09e-12 2.04e-06 8.02e-03 6.26e-01 3.66e-01 
3684.57 3.75e-28 2.97e-20 9.36e-13 1.90e-06 7.84e-03 6.38e-01 3.54e-01 
3909.64 2.35e-28 2.13e-20 7.63e-13 1.72e-06 7.53e-03 6.52e-01 3.40e-01 
4148.46 2.43e-28 2.37e-20 9.02e-13 2.07e-06 8.65e-03 6.92e-01 2.99e-01 
4401.86 4.80e-28 4.48e-20 1.58e-12 3.27e-06 1.16e-02 7.48e-01 2.41e-01 
4670.75 9.33e-28 8.56e-20 2.86e-12 5.41e-06 1.61e-02 8.04e-01 1.80e-01 
4956.05 7.99e-28 8.22e-20 3.14e-12 6.24e-06 1.79e-02 8.22e-01 1.60e-01 
5258.79 7.16e-28 8.08e-20 3.28e-12 6.85e-06 1.95e-02 8.39e-01 1.42e-01 
5580.02 1.02e-27 1.21e-19 4.85e-12 9.87e-06 2.53e-02 8.67e-01 1.08e-01 
5920.87 1.21e-27 1.53e-19 6.65e-12 1.34e-05 3.10e-02 8.85e-01 8.44e-02 
6282.54 1.69e-27 2.22e-19 9.40e-12 1.84e-05 3.82e-02 9.00e-01 6.14e-02 
6666.30 2.75e-27 3.74e-19 1.62e-11 2.96e-05 5.10e-02 9.07e-01 4.19e-02 
7073.50 6.23e-27 8.44e-19 3.33e-11 5.42e-05 7.38e-02 9.02e-01 2.37e-02 
7505.58 9.29e-27 1.32e-18 5.34e-11 8.11e-05 9.35e-02 8.91e-01 1.56e-02 
7964.05 2.55e-26 3.71e-18 1.44e-10 1.85e-04 1.50e-01 8.44e-01 6.20e-03 
8450.53 1.47e-25 2.05e-17 6.92e-10 6.61e-04 2.91e-01 7.07e-01 1.73e-03 
8966.72 8.64e-25 1.19e-16 3.46e-09 2.35e-03 5.26e-01 4.72e-01 3.14e-04 
9514.44 8.25e-24 1.06e-15 2.38e-08 9.54e-03 8.13e-01 1.78e-01 1.62e-05 
10095.62 1.35e-22 1.54e-14 2.42e-07 4.39e-02 9.27e-01 2.89e-02 2.00e-07 
10712.30 4.93e-21 4.81e-13 4.29e-06 2.56e-01 7.42e-01 1.41e-03 4.71e-10 
11366.65 1.78e-19 1.48e-11 6.46e-05 8.46e-01 1.53e-01 5.87e-06 2.35e-15 
12061.10 4.42e-18 3.24e-10 5.76e-04 9.95e-01 4.07e-03 3.72e-10 8.18e-23 
12793.43 2.05e-16 1.29e-08 7.66e-03 9.92e-01 3.16e-05 3.35e-15 3.13e-32 
13528.61 2.62e-14 1.15e-06 1.58e-01 8.42e-01 6.22e-08 1.67e-21 1.30e-38 
14194.74 8.47e-13 2.70e-05 8.29e-01 1.71e-01 2.53e-11 1.25e-28 7.46e-39 
14757.77 5.52e-12 1.21e-04 9.87e-01 1.24e-02 1.22e-14 4.94e-36 7.06e-39 
15240.48 3.55e-11 4.53e-04 9.99e-01 9.79e-04 5.23e-18 6.30e-38 9.16e-39 
15646.99 2.63e-10 1.70e-03 9.98e-01 8.82e-05 7.02e-21 7.49e-38 1.12e-38 
15960.30 2.25e-09 6.49e-03 9.94e-01 8.23e-06 5.19e-24 8.80e-38 1.35e-38 
16187.41 1.36e-08 2.12e-02 9.79e-01 9.67e-07 2.23e-26 1.41e-37 2.22e-38 
16354.17 4.93e-08 5.13e-02 9.49e-01 1.31e-07 1.52e-29 2.41e-37 3.84e-38 
16484.18 8.86e-08 7.88e-02 9.21e-01 1.40e-07 1.03e-28 3.95e-37 6.37e-38 
16593.12 1.38e-07 1.14e-01 8.86e-01 1.77e-08 6.08e-34 5.75e-37 9.39e-38 
16691.99 2.14e-07 1.58e-01 8.42e-01 9.02e-09 1.33e-32 7.49e-37 1.24e-37 
16788.59 3.16e-07 2.06e-01 7.94e-01 3.24e-09 4.73e-35 9.36e-37 1.55e-37 
16888.37 5.59e-07 3.12e-01 6.88e-01 8.27e-10 4.39e-36 1.17e-36 1.95e-37 
16998.79 7.10e-07 3.69e-01 6.31e-01 4.67e-10 5.65e-36 1.50e-36 2.53e-37 
17146.37 1.25e-06 5.13e-01 4.87e-01 8.80e-11 7.61e-36 2.01e-36 3.42e-37 
17415.23 2.56e-06 7.56e-01 2.44e-01 4.03e-12 1.17e-35 3.08e-36 5.31e-37 
17888.12 5.01e-06 9.27e-01 7.33e-02 5.84e-14 2.37e-35 6.23e-36 1.10e-36 
18532.37 9.22e-06 9.87e-01 1.28e-02 1.65e-16 4.28e-35 1.12e-35 2.03e-36 
19260.76 1.65e-05 9.98e-01 2.38e-03 1.06e-18 6.69e-35 1.73e-35 3.22e-36 
20034.10 2.22e-05 9.99e-01 5.85e-04 7.58e-21 9.31e-35 2.40e-35 4.54e-36 
20838.00 2.56e-05 1.00e+00 1.77e-04 7.31e-23 1.10e-34 2.81e-35 5.42e-36 
21647.97 3.11e-05 1.00e+00 7.83e-05 4.38e-24 1.11e-34 2.84e-35 5.57e-36 
22447.94 5.19e-05 1.00e+00 1.54e-05 2.31e-26 1.29e-34 3.27e-35 6.47e-36 
23245.88 7.97e-05 1.00e+00 5.55e-06 1.14e-27 1.60e-34 4.06e-35 8.12e-36 
24052.47 1.04e-04 1.00e+00 2.29e-06 1.52e-27 1.96e-34 4.96e-35 1.00e-35 
24867.72 1.37e-04 1.00e+00 8.87e-07 5.76e-28 2.28e-34 5.75e-35 1.17e-35 
25698.86 1.90e-04 1.00e+00 3.76e-07 2.40e-27 2.57e-34 6.47e-35 1.33e-35 
26587.16 2.39e-04 1.00e+00 1.64e-07 3.85e-27 2.92e-34 7.33e-35 1.53e-35 
27637.54 3.06e-04 1.00e+00 6.64e-08 4.89e-27 3.44e-34 8.59e-35 1.81e-35 
28986.97 2.46e-04 1.00e+00 2.70e-08 2.26e-26 4.31e-34 1.07e-34 2.29e-35 
#TIME: 4.22 
#NVEL: 67 
#vel_mid[km/s] fe0 fe1 fe2 fe3 fe4 fe5 fe6 
440.10 5.50e-18 7.06e-11 6.31e-05 5.47e-01 4.52e-01 8.06e-04 7.50e-10 
999.11 3.05e-19 4.83e-12 8.20e-06 2.09e-01 7.76e-01 1.51e-02 4.62e-07 
1267.34 1.53e-20 2.98e-13 7.75e-07 4.84e-02 8.22e-01 1.29e-01 4.89e-05 
1514.05 1.48e-21 3.25e-14 1.14e-07 1.31e-02 5.99e-01 3.87e-01 7.71e-04 
1808.80 1.52e-22 3.81e-15 1.65e-08 3.10e-03 3.23e-01 6.67e-01 6.28e-03 
1919.29 1.32e-23 3.80e-16 2.14e-09 6.17e-04 1.47e-01 8.26e-01 2.66e-02 
2160.92 5.18e-25 1.86e-17 1.82e-10 9.30e-05 6.08e-02 8.49e-01 9.00e-02 
2292.92 1.08e-25 4.02e-18 3.69e-11 2.53e-05 3.47e-02 8.09e-01 1.56e-01 
2432.98 3.06e-26 1.31e-18 1.56e-11 1.35e-05 2.40e-02 7.70e-01 2.06e-01 
2581.60 1.27e-26 5.92e-19 8.28e-12 8.51e-06 1.86e-02 7.44e-01 2.38e-01 
2739.29 5.59e-27 2.84e-19 4.69e-12 5.55e-06 1.42e-02 6.95e-01 2.91e-01 
2906.62 3.19e-27 1.78e-19 3.45e-12 4.58e-06 1.29e-02 6.82e-01 3.06e-01 
3084.17 2.04e-27 1.23e-19 2.58e-12 3.78e-06 1.17e-02 6.74e-01 3.14e-01 
3272.56 1.17e-27 7.81e-20 1.85e-12 3.06e-06 1.05e-02 6.62e-01 3.28e-01 
3472.46 8.72e-28 6.39e-20 1.69e-12 3.01e-06 1.07e-02 6.80e-01 3.09e-01 
3684.57 5.77e-28 4.73e-20 1.43e-12 2.80e-06 1.05e-02 6.90e-01 2.99e-01 
3909.64 3.39e-28 3.21e-20 1.14e-12 2.51e-06 1.00e-02 7.03e-01 2.87e-01 
4148.46 3.51e-28 3.51e-20 1.28e-12 2.87e-06 1.11e-02 7.37e-01 2.52e-01 
4401.86 6.66e-28 6.44e-20 2.24e-12 4.53e-06 1.47e-02 7.85e-01 2.00e-01 
4670.75 1.22e-27 1.17e-19 3.96e-12 7.38e-06 2.01e-02 8.29e-01 1.51e-01 
4956.05 1.23e-27 1.27e-19 4.47e-12 8.56e-06 2.27e-02 8.50e-01 1.27e-01 
5258.79 1.02e-27 1.18e-19 4.55e-12 9.21e-06 2.43e-02 8.60e-01 1.15e-01 
5580.02 1.33e-27 1.65e-19 6.70e-12 1.34e-05 3.12e-02 8.80e-01 8.83e-02 
5920.87 1.84e-27 2.34e-19 9.13e-12 1.77e-05 3.78e-02 8.95e-01 6.67e-02 
6282.54 2.27e-27 3.08e-19 1.29e-11 2.45e-05 4.62e-02 9.03e-01 5.12e-02 
6666.30 3.98e-27 5.52e-19 2.26e-11 3.99e-05 6.26e-02 9.05e-01 3.25e-02 
7073.50 8.11e-27 1.15e-18 4.57e-11 7.23e-05 8.87e-02 8.91e-01 1.97e-02 
7505.58 1.26e-26 1.85e-18 7.43e-11 1.10e-04 1.14e-01 8.74e-01 1.16e-02 
7964.05 3.42e-26 5.19e-18 2.02e-10 2.53e-04 1.82e-01 8.13e-01 4.76e-03 
8450.53 2.08e-25 3.06e-17 1.06e-09 9.69e-04 3.56e-01 6.42e-01 1.11e-03 
8966.72 1.21e-24 1.71e-16 4.86e-09 3.10e-03 5.95e-01 4.02e-01 1.80e-04 
9514.44 1.02e-23 1.36e-15 3.09e-08 1.16e-02 8.42e-01 1.46e-01 1.06e-05 
10095.62 1.82e-22 2.14e-14 3.26e-07 5.37e-02 9.25e-01 2.10e-02 8.02e-08 
10712.30 6.80e-21 6.78e-13 5.83e-06 3.09e-01 6.91e-01 8.87e-04 8.64e-11 
11366.65 2.16e-19 1.83e-11 7.65e-05 8.79e-01 1.21e-01 2.75e-06 6.23e-16 
12061.10 5.40e-18 4.06e-10 6.88e-04 9.97e-01 2.79e-03 5.27e-10 1.32e-22 
12793.43 2.56e-16 1.63e-08 9.10e-03 9.91e-01 2.22e-05 1.42e-15 8.82e-33 
13528.61 3.12e-14 1.41e-06 1.83e-01 8.17e-01 8.41e-08 1.80e-21 5.03e-38 
14194.74 9.02e-13 2.92e-05 8.52e-01 1.48e-01 1.72e-11 4.10e-29 5.11e-39 
14757.77 5.89e-12 1.31e-04 9.89e-01 1.05e-02 6.16e-15 5.35e-38 7.51e-39 
15240.48 3.68e-11 4.80e-04 9.99e-01 7.96e-04 4.10e-18 6.67e-38 9.74e-39 
15646.99 2.78e-10 1.80e-03 9.98e-01 7.52e-05 3.43e-21 7.94e-38 1.20e-38 
15960.30 2.59e-09 7.30e-03 9.93e-01 6.79e-06 4.92e-24 9.34e-38 1.44e-38 
16187.41 1.34e-08 2.15e-02 9.78e-01 9.96e-07 2.77e-26 1.50e-37 2.36e-38 
16354.17 4.42e-08 4.85e-02 9.51e-01 1.95e-07 3.45e-28 2.55e-37 4.08e-38 
16484.18 8.81e-08 8.10e-02 9.19e-01 4.24e-08 4.42e-31 4.18e-37 6.78e-38 
16593.12 1.44e-07 1.20e-01 8.80e-01 1.32e-08 3.48e-33 6.09e-37 9.98e-38 
16691.99 2.65e-07 1.87e-01 8.13e-01 3.32e-09 3.06e-35 7.99e-37 1.31e-37 
16788.59 3.58e-07 2.37e-01 7.63e-01 1.67e-09 1.07e-35 9.94e-37 1.65e-37 
16888.37 4.95e-07 3.02e-01 6.98e-01 8.87e-10 4.68e-36 1.24e-36 2.07e-37 
16998.79 9.40e-07 4.28e-01 5.72e-01 3.34e-10 6.00e-36 1.59e-36 2.69e-37 
17146.37 1.20e-06 5.23e-01 4.77e-01 7.05e-11 8.07e-36 2.13e-36 3.64e-37 
17415.23 2.32e-06 7.39e-01 2.61e-01 5.85e-12 1.24e-35 3.27e-36 5.65e-37 
17888.12 4.93e-06 9.21e-01 7.87e-02 9.54e-14 2.52e-35 6.62e-36 1.17e-36 
18532.37 9.68e-06 9.87e-01 1.27e-02 2.93e-16 4.56e-35 1.19e-35 2.15e-36 
19260.76 1.63e-05 9.97e-01 2.80e-03 1.39e-18 7.12e-35 1.84e-35 3.42e-36 
20034.10 1.82e-05 9.99e-01 5.44e-04 2.46e-21 9.90e-35 2.55e-35 4.83e-36 
20838.00 2.94e-05 1.00e+00 1.24e-04 2.52e-23 1.17e-34 2.99e-35 5.77e-36 
21647.97 3.66e-05 1.00e+00 3.80e-05 6.21e-25 1.19e-34 3.04e-35 5.92e-36 
22447.94 4.89e-05 1.00e+00 1.74e-05 3.19e-26 1.37e-34 3.49e-35 6.88e-36 
23245.88 9.92e-05 1.00e+00 5.03e-06 1.15e-27 1.71e-34 4.32e-35 8.64e-36 
24052.47 1.11e-04 1.00e+00 2.31e-06 1.44e-27 2.09e-34 5.28e-35 1.07e-35 
24867.72 8.20e-05 1.00e+00 1.13e-06 2.35e-27 2.43e-34 6.13e-35 1.25e-35 
25698.86 1.83e-04 1.00e+00 4.05e-07 2.80e-27 2.74e-34 6.88e-35 1.42e-35 
26587.16 2.02e-04 1.00e+00 1.73e-07 4.21e-27 3.11e-34 7.78e-35 1.62e-35 
27637.54 2.18e-04 1.00e+00 7.70e-08 7.60e-27 3.65e-34 9.12e-35 1.92e-35 
28986.97 1.78e-04 1.00e+00 2.83e-08 1.31e-26 4.58e-34 1.14e-34 2.44e-35 
#TIME: 4.31 
#NVEL: 67 
#vel_mid[km/s] fe0 fe1 fe2 fe3 fe4 fe5 fe6 
440.10 5.74e-18 7.49e-11 6.96e-05 5.77e-01 4.22e-01 1.03e-03 3.41e-09 
999.11 3.24e-19 5.06e-12 8.05e-06 2.12e-01 7.74e-01 1.39e-02 3.37e-07 
1267.34 1.51e-20 3.03e-13 7.43e-07 4.84e-02 8.23e-01 1.28e-01 4.33e-05 
1514.05 1.70e-21 3.78e-14 1.21e-07 1.40e-02 6.15e-01 3.70e-01 6.55e-04 
1808.80 1.68e-22 4.39e-15 1.84e-08 3.52e-03 3.44e-01 6.47e-01 5.39e-03 
1919.29 2.09e-23 5.89e-16 2.82e-09 7.91e-04 1.72e-01 8.08e-01 1.91e-02 
2160.92 1.40e-24 4.75e-17 3.26e-10 1.53e-04 8.38e-02 8.67e-01 4.86e-02 
2292.92 1.45e-25 5.33e-18 4.22e-11 2.85e-05 3.90e-02 8.27e-01 1.34e-01 
2432.98 4.80e-26 2.00e-18 1.98e-11 1.64e-05 2.84e-02 7.99e-01 1.72e-01 
2581.60 1.74e-26 8.21e-19 1.05e-11 1.04e-05 2.16e-02 7.63e-01 2.15e-01 
2739.29 8.55e-27 4.37e-19 6.35e-12 7.20e-06 1.75e-02 7.32e-01 2.51e-01 
2906.62 5.58e-27 3.04e-19 4.91e-12 6.11e-06 1.61e-02 7.25e-01 2.59e-01 
3084.17 3.18e-27 1.93e-19 3.69e-12 5.16e-06 1.47e-02 7.13e-01 2.72e-01 
3272.56 1.72e-27 1.18e-19 2.70e-12 4.30e-06 1.35e-02 7.05e-01 2.81e-01 
3472.46 1.22e-27 9.30e-20 2.40e-12 4.18e-06 1.36e-02 7.19e-01 2.68e-01 
3684.57 8.29e-28 7.01e-20 2.03e-12 3.86e-06 1.33e-02 7.31e-01 2.55e-01 
3909.64 4.97e-28 4.76e-20 1.58e-12 3.37e-06 1.25e-02 7.44e-01 2.44e-01 
4148.46 4.67e-28 4.81e-20 1.71e-12 3.74e-06 1.35e-02 7.68e-01 2.19e-01 
4401.86 8.74e-28 8.72e-20 2.98e-12 5.94e-06 1.79e-02 8.13e-01 1.69e-01 
4670.75 1.73e-27 1.68e-19 5.22e-12 9.42e-06 2.41e-02 8.50e-01 1.25e-01 
4956.05 1.59e-27 1.70e-19 5.86e-12 1.10e-05 2.69e-02 8.63e-01 1.10e-01 
5258.79 1.27e-27 1.54e-19 6.02e-12 1.20e-05 2.91e-02 8.74e-01 9.71e-02 
5580.02 1.90e-27 2.36e-19 8.84e-12 1.70e-05 3.71e-02 8.91e-01 7.16e-02 
5920.87 2.25e-27 2.97e-19 1.18e-11 2.24e-05 4.41e-02 8.97e-01 5.87e-02 
6282.54 2.93e-27 4.12e-19 1.72e-11 3.20e-05 5.54e-02 9.04e-01 4.09e-02 
6666.30 5.33e-27 7.56e-19 2.99e-11 5.11e-05 7.36e-02 9.00e-01 2.67e-02 
7073.50 1.11e-26 1.56e-18 5.67e-11 8.69e-05 1.03e-01 8.82e-01 1.53e-02 
7505.58 1.71e-26 2.56e-18 9.89e-11 1.41e-04 1.34e-01 8.57e-01 8.92e-03 
7964.05 4.78e-26 7.40e-18 2.78e-10 3.33e-04 2.16e-01 7.80e-01 3.38e-03 
8450.53 3.16e-25 4.72e-17 1.54e-09 1.32e-03 4.22e-01 5.76e-01 6.57e-04 
8966.72 1.67e-24 2.41e-16 6.73e-09 4.02e-03 6.53e-01 3.43e-01 1.11e-04 
9514.44 1.33e-23 1.81e-15 4.00e-08 1.39e-02 8.68e-01 1.18e-01 5.67e-06 
10095.62 2.44e-22 2.93e-14 4.35e-07 6.53e-02 9.19e-01 1.54e-02 4.41e-08 
10712.30 9.09e-21 9.29e-13 7.70e-06 3.63e-01 6.37e-01 5.78e-04 3.46e-11 
11366.65 2.61e-19 2.27e-11 9.10e-05 9.07e-01 9.27e-02 1.61e-06 2.03e-16 
12061.10 6.58e-18 5.06e-10 8.11e-04 9.97e-01 2.00e-03 7.35e-11 6.60e-24 
12793.43 3.12e-16 2.02e-08 1.07e-02 9.89e-01 1.73e-05 7.09e-16 4.75e-33 
13528.61 3.93e-14 1.79e-06 2.15e-01 7.85e-01 3.31e-08 4.03e-22 9.30e-39 
14194.74 9.53e-13 3.15e-05 8.71e-01 1.29e-01 1.08e-11 2.68e-29 5.43e-39 
14757.77 6.37e-12 1.41e-04 9.91e-01 8.64e-03 2.94e-15 2.76e-37 7.98e-39 
15240.48 3.91e-11 5.12e-04 9.99e-01 6.84e-04 2.17e-18 7.07e-38 1.04e-38 
15646.99 2.99e-10 1.94e-03 9.98e-01 7.03e-05 3.87e-21 8.43e-38 1.27e-38 
15960.30 2.56e-09 7.39e-03 9.93e-01 6.84e-06 5.23e-24 9.92e-38 1.53e-38 
16187.41 1.21e-08 2.07e-02 9.79e-01 8.82e-07 1.65e-26 1.59e-37 2.51e-38 
16354.17 4.98e-08 5.36e-02 9.46e-01 1.09e-07 1.11e-29 2.71e-37 4.34e-38 
16484.18 1.02e-07 9.03e-02 9.10e-01 6.11e-08 1.88e-29 4.44e-37 7.21e-38 
16593.12 1.67e-07 1.34e-01 8.66e-01 1.16e-08 3.08e-33 6.48e-37 1.06e-37 
16691.99 1.92e-07 1.53e-01 8.47e-01 6.87e-09 3.61e-34 8.45e-37 1.40e-37 
16788.59 3.22e-07 2.25e-01 7.75e-01 2.23e-09 3.97e-36 1.05e-36 1.76e-37 
16888.37 4.43e-07 2.90e-01 7.10e-01 8.46e-10 4.96e-36 1.32e-36 2.21e-37 
16998.79 8.19e-07 4.19e-01 5.81e-01 2.29e-10 6.38e-36 1.69e-36 2.86e-37 
17146.37 1.45e-06 5.75e-01 4.25e-01 5.24e-11 8.58e-36 2.27e-36 3.87e-37 
17415.23 2.36e-06 7.42e-01 2.58e-01 5.27e-12 1.32e-35 3.47e-36 6.01e-37 
17888.12 4.61e-06 9.21e-01 7.95e-02 7.90e-14 2.68e-35 7.02e-36 1.24e-36 
18532.37 9.39e-06 9.87e-01 1.27e-02 1.68e-16 4.84e-35 1.26e-35 2.29e-36 
19260.76 1.39e-05 9.98e-01 2.43e-03 6.11e-19 7.57e-35 1.96e-35 3.64e-36 
20034.10 1.47e-05 9.99e-01 8.24e-04 1.01e-20 1.05e-34 2.71e-35 5.14e-36 
20838.00 2.59e-05 1.00e+00 1.56e-04 3.38e-23 1.24e-34 3.18e-35 6.13e-36 
21647.97 3.09e-05 1.00e+00 6.02e-05 1.37e-24 1.26e-34 3.22e-35 6.29e-36 
22447.94 4.26e-05 1.00e+00 2.31e-05 6.73e-26 1.46e-34 3.70e-35 7.32e-36 
23245.88 6.34e-05 1.00e+00 6.65e-06 2.08e-27 1.81e-34 4.60e-35 9.19e-36 
24052.47 7.61e-05 1.00e+00 4.95e-06 3.82e-27 2.22e-34 5.62e-35 1.13e-35 
24867.72 8.39e-05 1.00e+00 2.09e-06 3.84e-27 2.58e-34 6.52e-35 1.33e-35 
25698.86 1.41e-04 1.00e+00 4.28e-07 3.14e-27 2.91e-34 7.33e-35 1.51e-35 
26587.16 1.17e-04 1.00e+00 1.72e-07 3.92e-27 3.31e-34 8.32e-35 1.72e-35 
27637.54 2.08e-04 1.00e+00 7.91e-08 8.02e-27 3.89e-34 9.73e-35 2.04e-35 
28986.97 2.90e-04 1.00e+00 2.64e-08 1.67e-26 4.88e-34 1.22e-34 2.59e-35 
#TIME: 4.40 
#NVEL: 67 
#vel_mid[km/s] fe0 fe1 fe2 fe3 fe4 fe5 fe6 
440.10 3.67e-18 5.33e-11 5.00e-05 4.86e-01 5.13e-01 1.77e-03 6.95e-09 
999.11 1.95e-19 3.47e-12 6.31e-06 1.85e-01 7.94e-01 2.03e-02 1.04e-06 
1267.34 1.08e-20 2.38e-13 6.55e-07 4.53e-02 8.08e-01 1.47e-01 8.13e-05 
1514.05 1.32e-21 3.17e-14 1.09e-07 1.31e-02 5.89e-01 3.97e-01 1.06e-03 
1808.80 1.43e-22 4.00e-15 1.82e-08 3.58e-03 3.44e-01 6.47e-01 5.99e-03 
1919.29 1.63e-23 4.96e-16 2.69e-09 7.61e-04 1.64e-01 8.10e-01 2.49e-02 
2160.92 1.23e-24 4.54e-17 3.85e-10 1.76e-04 8.32e-02 8.57e-01 5.98e-02 
2292.92 1.30e-25 4.98e-18 4.24e-11 2.88e-05 3.83e-02 8.15e-01 1.47e-01 
2432.98 4.49e-26 1.98e-18 2.16e-11 1.80e-05 2.93e-02 7.92e-01 1.79e-01 
2581.60 2.07e-26 1.00e-18 1.25e-11 1.22e-05 2.40e-02 7.73e-01 2.03e-01 
2739.29 9.84e-27 5.27e-19 7.98e-12 8.92e-06 1.99e-02 7.47e-01 2.33e-01 
2906.62 6.52e-27 3.72e-19 6.14e-12 7.50e-06 1.82e-02 7.35e-01 2.47e-01 
3084.17 4.16e-27 2.60e-19 4.80e-12 6.51e-06 1.72e-02 7.35e-01 2.47e-01 
3272.56 2.46e-27 1.70e-19 3.57e-12 5.47e-06 1.61e-02 7.36e-01 2.48e-01 
3472.46 1.75e-27 1.35e-19 3.25e-12 5.44e-06 1.65e-02 7.52e-01 2.32e-01 
3684.57 1.10e-27 9.59e-20 2.75e-12 5.12e-06 1.62e-02 7.64e-01 2.20e-01 
3909.64 5.98e-28 6.00e-20 2.04e-12 4.30e-06 1.48e-02 7.69e-01 2.17e-01 
4148.46 5.59e-28 6.03e-20 2.21e-12 4.81e-06 1.61e-02 7.94e-01 1.90e-01 
4401.86 1.13e-27 1.15e-19 3.82e-12 7.45e-06 2.11e-02 8.34e-01 1.45e-01 
4670.75 2.04e-27 2.05e-19 6.45e-12 1.15e-05 2.75e-02 8.59e-01 1.13e-01 
4956.05 1.93e-27 2.15e-19 7.48e-12 1.39e-05 3.16e-02 8.75e-01 9.29e-02 
5258.79 1.71e-27 2.09e-19 7.73e-12 1.50e-05 3.42e-02 8.85e-01 8.04e-02 
5580.02 2.28e-27 2.93e-19 1.10e-11 2.08e-05 4.22e-02 8.94e-01 6.39e-02 
5920.87 2.72e-27 3.76e-19 1.53e-11 2.87e-05 5.20e-02 9.01e-01 4.74e-02 
6282.54 3.97e-27 5.66e-19 2.24e-11 4.03e-05 6.46e-02 9.02e-01 3.31e-02 
6666.30 6.60e-27 9.70e-19 3.87e-11 6.46e-05 8.55e-02 8.92e-01 2.22e-02 
7073.50 1.23e-26 1.80e-18 6.80e-11 1.03e-04 1.14e-01 8.72e-01 1.42e-02 
7505.58 2.12e-26 3.30e-18 1.30e-10 1.80e-04 1.55e-01 8.38e-01 7.24e-03 
7964.05 6.85e-26 1.09e-17 4.10e-10 4.67e-04 2.55e-01 7.42e-01 2.55e-03 
8450.53 4.15e-25 6.40e-17 2.08e-09 1.70e-03 4.76e-01 5.22e-01 4.89e-04 
8966.72 2.11e-24 3.16e-16 8.86e-09 5.00e-03 7.01e-01 2.94e-01 7.28e-05 
9514.44 1.65e-23 2.31e-15 5.02e-08 1.63e-02 8.86e-01 9.73e-02 3.56e-06 
10095.62 3.17e-22 3.93e-14 5.83e-07 7.98e-02 9.09e-01 1.11e-02 2.87e-08 
10712.30 1.21e-20 1.26e-12 1.02e-05 4.24e-01 5.76e-01 3.54e-04 1.12e-11 
11366.65 3.13e-19 2.77e-11 1.06e-04 9.27e-01 7.28e-02 7.35e-07 4.86e-17 
12061.10 7.98e-18 6.30e-10 9.58e-04 9.98e-01 1.42e-03 2.38e-11 4.69e-25 
12793.43 3.85e-16 2.54e-08 1.27e-02 9.87e-01 1.10e-05 2.38e-16 8.12e-34 
13528.61 4.77e-14 2.21e-06 2.49e-01 7.51e-01 1.81e-08 1.41e-22 1.34e-38 
14194.74 1.07e-12 3.53e-05 8.93e-01 1.07e-01 5.35e-12 4.47e-31 5.77e-39 
14757.77 6.73e-12 1.50e-04 9.93e-01 7.25e-03 1.76e-15 6.01e-38 8.49e-39 
15240.48 4.15e-11 5.45e-04 9.99e-01 5.87e-04 1.38e-18 7.50e-38 1.10e-38 
15646.99 2.92e-10 1.94e-03 9.98e-01 5.68e-05 1.19e-21 8.93e-38 1.35e-38 
15960.30 2.51e-09 7.45e-03 9.93e-01 5.68e-06 1.69e-24 1.05e-37 1.63e-38 
16187.41 1.34e-08 2.27e-02 9.77e-01 7.81e-07 1.65e-26 1.68e-37 2.66e-38 
16354.17 5.13e-08 5.56e-02 9.44e-01 1.03e-07 6.48e-30 2.87e-37 4.62e-38 
16484.18 9.97e-08 9.20e-02 9.08e-01 3.06e-08 3.11e-32 4.72e-37 7.66e-38 
16593.12 1.41e-07 1.23e-01 8.77e-01 1.30e-08 8.51e-36 6.89e-37 1.13e-37 
16691.99 2.43e-07 1.82e-01 8.18e-01 4.69e-09 2.64e-34 8.98e-37 1.49e-37 
16788.59 3.83e-07 2.53e-01 7.47e-01 1.42e-09 4.22e-36 1.12e-36 1.87e-37 
16888.37 4.75e-07 2.97e-01 7.03e-01 9.16e-10 5.27e-36 1.40e-36 2.35e-37 
16998.79 7.95e-07 4.19e-01 5.81e-01 2.04e-10 6.78e-36 1.80e-36 3.04e-37 
17146.37 1.14e-06 5.22e-01 4.78e-01 9.44e-11 9.12e-36 2.41e-36 4.12e-37 
17415.23 2.42e-06 7.65e-01 2.35e-01 2.89e-12 1.40e-35 3.68e-36 6.39e-37 
17888.12 4.63e-06 9.31e-01 6.85e-02 3.99e-14 2.85e-35 7.46e-36 1.32e-36 
18532.37 8.60e-06 9.87e-01 1.35e-02 3.11e-16 5.14e-35 1.34e-35 2.43e-36 
19260.76 1.35e-05 9.97e-01 2.97e-03 3.73e-18 8.04e-35 2.08e-35 3.87e-36 
20034.10 1.57e-05 9.99e-01 7.89e-04 8.83e-21 1.12e-34 2.88e-35 5.46e-36 
20838.00 2.19e-05 1.00e+00 2.00e-04 1.82e-22 1.32e-34 3.39e-35 6.52e-36 
21647.97 3.26e-05 1.00e+00 5.77e-05 1.17e-24 1.34e-34 3.43e-35 6.69e-36 
22447.94 4.36e-05 1.00e+00 2.68e-05 1.40e-25 1.55e-34 3.94e-35 7.78e-36 
23245.88 4.53e-05 1.00e+00 9.03e-06 4.15e-27 1.93e-34 4.89e-35 9.77e-36 
24052.47 3.22e-05 1.00e+00 1.11e-05 7.63e-27 2.36e-34 5.97e-35 1.20e-35 
24867.72 7.68e-05 1.00e+00 1.50e-06 1.77e-27 2.74e-34 6.92e-35 1.41e-35 
25698.86 1.11e-04 1.00e+00 6.50e-07 5.23e-27 3.10e-34 7.80e-35 1.60e-35 
26587.16 1.09e-04 1.00e+00 3.20e-07 8.95e-27 3.52e-34 8.83e-35 1.83e-35 
27637.54 1.81e-04 1.00e+00 1.12e-07 1.26e-26 4.14e-34 1.03e-34 2.17e-35 
28986.97 2.36e-04 1.00e+00 3.87e-08 2.92e-26 5.19e-34 1.29e-34 2.76e-35 
#TIME: 4.49 
#NVEL: 67 
#vel_mid[km/s] fe0 fe1 fe2 fe3 fe4 fe5 fe6 
440.10 2.92e-18 4.35e-11 4.39e-05 4.62e-01 5.35e-01 2.55e-03 3.01e-08 
999.11 1.64e-19 3.03e-12 5.55e-06 1.76e-01 8.02e-01 2.14e-02 1.13e-06 
1267.34 9.79e-21 2.22e-13 6.07e-07 4.43e-02 8.11e-01 1.45e-01 7.18e-05 
1514.05 1.22e-21 3.04e-14 1.04e-07 1.30e-02 5.92e-01 3.94e-01 1.02e-03 
1808.80 1.47e-22 4.25e-15 1.89e-08 3.79e-03 3.59e-01 6.32e-01 5.10e-03 
1919.29 2.04e-23 6.13e-16 2.97e-09 8.43e-04 1.79e-01 8.01e-01 1.92e-02 
2160.92 2.21e-24 7.99e-17 5.40e-10 2.38e-04 1.03e-01 8.58e-01 3.86e-02 
2292.92 1.37e-25 5.40e-18 4.49e-11 3.08e-05 4.12e-02 8.27e-01 1.31e-01 
2432.98 5.64e-26 2.45e-18 2.37e-11 1.94e-05 3.20e-02 8.11e-01 1.57e-01 
2581.60 2.55e-26 1.24e-18 1.46e-11 1.39e-05 2.64e-02 7.87e-01 1.87e-01 
2739.29 1.37e-26 7.26e-19 9.81e-12 1.06e-05 2.28e-02 7.73e-01 2.04e-01 
2906.62 8.49e-27 4.91e-19 7.58e-12 9.05e-06 2.11e-02 7.61e-01 2.18e-01 
3084.17 5.33e-27 3.40e-19 6.10e-12 8.10e-06 2.01e-02 7.59e-01 2.20e-01 
3272.56 3.05e-27 2.16e-19 4.44e-12 6.67e-06 1.83e-02 7.53e-01 2.28e-01 
3472.46 2.25e-27 1.75e-19 4.05e-12 6.60e-06 1.88e-02 7.71e-01 2.11e-01 
3684.57 1.50e-27 1.31e-19 3.54e-12 6.38e-06 1.90e-02 7.90e-01 1.91e-01 
3909.64 7.63e-28 7.87e-20 2.61e-12 5.41e-06 1.75e-02 7.97e-01 1.86e-01 
4148.46 7.17e-28 7.94e-20 2.85e-12 6.06e-06 1.90e-02 8.20e-01 1.61e-01 
4401.86 1.38e-27 1.45e-19 4.74e-12 9.08e-06 2.41e-02 8.48e-01 1.28e-01 
4670.75 2.39e-27 2.50e-19 8.03e-12 1.42e-05 3.18e-02 8.72e-01 9.65e-02 
4956.05 2.42e-27 2.75e-19 9.27e-12 1.68e-05 3.62e-02 8.85e-01 7.86e-02 
5258.79 2.04e-27 2.58e-19 9.52e-12 1.82e-05 3.88e-02 8.90e-01 7.13e-02 
5580.02 2.62e-27 3.52e-19 1.36e-11 2.56e-05 4.84e-02 8.98e-01 5.39e-02 
5920.87 3.55e-27 4.98e-19 1.94e-11 3.53e-05 5.97e-02 9.02e-01 3.82e-02 
6282.54 4.78e-27 7.04e-19 2.81e-11 4.95e-05 7.35e-02 8.98e-01 2.86e-02 
6666.30 8.22e-27 1.22e-18 4.60e-11 7.51e-05 9.64e-02 8.86e-01 1.80e-02 
7073.50 1.50e-26 2.26e-18 8.47e-11 1.25e-04 1.28e-01 8.61e-01 1.12e-02 
7505.58 2.58e-26 4.20e-18 1.70e-10 2.30e-04 1.80e-01 8.14e-01 5.44e-03 
7964.05 8.85e-26 1.47e-17 5.67e-10 6.24e-04 2.99e-01 6.98e-01 1.80e-03 
8450.53 5.10e-25 8.22e-17 2.74e-09 2.15e-03 5.29e-01 4.69e-01 3.27e-04 
8966.72 2.68e-24 4.13e-16 1.15e-08 6.10e-03 7.45e-01 2.49e-01 4.36e-05 
9514.44 1.98e-23 2.89e-15 6.44e-08 1.96e-02 9.02e-01 7.80e-02 2.14e-06 
10095.62 4.51e-22 5.66e-14 7.95e-07 9.77e-02 8.95e-01 7.76e-03 7.55e-09 
10712.30 1.63e-20 1.74e-12 1.34e-05 4.92e-01 5.08e-01 2.09e-04 2.35e-12 
11366.65 3.72e-19 3.37e-11 1.23e-04 9.43e-01 5.64e-02 3.15e-07 1.14e-17 
12061.10 9.51e-18 7.73e-10 1.12e-03 9.98e-01 1.02e-03 2.69e-11 5.35e-25 
12793.43 4.99e-16 3.32e-08 1.54e-02 9.85e-01 8.29e-06 1.23e-16 9.59e-35 
13528.61 5.81e-14 2.72e-06 2.87e-01 7.13e-01 1.05e-08 1.94e-23 4.65e-39 
14194.74 1.11e-12 3.74e-05 9.07e-01 9.32e-02 3.18e-12 1.03e-31 6.14e-39 
14757.77 6.54e-12 1.51e-04 9.93e-01 6.57e-03 1.70e-15 1.62e-37 9.02e-39 
15240.48 4.14e-11 5.59e-04 9.99e-01 5.05e-04 1.11e-18 7.95e-38 1.17e-38 
15646.99 3.34e-10 2.21e-03 9.98e-01 5.42e-05 2.52e-21 9.47e-38 1.44e-38 
15960.30 2.73e-09 8.12e-03 9.92e-01 4.25e-06 5.04e-25 1.11e-37 1.73e-38 
16187.41 1.82e-08 2.84e-02 9.72e-01 4.27e-07 2.71e-27 1.79e-37 2.83e-38 
16354.17 5.16e-08 5.78e-02 9.42e-01 8.64e-08 7.75e-30 3.05e-37 4.91e-38 
16484.18 9.92e-08 9.14e-02 9.09e-01 2.95e-08 8.63e-32 5.01e-37 8.15e-38 
16593.12 1.30e-07 1.19e-01 8.81e-01 1.11e-08 2.51e-34 7.30e-37 1.20e-37 
16691.99 2.31e-07 1.83e-01 8.17e-01 3.78e-09 4.91e-35 9.54e-37 1.58e-37 
16788.59 3.26e-07 2.32e-01 7.68e-01 2.02e-09 1.50e-35 1.19e-36 1.99e-37 
16888.37 4.80e-07 3.13e-01 6.87e-01 5.03e-10 5.60e-36 1.49e-36 2.49e-37 
16998.79 7.79e-07 4.23e-01 5.77e-01 1.87e-10 7.21e-36 1.91e-36 3.23e-37 
17146.37 1.23e-06 5.53e-01 4.47e-01 5.61e-11 9.68e-36 2.56e-36 4.38e-37 
17415.23 2.36e-06 7.71e-01 2.29e-01 2.70e-12 1.48e-35 3.91e-36 6.79e-37 
17888.12 4.40e-06 9.22e-01 7.78e-02 7.34e-14 3.03e-35 7.94e-36 1.41e-36 
18532.37 8.76e-06 9.87e-01 1.29e-02 2.83e-16 5.47e-35 1.43e-35 2.59e-36 
19260.76 1.32e-05 9.97e-01 2.64e-03 7.18e-19 8.56e-35 2.22e-35 4.11e-36 
20034.10 1.56e-05 9.99e-01 7.94e-04 7.58e-21 1.19e-34 3.07e-35 5.81e-36 
20838.00 2.16e-05 1.00e+00 2.44e-04 1.49e-22 1.41e-34 3.60e-35 6.93e-36 
21647.97 3.50e-05 1.00e+00 7.57e-05 1.23e-23 1.43e-34 3.65e-35 7.12e-36 
22447.94 4.22e-05 1.00e+00 2.97e-05 1.43e-25 1.65e-34 4.19e-35 8.27e-36 
23245.88 6.51e-05 1.00e+00 8.50e-06 3.52e-27 2.05e-34 5.20e-35 1.04e-35 
24052.47 6.77e-05 1.00e+00 2.90e-06 5.55e-28 2.51e-34 6.36e-35 1.28e-35 
24867.72 9.23e-05 1.00e+00 1.36e-06 2.52e-27 2.92e-34 7.37e-35 1.50e-35 
25698.86 9.81e-05 1.00e+00 7.16e-07 4.36e-27 3.29e-34 8.28e-35 1.70e-35 
26587.16 1.40e-04 1.00e+00 2.90e-07 5.47e-27 3.74e-34 9.39e-35 1.95e-35 
27637.54 9.85e-05 1.00e+00 1.33e-07 1.10e-26 4.40e-34 1.10e-34 2.31e-35 
28986.97 1.21e-04 1.00e+00 5.53e-08 3.46e-26 5.52e-34 1.38e-34 2.93e-35 
#TIME: 4.58 
#NVEL: 67 
#vel_mid[km/s] fe0 fe1 fe2 fe3 fe4 fe5 fe6 
440.10 2.34e-18 3.33e-11 2.83e-05 4.00e-01 5.97e-01 3.81e-03 3.79e-08 
999.11 1.02e-19 2.10e-12 4.40e-06 1.57e-01 8.15e-01 2.80e-02 1.98e-06 
1267.34 7.21e-21 1.75e-13 5.15e-07 4.03e-02 7.97e-01 1.62e-01 1.06e-04 
1514.05 9.05e-22 2.45e-14 9.30e-08 1.22e-02 5.78e-01 4.09e-01 1.26e-03 
1808.80 1.25e-22 3.81e-15 1.83e-08 3.76e-03 3.57e-01 6.33e-01 5.56e-03 
1919.29 1.43e-23 4.67e-16 2.64e-09 7.78e-04 1.69e-01 8.05e-01 2.48e-02 
2160.92 1.90e-24 7.31e-17 5.76e-10 2.51e-04 1.01e-01 8.52e-01 4.67e-02 
2292.92 1.23e-25 5.07e-18 4.56e-11 3.20e-05 4.19e-02 8.28e-01 1.30e-01 
2432.98 4.53e-26 2.14e-18 2.41e-11 2.04e-05 3.23e-02 8.03e-01 1.64e-01 
2581.60 2.49e-26 1.28e-18 1.60e-11 1.54e-05 2.80e-02 7.92e-01 1.79e-01 
2739.29 1.43e-26 7.93e-19 1.13e-11 1.21e-05 2.46e-02 7.78e-01 1.98e-01 
2906.62 9.93e-27 5.85e-19 8.97e-12 1.05e-05 2.31e-02 7.73e-01 2.04e-01 
3084.17 6.36e-27 4.15e-19 7.33e-12 9.58e-06 2.25e-02 7.78e-01 2.00e-01 
3272.56 3.55e-27 2.61e-19 5.45e-12 8.09e-06 2.09e-02 7.74e-01 2.05e-01 
3472.46 2.55e-27 2.07e-19 4.82e-12 7.80e-06 2.10e-02 7.86e-01 1.93e-01 
3684.57 1.76e-27 1.59e-19 4.31e-12 7.66e-06 2.14e-02 8.04e-01 1.75e-01 
3909.64 9.35e-28 9.91e-20 3.29e-12 6.69e-06 2.02e-02 8.17e-01 1.63e-01 
4148.46 8.89e-28 1.00e-19 3.54e-12 7.38e-06 2.17e-02 8.37e-01 1.41e-01 
4401.86 1.55e-27 1.70e-19 5.79e-12 1.10e-05 2.75e-02 8.61e-01 1.12e-01 
4670.75 2.82e-27 3.05e-19 9.86e-12 1.72e-05 3.63e-02 8.82e-01 8.15e-02 
4956.05 2.84e-27 3.33e-19 1.13e-11 2.02e-05 4.07e-02 8.90e-01 6.96e-02 
5258.79 2.36e-27 3.11e-19 1.18e-11 2.23e-05 4.43e-02 8.95e-01 6.08e-02 
5580.02 3.13e-27 4.35e-19 1.70e-11 3.14e-05 5.54e-02 9.01e-01 4.41e-02 
5920.87 4.23e-27 6.12e-19 2.40e-11 4.29e-05 6.74e-02 8.99e-01 3.33e-02 
6282.54 5.56e-27 8.57e-19 3.54e-11 6.15e-05 8.42e-02 8.92e-01 2.34e-02 
6666.30 8.89e-27 1.37e-18 5.45e-11 8.83e-05 1.06e-01 8.78e-01 1.62e-02 
7073.50 1.71e-26 2.69e-18 1.05e-10 1.53e-04 1.44e-01 8.47e-01 9.21e-03 
7505.58 3.36e-26 5.59e-18 2.21e-10 2.89e-04 2.07e-01 7.89e-01 3.95e-03 
7964.05 1.19e-25 2.07e-17 8.08e-10 8.52e-04 3.51e-01 6.47e-01 1.18e-03 
8450.53 6.77e-25 1.11e-16 3.52e-09 2.62e-03 5.77e-01 4.20e-01 2.16e-04 
8966.72 3.37e-24 5.33e-16 1.46e-08 7.29e-03 7.80e-01 2.13e-01 2.73e-05 
9514.44 2.64e-23 3.92e-15 8.49e-08 2.38e-02 9.16e-01 5.99e-02 9.57e-07 
10095.62 5.81e-22 7.53e-14 1.04e-06 1.17e-01 8.78e-01 5.76e-03 3.32e-09 
10712.30 2.08e-20 2.28e-12 1.69e-05 5.53e-01 4.47e-01 1.31e-04 8.02e-13 
11366.65 4.38e-19 4.06e-11 1.43e-04 9.56e-01 4.34e-02 1.67e-07 3.57e-18 
12061.10 1.26e-17 1.05e-09 1.45e-03 9.98e-01 6.20e-04 3.59e-12 1.41e-26 
12793.43 6.16e-16 4.17e-08 1.84e-02 9.82e-01 4.97e-06 3.90e-17 1.92e-36 
13528.61 6.91e-14 3.30e-06 3.26e-01 6.74e-01 7.84e-09 1.15e-23 1.94e-38 
14194.74 1.19e-12 4.08e-05 9.22e-01 7.77e-02 2.30e-12 7.17e-31 2.66e-38 
14757.77 7.16e-12 1.65e-04 9.95e-01 5.17e-03 5.56e-16 6.74e-38 9.59e-39 
15240.48 4.21e-11 5.78e-04 9.99e-01 4.89e-04 6.49e-19 8.44e-38 1.25e-38 
15646.99 3.31e-10 2.23e-03 9.98e-01 4.27e-05 8.92e-22 1.00e-37 1.53e-38 
15960.30 3.05e-09 8.90e-03 9.91e-01 3.74e-06 4.77e-25 1.18e-37 1.84e-38 
16187.41 1.56e-08 2.59e-02 9.74e-01 4.47e-07 6.12e-28 1.90e-37 3.01e-38 
16354.17 4.92e-08 5.79e-02 9.42e-01 9.99e-08 8.22e-30 3.24e-37 5.22e-38 
16484.18 8.91e-08 8.96e-02 9.10e-01 2.82e-08 2.01e-32 5.31e-37 8.66e-38 
16593.12 1.65e-07 1.42e-01 8.58e-01 2.56e-08 3.16e-31 7.76e-37 1.28e-37 
16691.99 2.23e-07 1.78e-01 8.22e-01 4.31e-09 9.48e-35 1.01e-36 1.68e-37 
16788.59 2.93e-07 2.26e-01 7.74e-01 1.58e-09 4.75e-36 1.26e-36 2.11e-37 
16888.37 4.23e-07 2.85e-01 7.15e-01 1.08e-09 5.94e-36 1.57e-36 2.65e-37 
16998.79 7.16e-07 4.07e-01 5.93e-01 2.18e-10 7.65e-36 2.03e-36 3.44e-37 
17146.37 1.24e-06 5.66e-01 4.34e-01 4.43e-11 1.03e-35 2.72e-36 4.66e-37 
17415.23 2.29e-06 7.62e-01 2.38e-01 3.24e-12 1.58e-35 4.16e-36 7.22e-37 
17888.12 4.05e-06 9.20e-01 8.02e-02 5.66e-14 3.22e-35 8.44e-36 1.50e-36 
18532.37 7.92e-06 9.85e-01 1.51e-02 2.46e-16 5.82e-35 1.52e-35 2.75e-36 
19260.76 1.20e-05 9.96e-01 3.93e-03 2.73e-18 9.10e-35 2.36e-35 4.37e-36 
20034.10 1.73e-05 9.99e-01 7.26e-04 9.35e-21 1.27e-34 3.27e-35 6.18e-36 
20838.00 1.93e-05 1.00e+00 2.35e-04 1.10e-22 1.50e-34 3.84e-35 7.37e-36 
21647.97 3.19e-05 1.00e+00 6.19e-05 1.02e-24 1.52e-34 3.89e-35 7.57e-36 
22447.94 3.06e-05 1.00e+00 3.05e-05 1.37e-25 1.75e-34 4.46e-35 8.80e-36 
23245.88 5.29e-05 1.00e+00 1.08e-05 6.14e-27 2.18e-34 5.55e-35 1.10e-35 
24052.47 4.64e-05 1.00e+00 6.16e-06 5.75e-27 2.68e-34 6.77e-35 1.36e-35 
24867.72 4.51e-05 1.00e+00 1.92e-06 4.50e-27 3.11e-34 7.86e-35 1.60e-35 
25698.86 1.02e-04 1.00e+00 1.24e-06 6.17e-27 3.51e-34 8.83e-35 1.81e-35 
26587.16 9.86e-05 1.00e+00 3.24e-07 7.50e-27 3.98e-34 1.00e-34 2.07e-35 
27637.54 1.23e-04 1.00e+00 1.26e-07 1.09e-26 4.68e-34 1.17e-34 2.46e-35 
28986.97 1.61e-04 1.00e+00 5.52e-08 2.70e-26 5.87e-34 1.46e-34 3.12e-35 
#TIME: 4.68 
#NVEL: 67 
#vel_mid[km/s] fe0 fe1 fe2 fe3 fe4 fe5 fe6 
440.10 8.12e-19 1.34e-11 2.02e-05 3.48e-01 6.40e-01 1.18e-02 1.77e-06 
999.11 8.34e-20 1.79e-12 3.80e-06 1.47e-01 8.24e-01 2.95e-02 2.27e-06 
1267.34 5.59e-21 1.44e-13 4.49e-07 3.78e-02 7.92e-01 1.70e-01 1.16e-04 
1514.05 8.38e-22 2.33e-14 9.01e-08 1.23e-02 5.89e-01 3.98e-01 1.04e-03 
1808.80 1.16e-22 3.71e-15 1.82e-08 3.86e-03 3.68e-01 6.23e-01 4.84e-03 
1919.29 1.56e-23 5.15e-16 2.75e-09 8.28e-04 1.82e-01 7.98e-01 1.88e-02 
2160.92 2.67e-24 1.02e-16 6.91e-10 2.96e-04 1.15e-01 8.50e-01 3.41e-02 
2292.92 1.22e-25 5.21e-18 4.81e-11 3.44e-05 4.47e-02 8.40e-01 1.15e-01 
2432.98 5.57e-26 2.60e-18 2.66e-11 2.24e-05 3.56e-02 8.26e-01 1.38e-01 
2581.60 2.83e-26 1.46e-18 1.76e-11 1.69e-05 3.03e-02 8.08e-01 1.61e-01 
2739.29 1.68e-26 9.45e-19 1.30e-11 1.38e-05 2.73e-02 7.97e-01 1.76e-01 
2906.62 1.13e-26 6.82e-19 1.04e-11 1.21e-05 2.56e-02 7.89e-01 1.86e-01 
3084.17 7.25e-27 4.84e-19 8.47e-12 1.09e-05 2.47e-02 7.91e-01 1.84e-01 
3272.56 4.12e-27 3.12e-19 6.58e-12 9.69e-06 2.37e-02 7.96e-01 1.81e-01 
3472.46 2.92e-27 2.45e-19 5.86e-12 9.41e-06 2.39e-02 8.06e-01 1.70e-01 
3684.57 2.02e-27 1.89e-19 5.14e-12 9.05e-06 2.40e-02 8.21e-01 1.55e-01 
3909.64 1.13e-27 1.23e-19 4.09e-12 8.20e-06 2.32e-02 8.35e-01 1.42e-01 
4148.46 9.92e-28 1.17e-19 4.26e-12 8.87e-06 2.45e-02 8.51e-01 1.25e-01 
4401.86 1.79e-27 2.05e-19 7.29e-12 1.38e-05 3.19e-02 8.75e-01 9.29e-02 
4670.75 3.33e-27 3.69e-19 1.18e-11 2.03e-05 4.05e-02 8.89e-01 7.07e-02 
4956.05 3.22e-27 3.94e-19 1.38e-11 2.45e-05 4.61e-02 8.94e-01 5.96e-02 
5258.79 2.72e-27 3.73e-19 1.46e-11 2.75e-05 5.07e-02 8.99e-01 5.01e-02 
5580.02 3.82e-27 5.43e-19 2.09e-11 3.78e-05 6.24e-02 9.01e-01 3.70e-02 
5920.87 4.91e-27 7.41e-19 2.98e-11 5.26e-05 7.66e-02 8.96e-01 2.76e-02 
6282.54 6.90e-27 1.07e-18 4.14e-11 7.04e-05 9.39e-02 8.87e-01 1.87e-02 
6666.30 1.05e-26 1.68e-18 6.62e-11 1.05e-04 1.18e-01 8.69e-01 1.28e-02 
7073.50 2.05e-26 3.34e-18 1.33e-10 1.89e-04 1.63e-01 8.29e-01 6.97e-03 
7505.58 4.59e-26 7.87e-18 3.14e-10 3.93e-04 2.38e-01 7.59e-01 3.09e-03 
7964.05 1.65e-25 2.91e-17 1.10e-09 1.10e-03 4.02e-01 5.97e-01 7.82e-04 
8450.53 8.17e-25 1.39e-16 4.50e-09 3.19e-03 6.18e-01 3.79e-01 1.64e-04 
8966.72 4.06e-24 6.63e-16 1.83e-08 8.64e-03 8.09e-01 1.82e-01 1.78e-05 
9514.44 3.33e-23 5.12e-15 1.10e-07 2.86e-02 9.25e-01 4.67e-02 5.07e-07 
10095.62 7.77e-22 1.03e-13 1.39e-06 1.42e-01 8.54e-01 4.02e-03 1.52e-09 
10712.30 2.67e-20 2.99e-12 2.14e-05 6.17e-01 3.83e-01 7.40e-05 2.63e-13 
11366.65 5.41e-19 5.12e-11 1.72e-04 9.68e-01 3.17e-02 7.29e-08 8.01e-19 
12061.10 1.57e-17 1.35e-09 1.75e-03 9.98e-01 4.16e-04 1.49e-12 3.39e-27 
12793.43 7.65e-16 5.27e-08 2.18e-02 9.78e-01 3.68e-06 1.70e-17 3.66e-36 
13528.61 8.72e-14 4.17e-06 3.78e-01 6.22e-01 4.84e-09 1.61e-23 4.01e-38 
14194.74 1.31e-12 4.48e-05 9.36e-01 6.44e-02 9.89e-13 2.22e-32 6.93e-39 
14757.77 7.73e-12 1.78e-04 9.96e-01 4.28e-03 2.83e-16 7.13e-38 1.02e-38 
15240.48 4.12e-11 5.83e-04 9.99e-01 5.20e-04 8.37e-19 8.93e-38 1.32e-38 
15646.99 3.36e-10 2.31e-03 9.98e-01 3.61e-05 2.45e-22 1.07e-37 1.62e-38 
15960.30 3.18e-09 9.47e-03 9.91e-01 4.84e-06 2.96e-24 1.25e-37 1.96e-38 
16187.41 1.44e-08 2.54e-02 9.75e-01 4.51e-07 4.24e-28 2.02e-37 3.20e-38 
16354.17 5.16e-08 5.93e-02 9.41e-01 7.53e-08 4.71e-31 3.43e-37 5.55e-38 
16484.18 1.11e-07 1.04e-01 8.96e-01 2.93e-08 1.99e-30 5.62e-37 9.21e-38 
16593.12 1.45e-07 1.34e-01 8.66e-01 9.57e-09 2.73e-33 8.23e-37 1.36e-37 
16691.99 2.49e-07 2.01e-01 7.99e-01 3.04e-08 2.20e-31 1.08e-36 1.79e-37 
16788.59 3.74e-07 2.67e-01 7.33e-01 1.41e-09 9.72e-36 1.34e-36 2.25e-37 
16888.37 5.25e-07 3.39e-01 6.61e-01 4.17e-10 6.31e-36 1.67e-36 2.82e-37 
16998.79 7.86e-07 4.39e-01 5.61e-01 1.49e-10 8.13e-36 2.15e-36 3.65e-37 
17146.37 1.10e-06 5.37e-01 4.63e-01 5.70e-11 1.09e-35 2.89e-36 4.95e-37 
17415.23 2.00e-06 7.49e-01 2.51e-01 3.19e-12 1.68e-35 4.42e-36 7.68e-37 
17888.12 4.01e-06 9.20e-01 8.00e-02 6.50e-14 3.42e-35 8.96e-36 1.59e-36 
18532.37 7.32e-06 9.84e-01 1.64e-02 3.74e-16 6.19e-35 1.61e-35 2.93e-36 
19260.76 1.05e-05 9.97e-01 3.28e-03 1.12e-18 9.67e-35 2.50e-35 4.65e-36 
20034.10 1.43e-05 9.99e-01 8.72e-04 1.01e-20 1.35e-34 3.47e-35 6.57e-36 
20838.00 1.59e-05 1.00e+00 2.97e-04 2.47e-22 1.59e-34 4.08e-35 7.84e-36 
21647.97 2.03e-05 1.00e+00 9.79e-05 6.39e-24 1.62e-34 4.14e-35 8.05e-36 
22447.94 3.69e-05 1.00e+00 2.81e-05 8.36e-26 1.86e-34 4.75e-35 9.35e-36 
23245.88 5.91e-05 1.00e+00 1.05e-05 3.03e-27 2.32e-34 5.90e-35 1.17e-35 
24052.47 3.66e-05 1.00e+00 1.25e-05 1.01e-26 2.85e-34 7.21e-35 1.45e-35 
24867.72 7.65e-05 1.00e+00 3.05e-06 5.91e-27 3.31e-34 8.37e-35 1.70e-35 
25698.86 7.53e-05 1.00e+00 9.94e-07 4.21e-27 3.73e-34 9.40e-35 1.93e-35 
26587.16 8.51e-05 1.00e+00 4.26e-07 1.05e-26 4.24e-34 1.07e-34 2.20e-35 
27637.54 1.09e-04 1.00e+00 1.59e-07 1.72e-26 4.98e-34 1.25e-34 2.61e-35 
28986.97 1.62e-04 1.00e+00 5.66e-08 3.05e-26 6.25e-34 1.56e-34 3.31e-35 
#TIME: 4.77 
#NVEL: 67 
#vel_mid[km/s] fe0 fe1 fe2 fe3 fe4 fe5 fe6 
440.10 5.60e-19 9.83e-12 1.56e-05 3.27e-01 6.67e-01 5.49e-03 6.54e-08 
999.11 5.39e-20 1.27e-12 3.02e-06 1.30e-01 8.33e-01 3.72e-02 4.10e-06 
1267.34 4.29e-21 1.18e-13 3.96e-07 3.56e-02 7.86e-01 1.78e-01 1.30e-04 
1514.05 6.56e-22 1.93e-14 8.02e-08 1.15e-02 5.79e-01 4.09e-01 1.14e-03 
1808.80 9.94e-23 3.34e-15 1.75e-08 3.82e-03 3.71e-01 6.21e-01 4.82e-03 
1919.29 1.16e-23 4.14e-16 2.56e-09 7.99e-04 1.79e-01 7.99e-01 2.13e-02 
2160.92 2.04e-24 8.49e-17 6.94e-10 3.03e-04 1.14e-01 8.46e-01 3.97e-02 
2292.92 1.14e-25 5.12e-18 5.10e-11 3.71e-05 4.70e-02 8.46e-01 1.07e-01 
2432.98 4.57e-26 2.32e-18 2.80e-11 2.42e-05 3.67e-02 8.23e-01 1.40e-01 
2581.60 2.56e-26 1.42e-18 1.94e-11 1.90e-05 3.24e-02 8.14e-01 1.53e-01 
2739.29 1.70e-26 1.00e-18 1.48e-11 1.58e-05 2.96e-02 8.07e-01 1.63e-01 
2906.62 1.22e-26 7.59e-19 1.19e-11 1.38e-05 2.79e-02 8.02e-01 1.70e-01 
3084.17 7.94e-27 5.49e-19 9.82e-12 1.26e-05 2.72e-02 8.05e-01 1.68e-01 
3272.56 4.89e-27 3.76e-19 7.73e-12 1.12e-05 2.62e-02 8.12e-01 1.62e-01 
3472.46 3.41e-27 2.94e-19 7.07e-12 1.12e-05 2.70e-02 8.25e-01 1.48e-01 
3684.57 2.16e-27 2.13e-19 6.15e-12 1.09e-05 2.71e-02 8.36e-01 1.37e-01 
3909.64 1.25e-27 1.43e-19 5.02e-12 1.01e-05 2.65e-02 8.51e-01 1.23e-01 
4148.46 1.12e-27 1.38e-19 5.24e-12 1.09e-05 2.81e-02 8.66e-01 1.06e-01 
4401.86 2.18e-27 2.56e-19 8.95e-12 1.66e-05 3.62e-02 8.86e-01 7.73e-02 
4670.75 3.77e-27 4.35e-19 1.43e-11 2.45e-05 4.55e-02 8.93e-01 6.15e-02 
4956.05 3.69e-27 4.72e-19 1.72e-11 3.02e-05 5.28e-02 8.99e-01 4.86e-02 
5258.79 3.22e-27 4.58e-19 1.81e-11 3.36e-05 5.79e-02 9.02e-01 4.06e-02 
5580.02 4.36e-27 6.43e-19 2.54e-11 4.54e-05 6.99e-02 8.98e-01 3.20e-02 
5920.87 5.66e-27 8.93e-19 3.75e-11 6.54e-05 8.77e-02 8.90e-01 2.20e-02 
6282.54 7.28e-27 1.18e-18 4.91e-11 8.30e-05 1.03e-01 8.80e-01 1.70e-02 
6666.30 1.19e-26 1.97e-18 8.07e-11 1.26e-04 1.31e-01 8.58e-01 1.08e-02 
7073.50 2.35e-26 4.02e-18 1.67e-10 2.33e-04 1.85e-01 8.10e-01 5.37e-03 
7505.58 5.65e-26 1.01e-17 4.21e-10 5.12e-04 2.75e-01 7.22e-01 2.25e-03 
7964.05 2.02e-25 3.71e-17 1.43e-09 1.38e-03 4.47e-01 5.51e-01 6.06e-04 
8450.53 9.82e-25 1.73e-16 5.77e-09 3.90e-03 6.62e-01 3.34e-01 1.07e-04 
8966.72 4.86e-24 8.23e-16 2.29e-08 1.02e-02 8.38e-01 1.52e-01 1.07e-05 
9514.44 4.20e-23 6.67e-15 1.44e-07 3.47e-02 9.30e-01 3.52e-02 2.96e-07 
10095.62 1.03e-21 1.40e-13 1.83e-06 1.69e-01 8.28e-01 2.84e-03 1.35e-09 
10712.30 3.33e-20 3.82e-12 2.64e-05 6.74e-01 3.26e-01 4.48e-05 9.85e-14 
11366.65 6.62e-19 6.44e-11 2.05e-04 9.78e-01 2.22e-02 2.89e-08 1.56e-19 
12061.10 1.90e-17 1.68e-09 2.08e-03 9.98e-01 2.90e-04 5.78e-13 4.50e-28 
12793.43 9.22e-16 6.48e-08 2.54e-02 9.75e-01 2.54e-06 6.88e-18 1.98e-36 
13528.61 1.03e-13 5.01e-06 4.25e-01 5.75e-01 2.31e-09 3.03e-25 5.21e-39 
14194.74 1.42e-12 4.88e-05 9.46e-01 5.42e-02 6.52e-13 4.21e-33 7.37e-39 
14757.77 8.11e-12 1.89e-04 9.96e-01 3.73e-03 2.14e-16 7.55e-38 1.08e-38 
15240.48 4.59e-11 6.41e-04 9.99e-01 3.43e-04 1.74e-19 9.47e-38 1.41e-38 
15646.99 3.37e-10 2.35e-03 9.98e-01 5.89e-05 5.64e-21 1.13e-37 1.73e-38 
15960.30 3.49e-09 1.02e-02 9.90e-01 2.63e-06 1.53e-25 1.33e-37 2.08e-38 
16187.41 1.50e-08 2.66e-02 9.73e-01 3.81e-07 1.95e-28 2.15e-37 3.41e-38 
16354.17 6.14e-08 6.96e-02 9.30e-01 4.85e-08 3.81e-31 3.65e-37 5.90e-38 
16484.18 1.35e-07 1.23e-01 8.77e-01 1.09e-08 1.03e-33 5.99e-37 9.80e-38 
16593.12 1.44e-07 1.36e-01 8.64e-01 8.34e-09 6.12e-34 8.77e-37 1.44e-37 
16691.99 2.01e-07 1.78e-01 8.22e-01 8.10e-09 1.30e-32 1.14e-36 1.90e-37 
16788.59 3.62e-07 2.64e-01 7.36e-01 1.19e-09 5.39e-36 1.43e-36 2.39e-37 
16888.37 5.32e-07 3.54e-01 6.46e-01 3.63e-10 6.71e-36 1.78e-36 3.00e-37 
16998.79 6.66e-07 4.13e-01 5.87e-01 2.09e-10 8.67e-36 2.30e-36 3.89e-37 
17146.37 9.58e-07 5.21e-01 4.79e-01 5.11e-11 1.16e-35 3.08e-36 5.26e-37 
17415.23 1.92e-06 7.47e-01 2.53e-01 3.10e-12 1.78e-35 4.70e-36 8.17e-37 
17888.12 3.72e-06 9.20e-01 7.97e-02 5.04e-14 3.64e-35 9.53e-36 1.69e-36 
18532.37 7.48e-06 9.83e-01 1.65e-02 3.94e-16 6.58e-35 1.72e-35 3.11e-36 
19260.76 1.04e-05 9.97e-01 3.07e-03 1.01e-18 1.03e-34 2.67e-35 4.95e-36 
20034.10 1.35e-05 9.99e-01 8.21e-04 7.33e-21 1.43e-34 3.69e-35 6.98e-36 
20838.00 1.69e-05 1.00e+00 3.62e-04 4.44e-22 1.69e-34 4.34e-35 8.33e-36 
21647.97 1.94e-05 1.00e+00 1.20e-04 1.05e-23 1.72e-34 4.39e-35 8.56e-36 
22447.94 3.44e-05 1.00e+00 4.24e-05 3.73e-25 1.98e-34 5.05e-35 9.95e-36 
23245.88 5.58e-05 1.00e+00 1.70e-05 2.24e-26 2.47e-34 6.28e-35 1.25e-35 
24052.47 5.38e-05 1.00e+00 6.29e-06 1.84e-27 3.03e-34 7.66e-35 1.54e-35 
24867.72 6.42e-05 1.00e+00 2.67e-06 3.47e-27 3.52e-34 8.88e-35 1.80e-35 
