#NTIMES: 200
#NSTAGES: 7
#TIMES[d]: 0.9869 1.0089 1.0313 1.0543 1.0778 1.1018 1.1263 1.1514 1.1771 1.2033 1.2301 1.2575 1.2855 1.3142 1.3434 1.3734 1.4039 1.4352 1.4672 1.4999 1.5333 1.5674 1.6024 1.6381 1.6745 1.7118 1.7500 1.7890 1.8288 1.8696 1.9112 1.9538 1.9973 2.0418 2.0873 2.1338 2.1813 2.2299 2.2796 2.3303 2.3823 2.4353 2.4896 2.5450 2.6017 2.6597 2.7189 2.7795 2.8414 2.9047 2.9694 3.0356 3.1032 3.1723 3.2430 3.3152 3.3891 3.4646 3.5417 3.6206 3.7013 3.7837 3.8680 3.9542 4.0423 4.1323 4.2244 4.3185 4.4147 4.5130 4.6135 4.7163 4.8214 4.9288 5.0386 5.1508 5.2655 5.3828 5.5028 5.6253 5.7506 5.8787 6.0097 6.1436 6.2804 6.4203 6.5633 6.7096 6.8590 7.0118 7.1680 7.3277 7.4909 7.6578 7.8284 8.0028 8.1810 8.3633 8.5496 8.7400 8.9347 9.1337 9.3372 9.5452 9.7578 9.9752 10.1974 10.4246 10.6568 10.8942 11.1368 11.3849 11.6385 11.8978 12.1628 12.4338 12.7108 12.9939 13.2834 13.5793 13.8818 14.1910 14.5071 14.8303 15.1606 15.4983 15.8436 16.1965 16.5573 16.9261 17.3032 17.6886 18.0827 18.4855 18.8973 19.3182 19.7486 20.1885 20.6382 21.0979 21.5679 22.0484 22.5395 23.0416 23.5549 24.0796 24.6160 25.1644 25.7249 26.2980 26.8838 27.4826 28.0949 28.7207 29.3605 30.0145 30.6831 31.3666 32.0654 32.7796 33.5098 34.2563 35.0194 35.7995 36.5970 37.4122 38.2456 39.0976 39.9685 40.8589 41.7690 42.6995 43.6507 44.6230 45.6171 46.6332 47.6720 48.7340 49.8196 50.9294 52.0639 53.2236 54.4093 55.6213 56.8603 58.1269 59.4218 60.7455 62.0986 63.4819 64.8961 66.3417 67.8195 69.3303 70.8747 72.4535 74.0675 75.7174 77.4041 79.1284
#
#TIME: 0.9869
#NVEL: 115
#vel_mid[km/s] mg0 mg1 mg2 mg3 mg4 mg5 mg6
4.4010e+02 1.7199e-27 1.3142e-18 6.6723e-11 5.0104e-05 1.1784e-01 8.8130e-01 8.0464e-04
8.8623e+02 6.7879e-19 6.0996e-12 3.6419e-06 3.2162e-02 8.8959e-01 7.8240e-02 8.4008e-07
9.0614e+02 6.7757e-19 6.0913e-12 3.6386e-06 3.2147e-02 8.8958e-01 7.8273e-02 8.4081e-07
9.4442e+02 6.7758e-19 6.0914e-12 3.6386e-06 3.2147e-02 8.8958e-01 7.8273e-02 8.4080e-07
9.9911e+02 6.7643e-19 6.0821e-12 3.6335e-06 3.2121e-02 8.8953e-01 7.8346e-02 8.4262e-07
1.0608e+03 6.7171e-19 6.0451e-12 3.6139e-06 3.2021e-02 8.8936e-01 7.8616e-02 8.4926e-07
1.1257e+03 6.6284e-19 5.9664e-12 3.5651e-06 3.1758e-02 8.8885e-01 7.9385e-02 8.6897e-07
1.1944e+03 6.2723e-19 5.6630e-12 3.3859e-06 3.0794e-02 8.8695e-01 8.2254e-02 9.4429e-07
1.2673e+03 4.9780e-19 4.5582e-12 2.7376e-06 2.7111e-02 8.7797e-01 9.4910e-02 1.3219e-06
1.3448e+03 1.8773e-19 1.8304e-12 1.1271e-06 1.5767e-02 8.1986e-01 1.6436e-01 4.9772e-06
1.4269e+03 2.3742e-20 2.6142e-13 1.6951e-07 4.6080e-03 5.9870e-01 3.9664e-01 5.3857e-05
1.5140e+03 1.9627e-21 2.4847e-14 1.7399e-08 9.3013e-04 3.0819e-01 6.9045e-01 4.2927e-04
1.6065e+03 2.0662e-22 2.9922e-15 2.3048e-09 2.1027e-04 1.4611e-01 8.5195e-01 1.7321e-03
1.7047e+03 2.6666e-23 4.3135e-16 3.6185e-10 5.1983e-05 6.8821e-02 9.2583e-01 5.3006e-03
1.8088e+03 2.9507e-24 5.3603e-17 4.9826e-11 1.1371e-05 2.9549e-02 9.5432e-01 1.6124e-02
1.9193e+03 2.6737e-25 5.5852e-18 5.9986e-12 2.2032e-06 1.1636e-02 9.3949e-01 4.8874e-02
2.0365e+03 2.0180e-26 4.9266e-19 6.3712e-13 3.7540e-07 4.1228e-03 8.5514e-01 1.4074e-01
2.1609e+03 1.2246e-27 3.5625e-20 5.8238e-14 5.4096e-08 1.2383e-03 6.5902e-01 3.3974e-01
2.2929e+03 5.6601e-29 2.0045e-21 4.3521e-15 6.2209e-09 2.9299e-04 3.9117e-01 6.0854e-01
2.4330e+03 2.2683e-30 9.6967e-23 2.8515e-16 5.9926e-10 5.6327e-05 1.8219e-01 8.1776e-01
2.5816e+03 1.2301e-31 6.1568e-24 2.4059e-17 6.8799e-11 1.1723e-05 8.1709e-02 9.1828e-01
2.7393e+03 1.2642e-32 7.1840e-25 3.5568e-18 1.2759e-11 3.4133e-06 4.2605e-02 9.5739e-01
2.9067e+03 2.6211e-33 1.6595e-25 9.8409e-19 4.1586e-12 1.5063e-06 2.7599e-02 9.7240e-01
3.0842e+03 1.1073e-33 7.7775e-26 5.2172e-19 2.4803e-12 1.0481e-06 2.2883e-02 9.7712e-01
3.2726e+03 1.0160e-33 7.8137e-26 5.5334e-19 2.8050e-12 1.1801e-06 2.4651e-02 9.7535e-01
3.4725e+03 1.8032e-33 1.4899e-25 1.0499e-18 5.3796e-12 1.9708e-06 3.2870e-02 9.6713e-01
3.6846e+03 5.7747e-33 5.1193e-25 3.4648e-18 1.7145e-11 4.8180e-06 5.3824e-02 9.4617e-01
3.9097e+03 2.5493e-32 2.4962e-24 1.6465e-17 7.6888e-11 1.5251e-05 1.0082e-01 8.9916e-01
4.1484e+03 1.0912e-31 1.1117e-23 7.0087e-17 2.9385e-10 4.1715e-05 1.7088e-01 8.2908e-01
4.4019e+03 2.6172e-31 2.5779e-23 1.5250e-16 5.7911e-10 6.8100e-05 2.1787e-01 7.8206e-01
4.6708e+03 1.7930e-31 1.8235e-23 1.1230e-16 4.4874e-10 5.6947e-05 1.9995e-01 8.0000e-01
4.9561e+03 5.9906e-32 6.9295e-24 4.9285e-17 2.3153e-10 3.6152e-05 1.6092e-01 8.3904e-01
5.2588e+03 2.2565e-32 2.9699e-24 2.4276e-17 1.3244e-10 2.4719e-05 1.3403e-01 8.6595e-01
5.5800e+03 1.4463e-32 2.0435e-24 1.7955e-17 1.0543e-10 2.1257e-05 1.2481e-01 8.7517e-01
5.9209e+03 1.4648e-32 2.1847e-24 1.9965e-17 1.2005e-10 2.3744e-05 1.3298e-01 8.6699e-01
6.2825e+03 1.9863e-32 3.1166e-24 2.9212e-17 1.7449e-10 3.1743e-05 1.5537e-01 8.4459e-01
6.6663e+03 3.3869e-32 5.4559e-24 5.1122e-17 2.9272e-10 4.6807e-05 1.8989e-01 8.1006e-01
7.0735e+03 7.4666e-32 1.2288e-23 1.1398e-16 6.0507e-10 8.0063e-05 2.4830e-01 7.5162e-01
7.5056e+03 2.1589e-31 3.7239e-23 3.4845e-16 1.6612e-09 1.6778e-04 3.5282e-01 6.4701e-01
7.9641e+03 8.0979e-31 1.4391e-22 1.3439e-15 5.4317e-09 3.8827e-04 5.0298e-01 4.9663e-01
8.4505e+03 3.9806e-30 6.9760e-22 6.2953e-15 1.9972e-08 9.3141e-04 6.7651e-01 3.2255e-01
8.9668e+03 3.1628e-29 5.3831e-21 4.6861e-14 1.0315e-07 2.6347e-03 8.5100e-01 1.4636e-01
9.5145e+03 5.6252e-28 9.0299e-20 7.5899e-13 9.3466e-07 9.7607e-03 9.5382e-01 3.6418e-02
1.0096e+04 3.3829e-26 4.7975e-18 3.8404e-11 1.9172e-05 5.4226e-02 9.4166e-01 4.0937e-03
1.0712e+04 1.0328e-23 1.2132e-15 9.4074e-09 1.1392e-03 4.4145e-01 5.5732e-01 8.8244e-05
1.1367e+04 7.6586e-21 6.4297e-13 4.6577e-06 5.6614e-02 9.2496e-01 1.8424e-02 1.5118e-08
1.2062e+04 7.0632e-18 3.6181e-10 2.3232e-03 8.7625e-01 1.2142e-01 4.7653e-06 1.3712e-15
1.2794e+04 9.1454e-16 2.7464e-08 1.4766e-01 8.5196e-01 3.7645e-04 8.2300e-12 1.5280e-25
1.3528e+04 1.1875e-14 2.2280e-07 9.3070e-01 6.9297e-02 7.7236e-08 7.0178e-19 5.3447e-37
1.4194e+04 2.9938e-14 3.6451e-07 9.9949e-01 5.0893e-04 6.0428e-13 7.5744e-28 0.0000e+00
1.4758e+04 8.0712e-14 7.1453e-07 1.0000e+00 1.0074e-06 2.3032e-19 4.3362e-39 0.0000e+00
1.5240e+04 4.1543e-13 2.4324e-06 1.0000e+00 5.4652e-10 4.4728e-27 0.0000e+00 0.0000e+00
1.5647e+04 3.0926e-12 1.1514e-05 9.9999e-01 1.7654e-13 2.6908e-35 0.0000e+00 0.0000e+00
1.5960e+04 3.6041e-11 7.6737e-05 9.9992e-01 2.0291e-17 1.4013e-44 0.0000e+00 0.0000e+00
1.6187e+04 5.6943e-10 6.6125e-04 9.9934e-01 5.6687e-22 0.0000e+00 0.0000e+00 0.0000e+00
1.6354e+04 1.2230e-08 6.9753e-03 9.9302e-01 3.4805e-27 0.0000e+00 0.0000e+00 0.0000e+00
1.6484e+04 3.6502e-07 8.3410e-02 9.1659e-01 4.1370e-33 0.0000e+00 0.0000e+00 0.0000e+00
1.6593e+04 4.6810e-06 4.6017e-01 5.3983e-01 6.9990e-39 0.0000e+00 0.0000e+00 0.0000e+00
1.6692e+04 1.6115e-05 8.2579e-01 1.7420e-01 7.5670e-44 0.0000e+00 0.0000e+00 0.0000e+00
1.6788e+04 2.7337e-05 9.3906e-01 6.0915e-02 0.0000e+00 0.0000e+00 0.0000e+00 0.0000e+00
1.6888e+04 3.7704e-05 9.7360e-01 2.6363e-02 0.0000e+00 0.0000e+00 0.0000e+00 0.0000e+00
1.6999e+04 4.9472e-05 9.8745e-01 1.2499e-02 0.0000e+00 0.0000e+00 0.0000e+00 0.0000e+00
1.7146e+04 6.5071e-05 9.9404e-01 5.8959e-03 0.0000e+00 0.0000e+00 0.0000e+00 0.0000e+00
1.7416e+04 9.9456e-05 9.9795e-01 1.9506e-03 0.0000e+00 0.0000e+00 0.0000e+00 0.0000e+00
1.7888e+04 2.2972e-04 9.9951e-01 2.6147e-04 0.0000e+00 0.0000e+00 0.0000e+00 0.0000e+00
1.8532e+04 6.1770e-04 9.9935e-01 2.8070e-05 0.0000e+00 0.0000e+00 0.0000e+00 0.0000e+00
1.9260e+04 1.4949e-03 9.9850e-01 3.6196e-06 0.0000e+00 0.0000e+00 0.0000e+00 0.0000e+00
2.0034e+04 3.2853e-03 9.9671e-01 5.3939e-07 0.0000e+00 0.0000e+00 0.0000e+00 0.0000e+00
2.0838e+04 6.6673e-03 9.9333e-01 9.4540e-08 0.0000e+00 0.0000e+00 0.0000e+00 0.0000e+00
2.1648e+04 1.2794e-02 9.8721e-01 1.9074e-08 0.0000e+00 0.0000e+00 0.0000e+00 0.0000e+00
2.2448e+04 2.2315e-02 9.7769e-01 4.3334e-09 0.0000e+00 0.0000e+00 0.0000e+00 0.0000e+00
2.3246e+04 3.6556e-02 9.6344e-01 1.0833e-09 0.0000e+00 0.0000e+00 0.0000e+00 0.0000e+00
2.4052e+04 5.7351e-02 9.4265e-01 3.0065e-10 0.0000e+00 0.0000e+00 0.0000e+00 0.0000e+00
2.4868e+04 8.3147e-02 9.1685e-01 9.9102e-11 0.0000e+00 0.0000e+00 0.0000e+00 0.0000e+00
2.5699e+04 1.0893e-01 8.9107e-01 3.9286e-11 0.0000e+00 0.0000e+00 0.0000e+00 0.0000e+00
2.6588e+04 1.3286e-01 8.6714e-01 1.6582e-11 0.0000e+00 0.0000e+00 0.0000e+00 0.0000e+00
2.7638e+04 1.7355e-01 8.2645e-01 4.8383e-12 0.0000e+00 0.0000e+00 0.0000e+00 0.0000e+00
2.8987e+04 2.6185e-01 7.3815e-01 6.4644e-13 0.0000e+00 0.0000e+00 0.0000e+00 0.0000e+00
3.0652e+04 1.8543e-01 8.1457e-01 5.3332e-13 0.0000e+00 0.0000e+00 0.0000e+00 0.0000e+00
3.2516e+04 7.1611e-02 9.2839e-01 1.1055e-12 0.0000e+00 0.0000e+00 0.0000e+00 0.0000e+00
3.4459e+04 1.5662e-02 9.8434e-01 5.5160e-12 0.0000e+00 0.0000e+00 0.0000e+00 0.0000e+00
3.6371e+04 4.3394e-03 9.9566e-01 2.6973e-11 0.0000e+00 0.0000e+00 0.0000e+00 0.0000e+00
3.8150e+04 1.6692e-03 9.9833e-01 1.0625e-10 0.0000e+00 0.0000e+00 0.0000e+00 0.0000e+00
3.9750e+04 1.0833e-03 9.9892e-01 1.8198e-10 0.0000e+00 0.0000e+00 0.0000e+00 0.0000e+00
4.1174e+04 1.0696e-03 9.9893e-01 1.3437e-10 0.0000e+00 0.0000e+00 0.0000e+00 0.0000e+00
4.2468e+04 1.5981e-03 9.9840e-01 4.0473e-11 0.0000e+00 0.0000e+00 0.0000e+00 0.0000e+00
4.3688e+04 3.4899e-03 9.9651e-01 5.6529e-12 0.0000e+00 0.0000e+00 0.0000e+00 0.0000e+00
4.4884e+04 9.3980e-03 9.9060e-01 5.0845e-13 0.0000e+00 0.0000e+00 0.0000e+00 0.0000e+00
4.6084e+04 2.3660e-02 9.7634e-01 5.0784e-14 0.0000e+00 0.0000e+00 0.0000e+00 0.0000e+00
4.7294e+04 2.3298e-02 9.7670e-01 3.6511e-14 0.0000e+00 0.0000e+00 0.0000e+00 0.0000e+00
4.8516e+04 1.8896e-02 9.8110e-01 3.9852e-14 0.0000e+00 0.0000e+00 0.0000e+00 0.0000e+00
4.9754e+04 1.4829e-02 9.8517e-01 4.6614e-14 0.0000e+00 0.0000e+00 0.0000e+00 0.0000e+00
5.1012e+04 1.1312e-02 9.8869e-01 5.7713e-14 0.0000e+00 0.0000e+00 0.0000e+00 0.0000e+00
5.2292e+04 8.5384e-03 9.9146e-01 7.2950e-14 0.0000e+00 0.0000e+00 0.0000e+00 0.0000e+00
5.3596e+04 6.4198e-03 9.9358e-01 9.2552e-14 0.0000e+00 0.0000e+00 0.0000e+00 0.0000e+00
5.4921e+04 4.8155e-03 9.9518e-01 1.1787e-13 0.0000e+00 0.0000e+00 0.0000e+00 0.0000e+00
5.6265e+04 3.6060e-03 9.9639e-01 1.5042e-13 0.0000e+00 0.0000e+00 0.0000e+00 0.0000e+00
5.7622e+04 2.6986e-03 9.9730e-01 1.9221e-13 0.0000e+00 0.0000e+00 0.0000e+00 0.0000e+00
5.8985e+04 2.0276e-03 9.9797e-01 2.4447e-13 0.0000e+00 0.0000e+00 0.0000e+00 0.0000e+00
6.0341e+04 1.5291e-03 9.9847e-01 3.1047e-13 0.0000e+00 0.0000e+00 0.0000e+00 0.0000e+00
6.1676e+04 1.1660e-03 9.9883e-01 3.8981e-13 0.0000e+00 0.0000e+00 0.0000e+00 0.0000e+00
6.2975e+04 8.9789e-04 9.9910e-01 4.8580e-13 0.0000e+00 0.0000e+00 0.0000e+00 0.0000e+00
6.4219e+04 7.0226e-04 9.9930e-01 5.9755e-13 0.0000e+00 0.0000e+00 0.0000e+00 0.0000e+00
6.5388e+04 5.5997e-04 9.9944e-01 7.2275e-13 0.0000e+00 0.0000e+00 0.0000e+00 0.0000e+00
6.6461e+04 4.5641e-04 9.9954e-01 8.5740e-13 0.0000e+00 0.0000e+00 0.0000e+00 0.0000e+00
6.7422e+04 3.8124e-04 9.9962e-01 9.9645e-13 0.0000e+00 0.0000e+00 0.0000e+00 0.0000e+00
6.8257e+04 3.2693e-04 9.9967e-01 1.1325e-12 0.0000e+00 0.0000e+00 0.0000e+00 0.0000e+00
6.8960e+04 2.8768e-04 9.9971e-01 1.2611e-12 0.0000e+00 0.0000e+00 0.0000e+00 0.0000e+00
6.9475e+04 2.5985e-04 9.9974e-01 1.3717e-12 0.0000e+00 0.0000e+00 0.0000e+00 0.0000e+00
6.9758e+04 2.4878e-04 9.9975e-01 1.4211e-12 0.0000e+00 0.0000e+00 0.0000e+00 0.0000e+00
6.9886e+04 2.4586e-04 9.9975e-01 1.4322e-12 0.0000e+00 0.0000e+00 0.0000e+00 0.0000e+00
6.9950e+04 2.4146e-04 9.9976e-01 1.4523e-12 0.0000e+00 0.0000e+00 0.0000e+00 0.0000e+00
6.9982e+04 2.5422e-04 9.9975e-01 1.3756e-12 0.0000e+00 0.0000e+00 0.0000e+00 0.0000e+00
6.9996e+04 2.1640e-04 9.9978e-01 1.6117e-12 0.0000e+00 0.0000e+00 0.0000e+00 0.0000e+00
7.0000e+04 8.9518e-05 9.9991e-01 3.8972e-12 0.0000e+00 0.0000e+00 0.0000e+00 0.0000e+00
#
#TIME: 1.0089
#NVEL: 115
#vel_mid[km/s] mg0 mg1 mg2 mg3 mg4 mg5 mg6
4.4010e+02 1.2533e-27 1.0210e-18 5.5257e-11 4.4278e-05 1.1117e-01 8.8792e-01 8.6624e-04
8.8623e+02 4.0193e-19 3.9342e-12 2.5338e-06 2.6205e-02 8.7698e-01 9.6814e-02 1.3591e-06
9.0614e+02 4.0787e-19 3.9890e-12 2.5685e-06 2.6421e-02 8.7763e-01 9.5946e-02 1.3304e-06
9.4442e+02 4.0845e-19 3.9942e-12 2.5717e-06 2.6440e-02 8.7769e-01 9.5869e-02 1.3279e-06
9.9911e+02 4.0925e-19 4.0016e-12 2.5763e-06 2.6469e-02 8.7777e-01 9.5755e-02 1.3242e-06
1.0608e+03 4.0460e-19 3.9609e-12 2.5524e-06 2.6324e-02 8.7735e-01 9.6317e-02 1.3424e-06
1.1257e+03 4.0109e-19 3.9258e-12 2.5280e-06 2.6168e-02 8.7686e-01 9.6972e-02 1.3644e-06
1.1944e+03 3.7817e-19 3.7134e-12 2.3929e-06 2.5314e-02 8.7412e-01 1.0056e-01 1.4873e-06
1.2673e+03 3.0232e-19 3.0078e-12 1.9459e-06 2.2331e-02 8.6271e-01 1.1496e-01 2.0466e-06
1.3448e+03 1.1344e-19 1.1999e-12 7.9501e-07 1.2836e-02 7.9246e-01 1.9469e-01 7.4807e-06
1.4269e+03 1.3969e-20 1.6644e-13 1.1596e-07 3.6120e-03 5.5244e-01 4.4387e-01 7.5483e-05
1.5140e+03 1.1059e-21 1.5138e-14 1.1396e-08 6.9497e-04 2.6983e-01 7.2891e-01 5.6331e-04
1.6065e+03 1.1456e-22 1.7932e-15 1.4867e-09 1.5405e-04 1.2487e-01 8.7279e-01 2.1888e-03
1.7047e+03 1.4766e-23 2.5815e-16 2.3346e-10 3.7934e-05 5.8325e-02 9.3508e-01 6.5529e-03
1.8088e+03 1.6280e-24 3.2001e-17 3.2167e-11 8.2774e-06 2.4917e-02 9.5542e-01 1.9653e-02
1.9193e+03 1.4663e-25 3.3194e-18 3.8711e-12 1.5981e-06 9.7538e-03 9.3156e-01 5.8681e-02
2.0365e+03 1.0892e-26 2.8847e-19 4.0670e-13 2.6841e-07 3.3993e-03 8.3159e-01 1.6501e-01
2.1609e+03 6.4371e-28 2.0307e-20 3.6289e-14 3.7563e-08 9.8802e-04 6.1747e-01 3.8154e-01
2.2929e+03 2.9091e-29 1.1149e-21 2.6481e-15 4.1895e-09 2.2540e-04 3.5094e-01 6.4884e-01
2.4330e+03 1.1547e-30 5.3325e-23 1.7168e-16 3.9696e-10 4.2394e-05 1.5890e-01 8.4105e-01
2.5816e+03 6.1791e-32 3.3442e-24 1.4351e-17 4.5068e-11 8.7160e-06 7.0306e-02 9.2968e-01
2.7393e+03 6.2641e-33 3.8554e-25 2.1034e-18 8.2869e-12 2.5184e-06 3.6419e-02 9.6358e-01
2.9067e+03 1.2838e-33 8.8141e-26 5.7739e-19 2.6813e-12 1.1048e-06 2.3496e-02 9.7650e-01
3.0842e+03 5.3661e-34 4.0902e-26 3.0354e-19 1.5871e-12 7.6435e-07 1.9415e-02 9.8058e-01
3.2726e+03 4.8485e-34 4.0490e-26 3.1755e-19 1.7734e-12 8.5309e-07 2.0818e-02 9.7918e-01
3.4725e+03 8.4941e-34 7.6225e-26 5.9482e-19 3.3642e-12 1.4137e-06 2.7657e-02 9.7234e-01
3.6846e+03 2.7335e-33 2.6294e-25 1.9650e-18 1.0744e-11 3.4643e-06 4.5407e-02 9.5459e-01
3.9097e+03 1.2426e-32 1.3175e-24 9.5402e-18 4.9222e-11 1.1161e-05 8.6142e-02 9.1385e-01
4.1484e+03 5.5392e-32 6.0991e-24 4.1990e-17 1.9425e-10 3.1343e-05 1.4877e-01 8.5120e-01
4.4019e+03 1.3495e-31 1.4359e-23 9.2600e-17 3.8794e-10 5.1764e-05 1.9147e-01 8.0848e-01
4.6708e+03 9.2576e-32 1.0169e-23 6.8275e-17 3.0077e-10 4.3272e-05 1.7545e-01 8.2451e-01
4.9561e+03 3.0676e-32 3.8333e-24 2.9745e-17 1.5404e-10 2.7278e-05 1.4030e-01 8.5968e-01
5.2588e+03 1.1614e-32 1.6508e-24 1.4716e-17 8.8391e-11 1.8674e-05 1.1669e-01 8.8329e-01
5.5800e+03 7.3487e-33 1.1218e-24 1.0759e-17 6.9640e-11 1.5932e-05 1.0815e-01 8.9184e-01
5.9209e+03 7.3966e-33 1.1921e-24 1.1892e-17 7.8907e-11 1.7738e-05 1.1510e-01 8.8488e-01
6.2825e+03 1.0056e-32 1.7047e-24 1.7426e-17 1.1495e-10 2.3774e-05 1.3488e-01 8.6510e-01
6.6663e+03 1.7189e-32 2.9916e-24 3.0545e-17 1.9338e-10 3.5179e-05 1.6556e-01 8.3440e-01
7.0735e+03 3.8049e-32 6.7667e-24 6.8327e-17 4.0176e-10 6.0554e-05 2.1818e-01 7.8176e-01
7.5056e+03 1.1178e-31 2.0837e-23 2.1191e-16 1.1211e-09 1.2901e-04 3.1527e-01 6.8460e-01
7.9641e+03 4.2874e-31 8.2372e-23 8.3469e-16 3.7522e-09 3.0581e-04 4.6063e-01 5.3906e-01
8.4505e+03 2.1678e-30 4.1079e-22 4.0158e-15 1.4200e-08 7.5543e-04 6.3828e-01 3.6096e-01
8.9668e+03 1.7693e-29 3.2569e-21 3.0654e-14 7.5423e-08 2.2009e-03 8.2840e-01 1.6940e-01
9.5145e+03 3.2203e-28 5.5867e-20 5.0621e-13 6.9812e-07 8.3291e-03 9.4858e-01 4.3093e-02
1.0096e+04 1.9614e-26 3.0016e-18 2.5813e-11 1.4459e-05 4.6772e-02 9.4829e-01 4.9205e-03
1.0712e+04 6.2209e-24 7.8970e-16 6.5788e-09 8.9970e-04 4.0164e-01 5.9734e-01 1.1421e-04
1.1367e+04 4.9813e-21 4.5309e-13 3.5324e-06 4.8879e-02 9.2905e-01 2.2064e-02 2.2208e-08
1.2062e+04 5.1673e-18 2.8666e-10 1.9800e-03 8.5791e-01 1.4010e-01 6.6684e-06 2.4089e-15
1.2794e+04 6.8749e-16 2.2369e-08 1.2956e-01 8.6998e-01 4.6120e-04 1.2513e-11 3.0084e-25
1.3528e+04 1.0036e-14 2.0386e-07 9.1949e-01 8.0505e-02 1.0919e-07 1.2539e-18 1.2680e-36
1.4194e+04 2.5599e-14 3.3665e-07 9.9940e-01 6.0124e-04 8.7440e-13 1.3966e-27 0.0000e+00
1.4758e+04 6.9543e-14 6.5993e-07 1.0000e+00 1.2091e-06 3.4671e-19 8.5885e-39 0.0000e+00
1.5240e+04 3.4795e-13 2.1969e-06 1.0000e+00 7.1838e-10 8.3296e-27 0.0000e+00 0.0000e+00
1.5647e+04 2.6450e-12 1.0487e-05 9.9999e-01 2.2950e-13 4.9003e-35 0.0000e+00 0.0000e+00
1.5960e+04 2.9511e-11 6.7934e-05 9.9993e-01 2.8912e-17 3.3631e-44 0.0000e+00 0.0000e+00
1.6187e+04 4.5844e-10 5.7869e-04 9.9942e-01 8.5390e-22 0.0000e+00 0.0000e+00 0.0000e+00
1.6354e+04 8.6088e-09 5.5497e-03 9.9445e-01 8.5293e-27 0.0000e+00 0.0000e+00 0.0000e+00
1.6484e+04 2.4647e-07 6.5167e-02 9.3483e-01 1.3029e-32 0.0000e+00 0.0000e+00 0.0000e+00
1.6593e+04 3.8703e-06 4.2131e-01 5.7868e-01 1.3627e-38 0.0000e+00 0.0000e+00 0.0000e+00
1.6692e+04 1.7510e-05 8.5352e-01 1.4647e-01 1.4013e-44 0.0000e+00 0.0000e+00 0.0000e+00
1.6788e+04 2.7842e-05 9.4522e-01 5.4752e-02 0.0000e+00 0.0000e+00 0.0000e+00 0.0000e+00
1.6888e+04 3.6508e-05 9.7353e-01 2.6437e-02 0.0000e+00 0.0000e+00 0.0000e+00 0.0000e+00
1.6999e+04 4.3772e-05 9.8456e-01 1.5394e-02 0.0000e+00 0.0000e+00 0.0000e+00 0.0000e+00
1.7146e+04 5.3100e-05 9.9135e-01 8.5940e-03 0.0000e+00 0.0000e+00 0.0000e+00 0.0000e+00
1.7416e+04 8.5274e-05 9.9741e-01 2.5062e-03 0.0000e+00 0.0000e+00 0.0000e+00 0.0000e+00
1.7888e+04 1.8769e-04 9.9945e-01 3.6565e-04 0.0000e+00 0.0000e+00 0.0000e+00 0.0000e+00
1.8532e+04 4.9944e-04 9.9946e-01 4.0151e-05 0.0000e+00 0.0000e+00 0.0000e+00 0.0000e+00
1.9260e+04 1.2214e-03 9.9877e-01 5.0754e-06 0.0000e+00 0.0000e+00 0.0000e+00 0.0000e+00
2.0034e+04 2.5119e-03 9.9749e-01 8.6433e-07 0.0000e+00 0.0000e+00 0.0000e+00 0.0000e+00
2.0838e+04 5.1400e-03 9.9486e-01 1.5068e-07 0.0000e+00 0.0000e+00 0.0000e+00 0.0000e+00
2.1648e+04 9.4302e-03 9.9057e-01 3.3971e-08 0.0000e+00 0.0000e+00 0.0000e+00 0.0000e+00
2.2448e+04 1.6221e-02 9.8378e-01 8.1200e-09 0.0000e+00 0.0000e+00 0.0000e+00 0.0000e+00
2.3246e+04 2.5115e-02 9.7488e-01 2.3376e-09 0.0000e+00 0.0000e+00 0.0000e+00 0.0000e+00
2.4052e+04 3.7197e-02 9.6280e-01 7.5095e-10 0.0000e+00 0.0000e+00 0.0000e+00 0.0000e+00
2.4868e+04 5.1704e-02 9.4830e-01 2.7876e-10 0.0000e+00 0.0000e+00 0.0000e+00 0.0000e+00
2.5699e+04 7.5474e-02 9.2453e-01 8.8677e-11 0.0000e+00 0.0000e+00 0.0000e+00 0.0000e+00
2.6588e+04 9.1651e-02 9.0835e-01 3.8852e-11 0.0000e+00 0.0000e+00 0.0000e+00 0.0000e+00
2.7638e+04 1.1901e-01 8.8099e-01 1.2159e-11 0.0000e+00 0.0000e+00 0.0000e+00 0.0000e+00
2.8987e+04 1.5562e-01 8.4438e-01 2.7710e-12 0.0000e+00 0.0000e+00 0.0000e+00 0.0000e+00
3.0652e+04 9.3762e-02 9.0624e-01 2.8257e-12 0.0000e+00 0.0000e+00 0.0000e+00 0.0000e+00
3.2516e+04 2.9576e-02 9.7042e-01 7.0117e-12 0.0000e+00 0.0000e+00 0.0000e+00 0.0000e+00
3.4459e+04 4.1611e-03 9.9584e-01 7.4661e-11 0.0000e+00 0.0000e+00 0.0000e+00 0.0000e+00
3.6371e+04 1.7963e-03 9.9820e-01 1.4894e-10 0.0000e+00 0.0000e+00 0.0000e+00 0.0000e+00
3.8150e+04 1.2150e-03 9.9879e-01 1.9052e-10 0.0000e+00 0.0000e+00 0.0000e+00 0.0000e+00
3.9750e+04 9.1145e-04 9.9909e-01 2.4415e-10 0.0000e+00 0.0000e+00 0.0000e+00 0.0000e+00
4.1174e+04 6.1906e-04 9.9938e-01 3.9522e-10 0.0000e+00 0.0000e+00 0.0000e+00 0.0000e+00
4.2468e+04 2.8837e-03 9.9712e-01 1.1717e-11 0.0000e+00 0.0000e+00 0.0000e+00 0.0000e+00
4.3688e+04 1.4256e-03 9.9857e-01 3.1643e-11 0.0000e+00 0.0000e+00 0.0000e+00 0.0000e+00
4.4884e+04 1.4422e-02 9.8558e-01 1.9709e-13 0.0000e+00 0.0000e+00 0.0000e+00 0.0000e+00
4.6084e+04 3.9605e-04 9.9960e-01 1.9474e-10 0.0000e+00 0.0000e+00 0.0000e+00 0.0000e+00
4.7294e+04 7.9570e-03 9.9204e-01 3.2199e-13 0.0000e+00 0.0000e+00 0.0000e+00 0.0000e+00
4.8516e+04 3.5644e-03 9.9644e-01 1.1439e-12 0.0000e+00 0.0000e+00 0.0000e+00 0.0000e+00
4.9754e+04 8.1807e-03 9.9182e-01 1.5003e-13 0.0000e+00 0.0000e+00 0.0000e+00 0.0000e+00
5.1012e+04 1.0530e-02 9.8947e-01 6.2935e-14 0.0000e+00 0.0000e+00 0.0000e+00 0.0000e+00
5.2292e+04 1.5044e-03 9.9850e-01 2.2286e-12 0.0000e+00 0.0000e+00 0.0000e+00 0.0000e+00
5.3596e+04 7.1890e-03 9.9281e-01 6.9089e-14 0.0000e+00 0.0000e+00 0.0000e+00 0.0000e+00
5.4921e+04 3.7840e-01 6.2160e-01 2.5639e-18 0.0000e+00 0.0000e+00 0.0000e+00 0.0000e+00
5.6265e+04 1.2923e-02 9.8708e-01 1.0436e-14 0.0000e+00 0.0000e+00 0.0000e+00 0.0000e+00
5.7622e+04 4.7480e-02 9.5252e-01 4.5891e-16 0.0000e+00 0.0000e+00 0.0000e+00 0.0000e+00
5.8985e+04 1.1043e-05 9.9999e-01 8.4038e-08 0.0000e+00 0.0000e+00 0.0000e+00 0.0000e+00
6.0341e+04 7.8814e-03 9.9212e-01 1.0864e-14 0.0000e+00 0.0000e+00 0.0000e+00 0.0000e+00
6.1676e+04 3.5088e-04 9.9965e-01 3.8610e-12 0.0000e+00 0.0000e+00 0.0000e+00 0.0000e+00
6.2975e+04 3.0799e-04 9.9969e-01 3.7183e-12 0.0000e+00 0.0000e+00 0.0000e+00 0.0000e+00
6.4219e+04 1.5784e-04 9.9984e-01 1.0634e-11 0.0000e+00 0.0000e+00 0.0000e+00 0.0000e+00
6.5388e+04 1.3977e-05 9.9999e-01 3.3711e-09 0.0000e+00 0.0000e+00 0.0000e+00 0.0000e+00
6.6461e+04 2.7757e-05 9.9997e-01 3.0210e-10 0.0000e+00 0.0000e+00 0.0000e+00 0.0000e+00
6.7422e+04 1.1314e-05 9.9999e-01 3.6923e-09 0.0000e+00 0.0000e+00 0.0000e+00 0.0000e+00
6.8257e+04 3.3458e-03 9.9665e-01 1.0943e-14 0.0000e+00 0.0000e+00 0.0000e+00 0.0000e+00
6.8960e+04 2.4286e-03 9.9757e-01 1.8009e-14 0.0000e+00 0.0000e+00 0.0000e+00 0.0000e+00
6.9475e+04 2.4399e-02 9.7560e-01 1.3892e-16 0.0000e+00 0.0000e+00 0.0000e+00 0.0000e+00
6.9758e+04 1.1953e-01 8.8047e-01 3.4567e-18 0.0000e+00 0.0000e+00 0.0000e+00 0.0000e+00
6.9886e+04 2.7229e-01 7.2771e-01 3.0404e-19 0.0000e+00 0.0000e+00 0.0000e+00 0.0000e+00
6.9950e+04 3.3411e-01 6.6589e-01 1.4039e-19 0.0000e+00 0.0000e+00 0.0000e+00 0.0000e+00
6.9982e+04 3.3711e-01 6.6289e-01 1.4206e-19 0.0000e+00 0.0000e+00 0.0000e+00 0.0000e+00
6.9996e+04 3.0931e-01 6.9069e-01 1.6861e-19 0.0000e+00 0.0000e+00 0.0000e+00 0.0000e+00
7.0000e+04 1.8206e-01 8.1794e-01 4.0054e-19 0.0000e+00 0.0000e+00 0.0000e+00 0.0000e+00
#
#TIME: 1.0313
#NVEL: 115
#vel_mid[km/s] mg0 mg1 mg2 mg3 mg4 mg5 mg6
4.4010e+02 2.9814e-27 2.4482e-18 1.3773e-10 8.8730e-05 1.6185e-01 8.3759e-01 4.6612e-04
8.8623e+02 6.2951e-19 6.2096e-12 4.1397e-06 3.5409e-02 8.9680e-01 6.7785e-02 5.8291e-07
9.0614e+02 6.4049e-19 6.3109e-12 4.2057e-06 3.5741e-02 8.9722e-01 6.7035e-02 5.6811e-07
9.4442e+02 6.5200e-19 6.4150e-12 4.2717e-06 3.6069e-02 8.9761e-01 6.6316e-02 5.5418e-07
9.9911e+02 6.4735e-19 6.3731e-12 4.2453e-06 3.5938e-02 8.9746e-01 6.6600e-02 5.5965e-07
1.0608e+03 6.4106e-19 6.3183e-12 4.2123e-06 3.5777e-02 8.9727e-01 6.6947e-02 5.6631e-07
1.1257e+03 6.3783e-19 6.2836e-12 4.1855e-06 3.5636e-02 8.9708e-01 6.7281e-02 5.7303e-07
1.1944e+03 5.9886e-19 5.9216e-12 3.9483e-06 3.4426e-02 8.9547e-01 7.0104e-02 6.3034e-07
1.2673e+03 4.8092e-19 4.8194e-12 3.2265e-06 3.0532e-02 8.8884e-01 8.0629e-02 8.7307e-07
1.3448e+03 1.8063e-19 1.9302e-12 1.3256e-06 1.7827e-02 8.3959e-01 1.4258e-01 3.3973e-06
1.4269e+03 2.3084e-20 2.7919e-13 2.0196e-07 5.3282e-03 6.3394e-01 3.6069e-01 3.9231e-05
1.5140e+03 1.9040e-21 2.6538e-14 2.0714e-08 1.0903e-03 3.3656e-01 6.6201e-01 3.3919e-04
1.6065e+03 1.9986e-22 3.1893e-15 2.7325e-09 2.4751e-04 1.6162e-01 8.3671e-01 1.4227e-03
1.7047e+03 2.5586e-23 4.5618e-16 4.2442e-10 6.0965e-05 7.6331e-02 9.1916e-01 4.4496e-03
1.8088e+03 2.7884e-24 5.5830e-17 5.7310e-11 1.3188e-05 3.2658e-02 9.5352e-01 1.3805e-02
1.9193e+03 2.4958e-25 5.7428e-18 6.7722e-12 2.5302e-06 1.2822e-02 9.4454e-01 4.2634e-02
2.0365e+03 1.8518e-26 4.9814e-19 7.0334e-13 4.2641e-07 4.5366e-03 8.6927e-01 1.2619e-01
2.1609e+03 1.1116e-27 3.5674e-20 6.3349e-14 6.1280e-08 1.3723e-03 6.8305e-01 3.1558e-01
2.2929e+03 5.0883e-29 1.9917e-21 4.6780e-15 7.0452e-09 3.2769e-04 4.1394e-01 5.8573e-01
2.4330e+03 2.0136e-30 9.5271e-23 3.0180e-16 6.7479e-10 6.3114e-05 1.9490e-01 8.0504e-01
2.5816e+03 1.0632e-31 5.8926e-24 2.4725e-17 7.5803e-11 1.2958e-05 8.7110e-02 9.1288e-01
2.7393e+03 1.0566e-32 6.6520e-25 3.5333e-18 1.3667e-11 3.6981e-06 4.4980e-02 9.5502e-01
2.9067e+03 2.1301e-33 1.4953e-25 9.5184e-19 4.3534e-12 1.6050e-06 2.8884e-02 9.7111e-01
3.0842e+03 8.8481e-34 6.8949e-26 4.9708e-19 2.5622e-12 1.1059e-06 2.3824e-02 9.7618e-01
3.2726e+03 8.0500e-34 6.8725e-26 5.2404e-19 2.8809e-12 1.2398e-06 2.5606e-02 9.7439e-01
3.4725e+03 1.4216e-33 1.3047e-25 9.9270e-19 5.5116e-12 2.0663e-06 3.4107e-02 9.6589e-01
3.6846e+03 4.7088e-33 4.6326e-25 3.3873e-18 1.8059e-11 5.1537e-06 5.6441e-02 9.4355e-01
3.9097e+03 2.2261e-32 2.4136e-24 1.7195e-17 8.5537e-11 1.6966e-05 1.0782e-01 8.9217e-01
4.1484e+03 1.0221e-31 1.1501e-23 7.8278e-17 3.4523e-10 4.8196e-05 1.8575e-01 8.1420e-01
4.4019e+03 2.5127e-31 2.7308e-23 1.7444e-16 6.9304e-10 7.9613e-05 2.3760e-01 7.6232e-01
4.6708e+03 1.7286e-31 1.9393e-23 1.2885e-16 5.3883e-10 6.6775e-05 2.1860e-01 7.8133e-01
4.9561e+03 5.7184e-32 7.2999e-24 5.6003e-17 2.7606e-10 4.2228e-05 1.7599e-01 8.2397e-01
5.2588e+03 2.1875e-32 3.1754e-24 2.7949e-17 1.5987e-10 2.9157e-05 1.4751e-01 8.5246e-01
5.5800e+03 1.3740e-32 2.1431e-24 2.0306e-17 1.2533e-10 2.4803e-05 1.3668e-01 8.6330e-01
5.9209e+03 1.3880e-32 2.2858e-24 2.2556e-17 1.4245e-10 2.7663e-05 1.4546e-01 8.5451e-01
6.2825e+03 1.8930e-32 3.2793e-24 3.3240e-17 2.0801e-10 3.7080e-05 1.6999e-01 8.2997e-01
6.6663e+03 3.2563e-32 5.7896e-24 5.8755e-17 3.5123e-10 5.4873e-05 2.0774e-01 7.9220e-01
7.0735e+03 7.2490e-32 1.3161e-23 1.3248e-16 7.3075e-10 9.4108e-05 2.7105e-01 7.2886e-01
7.5056e+03 2.1447e-31 4.0753e-23 4.1473e-16 2.0364e-09 1.9848e-04 3.8350e-01 6.1630e-01
7.9641e+03 8.1915e-31 1.6011e-22 1.6305e-15 6.7175e-09 4.5897e-04 5.3970e-01 4.5984e-01
8.4505e+03 4.0705e-30 7.8340e-22 7.7332e-15 2.4740e-08 1.0920e-03 7.1102e-01 2.8789e-01
8.9668e+03 3.2825e-29 6.1251e-21 5.8564e-14 1.2823e-07 3.0611e-03 8.7217e-01 1.2477e-01
9.5145e+03 6.0961e-28 1.0708e-19 9.9349e-13 1.1936e-06 1.1419e-02 9.5913e-01 2.9455e-02
1.0096e+04 3.8577e-26 5.9820e-18 5.3185e-11 2.5385e-05 6.4324e-02 9.3251e-01 3.1373e-03
1.0712e+04 1.2027e-23 1.5363e-15 1.3237e-08 1.4869e-03 4.9771e-01 5.0074e-01 5.7775e-05
1.1367e+04 8.8967e-21 8.0455e-13 6.4462e-06 6.9258e-02 9.1730e-01 1.3431e-02 7.2343e-09
1.2062e+04 7.3588e-18 4.0421e-10 2.8628e-03 9.0314e-01 9.3991e-02 2.4564e-06 4.0687e-16
1.2794e+04 9.6375e-16 3.0893e-08 1.8165e-01 8.1811e-01 2.4698e-04 3.1830e-12 2.8915e-26
1.3528e+04 1.0566e-14 2.1102e-07 9.4941e-01 5.0590e-02 3.4229e-08 1.5749e-19 4.7911e-38
1.4194e+04 2.6656e-14 3.4654e-07 9.9967e-01 3.3007e-04 2.0805e-13 1.1117e-28 0.0000e+00
1.4758e+04 7.1603e-14 6.9207e-07 1.0000e+00 5.9922e-07 6.4414e-20 4.4088e-40 0.0000e+00
1.5240e+04 3.7349e-13 2.4049e-06 1.0000e+00 3.2311e-10 1.2363e-27 0.0000e+00 0.0000e+00
1.5647e+04 2.8099e-12 1.1677e-05 9.9999e-01 8.8176e-14 4.9666e-36 0.0000e+00 0.0000e+00
1.5960e+04 3.5474e-11 8.2211e-05 9.9992e-01 8.3855e-18 1.4013e-45 0.0000e+00 0.0000e+00
1.6187e+04 5.9767e-10 7.4047e-04 9.9926e-01 1.8828e-22 0.0000e+00 0.0000e+00 0.0000e+00
1.6354e+04 1.1066e-08 6.8982e-03 9.9310e-01 2.1697e-27 0.0000e+00 0.0000e+00 0.0000e+00
1.6484e+04 3.6196e-07 8.7273e-02 9.1273e-01 1.8642e-33 0.0000e+00 0.0000e+00 0.0000e+00
1.6593e+04 6.3409e-06 5.6042e-01 4.3957e-01 3.6267e-40 0.0000e+00 0.0000e+00 0.0000e+00
1.6692e+04 2.4073e-05 9.2176e-01 7.8213e-02 0.0000e+00 0.0000e+00 0.0000e+00 0.0000e+00
1.6788e+04 3.6778e-05 9.7269e-01 2.7276e-02 0.0000e+00 0.0000e+00 0.0000e+00 0.0000e+00
1.6888e+04 4.7127e-05 9.8625e-01 1.3702e-02 0.0000e+00 0.0000e+00 0.0000e+00 0.0000e+00
1.6999e+04 5.8245e-05 9.9237e-01 7.5713e-03 0.0000e+00 0.0000e+00 0.0000e+00 0.0000e+00
1.7146e+04 7.2402e-05 9.9581e-01 4.1138e-03 0.0000e+00 0.0000e+00 0.0000e+00 0.0000e+00
1.7416e+04 1.1805e-04 9.9866e-01 1.2183e-03 0.0000e+00 0.0000e+00 0.0000e+00 0.0000e+00
1.7888e+04 2.5497e-04 9.9956e-01 1.8878e-04 0.0000e+00 0.0000e+00 0.0000e+00 0.0000e+00
1.8532e+04 6.7777e-04 9.9930e-01 2.0710e-05 0.0000e+00 0.0000e+00 0.0000e+00 0.0000e+00
1.9260e+04 1.7664e-03 9.9823e-01 2.3087e-06 0.0000e+00 0.0000e+00 0.0000e+00 0.0000e+00
2.0034e+04 3.7529e-03 9.9625e-01 3.6705e-07 0.0000e+00 0.0000e+00 0.0000e+00 0.0000e+00
2.0838e+04 7.8923e-03 9.9211e-01 5.9366e-08 0.0000e+00 0.0000e+00 0.0000e+00 0.0000e+00
2.1648e+04 1.5576e-02 9.8442e-01 1.1125e-08 0.0000e+00 0.0000e+00 0.0000e+00 0.0000e+00
2.2448e+04 2.6837e-02 9.7316e-01 2.5587e-09 0.0000e+00 0.0000e+00 0.0000e+00 0.0000e+00
2.3246e+04 4.2161e-02 9.5784e-01 6.9588e-10 0.0000e+00 0.0000e+00 0.0000e+00 0.0000e+00
2.4052e+04 6.2201e-02 9.3780e-01 2.2085e-10 0.0000e+00 0.0000e+00 0.0000e+00 0.0000e+00
2.4868e+04 8.2818e-02 9.1718e-01 8.8595e-11 0.0000e+00 0.0000e+00 0.0000e+00 0.0000e+00
2.5699e+04 1.0737e-01 8.9263e-01 3.6052e-11 0.0000e+00 0.0000e+00 0.0000e+00 0.0000e+00
2.6588e+04 1.2683e-01 8.7317e-01 1.6527e-11 0.0000e+00 0.0000e+00 0.0000e+00 0.0000e+00
2.7638e+04 1.3608e-01 8.6392e-01 8.1616e-12 0.0000e+00 0.0000e+00 0.0000e+00 0.0000e+00
2.8987e+04 1.3143e-01 8.6857e-01 4.0368e-12 0.0000e+00 0.0000e+00 0.0000e+00 0.0000e+00
3.0652e+04 1.0257e-01 8.9743e-01 2.1492e-12 0.0000e+00 0.0000e+00 0.0000e+00 0.0000e+00
3.2516e+04 4.4332e-02 9.5567e-01 2.7993e-12 0.0000e+00 0.0000e+00 0.0000e+00 0.0000e+00
3.4459e+04 1.5063e-02 9.8494e-01 5.2859e-12 0.0000e+00 0.0000e+00 0.0000e+00 0.0000e+00
3.6371e+04 7.1823e-03 9.9282e-01 8.6522e-12 0.0000e+00 0.0000e+00 0.0000e+00 0.0000e+00
3.8150e+04 8.4956e-03 9.9150e-01 3.5471e-12 0.0000e+00 0.0000e+00 0.0000e+00 0.0000e+00
3.9750e+04 7.7934e-03 9.9221e-01 3.0124e-12 0.0000e+00 0.0000e+00 0.0000e+00 0.0000e+00
4.1174e+04 4.7835e-03 9.9522e-01 5.8657e-12 0.0000e+00 0.0000e+00 0.0000e+00 0.0000e+00
4.2468e+04 1.0326e-02 9.8967e-01 8.3557e-13 0.0000e+00 0.0000e+00 0.0000e+00 0.0000e+00
4.3688e+04 8.4540e-04 9.9915e-01 8.5043e-11 0.0000e+00 0.0000e+00 0.0000e+00 0.0000e+00
4.4884e+04 1.6090e-04 9.9984e-01 2.3059e-09 0.0000e+00 0.0000e+00 0.0000e+00 0.0000e+00
4.6084e+04 1.7723e-03 9.9823e-01 8.8363e-12 0.0000e+00 0.0000e+00 0.0000e+00 0.0000e+00
4.7294e+04 4.1296e-03 9.9587e-01 1.1424e-12 0.0000e+00 0.0000e+00 0.0000e+00 0.0000e+00
4.8516e+04 8.6499e-02 9.1350e-01 1.2064e-15 0.0000e+00 0.0000e+00 0.0000e+00 0.0000e+00
4.9754e+04 7.8462e-02 9.2154e-01 1.0699e-15 0.0000e+00 0.0000e+00 0.0000e+00 0.0000e+00
5.1012e+04 1.9958e-01 8.0042e-01 6.5051e-17 0.0000e+00 0.0000e+00 0.0000e+00 0.0000e+00
5.2292e+04 1.8515e-02 9.8148e-01 1.2890e-14 0.0000e+00 0.0000e+00 0.0000e+00 0.0000e+00
5.3596e+04 8.7587e-03 9.9124e-01 4.3338e-14 0.0000e+00 0.0000e+00 0.0000e+00 0.0000e+00
5.4921e+04 9.3777e-13 1.3985e-03 9.9860e-01 0.0000e+00 0.0000e+00 0.0000e+00 0.0000e+00
5.6265e+04 1.6204e-01 8.3796e-01 2.9966e-17 0.0000e+00 0.0000e+00 0.0000e+00 0.0000e+00
5.7622e+04 1.8211e-04 9.9982e-01 3.5548e-11 0.0000e+00 0.0000e+00 0.0000e+00 0.0000e+00
5.8985e+04 2.8234e-05 9.9997e-01 2.4150e-09 0.0000e+00 0.0000e+00 0.0000e+00 0.0000e+00
6.0341e+04 3.0136e-01 6.9864e-01 1.5737e-18 0.0000e+00 0.0000e+00 0.0000e+00 0.0000e+00
6.1676e+04 2.4971e-04 9.9975e-01 7.1071e-12 0.0000e+00 0.0000e+00 0.0000e+00 0.0000e+00
6.2975e+04 2.0960e-01 7.9040e-01 2.8861e-18 0.0000e+00 0.0000e+00 0.0000e+00 0.0000e+00
6.4219e+04 1.3295e-02 9.8670e-01 1.4394e-15 0.0000e+00 0.0000e+00 0.0000e+00 0.0000e+00
6.5388e+04 1.1555e-04 9.9988e-01 1.4487e-11 0.0000e+00 0.0000e+00 0.0000e+00 0.0000e+00
6.6461e+04 5.8514e-04 9.9941e-01 4.6653e-13 0.0000e+00 0.0000e+00 0.0000e+00 0.0000e+00
6.7422e+04 5.8054e-05 9.9994e-01 3.8997e-11 0.0000e+00 0.0000e+00 0.0000e+00 0.0000e+00
6.8257e+04 6.5872e-02 9.3413e-01 1.8841e-17 0.0000e+00 0.0000e+00 0.0000e+00 0.0000e+00
6.8960e+04 1.1698e-01 8.8302e-01 4.0523e-18 0.0000e+00 0.0000e+00 0.0000e+00 0.0000e+00
6.9475e+04 5.6894e-01 4.3106e-01 9.9115e-21 0.0000e+00 0.0000e+00 0.0000e+00 0.0000e+00
6.9758e+04 6.5257e-01 3.4743e-01 3.3033e-21 0.0000e+00 0.0000e+00 0.0000e+00 0.0000e+00
6.9886e+04 3.8586e-01 6.1414e-01 7.4388e-20 0.0000e+00 0.0000e+00 0.0000e+00 0.0000e+00
6.9950e+04 2.5537e-01 7.4463e-01 3.4782e-19 0.0000e+00 0.0000e+00 0.0000e+00 0.0000e+00
6.9982e+04 2.6957e-01 7.3043e-01 3.0343e-19 0.0000e+00 0.0000e+00 0.0000e+00 0.0000e+00
6.9996e+04 2.6785e-01 7.3215e-01 2.6481e-19 0.0000e+00 0.0000e+00 0.0000e+00 0.0000e+00
7.0000e+04 2.5772e-01 7.4228e-01 1.2761e-19 0.0000e+00 0.0000e+00 0.0000e+00 0.0000e+00
#
#TIME: 1.0543
#NVEL: 115
#vel_mid[km/s] mg0 mg1 mg2 mg3 mg4 mg5 mg6
4.4010e+02 7.2638e-27 5.9987e-18 3.5059e-10 1.7926e-04 2.3354e-01 7.6605e-01 2.3642e-04
8.8623e+02 9.7122e-19 9.6545e-12 6.6627e-06 4.7174e-02 9.0582e-01 4.6997e-02 2.4829e-07
9.0614e+02 8.9771e-19 8.9850e-12 6.2245e-06 4.5360e-02 9.0527e-01 4.9361e-02 2.7749e-07
9.4442e+02 9.3651e-19 9.3404e-12 6.4587e-06 4.6338e-02 9.0560e-01 4.8060e-02 2.6117e-07
9.9911e+02 9.1353e-19 9.1304e-12 6.3206e-06 4.5764e-02 9.0541e-01 4.8817e-02 2.7059e-07
1.0608e+03 9.1259e-19 9.1247e-12 6.3195e-06 4.5763e-02 9.0542e-01 4.8812e-02 2.7049e-07
1.1257e+03 9.0257e-19 9.0249e-12 6.2467e-06 4.5448e-02 9.0529e-01 4.9251e-02 2.7615e-07
1.1944e+03 8.5310e-19 8.5583e-12 5.9282e-06 4.4079e-02 9.0472e-01 5.1192e-02 3.0165e-07
1.2673e+03 6.8595e-19 6.9761e-12 4.8526e-06 3.9200e-02 9.0159e-01 5.9200e-02 4.2093e-07
1.3448e+03 2.5852e-19 2.8090e-12 2.0066e-06 2.3181e-02 8.6901e-01 1.0781e-01 1.7067e-06
1.4269e+03 3.3613e-20 4.1528e-13 3.1311e-07 7.2117e-03 6.9631e-01 2.9646e-01 2.2088e-05
1.5140e+03 2.8706e-21 4.1004e-14 3.3343e-08 1.5578e-03 3.9790e-01 6.0032e-01 2.1752e-04
1.6065e+03 3.0904e-22 5.0574e-15 4.5024e-09 3.6520e-04 1.9909e-01 7.9957e-01 9.7613e-04
1.7047e+03 3.9521e-23 7.2297e-16 6.9657e-10 9.0432e-05 9.5374e-02 9.0135e-01 3.1815e-03
1.8088e+03 4.2387e-24 8.7052e-17 9.2043e-11 1.9360e-05 4.0821e-02 9.4895e-01 1.0212e-02
1.9193e+03 3.7725e-25 8.8872e-18 1.0707e-11 3.6923e-06 1.6055e-02 9.5154e-01 3.2397e-02
2.0365e+03 2.7958e-26 7.6906e-19 1.0997e-12 6.2270e-07 5.7348e-03 8.9469e-01 9.9574e-02
2.1609e+03 1.6890e-27 5.5490e-20 9.9098e-14 9.0872e-08 1.7825e-03 7.3331e-01 2.6491e-01
2.2929e+03 7.8758e-29 3.1643e-21 7.4349e-15 1.0775e-08 4.4408e-04 4.7013e-01 5.2943e-01
2.4330e+03 3.1065e-30 1.5135e-22 4.7773e-16 1.0432e-09 8.7535e-05 2.2991e-01 7.7000e-01
2.5816e+03 1.6183e-31 9.2394e-24 3.8433e-17 1.1619e-10 1.7979e-05 1.0393e-01 8.9605e-01
2.7393e+03 1.5749e-32 1.0207e-24 5.3553e-18 2.0545e-11 5.0692e-06 5.3519e-02 9.4648e-01
2.9067e+03 3.1006e-33 2.2405e-25 1.4077e-18 6.4103e-12 2.1683e-06 3.4140e-02 9.6586e-01
3.0842e+03 1.2790e-33 1.0260e-25 7.2995e-19 3.7498e-12 1.4877e-06 2.8103e-02 9.7190e-01
3.2726e+03 1.1585e-33 1.0185e-25 7.6784e-19 4.2053e-12 1.6643e-06 3.0170e-02 9.6983e-01
3.4725e+03 2.0587e-33 1.9465e-25 1.4679e-18 8.0993e-12 2.7861e-06 4.0264e-02 9.5973e-01
3.6846e+03 6.9726e-33 7.0679e-25 5.1398e-18 2.7071e-11 7.0433e-06 6.7004e-02 9.3299e-01
3.9097e+03 3.4885e-32 3.8920e-24 2.7656e-17 1.3420e-10 2.3904e-05 1.2944e-01 8.7053e-01
4.1484e+03 1.6756e-31 1.9368e-23 1.3184e-16 5.5994e-10 6.9202e-05 2.2316e-01 7.7677e-01
4.4019e+03 4.1601e-31 4.6411e-23 2.9693e-16 1.1300e-09 1.1431e-04 2.8355e-01 7.1634e-01
4.6708e+03 2.8768e-31 3.3126e-23 2.2025e-16 8.8281e-10 9.6341e-05 2.6212e-01 7.3778e-01
4.9561e+03 9.5929e-32 1.2568e-23 9.6349e-17 4.5598e-10 6.1471e-05 2.1312e-01 7.8682e-01
5.2588e+03 3.6570e-32 5.4503e-24 4.7927e-17 2.6373e-10 4.2491e-05 1.7938e-01 8.2058e-01
5.5800e+03 2.3014e-32 3.6857e-24 3.4887e-17 2.0719e-10 3.6231e-05 1.6663e-01 8.3333e-01
5.9209e+03 2.3094e-32 3.9067e-24 3.8583e-17 2.3434e-10 4.0239e-05 1.7679e-01 8.2317e-01
6.2825e+03 3.1777e-32 5.6525e-24 5.7434e-17 3.4429e-10 5.4084e-05 2.0626e-01 7.9369e-01
6.6663e+03 5.4731e-32 9.9892e-24 1.0184e-16 5.8096e-10 7.9774e-05 2.5043e-01 7.4949e-01
7.0735e+03 1.2227e-31 2.2771e-23 2.3084e-16 1.2078e-09 1.3607e-04 3.2308e-01 6.7678e-01
7.5056e+03 3.6645e-31 7.1289e-23 7.3264e-16 3.3747e-09 2.8482e-04 4.4794e-01 5.5178e-01
7.9641e+03 1.3950e-30 2.7867e-22 2.8764e-15 1.0987e-08 6.4359e-04 6.0835e-01 3.9101e-01
8.4505e+03 6.8275e-30 1.3411e-21 1.3476e-14 3.9534e-08 1.4828e-03 7.6748e-01 2.3104e-01
8.9668e+03 5.5674e-29 1.0580e-20 1.0345e-13 2.0413e-07 4.0716e-03 9.0255e-01 9.3374e-02
9.5145e+03 1.0579e-27 1.8913e-19 1.8077e-12 1.9219e-06 1.5096e-02 9.6413e-01 2.0772e-02
1.0096e+04 7.0224e-26 1.1081e-17 1.0225e-10 4.2211e-05 8.5602e-02 9.1230e-01 2.0588e-03
1.0712e+04 2.1260e-23 2.7415e-15 2.4478e-08 2.2923e-03 5.8722e-01 4.1046e-01 2.9536e-05
1.1367e+04 1.4905e-20 1.3468e-12 1.1119e-05 9.4629e-02 8.9698e-01 8.3801e-03 2.5207e-09
1.2062e+04 9.9562e-18 5.4454e-10 3.9663e-03 9.3227e-01 6.3761e-02 9.5182e-07 7.5951e-17
1.2794e+04 1.2920e-15 4.0989e-08 2.4510e-01 7.5477e-01 1.3315e-04 8.4268e-13 3.0156e-27
1.3528e+04 1.0897e-14 2.1517e-07 9.6764e-01 3.2360e-02 1.1388e-08 2.2160e-20 2.1736e-39
1.4194e+04 2.7616e-14 3.5647e-07 9.9982e-01 1.8345e-04 5.0954e-14 9.3026e-30 0.0000e+00
1.4758e+04 7.3486e-14 7.2577e-07 1.0000e+00 3.0104e-07 1.2359e-20 2.3941e-41 0.0000e+00
1.5240e+04 3.9543e-13 2.6094e-06 1.0000e+00 1.5302e-10 2.0718e-28 0.0000e+00 0.0000e+00
1.5647e+04 2.9581e-12 1.2897e-05 9.9999e-01 3.5797e-14 5.7361e-37 0.0000e+00 0.0000e+00
1.5960e+04 4.1274e-11 9.6775e-05 9.9990e-01 2.8170e-18 0.0000e+00 0.0000e+00 0.0000e+00
1.6187e+04 7.1734e-10 8.8656e-04 9.9911e-01 5.7987e-23 0.0000e+00 0.0000e+00 0.0000e+00
1.6354e+04 1.3564e-08 8.2636e-03 9.9174e-01 6.6440e-28 0.0000e+00 0.0000e+00 0.0000e+00
1.6484e+04 5.4151e-07 1.1789e-01 8.8211e-01 2.3575e-34 0.0000e+00 0.0000e+00 0.0000e+00
1.6593e+04 8.7272e-06 6.6267e-01 3.3732e-01 1.8887e-41 0.0000e+00 0.0000e+00 0.0000e+00
1.6692e+04 2.9584e-05 9.5257e-01 4.7398e-02 0.0000e+00 0.0000e+00 0.0000e+00 0.0000e+00
1.6788e+04 4.4431e-05 9.8347e-01 1.6490e-02 0.0000e+00 0.0000e+00 0.0000e+00 0.0000e+00
1.6888e+04 5.7410e-05 9.9170e-01 8.2458e-03 0.0000e+00 0.0000e+00 0.0000e+00 0.0000e+00
1.6999e+04 7.3775e-05 9.9566e-01 4.2711e-03 0.0000e+00 0.0000e+00 0.0000e+00 0.0000e+00
1.7146e+04 9.3033e-05 9.9761e-01 2.2954e-03 0.0000e+00 0.0000e+00 0.0000e+00 0.0000e+00
1.7416e+04 1.5914e-04 9.9921e-01 6.3343e-04 0.0000e+00 0.0000e+00 0.0000e+00 0.0000e+00
1.7888e+04 3.5622e-04 9.9955e-01 9.2286e-05 0.0000e+00 0.0000e+00 0.0000e+00 0.0000e+00
1.8532e+04 9.2576e-04 9.9906e-01 1.0543e-05 0.0000e+00 0.0000e+00 0.0000e+00 0.0000e+00
1.9260e+04 2.4778e-03 9.9752e-01 1.1148e-06 0.0000e+00 0.0000e+00 0.0000e+00 0.0000e+00
2.0034e+04 5.7708e-03 9.9423e-01 1.4579e-07 0.0000e+00 0.0000e+00 0.0000e+00 0.0000e+00
2.0838e+04 1.2680e-02 9.8732e-01 2.0829e-08 0.0000e+00 0.0000e+00 0.0000e+00 0.0000e+00
2.1648e+04 2.5839e-02 9.7416e-01 3.4784e-09 0.0000e+00 0.0000e+00 0.0000e+00 0.0000e+00
2.2448e+04 4.6212e-02 9.5379e-01 7.0770e-10 0.0000e+00 0.0000e+00 0.0000e+00 0.0000e+00
2.3246e+04 6.5578e-02 9.3442e-01 2.3697e-10 0.0000e+00 0.0000e+00 0.0000e+00 0.0000e+00
2.4052e+04 9.7310e-02 9.0269e-01 7.1956e-11 0.0000e+00 0.0000e+00 0.0000e+00 0.0000e+00
2.4868e+04 1.2238e-01 8.7762e-01 3.2149e-11 0.0000e+00 0.0000e+00 0.0000e+00 0.0000e+00
2.5699e+04 1.4994e-01 8.5006e-01 1.4527e-11 0.0000e+00 0.0000e+00 0.0000e+00 0.0000e+00
2.6588e+04 1.7387e-01 8.2613e-01 6.7788e-12 0.0000e+00 0.0000e+00 0.0000e+00 0.0000e+00
2.7638e+04 1.6126e-01 8.3874e-01 4.9226e-12 0.0000e+00 0.0000e+00 0.0000e+00 0.0000e+00
2.8987e+04 1.5893e-01 8.4107e-01 2.3205e-12 0.0000e+00 0.0000e+00 0.0000e+00 0.0000e+00
3.0652e+04 1.3760e-01 8.6240e-01 9.8148e-13 0.0000e+00 0.0000e+00 0.0000e+00 0.0000e+00
3.2516e+04 6.7961e-02 9.3204e-01 1.0350e-12 0.0000e+00 0.0000e+00 0.0000e+00 0.0000e+00
3.4459e+04 2.7581e-02 9.7242e-01 1.4249e-12 0.0000e+00 0.0000e+00 0.0000e+00 0.0000e+00
3.6371e+04 1.0126e-02 9.8987e-01 4.0487e-12 0.0000e+00 0.0000e+00 0.0000e+00 0.0000e+00
3.8150e+04 6.1197e-03 9.9388e-01 6.4952e-12 0.0000e+00 0.0000e+00 0.0000e+00 0.0000e+00
3.9750e+04 1.0861e-02 9.8914e-01 1.4353e-12 0.0000e+00 0.0000e+00 0.0000e+00 0.0000e+00
4.1174e+04 1.6455e-02 9.8355e-01 4.3847e-13 0.0000e+00 0.0000e+00 0.0000e+00 0.0000e+00
4.2468e+04 2.7790e-02 9.7221e-01 9.8386e-14 0.0000e+00 0.0000e+00 0.0000e+00 0.0000e+00
4.3688e+04 1.3509e-02 9.8649e-01 2.9918e-13 0.0000e+00 0.0000e+00 0.0000e+00 0.0000e+00
4.4884e+04 1.0319e-03 9.9897e-01 3.5467e-11 0.0000e+00 0.0000e+00 0.0000e+00 0.0000e+00
