#NTIMES:    65
#NSTAGES:     4
#TIMES[d]:     0.500    0.550    0.666    0.733    0.806    0.887    0.976    1.074    1.181    1.300    1.430    1.573    1.730    1.900    2.090    2.300    2.530    2.783    3.061    3.367    3.704    4.074    4.481    4.929    5.422    5.964    6.560    7.216    7.938    8.732    9.600   10.560   11.620   12.780   14.060   15.470   17.020   18.720   20.590   22.650   24.910   27.400   30.140   33.150   36.460   40.110   44.120   48.530   53.380   58.720   64.590   71.050   78.200   86.000   94.600  104.100  114.500  126.000  138.600  152.500  167.800  184.600  203.100  223.400  245.800
#
#TIME:     0.500
#NVEL: 115
#vel_mid[km/s]           sc0           sc1           sc2           sc3
    8.772128E+02   1.0000E-099   1.7675E-012   6.9955E-006   9.9999E-001
    8.826573E+02   1.0000E-099   1.7675E-012   6.9955E-006   9.9999E-001
    8.991942E+02   1.0000E-099   1.7675E-012   6.9955E-006   9.9999E-001
    9.332033E+02   1.0000E-099   1.7675E-012   6.9955E-006   9.9999E-001
    9.912889E+02   1.0000E-099   1.7675E-012   6.9955E-006   9.9999E-001
    1.052238E+03   1.0000E-099   1.7675E-012   6.9955E-006   9.9999E-001
    1.116940E+03   1.0000E-099   1.7677E-012   6.9961E-006   9.9999E-001
    1.185621E+03   1.0000E-099   1.7699E-012   7.0031E-006   9.9999E-001
    1.258525E+03   1.0000E-099   1.7743E-012   7.0178E-006   9.9999E-001
    1.335911E+03   1.0000E-099   1.7932E-012   7.0655E-006   9.9999E-001
    1.418056E+03   1.0000E-099   1.8034E-012   7.1134E-006   9.9999E-001
    1.505253E+03   1.0000E-099   7.4848E-013   5.0508E-006   9.9999E-001
    1.597810E+03   1.0000E-099   7.1355E-013   4.9395E-006   1.0000E+000
    1.696060E+03   1.0000E-099   4.9693E-013   4.2535E-006   1.0000E+000
    1.800350E+03   1.0000E-099   4.8190E-013   4.2423E-006   1.0000E+000
    1.911054E+03   1.0000E-099   2.9321E-013   3.4654E-006   1.0000E+000
    2.028564E+03   1.0000E-099   2.5724E-013   3.2966E-006   1.0000E+000
    2.153300E+03   1.0000E-099   1.7278E-013   2.8080E-006   1.0000E+000
    2.285707E+03   1.0000E-099   1.1522E-013   2.3643E-006   1.0000E+000
    2.426255E+03   1.0000E-099   8.1264E-014   2.0300E-006   1.0000E+000
    2.575445E+03   1.0000E-099   5.0142E-014   1.6613E-006   1.0000E+000
    2.733809E+03   1.0000E-099   3.9188E-014   1.4917E-006   1.0000E+000
    2.901910E+03   1.0000E-099   3.1274E-014   1.3525E-006   1.0000E+000
    3.080349E+03   1.0000E-099   2.4394E-014   1.2003E-006   1.0000E+000
    3.269759E+03   1.0000E-099   1.9965E-014   1.0791E-006   1.0000E+000
    3.470816E+03   1.0000E-099   1.7179E-014   9.8713E-007   1.0000E+000
    3.684237E+03   1.0000E-099   1.4565E-014   8.9110E-007   1.0000E+000
    3.910780E+03   1.0000E-099   1.1668E-014   7.8175E-007   1.0000E+000
    4.151254E+03   1.0000E-099   1.0144E-014   7.0284E-007   1.0000E+000
    4.406514E+03   1.0000E-099   1.1035E-014   7.3010E-007   1.0000E+000
    4.677470E+03   1.0000E-099   9.7872E-015   6.9986E-007   1.0000E+000
    4.965088E+03   1.0000E-099   6.6273E-015   5.7664E-007   1.0000E+000
    5.270391E+03   1.0000E-099   5.4802E-015   5.2791E-007   1.0000E+000
    5.594466E+03   1.0000E-099   4.9598E-015   5.0203E-007   1.0000E+000
    5.938470E+03   1.0000E-099   4.6044E-015   4.8132E-007   1.0000E+000
    6.303626E+03   1.0000E-099   4.2234E-015   4.5571E-007   1.0000E+000
    6.691235E+03   1.0000E-099   4.0029E-015   4.4045E-007   1.0000E+000
    7.102679E+03   1.0000E-099   3.8203E-015   4.2711E-007   1.0000E+000
    7.539422E+03   1.0000E-099   3.4123E-015   3.9500E-007   1.0000E+000
    8.003021E+03   1.0000E-099   3.1362E-015   3.7115E-007   1.0000E+000
    8.495126E+03   1.0000E-099   3.0841E-015   3.6260E-007   1.0000E+000
    9.017491E+03   1.0000E-099   3.0939E-015   3.5291E-007   1.0000E+000
    9.571975E+03   1.0000E-099   3.3136E-015   3.4877E-007   1.0000E+000
    1.016056E+04   1.0000E-099   4.3477E-015   3.7982E-007   1.0000E+000
    1.078533E+04   1.0000E-099   6.9239E-015   4.3984E-007   1.0000E+000
    1.144852E+04   1.0000E-099   1.6056E-014   6.0764E-007   1.0000E+000
    1.215249E+04   1.0000E-099   4.6996E-014   9.6610E-007   1.0000E+000
    1.289974E+04   1.0000E-099   1.3342E-013   1.6597E-006   1.0000E+000
    1.369294E+04   1.0000E-099   3.7508E-013   3.0718E-006   1.0000E+000
    1.453492E+04   1.0000E-099   2.8811E-012   1.1370E-005   9.9999E-001
    1.542867E+04   1.0000E-099   2.7487E-009   1.1613E-003   9.9884E-001
    1.626717E+04   1.0000E-099   3.3299E-004   9.3034E-001   6.9322E-002
    1.668676E+04   1.0000E-099   6.0004E-003   9.9381E-001   1.8728E-004
    1.713874E+04   1.0000E-099   5.0130E-001   4.9870E-001   1.5098E-009
    1.771854E+04   1.0000E-099   9.8494E-001   1.5061E-002   5.8514E-015
    1.838692E+04   1.0000E-099   9.8072E-001   1.9284E-002   9.0521E-015
    1.903533E+04   1.0000E-099   9.7199E-001   2.8006E-002   1.8680E-014
    1.976116E+04   1.0000E-099   9.6414E-001   3.5863E-002   2.9976E-014
    2.046516E+04   1.0000E-099   9.5178E-001   4.8224E-002   5.3038E-014
    2.125594E+04   1.0000E-099   9.3603E-001   6.3972E-002   9.0832E-014
    2.202587E+04   1.0000E-099   9.2483E-001   7.5167E-002   1.2122E-013
    2.285981E+04   1.0000E-099   8.9352E-001   1.0648E-001   2.3449E-013
    2.372435E+04   1.0000E-099   8.9128E-001   1.0872E-001   2.3041E-013
    2.455466E+04   1.0000E-099   8.3748E-001   1.6252E-001   4.9323E-013
    2.552174E+04   1.0000E-099   8.2604E-001   1.7396E-001   5.2690E-013
    2.640440E+04   1.0000E-099   7.9277E-001   2.0723E-001   7.1199E-013
    2.741295E+04   1.0000E-099   7.7420E-001   2.2580E-001   8.0177E-013
    2.838201E+04   1.0000E-099   8.1519E-001   1.8481E-001   5.1062E-013
    2.923203E+04   1.0000E-099   7.8892E-001   2.1108E-001   6.3127E-013
    3.013295E+04   1.0000E-099   8.2501E-001   1.7499E-001   3.9402E-013
    3.094669E+04   1.0000E-099   8.1263E-001   1.8737E-001   4.3249E-013
    3.176516E+04   1.0000E-099   8.1834E-001   1.8166E-001   3.9231E-013
    3.259805E+04   1.0000E-099   8.0562E-001   1.9438E-001   4.3177E-013
    3.345740E+04   1.0000E-099   7.7932E-001   2.2068E-001   5.2836E-013
    3.438030E+04   1.0000E-099   7.7592E-001   2.2408E-001   5.1361E-013
    3.533529E+04   1.0000E-099   7.4367E-001   2.5633E-001   6.4472E-013
    3.634323E+04   1.0000E-099   7.4147E-001   2.5853E-001   6.3164E-013
    3.736894E+04   1.0000E-099   7.2280E-001   2.7720E-001   6.9917E-013
    3.839518E+04   1.0000E-099   7.0240E-001   2.9760E-001   7.7454E-013
    3.939114E+04   1.0000E-099   7.0142E-001   2.9858E-001   7.5437E-013
    4.037465E+04   1.0000E-099   7.0762E-001   2.9238E-001   7.0603E-013
    4.133441E+04   1.0000E-099   7.0603E-001   2.9397E-001   6.9716E-013
    4.215976E+04   1.0000E-099   6.9830E-001   3.0170E-001   7.1745E-013
    4.290657E+04   1.0000E-099   6.9169E-001   3.0831E-001   7.3412E-013
    4.365819E+04   1.0000E-099   6.8854E-001   3.1146E-001   7.3704E-013
    4.442297E+04   1.0000E-099   6.9029E-001   3.0971E-001   7.2143E-013
    4.520034E+04   1.0000E-099   6.9810E-001   3.0190E-001   6.8501E-013
    4.600555E+04   1.0000E-099   7.1239E-001   2.8761E-001   6.2871E-013
    4.686215E+04   1.0000E-099   7.3001E-001   2.6999E-001   5.6564E-013
    4.776422E+04   1.0000E-099   7.4914E-001   2.5086E-001   5.0246E-013
    4.868597E+04   1.0000E-099   7.6789E-001   2.3211E-001   4.4435E-013
    4.962544E+04   1.0000E-099   7.8547E-001   2.1453E-001   3.9262E-013
    5.058305E+04   1.0000E-099   8.0152E-001   1.9848E-001   3.4756E-013
    5.155912E+04   1.0000E-099   8.1575E-001   1.8425E-001   3.0944E-013
    5.255403E+04   1.0000E-099   8.2808E-001   1.7192E-001   2.7818E-013
    5.356816E+04   1.0000E-099   8.3800E-001   1.6200E-001   2.5430E-013
    5.460189E+04   1.0000E-099   8.4540E-001   1.5460E-001   2.3747E-013
    5.565558E+04   1.0000E-099   8.4958E-001   1.5042E-001   2.2843E-013
    5.672959E+04   1.0000E-099   8.5049E-001   1.4951E-001   2.2689E-013
    5.782432E+04   1.0000E-099   8.4858E-001   1.5142E-001   2.3212E-013
    5.894013E+04   1.0000E-099   8.4469E-001   1.5531E-001   2.4230E-013
    6.007747E+04   1.0000E-099   8.3975E-001   1.6025E-001   2.5516E-013
    6.123675E+04   1.0000E-099   8.3493E-001   1.6507E-001   2.6786E-013
    6.241838E+04   1.0000E-099   8.3067E-001   1.6933E-001   2.7905E-013
    6.362274E+04   1.0000E-099   8.2834E-001   1.7166E-001   2.8604E-013
    6.485024E+04   1.0000E-099   8.2771E-001   1.7229E-001   2.8896E-013
    6.610128E+04   1.0000E-099   8.2801E-001   1.7199E-001   2.8921E-013
    6.737631E+04   1.0000E-099   8.3063E-001   1.6937E-001   2.8323E-013
    6.867574E+04   1.0000E-099   8.3546E-001   1.6454E-001   2.6988E-013
    6.935606E+04   1.0000E-099   8.4148E-001   1.5852E-001   2.5713E-013
    6.969874E+04   1.0000E-099   8.5296E-001   1.4704E-001   2.3123E-013
    6.987071E+04   1.0000E-099   8.6556E-001   1.3444E-001   1.9910E-013
    6.995686E+04   1.0000E-099   8.8146E-001   1.1854E-001   1.5185E-013
    6.999782E+04   1.0000E-099   8.9396E-001   1.0604E-001   9.1876E-014
    6.999997E+04   1.0000E-099   8.9597E-001   1.0403E-001   7.9249E-014
#TIME:     0.550
#NVEL: 115
#vel_mid[km/s]           sc0           sc1           sc2           sc3
    8.772128E+02   1.0000E-099   1.4007E-012   6.0497E-006   9.9999E-001
    8.825108E+02   1.0000E-099   1.4007E-012   6.0497E-006   9.9999E-001
    8.985975E+02   1.0000E-099   1.4007E-012   6.0497E-006   9.9999E-001
    9.316560E+02   1.0000E-099   1.4007E-012   6.0497E-006   9.9999E-001
    9.893707E+02   1.0000E-099   1.4007E-012   6.0497E-006   9.9999E-001
    1.050609E+03   1.0000E-099   1.4006E-012   6.0496E-006   9.9999E-001
    1.115637E+03   1.0000E-099   1.4004E-012   6.0495E-006   9.9999E-001
    1.184691E+03   1.0000E-099   1.4018E-012   6.0548E-006   9.9999E-001
    1.258018E+03   1.0000E-099   1.4044E-012   6.0655E-006   9.9999E-001
    1.335885E+03   1.0000E-099   1.4110E-012   6.0913E-006   9.9999E-001
    1.418571E+03   1.0000E-099   1.3225E-012   5.9554E-006   9.9999E-001
    1.506375E+03   1.0000E-099   5.9363E-013   4.3517E-006   1.0000E+000
    1.599613E+03   1.0000E-099   5.3635E-013   4.1641E-006   1.0000E+000
    1.698623E+03   1.0000E-099   3.7927E-013   3.6061E-006   1.0000E+000
    1.803761E+03   1.0000E-099   3.5420E-013   3.5423E-006   1.0000E+000
    1.915407E+03   1.0000E-099   2.2017E-013   2.9172E-006   1.0000E+000
    2.033963E+03   1.0000E-099   1.8658E-013   2.7370E-006   1.0000E+000
    2.159857E+03   1.0000E-099   1.2490E-013   2.3272E-006   1.0000E+000
    2.293544E+03   1.0000E-099   8.2771E-014   1.9542E-006   1.0000E+000
    2.435505E+03   1.0000E-099   5.6963E-014   1.6620E-006   1.0000E+000
    2.586253E+03   1.0000E-099   3.5703E-014   1.3694E-006   1.0000E+000
    2.746332E+03   1.0000E-099   2.7738E-014   1.2270E-006   1.0000E+000
    2.916319E+03   1.0000E-099   2.2090E-014   1.1111E-006   1.0000E+000
    3.096828E+03   1.0000E-099   1.7262E-014   9.8603E-007   1.0000E+000
    3.288509E+03   1.0000E-099   1.4173E-014   8.8702E-007   1.0000E+000
    3.492055E+03   1.0000E-099   1.2216E-014   8.1114E-007   1.0000E+000
    3.708199E+03   1.0000E-099   1.0340E-014   7.3088E-007   1.0000E+000
    3.937722E+03   1.0000E-099   8.3626E-015   6.4237E-007   1.0000E+000
    4.181452E+03   1.0000E-099   7.5127E-015   5.8854E-007   1.0000E+000
    4.440267E+03   1.0000E-099   8.0667E-015   6.0848E-007   1.0000E+000
    4.715102E+03   1.0000E-099   7.0882E-015   5.7984E-007   1.0000E+000
    5.006948E+03   1.0000E-099   4.7105E-015   4.7351E-007   1.0000E+000
    5.316859E+03   1.0000E-099   3.9781E-015   4.3778E-007   1.0000E+000
    5.645951E+03   1.0000E-099   3.6193E-015   4.1714E-007   1.0000E+000
    5.995413E+03   1.0000E-099   3.3615E-015   3.9954E-007   1.0000E+000
    6.366506E+03   1.0000E-099   3.0860E-015   3.7849E-007   1.0000E+000
    6.760567E+03   1.0000E-099   2.9466E-015   3.6712E-007   1.0000E+000
    7.179019E+03   1.0000E-099   2.8010E-015   3.5443E-007   1.0000E+000
    7.623372E+03   1.0000E-099   2.5020E-015   3.2744E-007   1.0000E+000
    8.095229E+03   1.0000E-099   2.3384E-015   3.1032E-007   1.0000E+000
    8.596292E+03   1.0000E-099   2.3341E-015   3.0471E-007   1.0000E+000
    9.128368E+03   1.0000E-099   2.3783E-015   2.9767E-007   1.0000E+000
    9.693378E+03   1.0000E-099   2.6768E-015   3.0089E-007   1.0000E+000
    1.029336E+04   1.0000E-099   3.6932E-015   3.3402E-007   1.0000E+000
    1.093048E+04   1.0000E-099   6.5088E-015   4.0577E-007   1.0000E+000
    1.160703E+04   1.0000E-099   1.6414E-014   5.8936E-007   1.0000E+000
    1.232546E+04   1.0000E-099   5.4791E-014   1.0450E-006   1.0000E+000
    1.308836E+04   1.0000E-099   1.6489E-013   1.9337E-006   1.0000E+000
    1.389955E+04   1.0000E-099   5.8189E-013   4.2742E-006   1.0000E+000
    1.474312E+04   1.0000E-099   8.3003E-012   2.4751E-005   9.9998E-001
    1.540367E+04   1.0000E-099   2.8623E-009   1.3117E-003   9.9869E-001
    1.581332E+04   1.0000E-099   5.1477E-007   3.7266E-002   9.6273E-001
    1.611284E+04   1.0000E-099   4.9796E-005   5.5937E-001   4.4058E-001
    1.636570E+04   1.0000E-099   8.2256E-004   9.8865E-001   1.0523E-002
    1.654730E+04   1.0000E-099   3.4555E-003   9.9603E-001   5.1650E-004
    1.669441E+04   1.0000E-099   1.2308E-002   9.8766E-001   3.3878E-005
    1.681682E+04   1.0000E-099   5.0291E-002   9.4971E-001   1.6191E-006
    1.692241E+04   1.0000E-099   1.7672E-001   8.2328E-001   7.0659E-008
    1.702116E+04   1.0000E-099   3.8774E-001   6.1226E-001   4.4077E-009
    1.711664E+04   1.0000E-099   5.7631E-001   4.2369E-001   5.0139E-010
    1.721561E+04   1.0000E-099   7.1537E-001   2.8463E-001   8.0484E-011
    1.732334E+04   1.0000E-099   8.2020E-001   1.7980E-001   1.3247E-011
    1.744562E+04   1.0000E-099   8.9094E-001   1.0906E-001   2.2273E-012
    1.759425E+04   1.0000E-099   9.3597E-001   6.4034E-002   3.6878E-013
    1.788224E+04   1.0000E-099   9.7211E-001   2.7895E-002   2.5223E-014
    1.867332E+04   1.0000E-099   9.9325E-001   6.7472E-003   2.7584E-016
    1.962851E+04   1.0000E-099   9.9664E-001   3.3644E-003   2.7948E-017
    2.067444E+04   1.0000E-099   9.9700E-001   3.0018E-003   2.6730E-017
    2.182447E+04   1.0000E-099   9.9687E-001   3.1337E-003   4.9901E-017
    2.306690E+04   1.0000E-099   9.9532E-001   4.6769E-003   1.6993E-016
    2.438107E+04   1.0000E-099   9.9259E-001   7.4090E-003   5.0288E-016
    2.587845E+04   1.0000E-099   9.8882E-001   1.1181E-002   1.1609E-015
    2.749199E+04   1.0000E-099   9.8027E-001   1.9726E-002   2.7395E-015
    2.896661E+04   1.0000E-099   9.7564E-001   2.4363E-002   2.6565E-015
    3.023928E+04   1.0000E-099   9.7760E-001   2.2402E-002   1.8268E-015
    3.138852E+04   1.0000E-099   9.7334E-001   2.6659E-002   2.4763E-015
    3.250795E+04   1.0000E-099   9.6846E-001   3.1539E-002   3.3788E-015
    3.365620E+04   1.0000E-099   9.5690E-001   4.3096E-002   5.9690E-015
    3.486705E+04   1.0000E-099   9.4642E-001   5.3581E-002   8.8051E-015
    3.613166E+04   1.0000E-099   9.3522E-001   6.4782E-002   1.3138E-014
    3.742115E+04   1.0000E-099   9.2063E-001   7.9368E-002   2.0098E-014
    3.871394E+04   1.0000E-099   9.0471E-001   9.5293E-002   2.9965E-014
    3.997047E+04   1.0000E-099   8.9973E-001   1.0027E-001   3.4146E-014
    4.112379E+04   1.0000E-099   8.9381E-001   1.0619E-001   4.0681E-014
    4.218343E+04   1.0000E-099   8.8106E-001   1.1894E-001   5.4928E-014
    4.320753E+04   1.0000E-099   8.6448E-001   1.3552E-001   7.6100E-014
    4.423621E+04   1.0000E-099   8.4688E-001   1.5312E-001   1.0216E-013
    4.529664E+04   1.0000E-099   8.3218E-001   1.6782E-001   1.2817E-013
    4.639486E+04   1.0000E-099   8.2384E-001   1.7616E-001   1.4812E-013
    4.752261E+04   1.0000E-099   8.2021E-001   1.7979E-001   1.6427E-013
    4.867617E+04   1.0000E-099   8.2095E-001   1.7905E-001   1.7633E-013
    4.985675E+04   1.0000E-099   8.2554E-001   1.7446E-001   1.8382E-013
    5.106564E+04   1.0000E-099   8.3283E-001   1.6717E-001   1.8687E-013
    5.230378E+04   1.0000E-099   8.4119E-001   1.5881E-001   1.8665E-013
    5.357136E+04   1.0000E-099   8.4863E-001   1.5137E-001   1.8566E-013
    5.486695E+04   1.0000E-099   8.5380E-001   1.4620E-001   1.8641E-013
    5.618695E+04   1.0000E-099   8.5516E-001   1.4484E-001   1.9217E-013
    5.752536E+04   1.0000E-099   8.5260E-001   1.4740E-001   2.0438E-013
    5.887450E+04   1.0000E-099   8.4725E-001   1.5275E-001   2.2190E-013
    6.022291E+04   1.0000E-099   8.4078E-001   1.5922E-001   2.4154E-013
    6.155592E+04   1.0000E-099   8.3489E-001   1.6511E-001   2.5938E-013
    6.285824E+04   1.0000E-099   8.3050E-001   1.6950E-001   2.7311E-013
    6.411280E+04   1.0000E-099   8.2860E-001   1.7140E-001   2.8080E-013
    6.529403E+04   1.0000E-099   8.2817E-001   1.7183E-001   2.8426E-013
    6.638404E+04   1.0000E-099   8.2880E-001   1.7120E-001   2.8436E-013
    6.736672E+04   1.0000E-099   8.3093E-001   1.6907E-001   2.8009E-013
    6.821143E+04   1.0000E-099   8.3325E-001   1.6675E-001   2.7347E-013
    6.893337E+04   1.0000E-099   8.3675E-001   1.6325E-001   2.6571E-013
    6.953439E+04   1.0000E-099   8.4608E-001   1.5392E-001   2.4644E-013
    6.977430E+04   1.0000E-099   8.5681E-001   1.4319E-001   2.2049E-013
    6.989457E+04   1.0000E-099   8.6937E-001   1.3063E-001   1.8918E-013
    6.995478E+04   1.0000E-099   8.8106E-001   1.1894E-001   1.5288E-013
    6.998490E+04   1.0000E-099   8.8832E-001   1.1168E-001   1.1712E-013
    6.999922E+04   1.0000E-099   8.9532E-001   1.0468E-001   8.3637E-014
    6.999997E+04   1.0000E-099   8.9609E-001   1.0391E-001   7.8761E-014
#TIME:     0.666
#NVEL: 115
#vel_mid[km/s]           sc0           sc1           sc2           sc3
    8.772128E+02   1.0000E-099   8.9412E-013   4.5801E-006   1.0000E+000
    8.833155E+02   1.0000E-099   8.9412E-013   4.5801E-006   1.0000E+000
    9.018795E+02   1.0000E-099   8.9412E-013   4.5801E-006   1.0000E+000
    9.401862E+02   1.0000E-099   8.9414E-013   4.5801E-006   1.0000E+000
    1.001110E+03   1.0000E-099   8.9413E-013   4.5801E-006   1.0000E+000
    1.062646E+03   1.0000E-099   8.9399E-013   4.5798E-006   1.0000E+000
    1.127988E+03   1.0000E-099   8.9344E-013   4.5790E-006   1.0000E+000
    1.197348E+03   1.0000E-099   8.9384E-013   4.5818E-006   1.0000E+000
    1.270973E+03   1.0000E-099   8.9570E-013   4.5906E-006   1.0000E+000
    1.349125E+03   1.0000E-099   8.6371E-013   4.5303E-006   1.0000E+000
    1.432083E+03   1.0000E-099   6.0327E-013   3.9207E-006   1.0000E+000
    1.520141E+03   1.0000E-099   3.8962E-013   3.2897E-006   1.0000E+000
    1.613615E+03   1.0000E-099   2.9102E-013   2.9127E-006   1.0000E+000
    1.712836E+03   1.0000E-099   2.3379E-013   2.6647E-006   1.0000E+000
    1.818158E+03   1.0000E-099   1.7866E-013   2.3978E-006   1.0000E+000
    1.929957E+03   1.0000E-099   1.2946E-013   2.1048E-006   1.0000E+000
    2.048630E+03   1.0000E-099   9.6156E-014   1.8698E-006   1.0000E+000
    2.174600E+03   1.0000E-099   6.5913E-014   1.6035E-006   1.0000E+000
    2.308316E+03   1.0000E-099   4.3832E-014   1.3475E-006   1.0000E+000
    2.450254E+03   1.0000E-099   2.8137E-014   1.1166E-006   1.0000E+000
    2.600920E+03   1.0000E-099   1.8922E-014   9.4561E-007   1.0000E+000
    2.760850E+03   1.0000E-099   1.4359E-014   8.4102E-007   1.0000E+000
    2.930615E+03   1.0000E-099   1.1369E-014   7.5832E-007   1.0000E+000
    3.110818E+03   1.0000E-099   9.0376E-015   6.7793E-007   1.0000E+000
    3.302102E+03   1.0000E-099   7.4943E-015   6.1223E-007   1.0000E+000
    3.505148E+03   1.0000E-099   6.4429E-015   5.5864E-007   1.0000E+000
    3.720679E+03   1.0000E-099   5.5032E-015   5.0500E-007   1.0000E+000
    3.949463E+03   1.0000E-099   4.4685E-015   4.4199E-007   1.0000E+000
    4.192316E+03   1.0000E-099   4.1946E-015   4.1721E-007   1.0000E+000
    4.450101E+03   1.0000E-099   4.3849E-015   4.2442E-007   1.0000E+000
    4.723737E+03   1.0000E-099   3.8290E-015   4.0112E-007   1.0000E+000
    5.014199E+03   1.0000E-099   2.7436E-015   3.4137E-007   1.0000E+000
    5.322522E+03   1.0000E-099   2.2288E-015   3.0885E-007   1.0000E+000
    5.649804E+03   1.0000E-099   2.0382E-015   2.9526E-007   1.0000E+000
    5.997210E+03   1.0000E-099   1.8861E-015   2.8212E-007   1.0000E+000
    6.365978E+03   1.0000E-099   1.7446E-015   2.6858E-007   1.0000E+000
    6.757421E+03   1.0000E-099   1.6752E-015   2.6089E-007   1.0000E+000
    7.172935E+03   1.0000E-099   1.5992E-015   2.5184E-007   1.0000E+000
    7.613998E+03   1.0000E-099   1.4515E-015   2.3492E-007   1.0000E+000
    8.082182E+03   1.0000E-099   1.3749E-015   2.2384E-007   1.0000E+000
    8.579155E+03   1.0000E-099   1.3949E-015   2.2088E-007   1.0000E+000
    9.106686E+03   1.0000E-099   1.4490E-015   2.1800E-007   1.0000E+000
    9.666656E+03   1.0000E-099   1.6759E-015   2.2382E-007   1.0000E+000
    1.026106E+04   1.0000E-099   2.3600E-015   2.5094E-007   1.0000E+000
    1.089201E+04   1.0000E-099   4.2291E-015   3.1181E-007   1.0000E+000
    1.156176E+04   1.0000E-099   1.0728E-014   4.6476E-007   1.0000E+000
    1.227269E+04   1.0000E-099   3.9380E-014   9.0419E-007   1.0000E+000
    1.302734E+04   1.0000E-099   1.5580E-013   2.0436E-006   1.0000E+000
    1.382861E+04   1.0000E-099   6.6089E-013   5.2538E-006   9.9999E-001
    1.462901E+04   1.0000E-099   8.3344E-012   2.9248E-005   9.9997E-001
    1.525056E+04   1.0000E-099   6.4111E-010   5.7062E-004   9.9943E-001
    1.570852E+04   1.0000E-099   1.4530E-007   1.9910E-002   9.8009E-001
    1.603933E+04   1.0000E-099   1.4321E-005   3.4081E-001   6.5917E-001
    1.626493E+04   1.0000E-099   2.9231E-004   9.5805E-001   4.1654E-002
    1.642900E+04   1.0000E-099   2.0645E-003   9.9694E-001   9.9858E-004
    1.655927E+04   1.0000E-099   1.1353E-002   9.8862E-001   2.8277E-005
    1.666808E+04   1.0000E-099   5.2352E-002   9.4765E-001   1.0122E-006
    1.676387E+04   1.0000E-099   1.7175E-001   8.2825E-001   5.1771E-008
    1.685344E+04   1.0000E-099   3.5558E-001   6.4442E-001   4.3031E-009
    1.694048E+04   1.0000E-099   5.3252E-001   4.6748E-001   5.6609E-010
    1.702877E+04   1.0000E-099   6.7404E-001   3.2596E-001   9.8073E-011
    1.712364E+04   1.0000E-099   7.8048E-001   2.1952E-001   1.9114E-011
    1.723140E+04   1.0000E-099   8.5901E-001   1.4099E-001   3.6797E-012
    1.736849E+04   1.0000E-099   9.1819E-001   8.1809E-002   5.5915E-013
    1.764428E+04   1.0000E-099   9.7033E-001   2.9669E-002   2.0423E-014
    1.825185E+04   1.0000E-099   9.9610E-001   3.9049E-003   3.9252E-017
    1.898577E+04   1.0000E-099   9.9947E-001   5.2952E-004   8.3317E-020
    1.978625E+04   1.0000E-099   9.9990E-001   1.0351E-004   4.8145E-022
    2.065037E+04   1.0000E-099   9.9997E-001   2.9057E-005   1.1167E-023
    2.155095E+04   1.0000E-099   9.9999E-001   1.0163E-005   7.6003E-024
    2.245768E+04   1.0000E-099   9.9999E-001   6.5134E-006   3.4192E-023
    2.340027E+04   1.0000E-099   9.9999E-001   9.1797E-006   1.7197E-022
    2.441765E+04   1.0000E-099   9.9998E-001   2.1624E-005   9.8726E-022
    2.552663E+04   1.0000E-099   9.9993E-001   6.6934E-005   5.1360E-021
    2.678810E+04   1.0000E-099   9.9969E-001   3.1189E-004   3.3486E-020
    2.832661E+04   1.0000E-099   9.9853E-001   1.4699E-003   1.8131E-019
    3.001704E+04   1.0000E-099   9.9747E-001   2.5277E-003   2.6936E-019
    3.165601E+04   1.0000E-099   9.9575E-001   4.2460E-003   4.9856E-019
    3.325288E+04   1.0000E-099   9.9225E-001   7.7461E-003   2.0039E-018
    3.484169E+04   1.0000E-099   9.8773E-001   1.2270E-002   6.4908E-018
    3.639765E+04   1.0000E-099   9.8282E-001   1.7181E-002   1.9116E-017
    3.790349E+04   1.0000E-099   9.7672E-001   2.3283E-002   5.7322E-017
    3.933015E+04   1.0000E-099   9.7219E-001   2.7806E-002   1.2250E-016
    4.064946E+04   1.0000E-099   9.6964E-001   3.0363E-002   2.0496E-016
    4.183748E+04   1.0000E-099   9.6504E-001   3.4956E-002   4.3106E-016
    4.295471E+04   1.0000E-099   9.5760E-001   4.2401E-002   1.0655E-015
    4.404536E+04   1.0000E-099   9.4746E-001   5.2538E-002   2.6365E-015
    4.514998E+04   1.0000E-099   9.3494E-001   6.5056E-002   5.9477E-015
    4.627877E+04   1.0000E-099   9.2136E-001   7.8645E-002   1.1581E-014
    4.742914E+04   1.0000E-099   9.0704E-001   9.2959E-002   2.0621E-014
    4.859884E+04   1.0000E-099   8.9371E-001   1.0629E-001   3.3589E-014
    4.979054E+04   1.0000E-099   8.8349E-001   1.1651E-001   5.0216E-014
    5.100851E+04   1.0000E-099   8.7725E-001   1.2275E-001   6.9044E-014
    5.225617E+04   1.0000E-099   8.7431E-001   1.2569E-001   8.8188E-014
    5.353554E+04   1.0000E-099   8.7283E-001   1.2717E-001   1.0657E-013
    5.484601E+04   1.0000E-099   8.7120E-001   1.2880E-001   1.2435E-013
    5.618429E+04   1.0000E-099   8.6767E-001   1.3233E-001   1.4360E-013
    5.754205E+04   1.0000E-099   8.6166E-001   1.3834E-001   1.6610E-013
    5.891132E+04   1.0000E-099   8.5383E-001   1.4617E-001   1.9171E-013
    6.027604E+04   1.0000E-099   8.4560E-001   1.5440E-001   2.1787E-013
    6.162485E+04   1.0000E-099   8.3845E-001   1.6155E-001   2.4103E-013
    6.293682E+04   1.0000E-099   8.3324E-001   1.6676E-001   2.5887E-013
    6.419493E+04   1.0000E-099   8.3076E-001   1.6924E-001   2.6971E-013
    6.537955E+04   1.0000E-099   8.2992E-001   1.7008E-001   2.7552E-013
    6.646379E+04   1.0000E-099   8.3030E-001   1.6970E-001   2.7723E-013
    6.743920E+04   1.0000E-099   8.3222E-001   1.6778E-001   2.7414E-013
    6.827833E+04   1.0000E-099   8.3443E-001   1.6557E-001   2.6841E-013
    6.898935E+04   1.0000E-099   8.3812E-001   1.6188E-001   2.6085E-013
    6.955810E+04   1.0000E-099   8.4761E-001   1.5239E-001   2.4140E-013
    6.978582E+04   1.0000E-099   8.5841E-001   1.4159E-001   2.1553E-013
    6.989995E+04   1.0000E-099   8.7084E-001   1.2916E-001   1.8434E-013
    6.995709E+04   1.0000E-099   8.8203E-001   1.1797E-001   1.4880E-013
    6.998568E+04   1.0000E-099   8.8905E-001   1.1095E-001   1.1428E-013
    6.999926E+04   1.0000E-099   8.9574E-001   1.0426E-001   8.2567E-014
    6.999997E+04   1.0000E-099   8.9647E-001   1.0353E-001   7.7906E-014
#TIME:     0.733
#NVEL: 115
#vel_mid[km/s]           sc0           sc1           sc2           sc3
    8.772128E+02   1.0000E-099   7.1803E-013   4.0077E-006   1.0000E+000
    8.821279E+02   1.0000E-099   7.1803E-013   4.0077E-006   1.0000E+000
    8.970391E+02   1.0000E-099   7.1803E-013   4.0077E-006   1.0000E+000
    9.276219E+02   1.0000E-099   7.1804E-013   4.0077E-006   1.0000E+000
    9.834559E+02   1.0000E-099   7.1805E-013   4.0078E-006   1.0000E+000
    1.043937E+03   1.0000E-099   7.1793E-013   4.0075E-006   1.0000E+000
    1.108129E+03   1.0000E-099   7.1747E-013   4.0065E-006   1.0000E+000
    1.176267E+03   1.0000E-099   7.1715E-013   4.0067E-006   1.0000E+000
    1.248596E+03   1.0000E-099   7.1734E-013   4.0101E-006   1.0000E+000
    1.325372E+03   1.0000E-099   6.9565E-013   3.9635E-006   1.0000E+000
    1.406869E+03   1.0000E-099   5.3291E-013   3.5537E-006   1.0000E+000
    1.493377E+03   1.0000E-099   3.4740E-013   2.9839E-006   1.0000E+000
    1.585205E+03   1.0000E-099   2.4929E-013   2.5992E-006   1.0000E+000
    1.682679E+03   1.0000E-099   1.9398E-013   2.3416E-006   1.0000E+000
    1.786147E+03   1.0000E-099   1.4941E-013   2.1103E-006   1.0000E+000
    1.895977E+03   1.0000E-099   1.0901E-013   1.8577E-006   1.0000E+000
    2.012561E+03   1.0000E-099   7.9805E-014   1.6388E-006   1.0000E+000
    2.136313E+03   1.0000E-099   5.5558E-014   1.4156E-006   1.0000E+000
    2.267674E+03   1.0000E-099   3.6977E-014   1.1920E-006   1.0000E+000
    2.407114E+03   1.0000E-099   2.3664E-014   9.8595E-007   1.0000E+000
    2.555127E+03   1.0000E-099   1.5564E-014   8.2695E-007   1.0000E+000
    2.712241E+03   1.0000E-099   1.1419E-014   7.2588E-007   1.0000E+000
    2.879017E+03   1.0000E-099   8.9487E-015   6.5295E-007   1.0000E+000
    3.056048E+03   1.0000E-099   7.0956E-015   5.8492E-007   1.0000E+000
    3.243964E+03   1.0000E-099   5.8274E-015   5.2708E-007   1.0000E+000
    3.443435E+03   1.0000E-099   4.9771E-015   4.8026E-007   1.0000E+000
    3.655171E+03   1.0000E-099   4.3071E-015   4.3745E-007   1.0000E+000
    3.879927E+03   1.0000E-099   3.5362E-015   3.8513E-007   1.0000E+000
    4.118504E+03   1.0000E-099   3.1039E-015   3.5058E-007   1.0000E+000
    4.371751E+03   1.0000E-099   3.3040E-015   3.5768E-007   1.0000E+000
    4.640569E+03   1.0000E-099   3.0388E-015   3.4539E-007   1.0000E+000
    4.925917E+03   1.0000E-099   2.3195E-015   3.0389E-007   1.0000E+000
    5.228812E+03   1.0000E-099   1.7896E-015   2.6803E-007   1.0000E+000
    5.550331E+03   1.0000E-099   1.5920E-015   2.5310E-007   1.0000E+000
    5.891620E+03   1.0000E-099   1.4730E-015   2.4227E-007   1.0000E+000
    6.253896E+03   1.0000E-099   1.3586E-015   2.3046E-007   1.0000E+000
    6.638447E+03   1.0000E-099   1.2966E-015   2.2307E-007   1.0000E+000
    7.046645E+03   1.0000E-099   1.2545E-015   2.1697E-007   1.0000E+000
    7.479943E+03   1.0000E-099   1.1531E-015   2.0411E-007   1.0000E+000
    7.939884E+03   1.0000E-099   1.0802E-015   1.9328E-007   1.0000E+000
    8.428107E+03   1.0000E-099   1.0914E-015   1.9028E-007   1.0000E+000
    8.946351E+03   1.0000E-099   1.1359E-015   1.8863E-007   1.0000E+000
    9.496461E+03   1.0000E-099   1.2764E-015   1.9176E-007   1.0000E+000
    1.008040E+04   1.0000E-099   1.7262E-015   2.1172E-007   1.0000E+000
    1.070024E+04   1.0000E-099   2.9087E-015   2.5755E-007   1.0000E+000
    1.135820E+04   1.0000E-099   6.7198E-015   3.6843E-007   1.0000E+000
    1.205661E+04   1.0000E-099   2.3268E-014   6.9131E-007   1.0000E+000
    1.279797E+04   1.0000E-099   1.0337E-013   1.6657E-006   1.0000E+000
    1.358477E+04   1.0000E-099   4.7211E-013   4.4745E-006   1.0000E+000
    1.437244E+04   1.0000E-099   3.9448E-012   1.9021E-005   9.9998E-001
    1.500937E+04   1.0000E-099   1.1388E-010   1.9205E-004   9.9981E-001
    1.552878E+04   1.0000E-099   1.8216E-008   5.6665E-003   9.9433E-001
    1.591273E+04   1.0000E-099   2.2301E-006   1.2384E-001   8.7615E-001
    1.617011E+04   1.0000E-099   9.6718E-005   8.2633E-001   1.7357E-001
    1.634952E+04   1.0000E-099   8.2581E-004   9.9447E-001   4.6998E-003
    1.648696E+04   1.0000E-099   6.3510E-003   9.9357E-001   7.8189E-005
    1.659878E+04   1.0000E-099   4.1147E-002   9.5885E-001   1.4344E-006
    1.669545E+04   1.0000E-099   1.6189E-001   8.3811E-001   5.0036E-008
    1.678508E+04   1.0000E-099   3.5335E-001   6.4665E-001   3.6017E-009
    1.687250E+04   1.0000E-099   5.3485E-001   4.6515E-001   4.5223E-010
    1.696111E+04   1.0000E-099   6.7761E-001   3.2239E-001   7.6959E-011
    1.705636E+04   1.0000E-099   7.8474E-001   2.1526E-001   1.4625E-011
    1.716416E+04   1.0000E-099   8.6279E-001   1.3721E-001   2.7561E-012
    1.730537E+04   1.0000E-099   9.2229E-001   7.7706E-002   3.8761E-013
    1.760745E+04   1.0000E-099   9.7469E-001   2.5309E-002   1.0077E-014
    1.821538E+04   1.0000E-099   9.9677E-001   3.2281E-003   1.7634E-017
    1.893451E+04   1.0000E-099   9.9959E-001   4.1439E-004   3.1847E-020
    1.971244E+04   1.0000E-099   9.9993E-001   6.7352E-005   1.0669E-022
    2.054375E+04   1.0000E-099   9.9999E-001   1.3873E-005   6.9072E-025
    2.140728E+04   1.0000E-099   1.0000E+000   3.1292E-006   1.0115E-026
    2.226561E+04   1.0000E-099   1.0000E+000   9.2819E-007   1.6586E-026
    2.313428E+04   1.0000E-099   1.0000E+000   5.2561E-007   1.0790E-025
    2.404497E+04   1.0000E-099   1.0000E+000   9.1797E-007   7.9696E-025
    2.500523E+04   1.0000E-099   1.0000E+000   3.0458E-006   5.2717E-024
    2.604263E+04   1.0000E-099   9.9999E-001   1.4698E-005   4.0325E-023
    2.724271E+04   1.0000E-099   9.9990E-001   1.0402E-004   4.4323E-022
    2.880103E+04   1.0000E-099   9.9939E-001   6.1016E-004   3.5518E-021
    3.057189E+04   1.0000E-099   9.9876E-001   1.2353E-003   8.2208E-021
    3.239972E+04   1.0000E-099   9.9705E-001   2.9492E-003   3.2379E-020
    3.417455E+04   1.0000E-099   9.9391E-001   6.0918E-003   1.8311E-019
    3.587716E+04   1.0000E-099   9.9015E-001   9.8479E-003   7.7822E-019
    3.749452E+04   1.0000E-099   9.8568E-001   1.4324E-002   3.2269E-018
    3.901907E+04   1.0000E-099   9.8180E-001   1.8204E-002   9.5461E-018
    4.041392E+04   1.0000E-099   9.7963E-001   2.0370E-002   1.9147E-017
    4.166067E+04   1.0000E-099   9.7642E-001   2.3582E-002   4.7254E-017
    4.282033E+04   1.0000E-099   9.7110E-001   2.8897E-002   1.4879E-016
    4.393802E+04   1.0000E-099   9.6360E-001   3.6397E-002   4.8777E-016
    4.506444E+04   1.0000E-099   9.5385E-001   4.6152E-002   1.4596E-015
    4.621047E+04   1.0000E-099   9.4243E-001   5.7571E-002   3.6548E-015
    4.737662E+04   1.0000E-099   9.2930E-001   7.0704E-002   8.1392E-015
    4.855943E+04   1.0000E-099   9.1572E-001   8.4279E-002   1.6128E-014
    4.976293E+04   1.0000E-099   9.0373E-001   9.6265E-002   2.8474E-014
    5.099069E+04   1.0000E-099   8.9460E-001   1.0540E-001   4.4889E-014
    5.224631E+04   1.0000E-099   8.8829E-001   1.1171E-001   6.3944E-014
    5.353171E+04   1.0000E-099   8.8356E-001   1.1644E-001   8.4117E-014
    5.484612E+04   1.0000E-099   8.7919E-001   1.2081E-001   1.0471E-013
    5.618687E+04   1.0000E-099   8.7362E-001   1.2638E-001   1.2691E-013
    5.754538E+04   1.0000E-099   8.6619E-001   1.3381E-001   1.5205E-013
    5.891516E+04   1.0000E-099   8.5732E-001   1.4268E-001   1.8001E-013
    6.027894E+04   1.0000E-099   8.4831E-001   1.5169E-001   2.0826E-013
    6.162742E+04   1.0000E-099   8.4056E-001   1.5944E-001   2.3331E-013
    6.293850E+04   1.0000E-099   8.3488E-001   1.6512E-001   2.5276E-013
    6.419616E+04   1.0000E-099   8.3204E-001   1.6796E-001   2.6494E-013
    6.537984E+04   1.0000E-099   8.3092E-001   1.6908E-001   2.7181E-013
    6.646444E+04   1.0000E-099   8.3110E-001   1.6890E-001   2.7430E-013
    6.743912E+04   1.0000E-099   8.3287E-001   1.6713E-001   2.7180E-013
    6.827867E+04   1.0000E-099   8.3497E-001   1.6503E-001   2.6651E-013
    6.898947E+04   1.0000E-099   8.3859E-001   1.6141E-001   2.5927E-013
    6.955800E+04   1.0000E-099   8.4800E-001   1.5200E-001   2.4012E-013
    6.978577E+04   1.0000E-099   8.5875E-001   1.4125E-001   2.1445E-013
    6.989993E+04   1.0000E-099   8.7113E-001   1.2887E-001   1.8345E-013
    6.995708E+04   1.0000E-099   8.8230E-001   1.1770E-001   1.4810E-013
    6.998567E+04   1.0000E-099   8.8929E-001   1.1071E-001   1.1374E-013
    6.999926E+04   1.0000E-099   8.9596E-001   1.0404E-001   8.2177E-014
    6.999997E+04   1.0000E-099   8.9669E-001   1.0331E-001   7.7541E-014
#TIME:     0.806
#NVEL: 115
#vel_mid[km/s]           sc0           sc1           sc2           sc3
    8.772128E+02   1.0000E-099   5.7909E-013   3.5251E-006   1.0000E+000
    8.817035E+02   1.0000E-099   5.7909E-013   3.5251E-006   1.0000E+000
    8.953142E+02   1.0000E-099   5.7909E-013   3.5251E-006   1.0000E+000
    9.231691E+02   1.0000E-099   5.7909E-013   3.5251E-006   1.0000E+000
    9.772176E+02   1.0000E-099   5.7909E-013   3.5251E-006   1.0000E+000
    1.037326E+03   1.0000E-099   5.7895E-013   3.5248E-006   1.0000E+000
    1.101111E+03   1.0000E-099   5.7849E-013   3.5236E-006   1.0000E+000
    1.168818E+03   1.0000E-099   5.7775E-013   3.5223E-006   1.0000E+000
    1.240689E+03   1.0000E-099   5.7546E-013   3.5180E-006   1.0000E+000
    1.316978E+03   1.0000E-099   5.5123E-013   3.4562E-006   1.0000E+000
    1.397959E+03   1.0000E-099   4.3375E-013   3.1263E-006   1.0000E+000
    1.483920E+03   1.0000E-099   2.9115E-013   2.6492E-006   1.0000E+000
    1.575166E+03   1.0000E-099   2.0589E-013   2.2896E-006   1.0000E+000
    1.672023E+03   1.0000E-099   1.5639E-013   2.0389E-006   1.0000E+000
    1.774835E+03   1.0000E-099   1.1980E-013   1.8306E-006   1.0000E+000
    1.883970E+03   1.0000E-099   8.7185E-014   1.6082E-006   1.0000E+000
    1.999815E+03   1.0000E-099   6.3161E-014   1.4113E-006   1.0000E+000
    2.122784E+03   1.0000E-099   4.3935E-014   1.2182E-006   1.0000E+000
    2.253313E+03   1.0000E-099   2.9085E-014   1.0238E-006   1.0000E+000
    2.391869E+03   1.0000E-099   1.8532E-014   8.4508E-007   1.0000E+000
    2.538945E+03   1.0000E-099   1.2119E-014   7.0693E-007   1.0000E+000
    2.695065E+03   1.0000E-099   8.7750E-015   6.1727E-007   1.0000E+000
    2.860784E+03   1.0000E-099   6.8310E-015   5.5411E-007   1.0000E+000
    3.036693E+03   1.0000E-099   5.4111E-015   4.9668E-007   1.0000E+000
    3.223420E+03   1.0000E-099   4.4283E-015   4.4724E-007   1.0000E+000
    3.421628E+03   1.0000E-099   3.7799E-015   4.0760E-007   1.0000E+000
    3.632023E+03   1.0000E-099   3.2974E-015   3.7277E-007   1.0000E+000
    3.855356E+03   1.0000E-099   2.7353E-015   3.2973E-007   1.0000E+000
    4.092421E+03   1.0000E-099   2.3501E-015   2.9666E-007   1.0000E+000
    4.344064E+03   1.0000E-099   2.5045E-015   3.0241E-007   1.0000E+000
    4.611180E+03   1.0000E-099   2.3666E-015   2.9517E-007   1.0000E+000
    4.894722E+03   1.0000E-099   1.8487E-015   2.6266E-007   1.0000E+000
    5.195698E+03   1.0000E-099   1.4179E-015   2.3099E-007   1.0000E+000
    5.515181E+03   1.0000E-099   1.2474E-015   2.1700E-007   1.0000E+000
    5.854309E+03   1.0000E-099   1.1503E-015   2.0753E-007   1.0000E+000
    6.214290E+03   1.0000E-099   1.0592E-015   1.9734E-007   1.0000E+000
    6.596406E+03   1.0000E-099   1.0111E-015   1.9099E-007   1.0000E+000
    7.002019E+03   1.0000E-099   9.8586E-016   1.8649E-007   1.0000E+000
    7.432572E+03   1.0000E-099   9.1319E-016   1.7619E-007   1.0000E+000
    7.889601E+03   1.0000E-099   8.5650E-016   1.6694E-007   1.0000E+000
    8.374732E+03   1.0000E-099   8.7072E-016   1.6478E-007   1.0000E+000
    8.889693E+03   1.0000E-099   9.1585E-016   1.6433E-007   1.0000E+000
    9.436320E+03   1.0000E-099   1.0298E-015   1.6746E-007   1.0000E+000
    1.001656E+04   1.0000E-099   1.3901E-015   1.8534E-007   1.0000E+000
    1.063248E+04   1.0000E-099   2.3351E-015   2.2666E-007   1.0000E+000
    1.128627E+04   1.0000E-099   5.3009E-015   3.2528E-007   1.0000E+000
    1.198026E+04   1.0000E-099   1.8616E-014   6.2520E-007   1.0000E+000
    1.271692E+04   1.0000E-099   8.9641E-014   1.6065E-006   1.0000E+000
    1.349805E+04   1.0000E-099   4.5927E-013   4.6975E-006   1.0000E+000
    1.425822E+04   1.0000E-099   3.5916E-012   1.9236E-005   9.9998E-001
    1.486986E+04   1.0000E-099   6.4615E-011   1.4314E-004   9.9986E-001
    1.537519E+04   1.0000E-099   4.3272E-009   2.4063E-003   9.9759E-001
    1.578064E+04   1.0000E-099   4.1140E-007   4.6566E-002   9.5343E-001
    1.606880E+04   1.0000E-099   2.7445E-005   5.5183E-001   4.4814E-001
    1.627147E+04   1.0000E-099   3.2712E-004   9.7885E-001   2.0824E-002
    1.642133E+04   1.0000E-099   2.8171E-003   9.9686E-001   3.2307E-004
    1.653799E+04   1.0000E-099   2.3134E-002   9.7686E-001   4.0524E-006
    1.663728E+04   1.0000E-099   1.2096E-001   8.7904E-001   8.8705E-008
    1.672867E+04   1.0000E-099   3.1075E-001   6.8925E-001   4.7837E-009
    1.681726E+04   1.0000E-099   5.0074E-001   4.9926E-001   5.3401E-010
    1.690746E+04   1.0000E-099   6.5301E-001   3.4699E-001   8.5595E-011
    1.700408E+04   1.0000E-099   7.6777E-001   2.3223E-001   1.5748E-011
    1.711406E+04   1.0000E-099   8.5240E-001   1.4760E-001   2.8595E-012
    1.726274E+04   1.0000E-099   9.1828E-001   8.1719E-002   3.6524E-013
    1.762026E+04   1.0000E-099   9.7776E-001   2.2242E-002   5.2779E-015
    1.824949E+04   1.0000E-099   9.9719E-001   2.8147E-003   8.9795E-018
    1.897008E+04   1.0000E-099   9.9962E-001   3.8163E-004   1.8931E-020
    1.974151E+04   1.0000E-099   9.9994E-001   6.2598E-005   6.5194E-023
    2.056198E+04   1.0000E-099   9.9999E-001   1.2400E-005   3.7711E-025
    2.140466E+04   1.0000E-099   1.0000E+000   2.5969E-006   2.8448E-027
    2.223509E+04   1.0000E-099   1.0000E+000   6.2366E-007   4.4576E-029
    2.306880E+04   1.0000E-099   1.0000E+000   1.8366E-007   1.1128E-028
