#NTIMES: 50
#NSTAGES 4
#TIMES[d]: 199.16 202.03 204.93 207.87 210.86 213.89 216.97 220.09 223.25 226.46 229.71 233.01 236.36 239.76 243.21 246.70 250.25 253.85 257.50 261.20 264.95 268.76 272.62 276.54 280.51 284.55 288.64 292.79 296.99 301.26 305.59 309.99 314.44 318.96 323.55 328.19 332.91 337.70 342.55 347.48 352.47 357.54 362.68 367.89 373.18 378.54 383.98 389.50 395.10 400.78
#
#TIME: 199.16
#NVEL 78
#vel_mid[km/s] o0 o1 o2 o3
440.10 1.6090e-02 8.1990e-01 1.5978e-01 4.2264e-03
886.22 4.0052e-02 8.1899e-01 1.3742e-01 3.5429e-03
906.14 3.7285e-02 7.7871e-01 1.7936e-01 4.6394e-03
944.43 1.9192e-02 8.1737e-01 1.5870e-01 4.7355e-03
999.11 4.4736e-02 8.0596e-01 1.4542e-01 3.8843e-03
1060.83 2.6258e-02 8.1157e-01 1.5801e-01 4.1582e-03
1125.62 3.0892e-02 8.0137e-01 1.6325e-01 4.4961e-03
1194.38 2.9377e-02 8.2060e-01 1.4623e-01 3.7975e-03
1267.34 1.3533e-02 8.2777e-01 1.5462e-01 4.0684e-03
1344.75 1.5211e-02 8.2135e-01 1.5937e-01 4.0669e-03
1426.89 1.5607e-02 8.3461e-01 1.4612e-01 3.6554e-03
1514.05 1.2288e-02 8.3415e-01 1.4989e-01 3.6730e-03
1606.54 1.7298e-02 8.3054e-01 1.4854e-01 3.6227e-03
1704.67 1.4428e-02 8.3104e-01 1.5082e-01 3.7159e-03
1808.80 1.6490e-02 8.2881e-01 1.5104e-01 3.6584e-03
1919.29 1.9456e-02 8.2879e-01 1.4803e-01 3.7169e-03
2036.53 1.8204e-02 8.3431e-01 1.4399e-01 3.4920e-03
2160.92 1.6516e-02 8.2771e-01 1.5197e-01 3.7981e-03
2292.92 1.5059e-02 8.1734e-01 1.6327e-01 4.3323e-03
2432.98 1.5779e-02 7.9784e-01 1.8121e-01 5.1730e-03
2581.60 1.2568e-02 7.8429e-01 1.9693e-01 6.2195e-03
2739.29 1.2432e-02 7.6031e-01 2.1997e-01 7.2891e-03
2906.62 1.0489e-02 7.1768e-01 2.6217e-01 9.6570e-03
3084.17 8.1447e-03 6.7656e-01 3.0319e-01 1.2107e-02
3272.56 6.0135e-03 6.0530e-01 3.7268e-01 1.6000e-02
3472.46 3.9008e-03 5.3311e-01 4.4123e-01 2.1758e-02
3684.57 2.6852e-03 4.6124e-01 5.0824e-01 2.7836e-02
3909.64 1.7967e-03 4.3252e-01 5.3346e-01 3.2224e-02
4148.46 2.1228e-03 4.2689e-01 5.3647e-01 3.4522e-02
4401.86 2.8116e-03 4.6091e-01 5.0450e-01 3.1785e-02
4670.75 2.2883e-03 4.5691e-01 5.0878e-01 3.2024e-02
4956.05 1.4338e-03 3.7528e-01 5.8270e-01 4.0593e-02
5258.79 6.0319e-04 2.7974e-01 6.6777e-01 5.1881e-02
5580.02 1.9008e-04 2.0155e-01 7.3568e-01 6.2576e-02
5920.87 8.3950e-05 1.6315e-01 7.6647e-01 7.0300e-02
6282.54 5.5490e-05 1.4293e-01 7.7910e-01 7.7910e-02
6666.30 4.8340e-05 1.2893e-01 7.9071e-01 8.0306e-02
7073.50 4.5213e-05 1.2622e-01 7.9158e-01 8.2158e-02
7505.58 5.1085e-05 1.3081e-01 7.8222e-01 8.6919e-02
7964.05 6.1152e-05 1.3736e-01 7.7343e-01 8.9145e-02
8450.53 1.1696e-04 1.6510e-01 7.5264e-01 8.2146e-02
8966.72 3.1267e-04 2.1954e-01 7.0395e-01 7.6198e-02
9514.44 6.6933e-04 2.7914e-01 6.4993e-01 7.0259e-02
10095.62 1.3607e-03 3.6139e-01 5.7810e-01 5.9149e-02
10712.30 2.2252e-03 4.2156e-01 5.2556e-01 5.0655e-02
11366.65 3.6690e-03 4.9456e-01 4.5830e-01 4.3475e-02
12061.10 3.7791e-03 5.3017e-01 4.2568e-01 4.0371e-02
12793.43 4.3336e-03 5.4771e-01 4.0738e-01 4.0585e-02
13528.61 4.3686e-03 5.5784e-01 3.9675e-01 4.1034e-02
14194.74 4.3232e-03 5.4450e-01 4.0563e-01 4.5540e-02
14757.77 3.4703e-03 4.8737e-01 4.5962e-01 4.9533e-02
15240.48 5.8150e-03 5.5681e-01 3.9733e-01 4.0046e-02
15646.99 4.9024e-03 6.4536e-01 3.2767e-01 2.2069e-02
15960.30 8.0745e-03 7.5281e-01 2.2941e-01 9.7093e-03
16187.41 1.0548e-02 7.8320e-01 1.9917e-01 7.0838e-03
16354.17 9.1031e-03 7.7734e-01 2.0654e-01 7.0153e-03
16484.18 8.5749e-03 7.7837e-01 2.0542e-01 7.6295e-03
16593.12 6.1774e-03 7.5409e-01 2.3028e-01 9.4477e-03
16691.99 5.4629e-03 7.1854e-01 2.6336e-01 1.2634e-02
16788.59 5.3329e-03 7.1417e-01 2.6698e-01 1.3510e-02
16888.37 3.6662e-03 7.0225e-01 2.7978e-01 1.4311e-02
16998.79 3.0392e-03 6.8051e-01 3.0047e-01 1.5985e-02
17146.37 2.2725e-03 6.5410e-01 3.2558e-01 1.8050e-02
17415.23 1.8883e-03 6.2741e-01 3.4667e-01 2.4033e-02
17888.12 1.0647e-03 5.5499e-01 4.1335e-01 3.0603e-02
18532.37 8.6054e-04 5.0147e-01 4.5598e-01 4.1695e-02
19260.76 9.4301e-04 4.6572e-01 4.8055e-01 5.2791e-02
20034.10 7.1161e-04 3.7016e-01 5.4953e-01 7.9599e-02
20838.00 2.7043e-04 3.1642e-01 5.8772e-01 9.5591e-02
21647.97 3.0635e-04 3.3472e-01 5.5673e-01 1.0824e-01
22447.94 5.7594e-04 3.1705e-01 5.4886e-01 1.3351e-01
23245.88 1.8793e-04 1.5403e-01 6.1241e-01 2.3337e-01
24052.47 2.3989e-04 1.3560e-01 6.3478e-01 2.2939e-01
24867.72 2.4293e-05 2.3911e-02 6.0986e-01 3.6621e-01
25698.86 3.0829e-05 5.2266e-02 6.5698e-01 2.9072e-01
26587.16 1.7583e-05 3.7793e-02 5.4239e-01 4.1980e-01
27637.54 2.1998e-05 4.0113e-02 5.8538e-01 3.7448e-01
28986.97 3.8874e-05 8.7229e-02 5.1081e-01 4.0192e-01
#TIME: 202.03
#NVEL 78
#vel_mid[km/s] o0 o1 o2 o3
440.10 1.3165e-02 8.1227e-01 1.7016e-01 4.4043e-03
886.22 1.0769e-02 8.1142e-01 1.7398e-01 3.8354e-03
906.14 2.5519e-02 8.0409e-01 1.6542e-01 4.9675e-03
944.43 1.4694e-02 8.4219e-01 1.3957e-01 3.5499e-03
999.11 1.9495e-02 8.2457e-01 1.5178e-01 4.1528e-03
1060.83 1.4528e-02 8.2999e-01 1.5176e-01 3.7233e-03
1125.62 9.6437e-03 8.1038e-01 1.7548e-01 4.4994e-03
1194.38 1.8723e-02 8.2071e-01 1.5647e-01 4.0997e-03
1267.34 1.3868e-02 8.3382e-01 1.4855e-01 3.7571e-03
1344.75 1.4940e-02 8.2547e-01 1.5551e-01 4.0807e-03
1426.89 2.1580e-02 8.1316e-01 1.6125e-01 4.0145e-03
1514.05 1.8167e-02 8.3363e-01 1.4461e-01 3.5879e-03
1606.54 1.7707e-02 8.3276e-01 1.4603e-01 3.5052e-03
1704.67 2.1771e-02 8.2890e-01 1.4588e-01 3.4458e-03
1808.80 1.6206e-02 8.3634e-01 1.4410e-01 3.3495e-03
1919.29 1.8095e-02 8.3956e-01 1.3903e-01 3.3210e-03
2036.53 1.7735e-02 8.3106e-01 1.4751e-01 3.6900e-03
2160.92 1.6445e-02 8.2687e-01 1.5278e-01 3.9074e-03
2292.92 1.5618e-02 8.1192e-01 1.6783e-01 4.6372e-03
2432.98 1.4849e-02 7.9933e-01 1.8049e-01 5.3359e-03
2581.60 1.3686e-02 7.7936e-01 2.0055e-01 6.4047e-03
2739.29 1.1046e-02 7.5324e-01 2.2798e-01 7.7336e-03
2906.62 1.0677e-02 7.2581e-01 2.5421e-01 9.3023e-03
3084.17 7.8502e-03 6.7344e-01 3.0646e-01 1.2250e-02
3272.56 5.2001e-03 5.9807e-01 3.7999e-01 1.6732e-02
3472.46 3.9544e-03 5.2664e-01 4.4776e-01 2.1647e-02
3684.57 2.5347e-03 4.6916e-01 5.0141e-01 2.6901e-02
3909.64 1.7257e-03 4.2652e-01 5.3830e-01 3.3460e-02
4148.46 1.9434e-03 4.2563e-01 5.3786e-01 3.4569e-02
4401.86 2.6620e-03 4.7361e-01 4.9253e-01 3.1191e-02
4670.75 2.2782e-03 4.5124e-01 5.1404e-01 3.2440e-02
4956.05 1.4201e-03 3.8086e-01 5.7762e-01 4.0095e-02
5258.79 6.0903e-04 2.7754e-01 6.6849e-01 5.3356e-02
5580.02 1.9710e-04 2.0970e-01 7.2855e-01 6.1549e-02
5920.87 8.7814e-05 1.6345e-01 7.6630e-01 7.0171e-02
6282.54 5.7401e-05 1.3979e-01 7.8281e-01 7.7339e-02
6666.30 4.9210e-05 1.3595e-01 7.8452e-01 7.9482e-02
7073.50 4.7131e-05 1.3083e-01 7.8746e-01 8.1660e-02
7505.58 4.6461e-05 1.2370e-01 7.8677e-01 8.9486e-02
7964.05 6.4559e-05 1.4448e-01 7.6822e-01 8.7235e-02
8450.53 1.2273e-04 1.7363e-01 7.4201e-01 8.4228e-02
8966.72 2.9205e-04 2.1058e-01 7.1155e-01 7.7572e-02
9514.44 6.6150e-04 2.7858e-01 6.5138e-01 6.9380e-02
10095.62 1.2884e-03 3.7010e-01 5.6987e-01 5.8741e-02
10712.30 2.1068e-03 4.1858e-01 5.2859e-01 5.0728e-02
11366.65 3.6861e-03 5.1512e-01 4.4027e-01 4.0927e-02
12061.10 4.7879e-03 5.4181e-01 4.1409e-01 3.9320e-02
12793.43 4.3677e-03 5.5872e-01 3.9732e-01 3.9587e-02
13528.61 5.1335e-03 5.2718e-01 4.2514e-01 4.2548e-02
14194.74 4.7318e-03 5.2600e-01 4.2356e-01 4.5708e-02
14757.77 4.7173e-03 4.9095e-01 4.5402e-01 5.0312e-02
15240.48 5.0582e-03 5.7860e-01 3.8020e-01 3.6135e-02
15646.99 6.2053e-03 6.4461e-01 3.2723e-01 2.1955e-02
15960.30 9.1169e-03 7.4483e-01 2.3549e-01 1.0568e-02
16187.41 1.0490e-02 7.7598e-01 2.0627e-01 7.2533e-03
16354.17 1.0514e-02 7.9147e-01 1.9161e-01 6.4037e-03
16484.18 9.1050e-03 7.7123e-01 2.1170e-01 7.9642e-03
16593.12 5.8508e-03 7.5337e-01 2.3184e-01 8.9372e-03
16691.99 6.5105e-03 7.0583e-01 2.7412e-01 1.3530e-02
16788.59 4.1501e-03 7.1233e-01 2.7114e-01 1.2380e-02
16888.37 5.0936e-03 6.8677e-01 2.9277e-01 1.5367e-02
16998.79 3.4006e-03 6.5752e-01 3.2203e-01 1.7057e-02
17146.37 2.9263e-03 6.7660e-01 3.0220e-01 1.8268e-02
17415.23 2.6388e-03 6.0690e-01 3.6680e-01 2.3661e-02
17888.12 1.4007e-03 5.5510e-01 4.1007e-01 3.3431e-02
18532.37 1.0543e-03 5.0327e-01 4.5493e-01 4.0745e-02
19260.76 8.1372e-04 4.5894e-01 4.8801e-01 5.2235e-02
20034.10 4.4934e-04 4.1475e-01 5.1498e-01 6.9824e-02
20838.00 3.1949e-04 3.0704e-01 5.9460e-01 9.8043e-02
21647.97 2.8018e-04 2.9389e-01 6.0279e-01 1.0303e-01
22447.94 2.6480e-04 2.3793e-01 6.3011e-01 1.3170e-01
23245.88 1.6091e-04 1.5430e-01 6.5964e-01 1.8589e-01
24052.47 2.1604e-04 1.1367e-01 6.7413e-01 2.1199e-01
24867.72 2.8282e-05 2.4409e-02 7.1378e-01 2.6178e-01
25698.86 9.8578e-05 1.0031e-01 6.1453e-01 2.8507e-01
26587.16 3.6324e-05 3.8962e-02 6.3469e-01 3.2631e-01
27637.54 1.2388e-05 2.0169e-02 6.2664e-01 3.5318e-01
28986.97 2.9566e-05 4.8833e-02 5.5234e-01 3.9879e-01
#TIME: 204.93
#NVEL 78
#vel_mid[km/s] o0 o1 o2 o3
440.10 1.4912e-02 8.2395e-01 1.5710e-01 4.0434e-03
886.22 3.2898e-02 8.4226e-01 1.2194e-01 2.8987e-03
906.14 6.7145e-02 7.9811e-01 1.3134e-01 3.4012e-03
944.43 1.7722e-02 8.1064e-01 1.6739e-01 4.2434e-03
999.11 1.8594e-02 8.1293e-01 1.6403e-01 4.4485e-03
1060.83 5.3385e-02 7.9040e-01 1.5224e-01 3.9699e-03
1125.62 1.6580e-02 8.2671e-01 1.5291e-01 3.7965e-03
1194.38 4.4486e-02 8.0360e-01 1.4838e-01 3.5355e-03
1267.34 1.6810e-02 8.2791e-01 1.5138e-01 3.8956e-03
1344.75 1.0041e-02 8.1980e-01 1.6574e-01 4.4183e-03
1426.89 1.5797e-02 8.2899e-01 1.5134e-01 3.8767e-03
1514.05 1.9533e-02 8.4050e-01 1.3677e-01 3.1959e-03
1606.54 1.8535e-02 8.3914e-01 1.3899e-01 3.3340e-03
1704.67 1.8581e-02 8.3567e-01 1.4230e-01 3.4470e-03
1808.80 2.2393e-02 8.3541e-01 1.3882e-01 3.3716e-03
1919.29 2.0537e-02 8.2936e-01 1.4650e-01 3.5976e-03
2036.53 1.6916e-02 8.3630e-01 1.4334e-01 3.4492e-03
2160.92 1.8220e-02 8.3236e-01 1.4583e-01 3.5895e-03
2292.92 1.5876e-02 8.2221e-01 1.5775e-01 4.1657e-03
2432.98 1.2948e-02 8.0717e-01 1.7486e-01 5.0217e-03
2581.60 1.4040e-02 7.8481e-01 1.9519e-01 5.9678e-03
2739.29 1.0686e-02 7.5858e-01 2.2316e-01 7.5678e-03
2906.62 1.0439e-02 7.2591e-01 2.5437e-01 9.2810e-03
3084.17 7.5379e-03 6.6434e-01 3.1557e-01 1.2556e-02
3272.56 5.6366e-03 6.0096e-01 3.7704e-01 1.6367e-02
3472.46 3.8023e-03 5.3743e-01 4.3825e-01 2.0513e-02
3684.57 2.6814e-03 4.6556e-01 5.0507e-01 2.6690e-02
3909.64 1.8795e-03 4.3279e-01 5.3358e-01 3.1754e-02
4148.46 1.8887e-03 4.1886e-01 5.4513e-01 3.4122e-02
4401.86 2.5861e-03 4.8125e-01 4.8619e-01 2.9975e-02
4670.75 2.2181e-03 4.5167e-01 5.1284e-01 3.3269e-02
4956.05 1.3668e-03 3.8222e-01 5.7647e-01 3.9945e-02
5258.79 5.6150e-04 2.6994e-01 6.7691e-01 5.2590e-02
5580.02 2.0413e-04 2.0320e-01 7.3387e-01 6.2728e-02
5920.87 8.8999e-05 1.6657e-01 7.6384e-01 6.9494e-02
6282.54 5.9819e-05 1.4532e-01 7.7753e-01 7.7085e-02
6666.30 5.0237e-05 1.3919e-01 7.8022e-01 8.0532e-02
7073.50 4.7711e-05 1.3272e-01 7.8542e-01 8.1812e-02
7505.58 4.9909e-05 1.2811e-01 7.8475e-01 8.7090e-02
7964.05 6.5276e-05 1.4359e-01 7.6753e-01 8.8818e-02
8450.53 1.1573e-04 1.6436e-01 7.5098e-01 8.4546e-02
8966.72 3.0040e-04 2.1725e-01 7.0570e-01 7.6755e-02
9514.44 6.2147e-04 2.6836e-01 6.5870e-01 7.2312e-02
10095.62 1.3768e-03 3.5522e-01 5.8418e-01 5.9224e-02
10712.30 2.2142e-03 4.2853e-01 5.1960e-01 4.9660e-02
11366.65 3.2037e-03 4.9186e-01 4.6189e-01 4.3054e-02
12061.10 4.0595e-03 5.3759e-01 4.1829e-01 4.0066e-02
12793.43 4.7822e-03 5.0576e-01 4.4613e-01 4.3327e-02
13528.61 5.4963e-03 5.2508e-01 4.2432e-01 4.5105e-02
14194.74 4.2722e-03 5.2278e-01 4.2525e-01 4.7704e-02
14757.77 4.1474e-03 4.9999e-01 4.4243e-01 5.3442e-02
15240.48 6.8423e-03 5.3654e-01 4.1809e-01 3.8519e-02
15646.99 8.9495e-03 6.2427e-01 3.4350e-01 2.3289e-02
15960.30 8.1723e-03 7.5426e-01 2.2787e-01 9.6993e-03
16187.41 1.0958e-02 7.8586e-01 1.9610e-01 7.0889e-03
16354.17 1.0485e-02 7.9401e-01 1.8913e-01 6.3751e-03
16484.18 7.7781e-03 7.7489e-01 2.0873e-01 8.6034e-03
16593.12 5.5670e-03 7.7132e-01 2.1436e-01 8.7568e-03
16691.99 4.6430e-03 7.2050e-01 2.6298e-01 1.1884e-02
16788.59 4.0496e-03 7.0411e-01 2.7852e-01 1.3325e-02
16888.37 3.5446e-03 7.0822e-01 2.7437e-01 1.3863e-02
16998.79 3.4564e-03 6.8149e-01 2.9909e-01 1.5958e-02
17146.37 3.0221e-03 6.4979e-01 3.2677e-01 2.0425e-02
17415.23 2.4243e-03 6.1691e-01 3.5777e-01 2.2902e-02
17888.12 1.5982e-03 5.5840e-01 4.0838e-01 3.1625e-02
18532.37 1.3760e-03 5.1144e-01 4.4604e-01 4.1144e-02
19260.76 8.0923e-04 4.4852e-01 4.9735e-01 5.3319e-02
20034.10 4.9179e-04 4.2239e-01 5.0872e-01 6.8390e-02
20838.00 4.0110e-04 3.2501e-01 5.7747e-01 9.7124e-02
21647.97 2.5160e-04 2.7908e-01 6.0680e-01 1.1387e-01
22447.94 2.0444e-04 2.1577e-01 6.4325e-01 1.4077e-01
23245.88 1.3141e-04 8.2389e-02 7.4319e-01 1.7429e-01
24052.47 1.1435e-04 1.0080e-01 6.8716e-01 2.1193e-01
24867.72 1.5706e-04 1.8305e-01 5.8441e-01 2.3238e-01
25698.86 4.9502e-05 5.5167e-02 6.7356e-01 2.7123e-01
26587.16 4.3648e-05 3.7667e-02 6.3684e-01 3.2545e-01
27637.54 4.3068e-05 3.7924e-02 5.8858e-01 3.7345e-01
28986.97 1.0855e-05 1.2641e-02 3.6537e-01 6.2197e-01
#TIME: 207.87
#NVEL 78
#vel_mid[km/s] o0 o1 o2 o3
440.10 1.9276e-02 8.3190e-01 1.4531e-01 3.5190e-03
886.22 1.4061e-02 8.0960e-01 1.7200e-01 4.3354e-03
906.14 2.4251e-02 8.0716e-01 1.6457e-01 4.0231e-03
944.43 5.7196e-02 7.9389e-01 1.4532e-01 3.5958e-03
999.11 3.8754e-02 8.0044e-01 1.5671e-01 4.1012e-03
1060.83 1.6098e-02 8.3174e-01 1.4842e-01 3.7398e-03
1125.62 2.1116e-02 8.0722e-01 1.6742e-01 4.2509e-03
1194.38 1.8752e-02 8.1028e-01 1.6669e-01 4.2712e-03
1267.34 1.7806e-02 8.3562e-01 1.4292e-01 3.6587e-03
1344.75 2.5534e-02 8.2617e-01 1.4480e-01 3.5008e-03
1426.89 2.3953e-02 8.2482e-01 1.4768e-01 3.5513e-03
1514.05 1.7954e-02 8.4028e-01 1.3840e-01 3.3657e-03
1606.54 2.1599e-02 8.2683e-01 1.4806e-01 3.5123e-03
1704.67 1.5061e-02 8.3870e-01 1.4288e-01 3.3612e-03
1808.80 2.3109e-02 8.3651e-01 1.3707e-01 3.3174e-03
1919.29 1.7351e-02 8.3342e-01 1.4569e-01 3.5404e-03
2036.53 1.8137e-02 8.3799e-01 1.4053e-01 3.3447e-03
2160.92 2.0830e-02 8.3045e-01 1.4500e-01 3.7124e-03
2292.92 1.6549e-02 8.1545e-01 1.6346e-01 4.5398e-03
2432.98 1.2367e-02 8.0477e-01 1.7769e-01 5.1777e-03
2581.60 1.2209e-02 7.8597e-01 1.9571e-01 6.1131e-03
2739.29 1.1635e-02 7.6106e-01 2.1999e-01 7.3131e-03
2906.62 1.0040e-02 7.2769e-01 2.5315e-01 9.1160e-03
3084.17 7.7897e-03 6.7066e-01 3.0937e-01 1.2181e-02
3272.56 5.5543e-03 6.0442e-01 3.7349e-01 1.6536e-02
3472.46 3.6953e-03 5.4111e-01 4.3431e-01 2.0887e-02
3684.57 2.6474e-03 4.6984e-01 5.0087e-01 2.6642e-02
3909.64 2.2417e-03 4.2119e-01 5.4332e-01 3.3243e-02
4148.46 1.9595e-03 4.3176e-01 5.3155e-01 3.4725e-02
4401.86 2.7479e-03 4.7008e-01 4.9707e-01 3.0104e-02
4670.75 2.4312e-03 4.5650e-01 5.0875e-01 3.2319e-02
4956.05 1.5032e-03 3.9193e-01 5.6644e-01 4.0121e-02
5258.79 6.2036e-04 2.8278e-01 6.6455e-01 5.2056e-02
5580.02 1.9820e-04 2.0528e-01 7.3290e-01 6.1625e-02
5920.87 8.4721e-05 1.5671e-01 7.7348e-01 6.9717e-02
6282.54 6.0102e-05 1.4274e-01 7.8043e-01 7.6770e-02
6666.30 4.5797e-05 1.3127e-01 7.8784e-01 8.0842e-02
7073.50 4.9837e-05 1.3737e-01 7.7969e-01 8.2889e-02
7505.58 5.0898e-05 1.3057e-01 7.8102e-01 8.8368e-02
7964.05 6.5632e-05 1.4553e-01 7.6670e-01 8.7708e-02
8450.53 1.1772e-04 1.6963e-01 7.4664e-01 8.3610e-02
8966.72 3.0467e-04 2.1623e-01 7.0633e-01 7.7136e-02
9514.44 6.3032e-04 2.7324e-01 6.5711e-01 6.9020e-02
10095.62 1.3377e-03 3.6884e-01 5.7124e-01 5.8581e-02
10712.30 2.3141e-03 4.3071e-01 5.1701e-01 4.9969e-02
11366.65 3.3619e-03 4.9499e-01 4.5835e-01 4.3297e-02
12061.10 4.6279e-03 5.2669e-01 4.2745e-01 4.1225e-02
12793.43 5.9316e-03 5.5698e-01 3.9807e-01 3.9017e-02
13528.61 4.4094e-03 5.3290e-01 4.2059e-01 4.2097e-02
14194.74 6.6182e-03 5.4059e-01 4.0844e-01 4.4353e-02
14757.77 4.6022e-03 5.2322e-01 4.2465e-01 4.7522e-02
15240.48 4.8519e-03 5.5380e-01 4.0259e-01 3.8762e-02
15646.99 7.1836e-03 6.5661e-01 3.1601e-01 2.0194e-02
15960.30 1.0711e-02 7.6383e-01 2.1617e-01 9.2855e-03
16187.41 1.0703e-02 7.8587e-01 1.9651e-01 6.9225e-03
16354.17 1.1305e-02 7.9840e-01 1.8406e-01 6.2339e-03
16484.18 9.7945e-03 7.6908e-01 2.1312e-01 8.0109e-03
16593.12 7.1768e-03 7.5604e-01 2.2695e-01 9.8343e-03
16691.99 5.1960e-03 7.4804e-01 2.3593e-01 1.0835e-02
16788.59 3.4950e-03 6.9333e-01 2.9023e-01 1.2941e-02
16888.37 4.4573e-03 6.9145e-01 2.8998e-01 1.4120e-02
16998.79 4.3448e-03 7.0697e-01 2.7341e-01 1.5268e-02
17146.37 2.9051e-03 6.6979e-01 3.0760e-01 1.9710e-02
17415.23 2.3494e-03 6.1066e-01 3.6311e-01 2.3874e-02
17888.12 1.6105e-03 5.5345e-01 4.1121e-01 3.3738e-02
18532.37 1.2436e-03 5.2573e-01 4.3423e-01 3.8802e-02
19260.76 8.6845e-04 4.6959e-01 4.7946e-01 5.0084e-02
20034.10 5.6376e-04 4.1169e-01 5.1648e-01 7.1267e-02
20838.00 5.4454e-04 3.6283e-01 5.4593e-01 9.0688e-02
21647.97 3.6074e-04 2.8205e-01 6.0600e-01 1.1159e-01
22447.94 2.6874e-04 2.2885e-01 5.9314e-01 1.7774e-01
23245.88 2.4790e-04 2.1185e-01 6.0514e-01 1.8276e-01
24052.47 1.5069e-04 1.6024e-01 6.3239e-01 2.0722e-01
24867.72 2.1067e-04 1.7220e-01 5.8655e-01 2.4103e-01
25698.86 6.6290e-05 1.0419e-01 6.1586e-01 2.7988e-01
26587.16 2.6813e-05 3.7171e-02 6.5125e-01 3.1156e-01
27637.54 5.5740e-05 6.9401e-02 5.7530e-01 3.5524e-01
28986.97 3.6890e-06 5.1427e-03 3.2527e-01 6.6958e-01
#TIME: 210.86
#NVEL 78
#vel_mid[km/s] o0 o1 o2 o3
440.10 2.8299e-02 8.2041e-01 1.4764e-01 3.6522e-03
886.22 7.2838e-02 7.9769e-01 1.2659e-01 2.8820e-03
906.14 9.9027e-02 7.7483e-01 1.2303e-01 3.1170e-03
944.43 1.5476e-02 8.1285e-01 1.6755e-01 4.1310e-03
999.11 8.4279e-03 8.3712e-01 1.5054e-01 3.9097e-03
1060.83 2.2468e-02 8.0647e-01 1.6671e-01 4.3468e-03
1125.62 1.8792e-02 8.2972e-01 1.4775e-01 3.7325e-03
1194.38 3.3515e-02 8.1117e-01 1.5155e-01 3.7681e-03
1267.34 1.0134e-02 8.1994e-01 1.6555e-01 4.3749e-03
1344.75 1.9782e-02 8.4055e-01 1.3640e-01 3.2675e-03
1426.89 1.5448e-02 8.2314e-01 1.5736e-01 4.0605e-03
1514.05 2.3651e-02 8.3038e-01 1.4259e-01 3.3871e-03
1606.54 1.6877e-02 8.4227e-01 1.3767e-01 3.1899e-03
1704.67 2.2128e-02 8.3082e-01 1.4354e-01 3.5059e-03
1808.80 1.8572e-02 8.3595e-01 1.4199e-01 3.4902e-03
1919.29 1.9670e-02 8.3962e-01 1.3747e-01 3.2433e-03
2036.53 1.8917e-02 8.3170e-01 1.4578e-01 3.5967e-03
2160.92 1.6391e-02 8.3597e-01 1.4410e-01 3.5425e-03
2292.92 1.5879e-02 8.2646e-01 1.5362e-01 4.0438e-03
2432.98 1.5581e-02 8.0808e-01 1.7153e-01 4.8092e-03
2581.60 1.4904e-02 7.8692e-01 1.9226e-01 5.9154e-03
2739.29 1.0650e-02 7.6186e-01 2.2012e-01 7.3733e-03
2906.62 1.0696e-02 7.2191e-01 2.5797e-01 9.4260e-03
3084.17 6.9670e-03 6.6680e-01 3.1386e-01 1.2376e-02
3272.56 5.5466e-03 6.0669e-01 3.7123e-01 1.6535e-02
3472.46 3.9474e-03 5.4286e-01 4.3245e-01 2.0746e-02
3684.57 2.6571e-03 4.6468e-01 5.0570e-01 2.6964e-02
3909.64 2.0297e-03 4.0894e-01 5.5447e-01 3.4555e-02
4148.46 2.0902e-03 4.2550e-01 5.3684e-01 3.5569e-02
4401.86 2.6555e-03 4.6912e-01 4.9755e-01 3.0677e-02
4670.75 2.4282e-03 4.6297e-01 5.0261e-01 3.1989e-02
4956.05 1.5108e-03 3.8371e-01 5.7439e-01 4.0389e-02
5258.79 6.2225e-04 2.7961e-01 6.6837e-01 5.1395e-02
5580.02 2.0226e-04 2.0371e-01 7.3406e-01 6.2026e-02
5920.87 8.3709e-05 1.5429e-01 7.7417e-01 7.1450e-02
6282.54 5.6214e-05 1.3874e-01 7.8280e-01 7.8408e-02
6666.30 4.5997e-05 1.2850e-01 7.9094e-01 8.0510e-02
7073.50 4.6168e-05 1.2745e-01 7.9085e-01 8.1653e-02
7505.58 4.8708e-05 1.2899e-01 7.8314e-01 8.7820e-02
7964.05 6.5721e-05 1.4172e-01 7.7101e-01 8.7200e-02
8450.53 1.1649e-04 1.6800e-01 7.4573e-01 8.6162e-02
8966.72 2.8699e-04 2.1264e-01 7.1062e-01 7.6456e-02
9514.44 6.1595e-04 2.7208e-01 6.5760e-01 6.9705e-02
10095.62 1.3231e-03 3.4945e-01 5.8839e-01 6.0833e-02
10712.30 2.2728e-03 4.4195e-01 5.0665e-01 4.9122e-02
11366.65 3.4945e-03 4.9768e-01 4.5539e-01 4.3434e-02
12061.10 4.0736e-03 5.3813e-01 4.1787e-01 3.9928e-02
12793.43 5.1703e-03 5.6617e-01 3.9124e-01 3.7426e-02
13528.61 5.7771e-03 5.4822e-01 4.0585e-01 4.0153e-02
14194.74 5.8303e-03 5.4146e-01 4.0848e-01 4.4230e-02
14757.77 4.1213e-03 5.3621e-01 4.1509e-01 4.4582e-02
15240.48 4.8220e-03 5.5707e-01 4.0060e-01 3.7512e-02
15646.99 8.1904e-03 6.6122e-01 3.0916e-01 2.1428e-02
15960.30 1.2734e-02 7.5374e-01 2.2413e-01 9.4035e-03
16187.41 1.2707e-02 7.8272e-01 1.9780e-01 6.7766e-03
16354.17 1.3159e-02 7.9248e-01 1.8806e-01 6.3008e-03
16484.18 1.2589e-02 7.5328e-01 2.2632e-01 7.8074e-03
16593.12 9.0615e-03 7.5807e-01 2.2398e-01 8.8878e-03
16691.99 7.5853e-03 7.3065e-01 2.5080e-01 1.0961e-02
16788.59 5.4911e-03 7.1709e-01 2.6483e-01 1.2593e-02
16888.37 5.8002e-03 7.0908e-01 2.7093e-01 1.4187e-02
16998.79 3.7655e-03 6.9159e-01 2.9044e-01 1.4201e-02
17146.37 4.0348e-03 6.8405e-01 2.9448e-01 1.7430e-02
17415.23 2.7300e-03 6.3435e-01 3.4188e-01 2.1043e-02
17888.12 1.9106e-03 5.8028e-01 3.8645e-01 3.1357e-02
18532.37 1.2477e-03 5.2080e-01 4.3517e-01 4.2782e-02
19260.76 7.3463e-04 4.5357e-01 4.9004e-01 5.5655e-02
20034.10 9.8076e-04 4.0574e-01 5.2678e-01 6.6504e-02
20838.00 4.6977e-04 3.5040e-01 5.6203e-01 8.7106e-02
21647.97 3.9538e-04 2.6976e-01 6.1906e-01 1.1079e-01
22447.94 4.2171e-04 3.0061e-01 5.7163e-01 1.2734e-01
23245.88 2.1790e-04 1.4168e-01 6.8231e-01 1.7579e-01
24052.47 1.2627e-04 1.3544e-01 6.6809e-01 1.9634e-01
24867.72 1.0877e-04 1.3838e-01 6.3362e-01 2.2790e-01
25698.86 8.7526e-05 8.2041e-02 6.1488e-01 3.0299e-01
26587.16 2.4604e-05 4.1597e-02 6.2963e-01 3.2875e-01
27637.54 1.3294e-05 2.4709e-02 6.3066e-01 3.4461e-01
28986.97 1.1282e-05 2.0166e-02 5.7228e-01 4.0754e-01
#TIME: 213.89
#NVEL 78
#vel_mid[km/s] o0 o1 o2 o3
440.10 1.7202e-02 8.2918e-01 1.4999e-01 3.6291e-03
886.22 5.0433e-02 8.2455e-01 1.2204e-01 2.9754e-03
906.14 1.6441e-01 7.0894e-01 1.2370e-01 2.9482e-03
944.43 7.4988e-02 7.7553e-01 1.4603e-01 3.4508e-03
999.11 3.7527e-02 8.1866e-01 1.4019e-01 3.6225e-03
1060.83 2.2652e-02 8.1754e-01 1.5568e-01 4.1265e-03
1125.62 4.6060e-02 8.1302e-01 1.3750e-01 3.4197e-03
1194.38 1.3266e-02 8.2234e-01 1.6027e-01 4.1242e-03
1267.34 3.7815e-02 7.9967e-01 1.5844e-01 4.0804e-03
1344.75 3.0669e-02 8.1718e-01 1.4838e-01 3.7770e-03
1426.89 2.3491e-02 8.3068e-01 1.4252e-01 3.3059e-03
1514.05 2.0903e-02 8.3771e-01 1.3824e-01 3.1447e-03
1606.54 2.8446e-02 8.2790e-01 1.4036e-01 3.2967e-03
1704.67 2.3516e-02 8.2522e-01 1.4778e-01 3.4770e-03
1808.80 1.6147e-02 8.4071e-01 1.3991e-01 3.2323e-03
1919.29 1.8670e-02 8.3716e-01 1.4079e-01 3.3802e-03
2036.53 1.6888e-02 8.3558e-01 1.4400e-01 3.5264e-03
2160.92 1.8184e-02 8.3644e-01 1.4194e-01 3.4343e-03
2292.92 1.8742e-02 8.1307e-01 1.6371e-01 4.4763e-03
2432.98 1.5390e-02 8.0326e-01 1.7618e-01 5.1698e-03
2581.60 1.3003e-02 7.8650e-01 1.9437e-01 6.1272e-03
2739.29 1.3569e-02 7.5966e-01 2.1960e-01 7.1700e-03
2906.62 1.1225e-02 7.2327e-01 2.5630e-01 9.2072e-03
3084.17 7.8472e-03 6.7530e-01 3.0476e-01 1.2091e-02
3272.56 5.7680e-03 6.0663e-01 3.7101e-01 1.6593e-02
3472.46 4.0813e-03 5.4420e-01 4.3126e-01 2.0466e-02
3684.57 2.6379e-03 4.7502e-01 4.9631e-01 2.6034e-02
3909.64 2.1444e-03 4.2511e-01 5.4011e-01 3.2635e-02
4148.46 1.9953e-03 4.3756e-01 5.2646e-01 3.3987e-02
4401.86 2.5329e-03 4.6407e-01 5.0016e-01 3.3228e-02
4670.75 2.6108e-03 4.4844e-01 5.1652e-01 3.2429e-02
4956.05 1.4204e-03 3.7411e-01 5.8459e-01 3.9871e-02
5258.79 5.6470e-04 2.8418e-01 6.6392e-01 5.1329e-02
5580.02 2.0687e-04 2.1155e-01 7.2698e-01 6.1259e-02
5920.87 8.9622e-05 1.6808e-01 7.6123e-01 7.0599e-02
6282.54 5.5495e-05 1.3728e-01 7.8659e-01 7.6066e-02
6666.30 4.6990e-05 1.2753e-01 7.9209e-01 8.0331e-02
7073.50 4.6726e-05 1.2596e-01 7.9057e-01 8.3423e-02
7505.58 5.2200e-05 1.3369e-01 7.7731e-01 8.8948e-02
7964.05 6.4370e-05 1.3462e-01 7.7692e-01 8.8399e-02
8450.53 1.1655e-04 1.6719e-01 7.4888e-01 8.3818e-02
8966.72 3.1049e-04 2.2288e-01 7.0105e-01 7.5761e-02
9514.44 6.3376e-04 2.6946e-01 6.6064e-01 6.9267e-02
10095.62 1.3755e-03 3.5940e-01 5.7877e-01 6.0452e-02
10712.30 2.6441e-03 4.4172e-01 5.0631e-01 4.9332e-02
11366.65 3.4709e-03 5.0111e-01 4.5356e-01 4.1856e-02
12061.10 5.0209e-03 5.4523e-01 4.1064e-01 3.9112e-02
12793.43 5.0421e-03 5.4224e-01 4.1283e-01 3.9889e-02
13528.61 4.8358e-03 5.5871e-01 3.9602e-01 4.0439e-02
14194.74 5.3982e-03 5.4017e-01 4.1102e-01 4.3410e-02
14757.77 6.2817e-03 5.4260e-01 4.0563e-01 4.5484e-02
15240.48 5.9825e-03 5.8030e-01 3.7952e-01 3.4192e-02
15646.99 6.7684e-03 6.5321e-01 3.1862e-01 2.1403e-02
15960.30 1.4924e-02 7.4506e-01 2.3057e-01 9.4497e-03
16187.41 1.3229e-02 7.8530e-01 1.9451e-01 6.9669e-03
16354.17 1.5226e-02 7.9556e-01 1.8327e-01 5.9383e-03
16484.18 1.0449e-02 7.7158e-01 2.1048e-01 7.4857e-03
16593.12 8.7298e-03 7.5430e-01 2.2787e-01 9.1060e-03
16691.99 6.3592e-03 7.3346e-01 2.4941e-01 1.0770e-02
16788.59 5.7742e-03 7.3849e-01 2.4415e-01 1.1592e-02
16888.37 5.0733e-03 7.2916e-01 2.5353e-01 1.2234e-02
16998.79 4.3837e-03 6.8729e-01 2.9215e-01 1.6177e-02
17146.37 5.1054e-03 6.5585e-01 3.2185e-01 1.7197e-02
17415.23 2.5929e-03 6.4483e-01 3.3173e-01 2.0848e-02
17888.12 1.6355e-03 5.8477e-01 3.8421e-01 2.9379e-02
18532.37 1.0614e-03 5.1872e-01 4.3905e-01 4.1171e-02
19260.76 7.4912e-04 4.5225e-01 4.9748e-01 4.9524e-02
20034.10 7.9611e-04 3.7128e-01 5.6614e-01 6.1783e-02
20838.00 4.8484e-04 3.3652e-01 5.7137e-01 9.1630e-02
21647.97 4.9363e-04 3.1073e-01 5.8160e-01 1.0717e-01
22447.94 4.9888e-04 2.4118e-01 6.3450e-01 1.2383e-01
23245.88 4.3173e-04 2.1824e-01 5.7509e-01 2.0624e-01
24052.47 2.7952e-04 1.1400e-01 6.7988e-01 2.0583e-01
24867.72 1.4022e-04 1.0178e-01 6.6594e-01 2.3213e-01
25698.86 5.9987e-05 8.6427e-02 5.6955e-01 3.4396e-01
26587.16 8.6654e-05 1.2584e-01 5.7493e-01 2.9915e-01
27637.54 4.4629e-05 7.9139e-02 5.7213e-01 3.4869e-01
28986.97 8.5952e-06 1.8260e-02 5.9216e-01 3.8957e-01
#TIME: 216.97
#NVEL 78
#vel_mid[km/s] o0 o1 o2 o3
440.10 2.1185e-02 8.1416e-01 1.6070e-01 3.9520e-03
886.22 2.2225e-02 8.3506e-01 1.3936e-01 3.3567e-03
906.14 2.6797e-02 8.2483e-01 1.4465e-01 3.7200e-03
944.43 1.4957e-02 8.4706e-01 1.3475e-01 3.2400e-03
999.11 3.7770e-02 8.1182e-01 1.4672e-01 3.6933e-03
1060.83 1.6736e-02 8.3096e-01 1.4856e-01 3.7499e-03
1125.62 1.7759e-02 8.2484e-01 1.5351e-01 3.8916e-03
1194.38 1.2468e-02 8.3209e-01 1.5212e-01 3.3236e-03
1267.34 1.9144e-02 8.2532e-01 1.5174e-01 3.7976e-03
1344.75 1.5824e-02 8.2632e-01 1.5408e-01 3.7775e-03
1426.89 1.9469e-02 8.3972e-01 1.3757e-01 3.2410e-03
1514.05 2.3383e-02 8.3711e-01 1.3635e-01 3.1588e-03
1606.54 1.3952e-02 8.5162e-01 1.3144e-01 2.9804e-03
1704.67 1.5359e-02 8.4664e-01 1.3497e-01 3.0258e-03
1808.80 2.1395e-02 8.3841e-01 1.3708e-01 3.1162e-03
1919.29 1.6643e-02 8.4031e-01 1.3980e-01 3.2385e-03
2036.53 2.3027e-02 8.3068e-01 1.4289e-01 3.4005e-03
2160.92 1.5721e-02 8.3517e-01 1.4556e-01 3.5468e-03
2292.92 2.1798e-02 8.2072e-01 1.5354e-01 3.9389e-03
2432.98 1.8343e-02 8.0945e-01 1.6749e-01 4.7164e-03
2581.60 1.5726e-02 7.9197e-01 1.8666e-01 5.6485e-03
2739.29 1.5159e-02 7.6652e-01 2.1136e-01 6.9564e-03
2906.62 1.1045e-02 7.2912e-01 2.5063e-01 9.2068e-03
3084.17 8.4364e-03 6.8266e-01 2.9727e-01 1.1635e-02
3272.56 6.1248e-03 6.1358e-01 3.6462e-01 1.5677e-02
3472.46 4.0474e-03 5.4014e-01 4.3491e-01 2.0898e-02
3684.57 2.9576e-03 4.8567e-01 4.8522e-01 2.6143e-02
3909.64 2.0305e-03 4.2626e-01 5.3878e-01 3.2929e-02
4148.46 2.0624e-03 4.4101e-01 5.2397e-01 3.2953e-02
4401.86 2.9430e-03 4.6977e-01 4.9655e-01 3.0741e-02
4670.75 2.3632e-03 4.6560e-01 5.0021e-01 3.1826e-02
4956.05 1.3739e-03 3.7502e-01 5.8373e-01 3.9871e-02
5258.79 6.0776e-04 3.0313e-01 6.4575e-01 5.0510e-02
5580.02 2.0817e-04 2.1780e-01 7.2025e-01 6.1743e-02
5920.87 9.0393e-05 1.6370e-01 7.6509e-01 7.1126e-02
6282.54 5.2368e-05 1.3554e-01 7.8599e-01 7.8413e-02
6666.30 4.8325e-05 1.3400e-01 7.8573e-01 8.0222e-02
7073.50 4.6607e-05 1.2665e-01 7.8957e-01 8.3739e-02
7505.58 5.1945e-05 1.3298e-01 7.8132e-01 8.5651e-02
7964.05 6.0506e-05 1.3138e-01 7.7902e-01 8.9536e-02
8450.53 1.1848e-04 1.6216e-01 7.5389e-01 8.3833e-02
8966.72 3.1658e-04 2.1630e-01 7.0577e-01 7.7615e-02
9514.44 6.4490e-04 2.7641e-01 6.5386e-01 6.9088e-02
10095.62 1.3315e-03 3.5275e-01 5.8620e-01 5.9724e-02
10712.30 2.4343e-03 4.3048e-01 5.1723e-01 4.9861e-02
11366.65 3.7560e-03 5.0236e-01 4.5177e-01 4.2116e-02
12061.10 4.4433e-03 5.3967e-01 4.1725e-01 3.8632e-02
12793.43 5.5914e-03 5.4980e-01 4.0629e-01 3.8312e-02
13528.61 5.0529e-03 5.7514e-01 3.8271e-01 3.7089e-02
14194.74 6.3335e-03 5.6452e-01 3.8947e-01 3.9683e-02
14757.77 4.7017e-03 5.5460e-01 3.9801e-01 4.2692e-02
15240.48 5.6788e-03 5.8055e-01 3.7898e-01 3.4797e-02
15646.99 6.7178e-03 6.5276e-01 3.1957e-01 2.0954e-02
15960.30 1.0129e-02 7.6162e-01 2.1904e-01 9.2053e-03
16187.41 1.0531e-02 7.8597e-01 1.9702e-01 6.4832e-03
16354.17 1.2481e-02 8.0152e-01 1.8006e-01 5.9343e-03
16484.18 1.1981e-02 7.8014e-01 2.0043e-01 7.4460e-03
16593.12 7.4828e-03 7.6316e-01 2.2082e-01 8.5353e-03
16691.99 9.9182e-03 7.3000e-01 2.4824e-01 1.1837e-02
16788.59 6.6801e-03 7.1685e-01 2.6314e-01 1.3327e-02
16888.37 4.6618e-03 7.3065e-01 2.5066e-01 1.4030e-02
16998.79 3.8102e-03 7.0829e-01 2.7367e-01 1.4225e-02
17146.37 5.0080e-03 6.9101e-01 2.8787e-01 1.6116e-02
17415.23 4.2345e-03 6.4048e-01 3.3370e-01 2.1585e-02
17888.12 1.6281e-03 5.8522e-01 3.8471e-01 2.8445e-02
18532.37 1.0161e-03 5.1884e-01 4.3985e-01 4.0296e-02
19260.76 1.0734e-03 4.7263e-01 4.7684e-01 4.9460e-02
20034.10 6.2396e-04 4.0120e-01 5.3234e-01 6.5829e-02
20838.00 5.2576e-04 3.3898e-01 5.7036e-01 9.0139e-02
21647.97 3.6615e-04 2.3939e-01 6.2203e-01 1.3822e-01
22447.94 4.1493e-04 2.4747e-01 6.0842e-01 1.4369e-01
23245.88 3.4913e-04 2.1273e-01 6.0347e-01 1.8345e-01
24052.47 1.8031e-04 1.0737e-01 6.8875e-01 2.0370e-01
24867.72 3.1327e-04 1.2987e-01 6.1431e-01 2.5551e-01
25698.86 9.7317e-05 8.0772e-02 6.0158e-01 3.1755e-01
26587.16 1.2373e-04 9.0096e-02 6.2099e-01 2.8879e-01
27637.54 1.0915e-04 9.6018e-02 5.5476e-01 3.4911e-01
28986.97 2.4556e-05 5.4513e-02 5.5548e-01 3.8998e-01
#TIME: 220.09
#NVEL 78
#vel_mid[km/s] o0 o1 o2 o3
440.10 1.6143e-02 8.3435e-01 1.4603e-01 3.4749e-03
886.22 1.1950e-01 7.2934e-01 1.4752e-01 3.6381e-03
906.14 9.2820e-03 8.5443e-01 1.3293e-01 3.3619e-03
944.43 2.0289e-02 8.3178e-01 1.4443e-01 3.5026e-03
999.11 2.3703e-02 8.2616e-01 1.4660e-01 3.5404e-03
1060.83 4.0265e-02 8.0946e-01 1.4671e-01 3.5659e-03
1125.62 3.2170e-02 8.1821e-01 1.4596e-01 3.6630e-03
1194.38 1.8069e-02 8.4091e-01 1.3775e-01 3.2722e-03
1267.34 1.7486e-02 8.2287e-01 1.5557e-01 4.0739e-03
1344.75 1.3995e-02 8.3397e-01 1.4838e-01 3.6582e-03
1426.89 2.5970e-02 8.3080e-01 1.3998e-01 3.2477e-03
1514.05 2.6631e-02 8.3074e-01 1.3940e-01 3.2279e-03
1606.54 2.2326e-02 8.4263e-01 1.3206e-01 2.9919e-03
1704.67 2.8501e-02 8.3106e-01 1.3730e-01 3.1389e-03
1808.80 1.6373e-02 8.4158e-01 1.3883e-01 3.2102e-03
1919.29 1.8440e-02 8.4309e-01 1.3538e-01 3.0890e-03
2036.53 1.7208e-02 8.3760e-01 1.4185e-01 3.3441e-03
2160.92 1.7625e-02 8.3305e-01 1.4573e-01 3.5960e-03
2292.92 1.6462e-02 8.2303e-01 1.5634e-01 4.1717e-03
2432.98 1.6730e-02 8.0831e-01 1.7005e-01 4.9124e-03
2581.60 1.4527e-02 7.8871e-01 1.9079e-01 5.9731e-03
2739.29 1.2118e-02 7.6464e-01 2.1601e-01 7.2264e-03
2906.62 9.8816e-03 7.2908e-01 2.5207e-01 8.9683e-03
3084.17 8.1315e-03 6.8003e-01 2.9988e-01 1.1953e-02
3272.56 5.3771e-03 6.1197e-01 3.6685e-01 1.5804e-02
3472.46 4.0341e-03 5.4481e-01 4.3067e-01 2.0490e-02
3684.57 2.7711e-03 4.7152e-01 4.9860e-01 2.7112e-02
3909.64 2.1427e-03 4.2689e-01 5.3775e-01 3.3217e-02
4148.46 2.2132e-03 4.2095e-01 5.4210e-01 3.4737e-02
4401.86 2.8679e-03 4.8599e-01 4.8104e-01 3.0108e-02
4670.75 2.6596e-03 4.8200e-01 4.8551e-01 2.9834e-02
4956.05 1.4942e-03 3.7810e-01 5.8047e-01 3.9931e-02
5258.79 5.8399e-04 2.7195e-01 6.7470e-01 5.2772e-02
5580.02 2.0709e-04 2.1696e-01 7.2052e-01 6.2307e-02
5920.87 8.6698e-05 1.6161e-01 7.7058e-01 6.7725e-02
6282.54 5.6329e-05 1.3848e-01 7.8306e-01 7.8403e-02
6666.30 4.8965e-05 1.3414e-01 7.8564e-01 8.0174e-02
7073.50 4.7464e-05 1.2878e-01 7.8778e-01 8.3392e-02
7505.58 5.0982e-05 1.2517e-01 7.8556e-01 8.9227e-02
7964.05 6.1739e-05 1.3605e-01 7.7162e-01 9.2266e-02
8450.53 1.1492e-04 1.5782e-01 7.5748e-01 8.4590e-02
8966.72 3.2194e-04 2.1279e-01 7.0846e-01 7.8424e-02
9514.44 6.6124e-04 2.7079e-01 6.5750e-01 7.1047e-02
10095.62 1.3424e-03 3.6928e-01 5.7069e-01 5.8684e-02
10712.30 2.2521e-03 4.2044e-01 5.2625e-01 5.1060e-02
11366.65 4.0506e-03 5.2440e-01 4.3188e-01 3.9669e-02
12061.10 4.5628e-03 5.4832e-01 4.0814e-01 3.8975e-02
12793.43 5.0317e-03 5.5960e-01 3.9819e-01 3.7176e-02
13528.61 5.4526e-03 5.5242e-01 4.0020e-01 4.1926e-02
14194.74 6.3917e-03 5.2173e-01 4.2830e-01 4.3580e-02
14757.77 5.8867e-03 5.0911e-01 4.3879e-01 4.6212e-02
15240.48 6.1556e-03 5.6532e-01 3.9113e-01 3.7394e-02
15646.99 7.6314e-03 6.6094e-01 3.1123e-01 2.0191e-02
15960.30 1.2625e-02 7.5337e-01 2.2484e-01 9.1582e-03
16187.41 1.1501e-02 7.9340e-01 1.8880e-01 6.3089e-03
16354.17 1.4259e-02 7.9194e-01 1.8769e-01 6.1087e-03
16484.18 1.3038e-02 7.7443e-01 2.0548e-01 7.0458e-03
16593.12 1.3562e-02 7.6663e-01 2.1125e-01 8.5620e-03
16691.99 1.0270e-02 7.3214e-01 2.4649e-01 1.1105e-02
16788.59 5.5355e-03 7.1703e-01 2.6413e-01 1.3305e-02
16888.37 4.8464e-03 7.1918e-01 2.6238e-01 1.3591e-02
16998.79 4.2085e-03 7.1426e-01 2.6746e-01 1.4066e-02
17146.37 4.4074e-03 6.9394e-01 2.8586e-01 1.5787e-02
17415.23 3.5752e-03 6.5437e-01 3.2165e-01 2.0412e-02
17888.12 1.7921e-03 5.8659e-01 3.8287e-01 2.8743e-02
18532.37 1.0664e-03 5.2139e-01 4.3746e-01 4.0077e-02
19260.76 1.0534e-03 4.8166e-01 4.6800e-01 4.9279e-02
20034.10 6.0624e-04 4.1374e-01 5.2006e-01 6.5589e-02
20838.00 5.4455e-04 3.1087e-01 5.9880e-01 8.9786e-02
21647.97 4.5453e-04 2.4653e-01 6.3053e-01 1.2248e-01
22447.94 4.6598e-04 2.1256e-01 6.5461e-01 1.3236e-01
23245.88 5.1276e-04 2.3421e-01 5.8527e-01 1.8001e-01
24052.47 1.7864e-04 1.4017e-01 6.4235e-01 2.1730e-01
24867.72 9.2396e-05 1.3653e-01 6.2448e-01 2.3889e-01
25698.86 2.9241e-05 2.9438e-02 6.7898e-01 2.9155e-01
26587.16 1.6551e-04 1.2698e-01 5.7252e-01 3.0034e-01
27637.54 2.1109e-04 1.0355e-01 5.5458e-01 3.4166e-01
28986.97 3.5284e-05 5.2396e-02 5.6074e-01 3.8682e-01
#TIME: 223.25
#NVEL 78
#vel_mid[km/s] o0 o1 o2 o3
440.10 2.5574e-02 8.2904e-01 1.4189e-01 3.5015e-03
886.22 3.1350e-02 8.2842e-01 1.3697e-01 3.2591e-03
906.14 1.7202e-02 8.2159e-01 1.5737e-01 3.8418e-03
944.43 1.7839e-02 8.2241e-01 1.5603e-01 3.7151e-03
999.11 1.1478e-02 8.4794e-01 1.3758e-01 2.9977e-03
1060.83 2.8923e-02 8.2273e-01 1.4435e-01 3.9985e-03
1125.62 2.3872e-02 8.1991e-01 1.5255e-01 3.6728e-03
1194.38 2.4675e-02 8.2424e-01 1.4778e-01 3.3052e-03
1267.34 1.2740e-02 8.2172e-01 1.6146e-01 4.0790e-03
1344.75 2.8036e-02 8.2579e-01 1.4275e-01 3.4189e-03
1426.89 1.4800e-02 8.4519e-01 1.3671e-01 3.2934e-03
1514.05 2.5173e-02 8.3745e-01 1.3441e-01 2.9669e-03
1606.54 2.4092e-02 8.2914e-01 1.4345e-01 3.3176e-03
1704.67 2.0312e-02 8.4706e-01 1.2976e-01 2.8615e-03
1808.80 1.7713e-02 8.4047e-01 1.3856e-01 3.2522e-03
1919.29 1.4407e-02 8.4527e-01 1.3718e-01 3.1499e-03
2036.53 1.8546e-02 8.4455e-01 1.3391e-01 2.9953e-03
2160.92 2.1757e-02 8.3312e-01 1.4175e-01 3.3734e-03
2292.92 1.9137e-02 8.2824e-01 1.4887e-01 3.7474e-03
2432.98 1.5973e-02 8.1050e-01 1.6877e-01 4.7518e-03
2581.60 1.4503e-02 7.8943e-01 1.9024e-01 5.8270e-03
2739.29 1.2243e-02 7.6870e-01 2.1222e-01 6.8411e-03
2906.62 1.2480e-02 7.3094e-01 2.4780e-01 8.7871e-03
3084.17 8.3097e-03 6.8939e-01 2.9098e-01 1.1323e-02
3272.56 6.5106e-03 6.2323e-01 3.5494e-01 1.5316e-02
3472.46 3.7622e-03 5.4245e-01 4.3322e-01 2.0567e-02
3684.57 2.8781e-03 4.8440e-01 4.8593e-01 2.6794e-02
3909.64 1.7619e-03 4.0580e-01 5.5829e-01 3.4149e-02
4148.46 2.3125e-03 4.3458e-01 5.2849e-01 3.4616e-02
4401.86 2.7399e-03 4.6380e-01 5.0149e-01 3.1974e-02
4670.75 2.9730e-03 4.8577e-01 4.8177e-01 2.9490e-02
4956.05 1.5212e-03 3.8968e-01 5.6981e-01 3.8993e-02
5258.79 5.8925e-04 2.8482e-01 6.6331e-01 5.1273e-02
5580.02 2.2560e-04 2.2354e-01 7.1563e-01 6.0601e-02
5920.87 8.7059e-05 1.6412e-01 7.6581e-01 6.9980e-02
6282.54 5.6460e-05 1.3800e-01 7.8382e-01 7.8128e-02
6666.30 4.8984e-05 1.3069e-01 7.8840e-01 8.0867e-02
7073.50 4.7852e-05 1.2872e-01 7.8640e-01 8.4833e-02
7505.58 5.4646e-05 1.2956e-01 7.8359e-01 8.6802e-02
7964.05 6.1708e-05 1.3428e-01 7.7570e-01 8.9959e-02
8450.53 1.2338e-04 1.6501e-01 7.4845e-01 8.6418e-02
8966.72 2.7921e-04 2.0625e-01 7.1466e-01 7.8811e-02
9514.44 6.1413e-04 2.7122e-01 6.5771e-01 7.0455e-02
10095.62 1.4347e-03 3.6043e-01 5.7892e-01 5.9216e-02
10712.30 2.3017e-03 4.3553e-01 5.1232e-01 4.9853e-02
11366.65 3.7564e-03 5.1017e-01 4.4466e-01 4.1421e-02
12061.10 5.2156e-03 5.6245e-01 3.9540e-01 3.6937e-02
12793.43 5.0643e-03 5.3891e-01 4.1407e-01 4.1955e-02
13528.61 5.1206e-03 5.5874e-01 3.9821e-01 3.7931e-02
14194.74 6.5107e-03 5.5023e-01 4.0318e-01 4.0083e-02
14757.77 5.2481e-03 5.6241e-01 3.9193e-01 4.0405e-02
15240.48 5.5515e-03 5.6564e-01 3.9148e-01 3.7337e-02
15646.99 9.7368e-03 6.3752e-01 3.3232e-01 2.0425e-02
15960.30 1.3612e-02 7.5363e-01 2.2403e-01 8.7321e-03
16187.41 1.2335e-02 7.9640e-01 1.8507e-01 6.1959e-03
16354.17 1.5181e-02 7.9853e-01 1.8069e-01 5.5974e-03
16484.18 1.5167e-02 7.7083e-01 2.0702e-01 6.9840e-03
16593.12 9.2746e-03 7.7784e-01 2.0540e-01 7.4818e-03
16691.99 8.1643e-03 7.4751e-01 2.3434e-01 9.9864e-03
16788.59 7.5331e-03 7.4149e-01 2.3910e-01 1.1886e-02
16888.37 7.1694e-03 7.0338e-01 2.7593e-01 1.3519e-02
16998.79 4.5950e-03 6.9663e-01 2.8449e-01 1.4285e-02
17146.37 3.3461e-03 6.9936e-01 2.8150e-01 1.5789e-02
17415.23 3.5482e-03 6.5207e-01 3.2293e-01 2.1443e-02
17888.12 1.7668e-03 5.8059e-01 3.8900e-01 2.8648e-02
18532.37 1.6862e-03 5.1910e-01 4.4212e-01 3.7095e-02
19260.76 9.7621e-04 4.4436e-01 5.0888e-01 4.5776e-02
20034.10 8.0595e-04 3.9957e-01 5.2894e-01 7.0687e-02
20838.00 3.5555e-04 3.2449e-01 5.8206e-01 9.3099e-02
21647.97 6.2975e-04 3.6039e-01 5.4555e-01 9.3424e-02
22447.94 3.9714e-04 2.7428e-01 5.5946e-01 1.6586e-01
23245.88 3.1867e-04 2.3837e-01 5.9922e-01 1.6209e-01
24052.47 3.6733e-04 1.3448e-01 6.3712e-01 2.2804e-01
24867.72 1.2399e-04 1.1553e-01 6.4606e-01 2.3829e-01
25698.86 2.3113e-05 2.1256e-02 7.0990e-01 2.6882e-01
26587.16 4.4685e-05 4.8604e-02 6.5380e-01 2.9756e-01
27637.54 7.8984e-05 1.1364e-01 5.3481e-01 3.5147e-01
28986.97 6.0424e-05 1.0046e-01 5.2579e-01 3.7369e-01
#TIME: 226.46
#NVEL 78
#vel_mid[km/s] o0 o1 o2 o3
440.10 2.8377e-02 8.2883e-01 1.3954e-01 3.2498e-03
886.22 1.8847e-01 6.9987e-01 1.0887e-01 2.8001e-03
906.14 1.9521e-02 8.1177e-01 1.6485e-01 3.8590e-03
944.43 1.0084e-02 8.4844e-01 1.3815e-01 3.3266e-03
999.11 4.0079e-02 8.1562e-01 1.4096e-01 3.3429e-03
1060.83 1.3546e-02 8.4036e-01 1.4271e-01 3.3755e-03
1125.62 2.8041e-02 8.3203e-01 1.3670e-01 3.2283e-03
1194.38 2.9221e-02 8.3054e-01 1.3684e-01 3.3930e-03
1267.34 4.4790e-02 8.1513e-01 1.3683e-01 3.2435e-03
1344.75 1.9097e-02 8.3155e-01 1.4568e-01 3.6682e-03
1426.89 2.1595e-02 8.3344e-01 1.4183e-01 3.1358e-03
1514.05 1.5730e-02 8.4599e-01 1.3522e-01 3.0613e-03
1606.54 2.1662e-02 8.4457e-01 1.3082e-01 2.9521e-03
1704.67 2.9687e-02 8.4073e-01 1.2670e-01 2.8844e-03
1808.80 2.4304e-02 8.4139e-01 1.3144e-01 2.8704e-03
1919.29 2.0797e-02 8.4766e-01 1.2869e-01 2.8505e-03
2036.53 1.7856e-02 8.4345e-01 1.3557e-01 3.1276e-03
2160.92 1.9668e-02 8.3470e-01 1.4221e-01 3.4220e-03
2292.92 1.5625e-02 8.3161e-01 1.4897e-01 3.8004e-03
2432.98 1.8418e-02 8.1310e-01 1.6397e-01 4.5110e-03
2581.60 1.5452e-02 7.9186e-01 1.8704e-01 5.6497e-03
2739.29 1.2306e-02 7.6798e-01 2.1269e-01 7.0156e-03
2906.62 9.5371e-03 7.3018e-01 2.5133e-01 8.9583e-03
3084.17 8.5755e-03 6.8664e-01 2.9342e-01 1.1362e-02
3272.56 5.6450e-03 6.1221e-01 3.6633e-01 1.5807e-02
3472.46 4.0132e-03 5.3769e-01 4.3712e-01 2.1175e-02
3684.57 2.9822e-03 4.8542e-01 4.8600e-01 2.5592e-02
3909.64 2.3141e-03 4.3482e-01 5.3122e-01 3.1654e-02
4148.46 2.1874e-03 4.2653e-01 5.3726e-01 3.4025e-02
4401.86 2.8039e-03 4.7672e-01 4.9036e-01 3.0113e-02
4670.75 2.5685e-03 4.7190e-01 4.9419e-01 3.1340e-02
4956.05 1.5835e-03 3.7895e-01 5.8006e-01 3.9404e-02
5258.79 6.2037e-04 2.8574e-01 6.6111e-01 5.2525e-02
5580.02 2.0607e-04 2.1127e-01 7.2760e-01 6.0923e-02
5920.87 8.7045e-05 1.6342e-01 7.6641e-01 7.0084e-02
6282.54 6.0718e-05 1.4389e-01 7.7968e-01 7.6375e-02
6666.30 5.1606e-05 1.2874e-01 7.8975e-01 8.1454e-02
7073.50 4.9833e-05 1.2767e-01 7.8892e-01 8.3355e-02
7505.58 5.2264e-05 1.2624e-01 7.8508e-01 8.8631e-02
7964.05 6.3782e-05 1.4020e-01 7.7035e-01 8.9394e-02
8450.53 1.2682e-04 1.6790e-01 7.4534e-01 8.6632e-02
8966.72 3.0573e-04 2.1577e-01 7.0610e-01 7.7820e-02
9514.44 7.1019e-04 2.8638e-01 6.4474e-01 6.8167e-02
10095.62 1.3654e-03 3.4577e-01 5.9123e-01 6.1635e-02
10712.30 2.2994e-03 4.4222e-01 5.0674e-01 4.8742e-02
