#NTIMES: 200
#NSTAGES: 10
#TIMES[d]: 0.9869 1.0089 1.0313 1.0543 1.0778 1.1018 1.1263 1.1514 1.1771 1.2033 1.2301 1.2575 1.2855 1.3142 1.3434 1.3734 1.4039 1.4352 1.4672 1.4999 1.5333 1.5674 1.6024 1.6381 1.6745 1.7118 1.7500 1.7890 1.8288 1.8696 1.9112 1.9538 1.9973 2.0418 2.0873 2.1338 2.1813 2.2299 2.2796 2.3303 2.3823 2.4353 2.4896 2.5450 2.6017 2.6597 2.7189 2.7795 2.8414 2.9047 2.9694 3.0356 3.1032 3.1723 3.2430 3.3152 3.3891 3.4646 3.5417 3.6206 3.7013 3.7837 3.8680 3.9542 4.0423 4.1323 4.2244 4.3185 4.4147 4.5130 4.6135 4.7163 4.8214 4.9288 5.0386 5.1508 5.2655 5.3828 5.5028 5.6253 5.7506 5.8787 6.0097 6.1436 6.2804 6.4203 6.5633 6.7096 6.8590 7.0118 7.1680 7.3277 7.4909 7.6578 7.8284 8.0028 8.1810 8.3633 8.5496 8.7400 8.9347 9.1337 9.3372 9.5452 9.7578 9.9752 10.1974 10.4246 10.6568 10.8942 11.1368 11.3849 11.6385 11.8978 12.1628 12.4338 12.7108 12.9939 13.2834 13.5793 13.8818 14.1910 14.5071 14.8303 15.1606 15.4983 15.8436 16.1965 16.5573 16.9261 17.3032 17.6886 18.0827 18.4855 18.8973 19.3182 19.7486 20.1885 20.6382 21.0979 21.5679 22.0484 22.5395 23.0416 23.5549 24.0796 24.6160 25.1644 25.7249 26.2980 26.8838 27.4826 28.0949 28.7207 29.3605 30.0145 30.6831 31.3666 32.0654 32.7796 33.5098 34.2563 35.0194 35.7995 36.5970 37.4122 38.2456 39.0976 39.9685 40.8589 41.7690 42.6995 43.6507 44.6230 45.6171 46.6332 47.6720 48.7340 49.8196 50.9294 52.0639 53.2236 54.4093 55.6213 56.8603 58.1269 59.4218 60.7455 62.0986 63.4819 64.8961 66.3417 67.8195 69.3303 70.8747 72.4535 74.0675 75.7174 77.4041 79.1284
#
#TIME: 0.9869
#NVEL: 115
#vel_mid[km/s] temp[K] ne[/cm^3] ti0 ti1 ti2 ti3 ti4 ti5 ti6 ti7 ti8 ti9
4.4010e+02 8.1002e-41 1.8122e-31 4.7082e-23 1.1868e-15 4.9457e-09 1.2963e-04 8.4811e-02 8.3628e-01 7.8756e-02 2.4888e-05
8.8623e+02 2.8964e-28 7.6204e-21 2.3284e-14 6.9023e-09 3.3826e-04 1.0427e-01 8.0226e-01 9.3032e-02 1.0303e-04 3.8292e-10
9.0614e+02 2.8887e-28 7.6034e-21 2.3242e-14 6.8931e-09 3.3796e-04 1.0422e-01 8.0227e-01 9.3074e-02 1.0313e-04 3.8344e-10
9.4442e+02 2.8888e-28 7.6036e-21 2.3243e-14 6.8932e-09 3.3797e-04 1.0422e-01 8.0227e-01 9.3073e-02 1.0313e-04 3.8343e-10
9.9911e+02 2.8817e-28 7.5862e-21 2.3195e-14 6.8804e-09 3.3745e-04 1.0413e-01 8.0226e-01 9.3163e-02 1.0334e-04 3.8473e-10
1.0608e+03 2.8525e-28 7.5159e-21 2.3003e-14 6.8311e-09 3.3552e-04 1.0381e-01 8.0225e-01 9.3497e-02 1.0415e-04 3.8947e-10
1.1257e+03 2.7988e-28 7.3751e-21 2.2589e-14 6.7141e-09 3.3050e-04 1.0295e-01 8.0218e-01 9.4440e-02 1.0649e-04 4.0373e-10
1.1944e+03 2.5849e-28 6.8304e-21 2.1023e-14 6.2827e-09 3.1234e-04 9.9788e-02 8.0182e-01 9.7964e-02 1.1547e-04 4.5984e-10
1.2673e+03 1.8522e-28 4.9581e-21 1.5593e-14 4.7722e-09 2.4737e-04 8.7664e-02 7.9848e-01 1.1345e-01 1.6008e-04 7.7840e-10
1.3448e+03 4.5209e-29 1.2827e-21 4.4288e-15 1.5022e-09 9.2603e-05 4.9871e-02 7.5296e-01 1.9650e-01 5.7166e-04 6.1972e-09
1.4269e+03 2.3324e-30 7.4078e-23 3.0760e-16 1.2813e-10 1.1078e-05 1.3309e-02 5.3201e-01 4.4938e-01 5.2982e-03 2.6993e-07
1.5140e+03 7.2244e-32 2.6149e-24 1.3360e-17 7.0332e-12 8.7509e-07 2.3666e-03 2.5422e-01 7.0877e-01 3.4638e-02 8.4467e-06
1.6065e+03 3.2463e-33 1.3351e-25 8.2411e-19 5.3759e-13 9.1517e-08 4.6767e-04 1.0914e-01 7.7528e-01 1.1502e-01 9.4633e-05
1.7047e+03 1.8193e-34 8.3077e-27 6.0215e-20 4.7372e-14 1.0636e-08 9.3744e-05 4.2839e-02 6.8728e-01 2.6915e-01 6.3960e-04
1.8088e+03 6.9194e-36 3.5265e-28 3.0303e-21 2.9200e-15 8.8587e-10 1.3693e-05 1.2587e-02 4.7268e-01 5.1105e-01 3.6700e-03
1.9193e+03 1.5583e-37 9.0740e-30 9.4921e-23 1.1572e-16 4.9468e-11 1.3725e-06 2.6160e-03 2.3843e-01 7.4220e-01 1.6752e-02
2.0365e+03 2.3127e-39 1.5637e-31 2.0288e-24 3.2072e-18 2.0041e-12 1.0100e-07 4.0629e-04 9.1893e-02 8.4628e-01 6.1424e-02
2.1609e+03 2.5991e-41 2.0811e-33 3.4141e-26 7.1635e-20 6.7631e-14 6.1822e-09 5.2302e-05 2.9189e-02 7.8943e-01 1.8133e-01
2.2929e+03 2.3121e-43 2.2449e-35 4.7463e-28 1.3496e-21 1.9779e-15 3.2487e-10 5.6754e-06 7.6154e-03 5.8524e-01 4.0714e-01
2.4330e+03 1.4013e-45 2.1762e-37 5.8734e-30 2.2461e-23 5.1164e-17 1.4706e-11 5.1253e-07 1.5898e-03 3.3276e-01 6.6565e-01
2.5816e+03 0.0000e+00 3.2427e-39 1.0769e-31 5.3199e-25 1.7975e-18 8.3696e-13 5.2748e-08 3.3659e-04 1.6771e-01 8.3195e-01
2.7393e+03 0.0000e+00 1.2049e-40 4.7164e-33 2.8525e-26 1.3178e-19 8.8888e-14 8.7745e-09 9.6504e-05 9.2576e-02 9.0733e-01
2.9067e+03 0.0000e+00 1.2567e-41 5.6073e-34 3.9579e-27 2.2881e-20 1.9947e-14 2.6626e-09 4.1938e-05 6.1644e-02 9.3831e-01
3.0842e+03 0.0000e+00 3.8227e-42 1.9036e-34 1.5088e-27 9.9771e-21 1.0029e-14 1.5614e-09 2.9113e-05 5.1553e-02 9.4842e-01
3.2726e+03 0.0000e+00 3.7092e-42 1.9995e-34 1.6961e-27 1.1594e-20 1.1864e-14 1.8400e-09 3.3232e-05 5.5145e-02 9.4482e-01
3.4725e+03 0.0000e+00 9.5597e-42 5.4030e-34 4.6846e-27 3.0383e-20 2.8478e-14 3.8513e-09 5.7014e-05 7.2117e-02 9.2783e-01
3.6846e+03 0.0000e+00 5.9883e-41 3.4936e-33 3.0073e-26 1.7296e-19 1.3524e-13 1.4064e-08 1.4499e-04 1.1394e-01 8.8592e-01
3.9097e+03 0.0000e+00 6.2292e-40 3.8155e-32 3.2826e-25 1.6413e-18 1.0170e-12 7.4820e-08 4.7823e-04 2.0075e-01 7.9877e-01
4.1484e+03 0.0000e+00 5.7464e-39 3.5132e-31 2.9021e-24 1.2515e-17 6.1208e-12 3.2233e-07 1.3217e-03 3.1508e-01 6.8360e-01
4.4019e+03 0.0000e+00 2.0554e-38 1.1945e-30 9.2362e-24 3.5753e-17 1.5080e-11 6.5750e-07 2.1338e-03 3.8307e-01 6.1480e-01
4.6708e+03 0.0000e+00 1.2065e-38 7.2742e-31 5.8611e-24 2.3924e-17 1.0765e-11 5.0663e-07 1.7976e-03 3.5790e-01 6.4031e-01
4.9561e+03 0.0000e+00 2.6736e-39 1.8494e-31 1.7229e-24 8.3071e-18 4.5057e-12 2.6097e-07 1.1660e-03 2.9980e-01 6.9903e-01
5.2588e+03 0.0000e+00 7.0896e-40 5.6103e-32 6.0093e-25 3.3767e-18 2.1612e-12 1.4964e-07 8.1088e-04 2.5691e-01 7.4228e-01
5.5800e+03 0.0000e+00 3.9213e-40 3.3335e-32 3.8381e-25 2.3223e-18 1.6031e-12 1.1991e-07 7.0324e-04 2.4163e-01 7.5766e-01
5.9209e+03 0.0000e+00 4.2307e-40 3.7660e-32 4.5071e-25 2.7781e-18 1.9176e-12 1.4069e-07 7.9212e-04 2.5519e-01 7.4402e-01
6.2825e+03 0.0000e+00 7.0409e-40 6.4970e-32 7.9542e-25 4.8372e-18 3.1804e-12 2.1450e-07 1.0676e-03 2.9122e-01 7.0771e-01
6.6663e+03 0.0000e+00 1.6085e-39 1.4983e-31 1.8241e-24 1.0593e-17 6.3727e-12 3.7743e-07 1.5770e-03 3.4364e-01 6.5478e-01
7.0735e+03 0.0000e+00 5.3697e-39 4.9950e-31 5.9546e-24 3.2110e-17 1.6874e-11 8.2538e-07 2.6799e-03 4.2454e-01 5.7278e-01
7.5056e+03 0.0000e+00 2.7790e-38 2.6192e-30 3.0753e-23 1.5145e-16 6.5795e-11 2.4458e-06 5.5102e-03 5.4845e-01 4.4603e-01
7.9641e+03 0.0000e+00 2.1475e-37 2.0047e-29 2.2596e-22 9.8256e-16 3.3112e-10 8.6482e-06 1.2304e-02 6.8865e-01 2.9904e-01
8.4505e+03 5.6052e-45 2.5554e-36 2.2543e-28 2.3264e-21 8.5040e-15 2.0593e-09 3.4711e-05 2.8379e-02 8.0482e-01 1.6677e-01
8.9668e+03 1.5134e-43 7.2308e-35 5.8489e-27 5.3215e-20 1.5377e-13 2.3128e-08 2.0935e-04 7.8447e-02 8.5847e-01 6.2873e-02
9.5145e+03 1.7574e-41 7.9841e-33 5.6196e-25 4.2419e-18 8.7900e-12 6.3842e-07 2.2754e-03 2.6770e-01 7.1875e-01 1.1271e-02
1.0096e+04 9.0128e-39 3.6655e-30 2.0490e-22 1.1685e-15 1.5069e-09 3.6353e-05 3.2767e-02 7.1430e-01 2.5247e-01 4.2418e-04
1.0712e+04 2.2754e-35 7.8194e-27 3.1387e-19 1.2242e-12 7.9894e-07 3.4192e-03 3.7063e-01 6.1598e-01 9.9699e-03 5.4875e-07
1.1367e+04 2.8881e-31 7.3171e-23 1.7714e-15 3.8897e-09 8.4473e-04 2.1365e-01 7.6438e-01 2.1121e-02 2.5856e-06 6.1457e-13
1.2062e+04 2.9453e-27 4.7622e-19 6.2211e-12 5.7075e-06 2.2428e-01 7.6045e-01 1.5268e-02 8.7682e-07 6.8809e-14 4.3228e-24
1.2794e+04 9.5065e-25 9.4572e-17 7.2837e-10 2.0610e-04 9.8154e-01 1.8257e-02 6.8870e-07 2.2992e-14 2.5159e-25 7.3208e-40
1.3528e+04 8.1917e-23 5.2799e-15 2.6446e-08 1.9438e-03 9.9797e-01 8.2540e-05 4.4547e-12 6.3528e-23 6.5907e-38 0.0000e+00
1.4194e+04 1.3506e-20 5.7276e-13 1.7414e-06 2.5175e-02 9.7482e-01 1.6408e-07 4.8904e-18 9.7852e-33 0.0000e+00 0.0000e+00
1.4758e+04 4.4867e-18 1.3410e-10 2.0937e-04 3.9575e-01 6.0404e-01 4.4019e-11 1.1003e-25 2.8026e-45 0.0000e+00 0.0000e+00
1.5240e+04 7.7690e-16 1.4062e-08 7.0432e-03 9.6709e-01 2.5862e-02 1.7319e-16 5.8537e-36 0.0000e+00 0.0000e+00 0.0000e+00
1.5647e+04 9.3350e-14 9.5306e-07 1.1545e-01 8.8426e-01 2.8887e-04 9.6670e-23 0.0000e+00 0.0000e+00 0.0000e+00 0.0000e+00
1.5960e+04 7.1131e-12 3.6179e-05 7.8078e-01 2.1918e-01 4.7058e-07 2.2451e-30 0.0000e+00 0.0000e+00 0.0000e+00 0.0000e+00
1.6187e+04 1.3226e-10 3.2097e-04 9.9315e-01 6.5339e-03 4.3547e-11 5.0779e-40 0.0000e+00 0.0000e+00 0.0000e+00 0.0000e+00
1.6354e+04 2.3944e-09 2.6583e-03 9.9724e-01 9.9295e-05 9.5249e-16 0.0000e+00 0.0000e+00 0.0000e+00 0.0000e+00 0.0000e+00
1.6484e+04 5.3665e-08 2.5166e-02 9.7483e-01 9.3663e-07 5.8632e-21 0.0000e+00 0.0000e+00 0.0000e+00 0.0000e+00 0.0000e+00
1.6593e+04 6.6708e-07 1.5489e-01 8.4511e-01 1.1877e-08 8.2666e-26 0.0000e+00 0.0000e+00 0.0000e+00 0.0000e+00 0.0000e+00
1.6692e+04 3.2195e-06 4.4878e-01 5.5121e-01 2.7446e-10 8.2674e-30 0.0000e+00 0.0000e+00 0.0000e+00 0.0000e+00 0.0000e+00
1.6788e+04 6.6189e-06 6.9114e-01 3.0886e-01 1.3859e-11 7.7012e-33 0.0000e+00 0.0000e+00 0.0000e+00 0.0000e+00 0.0000e+00
1.6888e+04 9.6528e-06 8.2505e-01 1.7494e-01 1.2786e-12 3.4357e-35 0.0000e+00 0.0000e+00 0.0000e+00 0.0000e+00 0.0000e+00
1.6999e+04 1.2669e-05 9.0038e-01 9.9612e-02 1.5109e-13 2.9579e-37 0.0000e+00 0.0000e+00 0.0000e+00 0.0000e+00 0.0000e+00
1.7146e+04 1.6192e-05 9.4542e-01 5.4566e-02 1.7469e-14 2.5842e-39 0.0000e+00 0.0000e+00 0.0000e+00 0.0000e+00 0.0000e+00
1.7416e+04 2.3112e-05 9.7834e-01 2.1641e-02 7.3891e-16 2.7311e-42 0.0000e+00 0.0000e+00 0.0000e+00 0.0000e+00 0.0000e+00
1.7888e+04 4.6017e-05 9.9614e-01 3.8132e-03 2.5128e-18 0.0000e+00 0.0000e+00 0.0000e+00 0.0000e+00 0.0000e+00 0.0000e+00
1.8532e+04 1.0481e-04 9.9936e-01 5.3830e-04 4.8559e-21 0.0000e+00 0.0000e+00 0.0000e+00 0.0000e+00 0.0000e+00 0.0000e+00
1.9260e+04 2.1773e-04 9.9969e-01 8.9401e-05 1.5013e-23 0.0000e+00 0.0000e+00 0.0000e+00 0.0000e+00 0.0000e+00 0.0000e+00
2.0034e+04 4.1533e-04 9.9957e-01 1.6961e-05 6.6327e-26 0.0000e+00 0.0000e+00 0.0000e+00 0.0000e+00 0.0000e+00 0.0000e+00
2.0838e+04 7.4305e-04 9.9925e-01 3.7166e-06 4.5871e-28 0.0000e+00 0.0000e+00 0.0000e+00 0.0000e+00 0.0000e+00 0.0000e+00
2.1648e+04 1.2776e-03 9.9872e-01 9.2106e-07 4.8073e-30 0.0000e+00 0.0000e+00 0.0000e+00 0.0000e+00 0.0000e+00 0.0000e+00
2.2448e+04 2.0146e-03 9.9799e-01 2.5605e-07 6.7094e-32 0.0000e+00 0.0000e+00 0.0000e+00 0.0000e+00 0.0000e+00 0.0000e+00
2.3246e+04 3.0183e-03 9.9698e-01 7.7929e-08 1.2172e-33 0.0000e+00 0.0000e+00 0.0000e+00 0.0000e+00 0.0000e+00 0.0000e+00
2.4052e+04 4.4047e-03 9.9560e-01 2.6077e-08 3.0795e-35 0.0000e+00 0.0000e+00 0.0000e+00 0.0000e+00 0.0000e+00 0.0000e+00
2.4868e+04 6.0530e-03 9.9395e-01 1.0190e-08 1.2958e-36 0.0000e+00 0.0000e+00 0.0000e+00 0.0000e+00 0.0000e+00 0.0000e+00
2.5699e+04 7.6023e-03 9.9240e-01 4.7070e-09 8.9419e-38 0.0000e+00 0.0000e+00 0.0000e+00 0.0000e+00 0.0000e+00 0.0000e+00
2.6588e+04 8.8735e-03 9.9113e-01 2.3177e-09 6.8611e-39 0.0000e+00 0.0000e+00 0.0000e+00 0.0000e+00 0.0000e+00 0.0000e+00
2.7638e+04 1.0993e-02 9.8901e-01 8.4950e-10 1.7894e-40 0.0000e+00 0.0000e+00 0.0000e+00 0.0000e+00 0.0000e+00 0.0000e+00
2.8987e+04 1.5828e-02 9.8417e-01 1.6862e-10 5.2689e-43 0.0000e+00 0.0000e+00 0.0000e+00 0.0000e+00 0.0000e+00 0.0000e+00
3.0652e+04 9.4192e-03 9.9058e-01 1.4790e-10 1.0089e-43 0.0000e+00 0.0000e+00 0.0000e+00 0.0000e+00 0.0000e+00 0.0000e+00
3.2516e+04 3.0440e-03 9.9696e-01 2.9946e-10 1.6395e-43 0.0000e+00 0.0000e+00 0.0000e+00 0.0000e+00 0.0000e+00 0.0000e+00
3.4459e+04 6.2736e-04 9.9937e-01 1.4215e-09 3.4850e-42 0.0000e+00 0.0000e+00 0.0000e+00 0.0000e+00 0.0000e+00 0.0000e+00
3.6371e+04 1.7737e-04 9.9982e-01 6.4843e-09 1.2323e-40 0.0000e+00 0.0000e+00 0.0000e+00 0.0000e+00 0.0000e+00 0.0000e+00
3.8150e+04 7.1228e-05 9.9993e-01 2.3388e-08 3.4793e-39 0.0000e+00 0.0000e+00 0.0000e+00 0.0000e+00 0.0000e+00 0.0000e+00
3.9750e+04 4.6740e-05 9.9995e-01 3.9171e-08 1.1892e-38 0.0000e+00 0.0000e+00 0.0000e+00 0.0000e+00 0.0000e+00 0.0000e+00
4.1174e+04 4.4552e-05 9.9996e-01 3.0895e-08 4.0716e-39 0.0000e+00 0.0000e+00 0.0000e+00 0.0000e+00 0.0000e+00 0.0000e+00
4.2468e+04 6.0968e-05 9.9994e-01 1.0993e-08 1.1429e-40 0.0000e+00 0.0000e+00 0.0000e+00 0.0000e+00 0.0000e+00 0.0000e+00
4.3688e+04 1.1708e-04 9.9988e-01 1.9675e-09 3.9096e-43 0.0000e+00 0.0000e+00 0.0000e+00 0.0000e+00 0.0000e+00 0.0000e+00
4.4884e+04 2.7193e-04 9.9973e-01 2.3831e-10 0.0000e+00 0.0000e+00 0.0000e+00 0.0000e+00 0.0000e+00 0.0000e+00 0.0000e+00
4.6084e+04 5.9960e-04 9.9940e-01 3.1939e-11 0.0000e+00 0.0000e+00 0.0000e+00 0.0000e+00 0.0000e+00 0.0000e+00 0.0000e+00
4.7294e+04 5.6852e-04 9.9943e-01 2.4659e-11 0.0000e+00 0.0000e+00 0.0000e+00 0.0000e+00 0.0000e+00 0.0000e+00 0.0000e+00
4.8516e+04 4.5263e-04 9.9955e-01 2.7533e-11 0.0000e+00 0.0000e+00 0.0000e+00 0.0000e+00 0.0000e+00 0.0000e+00 0.0000e+00
4.9754e+04 3.5021e-04 9.9965e-01 3.2703e-11 0.0000e+00 0.0000e+00 0.0000e+00 0.0000e+00 0.0000e+00 0.0000e+00 0.0000e+00
5.1012e+04 2.6439e-04 9.9974e-01 4.0889e-11 0.0000e+00 0.0000e+00 0.0000e+00 0.0000e+00 0.0000e+00 0.0000e+00 0.0000e+00
5.2292e+04 1.9789e-04 9.9980e-01 5.2107e-11 0.0000e+00 0.0000e+00 0.0000e+00 0.0000e+00 0.0000e+00 0.0000e+00 0.0000e+00
5.3596e+04 1.4765e-04 9.9985e-01 6.6677e-11 0.0000e+00 0.0000e+00 0.0000e+00 0.0000e+00 0.0000e+00 0.0000e+00 0.0000e+00
5.4921e+04 1.1000e-04 9.9989e-01 8.5645e-11 0.0000e+00 0.0000e+00 0.0000e+00 0.0000e+00 0.0000e+00 0.0000e+00 0.0000e+00
5.6265e+04 8.1851e-05 9.9992e-01 1.1025e-10 0.0000e+00 0.0000e+00 0.0000e+00 0.0000e+00 0.0000e+00 0.0000e+00 0.0000e+00
5.7622e+04 6.0893e-05 9.9994e-01 1.4211e-10 0.0000e+00 0.0000e+00 0.0000e+00 0.0000e+00 0.0000e+00 0.0000e+00 0.0000e+00
5.8985e+04 4.5492e-05 9.9995e-01 1.8239e-10 0.0000e+00 0.0000e+00 0.0000e+00 0.0000e+00 0.0000e+00 0.0000e+00 0.0000e+00
6.0341e+04 3.4128e-05 9.9997e-01 2.3364e-10 0.0000e+00 0.0000e+00 0.0000e+00 0.0000e+00 0.0000e+00 0.0000e+00 0.0000e+00
6.1676e+04 2.5890e-05 9.9997e-01 2.9594e-10 0.0000e+00 0.0000e+00 0.0000e+00 0.0000e+00 0.0000e+00 0.0000e+00 0.0000e+00
6.2975e+04 1.9842e-05 9.9998e-01 3.7191e-10 0.0000e+00 0.0000e+00 0.0000e+00 0.0000e+00 0.0000e+00 0.0000e+00 0.0000e+00
6.4219e+04 1.5451e-05 9.9998e-01 4.6107e-10 0.0000e+00 0.0000e+00 0.0000e+00 0.0000e+00 0.0000e+00 0.0000e+00 0.0000e+00
6.5388e+04 1.2270e-05 9.9999e-01 5.6182e-10 0.0000e+00 0.0000e+00 0.0000e+00 0.0000e+00 0.0000e+00 0.0000e+00 0.0000e+00
6.6461e+04 9.9637e-06 9.9999e-01 6.7110e-10 0.0000e+00 0.0000e+00 0.0000e+00 0.0000e+00 0.0000e+00 0.0000e+00 0.0000e+00
6.7422e+04 8.2952e-06 9.9999e-01 7.8470e-10 0.0000e+00 0.0000e+00 0.0000e+00 0.0000e+00 0.0000e+00 0.0000e+00 0.0000e+00
6.8257e+04 7.0935e-06 9.9999e-01 8.9653e-10 0.0000e+00 0.0000e+00 0.0000e+00 0.0000e+00 0.0000e+00 0.0000e+00 0.0000e+00
6.8960e+04 6.2278e-06 9.9999e-01 1.0025e-09 0.0000e+00 0.0000e+00 0.0000e+00 0.0000e+00 0.0000e+00 0.0000e+00 0.0000e+00
6.9475e+04 5.6145e-06 9.9999e-01 1.0945e-09 0.0000e+00 0.0000e+00 0.0000e+00 0.0000e+00 0.0000e+00 0.0000e+00 0.0000e+00
6.9758e+04 5.3705e-06 9.9999e-01 1.1358e-09 0.0000e+00 0.0000e+00 0.0000e+00 0.0000e+00 0.0000e+00 0.0000e+00 0.0000e+00
6.9886e+04 5.3050e-06 9.9999e-01 1.1456e-09 0.0000e+00 0.0000e+00 0.0000e+00 0.0000e+00 0.0000e+00 0.0000e+00 0.0000e+00
6.9950e+04 5.2078e-06 9.9999e-01 1.1627e-09 0.0000e+00 0.0000e+00 0.0000e+00 0.0000e+00 0.0000e+00 0.0000e+00 0.0000e+00
6.9982e+04 5.4816e-06 9.9999e-01 1.1019e-09 0.0000e+00 0.0000e+00 0.0000e+00 0.0000e+00 0.0000e+00 0.0000e+00 0.0000e+00
6.9996e+04 4.6645e-06 1.0000e+00 1.2917e-09 0.0000e+00 0.0000e+00 0.0000e+00 0.0000e+00 0.0000e+00 0.0000e+00 0.0000e+00
7.0000e+04 1.9293e-06 1.0000e+00 3.1230e-09 0.0000e+00 0.0000e+00 0.0000e+00 0.0000e+00 0.0000e+00 0.0000e+00 0.0000e+00
#
#TIME: 1.0089
#NVEL: 115
#vel_mid[km/s] temp[K] ne[/cm^3] ti0 ti1 ti2 ti3 ti4 ti5 ti6 ti7 ti8 ti9
4.4010e+02 5.1496e-41 1.2282e-31 3.4024e-23 9.1446e-16 4.0641e-09 1.1369e-04 7.9416e-02 8.3630e-01 8.4142e-02 2.8415e-05
8.8623e+02 1.3452e-28 3.8508e-21 1.2914e-14 4.2116e-09 2.3125e-04 8.5068e-02 7.9857e-01 1.1596e-01 1.6564e-04 8.1009e-10
9.0614e+02 1.3741e-28 3.9303e-21 1.3163e-14 4.2863e-09 2.3474e-04 8.5785e-02 7.9891e-01 1.1490e-01 1.6226e-04 7.8352e-10
9.4442e+02 1.3769e-28 3.9379e-21 1.3187e-14 4.2933e-09 2.3506e-04 8.5850e-02 7.9894e-01 1.1481e-01 1.6196e-04 7.8122e-10
9.9911e+02 1.3808e-28 3.9487e-21 1.3220e-14 4.3033e-09 2.3553e-04 8.5945e-02 7.9899e-01 1.1467e-01 1.6152e-04 7.7780e-10
1.0608e+03 1.3580e-28 3.8882e-21 1.3037e-14 4.2506e-09 2.3316e-04 8.5468e-02 7.9878e-01 1.1536e-01 1.6368e-04 7.9454e-10
1.1257e+03 1.3412e-28 3.8392e-21 1.2876e-14 4.1993e-09 2.3065e-04 8.4942e-02 7.9851e-01 1.1616e-01 1.6627e-04 8.1510e-10
1.1944e+03 1.2321e-28 3.5370e-21 1.1924e-14 3.9113e-09 2.1708e-04 8.2095e-02 7.9698e-01 1.2053e-01 1.8071e-04 9.3276e-10
1.2673e+03 8.9166e-29 2.5907e-21 8.9135e-15 2.9906e-09 1.7272e-04 7.2124e-02 7.8948e-01 1.3798e-01 2.4585e-04 1.5368e-09
1.3448e+03 2.1609e-29 6.6447e-22 2.5062e-15 9.3059e-10 6.3773e-05 4.0273e-02 7.2687e-01 2.3195e-01 8.4634e-04 1.1705e-08
1.4269e+03 1.0858e-30 3.7281e-23 1.6869e-16 7.6762e-11 7.3508e-06 1.0266e-02 4.8590e-01 4.9657e-01 7.2551e-03 4.6518e-07
1.5140e+03 3.2168e-32 1.2578e-24 6.9982e-18 4.0241e-12 5.5411e-07 1.7327e-03 2.1918e-01 7.3487e-01 4.4200e-02 1.3455e-05
1.6065e+03 1.4081e-33 6.2538e-26 4.2018e-19 2.9941e-13 5.6383e-08 3.3151e-04 9.0619e-02 7.6941e-01 1.3949e-01 1.4210e-04
1.7047e+03 7.6876e-35 3.7911e-27 2.9903e-20 2.5702e-14 6.3829e-09 6.4425e-05 3.4308e-02 6.5395e-01 3.1077e-01 9.0686e-04
1.8088e+03 2.7937e-36 1.5393e-28 1.4408e-21 1.5189e-15 5.1044e-10 9.0091e-06 9.6179e-03 4.2741e-01 5.5807e-01 4.8922e-03
1.9193e+03 6.0309e-38 3.8030e-30 4.3395e-23 5.7979e-17 2.7511e-11 8.6923e-07 1.9182e-03 2.0607e-01 7.7090e-01 2.1113e-02
2.0365e+03 8.6997e-40 6.3770e-32 9.0333e-25 1.5670e-18 1.0891e-12 6.2362e-08 2.8964e-04 7.6956e-02 8.4841e-01 7.4344e-02
2.1609e+03 9.6325e-42 8.3583e-34 1.4962e-26 3.4438e-20 3.6180e-14 3.7445e-09 3.6424e-05 2.3766e-02 7.6533e-01 2.1087e-01
2.2929e+03 8.5479e-44 8.9382e-36 2.0573e-28 6.4030e-22 1.0425e-15 1.9286e-10 3.8492e-06 5.9949e-03 5.4413e-01 4.4987e-01
2.4330e+03 0.0000e+00 8.5836e-38 2.5168e-30 1.0514e-23 2.6567e-17 8.5630e-12 3.3901e-07 1.2125e-03 2.9752e-01 7.0127e-01
2.5816e+03 0.0000e+00 1.2512e-39 4.5179e-32 2.4402e-25 9.1615e-19 4.7826e-13 3.4198e-08 2.5116e-04 1.4642e-01 8.5333e-01
2.7393e+03 0.0000e+00 4.5503e-41 1.9399e-33 1.2852e-26 6.6139e-20 5.0098e-14 5.6161e-09 7.1138e-05 7.9899e-02 9.2003e-01
2.9067e+03 0.0000e+00 4.6635e-42 2.2694e-34 1.7572e-27 1.1341e-20 1.1122e-14 1.6885e-09 3.0676e-05 5.2885e-02 9.4708e-01
3.0842e+03 0.0000e+00 1.3971e-42 7.5906e-35 6.6069e-28 4.8852e-21 5.5339e-15 9.8167e-10 2.1157e-05 4.4054e-02 9.5592e-01
3.2726e+03 0.0000e+00 1.3242e-42 7.8030e-35 7.2769e-28 5.5720e-21 6.4408e-15 1.1418e-09 2.3931e-05 4.6919e-02 9.5306e-01
3.4725e+03 0.0000e+00 3.3519e-42 2.0705e-34 1.9750e-27 1.4363e-20 1.5237e-14 2.3627e-09 4.0756e-05 6.1207e-02 9.3875e-01
3.6846e+03 0.0000e+00 2.1165e-41 1.3484e-33 1.2756e-26 8.2115e-20 7.2632e-14 8.6626e-09 1.0413e-04 9.7230e-02 9.0267e-01
3.9097e+03 0.0000e+00 2.3026e-40 1.5365e-32 1.4485e-25 8.0656e-19 5.6329e-13 4.7362e-08 3.5155e-04 1.7446e-01 8.2519e-01
4.1484e+03 0.0000e+00 2.2579e-39 1.5002e-31 1.3537e-24 6.4664e-18 3.5474e-12 2.1235e-07 1.0044e-03 2.8074e-01 7.1825e-01
4.4019e+03 0.0000e+00 8.2647e-39 5.2162e-31 4.4017e-24 1.8842e-17 8.9030e-12 4.4057e-07 1.6462e-03 3.4568e-01 6.5268e-01
4.6708e+03 0.0000e+00 4.8604e-39 3.1821e-31 2.7974e-24 1.2623e-17 6.3585e-12 3.3931e-07 1.3845e-03 3.2198e-01 6.7664e-01
4.9561e+03 0.0000e+00 1.0637e-39 7.9915e-32 8.1259e-25 4.3338e-18 2.6323e-12 1.7293e-07 8.8896e-04 2.6713e-01 7.3198e-01
5.2588e+03 0.0000e+00 2.8396e-40 2.4394e-32 2.8500e-25 1.7697e-18 1.2665e-12 9.9269e-08 6.1736e-04 2.2793e-01 7.7146e-01
5.5800e+03 0.0000e+00 1.5408e-40 1.4228e-32 1.7885e-25 1.1976e-18 9.2610e-13 7.8605e-08 5.3064e-04 2.1323e-01 7.8624e-01
5.9209e+03 0.0000e+00 1.6477e-40 1.5938e-32 2.0831e-25 1.4218e-18 1.1008e-12 9.1799e-08 5.9620e-04 2.2519e-01 7.7421e-01
6.2825e+03 0.0000e+00 2.7541e-40 2.7611e-32 3.6910e-25 2.4844e-18 1.8326e-12 1.4054e-07 8.0732e-04 2.5833e-01 7.4086e-01
6.6663e+03 0.0000e+00 6.3184e-40 6.3944e-32 8.5000e-25 5.4619e-18 3.6889e-12 2.4864e-07 1.2002e-03 3.0715e-01 6.9165e-01
7.0735e+03 0.0000e+00 2.1220e-39 2.1452e-31 2.7926e-24 1.6661e-17 9.8397e-12 5.4854e-07 2.0609e-03 3.8412e-01 6.1382e-01
7.5056e+03 0.0000e+00 1.1208e-38 1.1480e-30 1.4718e-23 8.0114e-17 3.9138e-11 1.6592e-06 4.3276e-03 5.0697e-01 4.8870e-01
7.9641e+03 0.0000e+00 8.8615e-38 8.9926e-30 1.1066e-22 5.3144e-16 2.0161e-10 6.0108e-06 9.9100e-03 6.5337e-01 3.3672e-01
8.4505e+03 1.4013e-45 1.0797e-36 1.0356e-28 1.1665e-21 4.7046e-15 1.2838e-09 2.4723e-05 2.3443e-02 7.8362e-01 1.9291e-01
8.9668e+03 6.0256e-44 3.1154e-35 2.7402e-27 2.7205e-20 8.6649e-14 1.4717e-08 1.5250e-04 6.6412e-02 8.5852e-01 7.4918e-02
9.5145e+03 7.3120e-42 3.5883e-33 2.7438e-25 2.2564e-18 5.1417e-12 4.2221e-07 1.7240e-03 2.3585e-01 7.4842e-01 1.4000e-02
1.0096e+04 4.0913e-39 1.7944e-30 1.0878e-22 6.7415e-16 9.5376e-10 2.6072e-05 2.6978e-02 6.8537e-01 2.8705e-01 5.7748e-04
1.0712e+04 1.1035e-35 4.0954e-27 1.7849e-19 7.5690e-13 5.4309e-07 2.6551e-03 3.3323e-01 6.5148e-01 1.2628e-02 8.4266e-07
1.1367e+04 1.5508e-31 4.2535e-23 1.1194e-15 2.6783e-09 6.4260e-04 1.8759e-01 7.8590e-01 2.5863e-02 3.8458e-06 1.1265e-12
1.2062e+04 1.8260e-27 3.1947e-19 4.5245e-12 4.5344e-06 1.9781e-01 7.8349e-01 1.8696e-02 1.3010e-06 1.2661e-13 1.0041e-23
1.2794e+04 6.5765e-25 7.0824e-17 5.9046e-10 1.8367e-04 9.7821e-01 2.1600e-02 9.8791e-07 4.0902e-14 5.7075e-25 2.1642e-39
1.3528e+04 5.6295e-23 3.9261e-15 2.1285e-08 1.7285e-03 9.9817e-01 9.9274e-05 6.5991e-12 1.1889e-22 1.6086e-37 0.0000e+00
1.4194e+04 9.2676e-21 4.2455e-13 1.3984e-06 2.2384e-02 9.7761e-01 1.9904e-07 7.3599e-18 1.8761e-32 0.0000e+00 0.0000e+00
1.4758e+04 3.2228e-18 1.0336e-10 1.7457e-04 3.6599e-01 6.3384e-01 5.7053e-11 1.8168e-25 7.0065e-45 0.0000e+00 0.0000e+00
1.5240e+04 5.6448e-16 1.1050e-08 6.1085e-03 9.6312e-01 3.0769e-02 2.8444e-16 1.3991e-35 0.0000e+00 0.0000e+00 0.0000e+00
1.5647e+04 7.1317e-14 7.7791e-07 1.0307e-01 8.9659e-01 3.4625e-04 1.5818e-22 0.0000e+00 0.0000e+00 0.0000e+00 0.0000e+00
1.5960e+04 5.6096e-12 3.0980e-05 7.5090e-01 2.4907e-01 6.6829e-07 4.8616e-30 0.0000e+00 0.0000e+00 0.0000e+00 0.0000e+00
1.6187e+04 1.0671e-10 2.8252e-04 9.9186e-01 7.8602e-03 6.7493e-11 1.2853e-39 0.0000e+00 0.0000e+00 0.0000e+00 0.0000e+00
1.6354e+04 1.7115e-09 2.1503e-03 9.9771e-01 1.4181e-04 2.2849e-15 0.0000e+00 0.0000e+00 0.0000e+00 0.0000e+00 0.0000e+00
1.6484e+04 3.6858e-08 1.9830e-02 9.8017e-01 1.4465e-06 1.7173e-20 0.0000e+00 0.0000e+00 0.0000e+00 0.0000e+00 0.0000e+00
1.6593e+04 5.3531e-07 1.3670e-01 8.6330e-01 1.5434e-08 1.5216e-25 0.0000e+00 0.0000e+00 0.0000e+00 0.0000e+00 0.0000e+00
1.6692e+04 3.6284e-06 4.9182e-01 5.0818e-01 1.6122e-10 2.2561e-30 0.0000e+00 0.0000e+00 0.0000e+00 0.0000e+00 0.0000e+00
1.6788e+04 6.7825e-06 7.1025e-01 2.8974e-01 9.8782e-12 3.3859e-33 0.0000e+00 0.0000e+00 0.0000e+00 0.0000e+00 0.0000e+00
1.6888e+04 9.2923e-06 8.2371e-01 1.7628e-01 1.2326e-12 2.9818e-35 0.0000e+00 0.0000e+00 0.0000e+00 0.0000e+00 0.0000e+00
1.6999e+04 1.1159e-05 8.8187e-01 1.1812e-01 2.5678e-13 8.7253e-37 0.0000e+00 0.0000e+00 0.0000e+00 0.0000e+00 0.0000e+00
1.7146e+04 1.3301e-05 9.2496e-01 7.5029e-02 4.6982e-14 1.9782e-38 0.0000e+00 0.0000e+00 0.0000e+00 0.0000e+00 0.0000e+00
1.7416e+04 1.9993e-05 9.7290e-01 2.7080e-02 1.3957e-15 9.5723e-42 0.0000e+00 0.0000e+00 0.0000e+00 0.0000e+00 0.0000e+00
1.7888e+04 3.8249e-05 9.9479e-01 5.1728e-03 5.9429e-18 0.0000e+00 0.0000e+00 0.0000e+00 0.0000e+00 0.0000e+00 0.0000e+00
1.8532e+04 8.6392e-05 9.9917e-01 7.4585e-04 1.2250e-20 0.0000e+00 0.0000e+00 0.0000e+00 0.0000e+00 0.0000e+00 0.0000e+00
1.9260e+04 1.8102e-04 9.9970e-01 1.2171e-04 3.5908e-23 0.0000e+00 0.0000e+00 0.0000e+00 0.0000e+00 0.0000e+00 0.0000e+00
2.0034e+04 3.2558e-04 9.9965e-01 2.6007e-05 2.2806e-25 0.0000e+00 0.0000e+00 0.0000e+00 0.0000e+00 0.0000e+00 0.0000e+00
2.0838e+04 5.8670e-04 9.9941e-01 5.6638e-06 1.5622e-27 0.0000e+00 0.0000e+00 0.0000e+00 0.0000e+00 0.0000e+00 0.0000e+00
2.1648e+04 9.6979e-04 9.9903e-01 1.5454e-06 2.2331e-29 0.0000e+00 0.0000e+00 0.0000e+00 0.0000e+00 0.0000e+00 0.0000e+00
2.2448e+04 1.5091e-03 9.9849e-01 4.4791e-07 3.5943e-31 0.0000e+00 0.0000e+00 0.0000e+00 0.0000e+00 0.0000e+00 0.0000e+00
2.3246e+04 2.1434e-03 9.9786e-01 1.5379e-07 9.5326e-33 0.0000e+00 0.0000e+00 0.0000e+00 0.0000e+00 0.0000e+00 0.0000e+00
2.4052e+04 2.9497e-03 9.9705e-01 5.8190e-08 3.5176e-34 0.0000e+00 0.0000e+00 0.0000e+00 0.0000e+00 0.0000e+00 0.0000e+00
2.4868e+04 3.8620e-03 9.9614e-01 2.5038e-08 1.9770e-35 0.0000e+00 0.0000e+00 0.0000e+00 0.0000e+00 0.0000e+00 0.0000e+00
2.5699e+04 5.3128e-03 9.9469e-01 9.4878e-09 7.3422e-37 0.0000e+00 0.0000e+00 0.0000e+00 0.0000e+00 0.0000e+00 0.0000e+00
2.6588e+04 6.1256e-03 9.9387e-01 4.7921e-09 6.0806e-38 0.0000e+00 0.0000e+00 0.0000e+00 0.0000e+00 0.0000e+00 0.0000e+00
2.7638e+04 7.4408e-03 9.9256e-01 1.8418e-09 1.8412e-39 0.0000e+00 0.0000e+00 0.0000e+00 0.0000e+00 0.0000e+00 0.0000e+00
2.8987e+04 8.9238e-03 9.9108e-01 5.5359e-10 1.9848e-41 0.0000e+00 0.0000e+00 0.0000e+00 0.0000e+00 0.0000e+00 0.0000e+00
3.0652e+04 4.6885e-03 9.9531e-01 6.0240e-10 7.1368e-42 0.0000e+00 0.0000e+00 0.0000e+00 0.0000e+00 0.0000e+00 0.0000e+00
3.2516e+04 1.3279e-03 9.9867e-01 1.5169e-09 2.1921e-41 0.0000e+00 0.0000e+00 0.0000e+00 0.0000e+00 0.0000e+00 0.0000e+00
3.4459e+04 1.8958e-04 9.9981e-01 1.4639e-08 3.9696e-39 0.0000e+00 0.0000e+00 0.0000e+00 0.0000e+00 0.0000e+00 0.0000e+00
3.6371e+04 8.0260e-05 9.9992e-01 3.0091e-08 1.2532e-38 0.0000e+00 0.0000e+00 0.0000e+00 0.0000e+00 0.0000e+00 0.0000e+00
3.8150e+04 5.3378e-05 9.9995e-01 3.9661e-08 1.6521e-38 0.0000e+00 0.0000e+00 0.0000e+00 0.0000e+00 0.0000e+00 0.0000e+00
3.9750e+04 3.9854e-05 9.9996e-01 5.1236e-08 2.5565e-38 0.0000e+00 0.0000e+00 0.0000e+00 0.0000e+00 0.0000e+00 0.0000e+00
4.1174e+04 2.7347e-05 9.9997e-01 8.1302e-08 7.6916e-38 0.0000e+00 0.0000e+00 0.0000e+00 0.0000e+00 0.0000e+00 0.0000e+00
4.2468e+04 1.0256e-04 9.9990e-01 3.6455e-09 3.7036e-42 0.0000e+00 0.0000e+00 0.0000e+00 0.0000e+00 0.0000e+00 0.0000e+00
4.3688e+04 5.2254e-05 9.9995e-01 9.2632e-09 4.1057e-41 0.0000e+00 0.0000e+00 0.0000e+00 0.0000e+00 0.0000e+00 0.0000e+00
4.4884e+04 3.9676e-04 9.9960e-01 1.0317e-10 0.0000e+00 0.0000e+00 0.0000e+00 0.0000e+00 0.0000e+00 0.0000e+00 0.0000e+00
4.6084e+04 1.5384e-05 9.9998e-01 5.0956e-08 3.4084e-39 0.0000e+00 0.0000e+00 0.0000e+00 0.0000e+00 0.0000e+00 0.0000e+00
4.7294e+04 2.1478e-04 9.9979e-01 1.7158e-10 0.0000e+00 0.0000e+00 0.0000e+00 0.0000e+00 0.0000e+00 0.0000e+00 0.0000e+00
4.8516e+04 1.0067e-04 9.9990e-01 5.5226e-10 1.4013e-45 0.0000e+00 0.0000e+00 0.0000e+00 0.0000e+00 0.0000e+00 0.0000e+00
4.9754e+04 2.0394e-04 9.9980e-01 9.3117e-11 0.0000e+00 0.0000e+00 0.0000e+00 0.0000e+00 0.0000e+00 0.0000e+00 0.0000e+00
5.1012e+04 2.4627e-04 9.9975e-01 4.4431e-11 0.0000e+00 0.0000e+00 0.0000e+00 0.0000e+00 0.0000e+00 0.0000e+00 0.0000e+00
5.2292e+04 4.1489e-05 9.9996e-01 1.1192e-09 4.2039e-45 0.0000e+00 0.0000e+00 0.0000e+00 0.0000e+00 0.0000e+00 0.0000e+00
5.3596e+04 1.6233e-04 9.9984e-01 5.1675e-11 0.0000e+00 0.0000e+00 0.0000e+00 0.0000e+00 0.0000e+00 0.0000e+00 0.0000e+00
5.4921e+04 7.6774e-03 9.9232e-01 9.0660e-15 0.0000e+00 0.0000e+00 0.0000e+00 0.0000e+00 0.0000e+00 0.0000e+00 0.0000e+00
5.6265e+04 2.5537e-04 9.9974e-01 1.0251e-11 0.0000e+00 0.0000e+00 0.0000e+00 0.0000e+00 0.0000e+00 0.0000e+00 0.0000e+00
5.7622e+04 8.0541e-04 9.9919e-01 6.6994e-13 0.0000e+00 0.0000e+00 0.0000e+00 0.0000e+00 0.0000e+00 0.0000e+00 0.0000e+00
5.8985e+04 5.6622e-07 9.9999e-01 1.3078e-05 2.4657e-32 0.0000e+00 0.0000e+00 0.0000e+00 0.0000e+00 0.0000e+00 0.0000e+00
6.0341e+04 1.4743e-04 9.9985e-01 1.1686e-11 0.0000e+00 0.0000e+00 0.0000e+00 0.0000e+00 0.0000e+00 0.0000e+00 0.0000e+00
6.1676e+04 8.7585e-06 9.9999e-01 2.3376e-09 2.8026e-45 0.0000e+00 0.0000e+00 0.0000e+00 0.0000e+00 0.0000e+00 0.0000e+00
6.2975e+04 7.5491e-06 9.9999e-01 2.3308e-09 2.8026e-45 0.0000e+00 0.0000e+00 0.0000e+00 0.0000e+00 0.0000e+00 0.0000e+00
6.4219e+04 4.0317e-06 1.0000e+00 6.1580e-09 3.6434e-44 0.0000e+00 0.0000e+00 0.0000e+00 0.0000e+00 0.0000e+00 0.0000e+00
6.5388e+04 5.1390e-07 1.0000e+00 9.7721e-07 4.9338e-37 0.0000e+00 0.0000e+00 0.0000e+00 0.0000e+00 0.0000e+00 0.0000e+00
6.6461e+04 8.4445e-07 1.0000e+00 1.2535e-07 3.1143e-40 0.0000e+00 0.0000e+00 0.0000e+00 0.0000e+00 0.0000e+00 0.0000e+00
6.7422e+04 4.1052e-07 1.0000e+00 1.0974e-06 4.9573e-37 0.0000e+00 0.0000e+00 0.0000e+00 0.0000e+00 0.0000e+00 0.0000e+00
6.8257e+04 5.6829e-05 9.9994e-01 1.3988e-11 0.0000e+00 0.0000e+00 0.0000e+00 0.0000e+00 0.0000e+00 0.0000e+00 0.0000e+00
6.8960e+04 4.1997e-05 9.9996e-01 2.2181e-11 0.0000e+00 0.0000e+00 0.0000e+00 0.0000e+00 0.0000e+00 0.0000e+00 0.0000e+00
6.9475e+04 3.2979e-04 9.9967e-01 2.9343e-13 0.0000e+00 0.0000e+00 0.0000e+00 0.0000e+00 0.0000e+00 0.0000e+00 0.0000e+00
6.9758e+04 1.4611e-03 9.9854e-01 1.1940e-14 0.0000e+00 0.0000e+00 0.0000e+00 0.0000e+00 0.0000e+00 0.0000e+00 0.0000e+00
6.9886e+04 3.5286e-03 9.9647e-01 1.6312e-15 0.0000e+00 0.0000e+00 0.0000e+00 0.0000e+00 0.0000e+00 0.0000e+00 0.0000e+00
6.9950e+04 4.5352e-03 9.9546e-01 8.9088e-16 0.0000e+00 0.0000e+00 0.0000e+00 0.0000e+00 0.0000e+00 0.0000e+00 0.0000e+00
6.9982e+04 4.6107e-03 9.9539e-01 8.9999e-16 0.0000e+00 0.0000e+00 0.0000e+00 0.0000e+00 0.0000e+00 0.0000e+00 0.0000e+00
6.9996e+04 4.0638e-03 9.9594e-01 1.0251e-15 0.0000e+00 0.0000e+00 0.0000e+00 0.0000e+00 0.0000e+00 0.0000e+00 0.0000e+00
7.0000e+04 2.0233e-03 9.9798e-01 2.0618e-15 0.0000e+00 0.0000e+00 0.0000e+00 0.0000e+00 0.0000e+00 0.0000e+00 0.0000e+00
#
#TIME: 1.0313
#NVEL: 115
#vel_mid[km/s] temp[K] ne[/cm^3] ti0 ti1 ti2 ti3 ti4 ti5 ti6 ti7 ti8 ti9
4.4010e+02 1.6220e-40 3.9136e-31 1.0679e-22 2.8077e-15 1.1521e-08 2.4420e-04 1.2069e-01 8.2938e-01 4.9677e-02 9.3756e-06
8.8623e+02 2.5487e-28 7.3756e-21 2.4422e-14 7.8151e-09 4.0047e-04 1.1571e-01 8.0343e-01 8.0388e-02 7.3010e-05 2.1487e-10
9.0614e+02 2.6128e-28 7.5535e-21 2.4970e-14 7.9759e-09 4.0741e-04 1.1679e-01 8.0327e-01 7.9460e-02 7.1193e-05 2.0639e-10
9.4442e+02 2.6808e-28 7.7392e-21 2.5534e-14 8.1388e-09 4.1432e-04 1.1785e-01 8.0310e-01 7.8568e-02 6.9479e-05 1.9852e-10
9.9911e+02 2.6532e-28 7.6642e-21 2.5307e-14 8.0735e-09 4.1156e-04 1.1743e-01 8.0317e-01 7.8920e-02 7.0152e-05 2.0160e-10
1.0608e+03 2.6159e-28 7.5648e-21 2.5012e-14 7.9908e-09 4.0815e-04 1.1691e-01 8.0326e-01 7.9351e-02 7.0975e-05 2.0536e-10
1.1257e+03 2.5975e-28 7.5076e-21 2.4819e-14 7.9284e-09 4.0523e-04 1.1644e-01 8.0332e-01 7.9762e-02 7.1792e-05 2.0920e-10
1.1944e+03 2.3725e-28 6.8806e-21 2.2878e-14 7.3550e-09 3.8028e-04 1.1249e-01 8.0379e-01 8.3256e-02 7.8813e-05 2.4289e-10
1.2673e+03 1.7302e-28 5.0798e-21 1.7238e-14 5.6681e-09 3.0500e-04 9.9696e-02 8.0365e-01 9.6243e-02 1.0831e-04 4.0448e-10
1.3448e+03 4.2000e-29 1.3088e-21 4.8823e-15 1.7811e-09 1.1431e-04 5.7216e-02 7.7104e-01 1.7123e-01 4.0171e-04 3.3871e-09
1.4269e+03 2.1815e-30 7.6259e-23 3.4270e-16 1.5369e-10 1.3882e-05 1.5688e-02 5.6695e-01 4.1335e-01 3.9947e-03 1.6132e-07
1.5140e+03 6.6536e-32 2.6565e-24 1.4728e-17 8.3606e-12 1.0917e-06 2.8266e-03 2.7993e-01 6.8891e-01 2.8327e-02 5.6416e-06
1.6065e+03 2.9849e-33 1.3551e-25 9.0838e-19 6.3893e-13 1.1425e-07 5.6436e-04 1.2268e-01 7.7824e-01 9.8451e-02 6.7207e-05
1.7047e+03 1.6831e-34 8.4859e-27 6.6818e-20 5.6645e-14 1.3353e-08 1.1462e-04 4.9166e-02 7.1057e-01 2.3967e-01 4.7821e-04
1.8088e+03 6.4510e-36 3.6295e-28 3.3886e-21 3.5161e-15 1.1189e-09 1.6987e-05 1.4791e-02 5.0565e-01 4.7663e-01 2.9158e-03
1.9193e+03 1.4624e-37 9.3946e-30 1.0675e-22 1.3997e-16 6.2646e-11 1.7202e-06 3.1322e-03 2.6244e-01 7.2038e-01 1.4043e-02
2.0365e+03 2.1205e-39 1.5821e-31 2.2315e-24 3.7954e-18 2.4814e-12 1.2496e-07 4.8558e-04 1.0229e-01 8.4340e-01 5.3821e-02
2.1609e+03 2.3060e-41 2.0396e-33 3.6440e-26 8.2371e-20 8.1377e-14 7.5020e-09 6.1996e-05 3.2649e-02 8.0239e-01 1.6490e-01
2.2929e+03 1.9898e-43 2.1356e-35 4.9294e-28 1.5132e-21 2.3226e-15 3.8794e-10 6.6903e-06 8.5761e-03 6.0725e-01 3.8417e-01
2.4330e+03 1.4013e-45 2.0253e-37 5.9780e-30 2.4719e-23 5.8974e-17 1.7342e-11 6.0164e-07 1.8005e-03 3.5106e-01 6.4714e-01
2.5816e+03 0.0000e+00 2.9044e-39 1.0560e-31 5.6479e-25 2.0004e-18 9.5819e-13 6.0625e-08 3.7722e-04 1.7728e-01 8.2234e-01
2.7393e+03 0.0000e+00 1.0275e-40 4.4092e-33 2.8918e-26 1.4035e-19 9.7911e-14 9.7825e-09 1.0601e-04 9.7118e-02 9.0278e-01
2.9067e+03 0.0000e+00 1.0286e-41 5.0372e-34 3.8622e-27 2.3516e-20 2.1291e-14 2.8942e-09 4.5271e-05 6.4144e-02 9.3581e-01
3.0842e+03 0.0000e+00 3.0520e-42 1.6698e-34 1.4395e-27 1.0045e-20 1.0515e-14 1.6729e-09 3.1109e-05 5.3382e-02 9.4659e-01
3.2726e+03 0.0000e+00 2.9245e-42 1.7339e-34 1.6011e-27 1.1570e-20 1.2349e-14 1.9601e-09 3.5368e-05 5.6994e-02 9.4297e-01
3.4725e+03 0.0000e+00 7.4871e-42 4.6557e-34 4.3987e-27 3.0220e-20 2.9577e-14 4.0958e-09 6.0602e-05 7.4492e-02 9.2545e-01
3.6846e+03 0.0000e+00 4.9275e-41 3.1581e-33 2.9567e-26 1.7974e-19 1.4600e-13 1.5427e-08 1.5743e-04 1.1887e-01 8.8097e-01
3.9097e+03 0.0000e+00 5.6620e-40 3.7967e-32 3.5376e-25 1.8589e-18 1.1830e-12 8.7046e-08 5.4009e-04 2.1285e-01 7.8661e-01
4.1484e+03 0.0000e+00 5.7801e-39 3.8534e-31 3.4312e-24 1.5453e-17 7.6609e-12 3.9662e-07 1.5456e-03 3.3732e-01 6.6113e-01
4.4019e+03 0.0000e+00 2.1431e-38 1.3560e-30 1.1282e-23 4.5504e-17 1.9351e-11 8.2368e-07 2.5189e-03 4.0987e-01 5.8761e-01
4.6708e+03 0.0000e+00 1.2653e-38 8.3045e-31 7.1972e-24 3.0590e-17 1.3874e-11 6.3726e-07 2.1299e-03 3.8416e-01 6.1371e-01
4.9561e+03 0.0000e+00 2.7643e-39 2.0828e-31 2.0888e-24 1.0498e-17 5.7540e-12 3.2635e-07 1.3792e-03 3.2282e-01 6.7580e-01
5.2588e+03 0.0000e+00 7.4997e-40 6.4590e-32 7.4388e-25 4.3482e-18 2.8068e-12 1.8984e-07 9.7005e-04 2.7873e-01 7.2030e-01
5.5800e+03 0.0000e+00 4.0287e-40 3.7322e-32 4.6280e-25 2.9205e-18 2.0404e-12 1.4976e-07 8.3282e-04 2.6126e-01 7.3791e-01
5.9209e+03 0.0000e+00 4.3299e-40 4.2014e-32 5.4176e-25 3.4858e-18 2.4357e-12 1.7537e-07 9.3639e-04 2.7550e-01 7.2356e-01
6.2825e+03 0.0000e+00 7.2644e-40 7.3053e-32 9.6350e-25 6.1179e-18 4.0653e-12 2.6848e-07 1.2640e-03 3.1394e-01 6.8479e-01
6.6663e+03 0.0000e+00 1.6806e-39 1.7051e-31 2.2353e-24 1.3552e-17 8.2195e-12 4.7514e-07 1.8705e-03 3.6949e-01 6.2864e-01
7.0735e+03 0.0000e+00 5.6917e-39 5.7628e-31 7.3929e-24 4.1615e-17 2.1971e-11 1.0444e-06 3.1788e-03 4.5383e-01 5.4299e-01
7.5056e+03 0.0000e+00 3.0548e-38 3.1276e-30 3.9444e-23 2.0245e-16 8.7696e-11 3.1388e-06 6.5562e-03 5.8069e-01 4.1276e-01
7.9641e+03 0.0000e+00 2.4476e-37 2.4766e-29 2.9925e-22 1.3541e-15 4.5095e-10 1.1220e-05 1.4616e-02 7.1751e-01 2.6786e-01
8.4505e+03 5.6052e-45 3.0133e-36 2.8755e-28 3.1758e-21 1.2065e-14 2.8596e-09 4.5410e-05 3.3558e-02 8.2239e-01 1.4401e-01
8.9668e+03 1.6956e-43 8.9040e-35 7.7733e-27 7.5573e-20 2.2671e-13 3.2949e-08 2.7695e-04 9.2245e-02 8.5568e-01 5.1794e-02
9.5145e+03 2.0872e-41 1.0397e-32 7.8751e-25 6.3418e-18 1.3610e-11 9.3577e-07 3.0271e-03 3.0826e-01 6.8021e-01 8.5064e-03
1.0096e+04 1.0584e-38 4.7172e-30 2.8346e-22 1.7261e-15 2.3009e-09 5.1311e-05 4.0897e-02 7.4880e-01 2.0998e-01 2.7001e-04
1.0712e+04 2.7184e-35 1.0184e-26 4.3730e-19 1.8154e-12 1.2113e-06 4.6131e-03 4.2404e-01 5.6449e-01 6.8603e-03 2.7124e-07
1.1367e+04 3.4498e-31 9.4435e-23 2.4305e-15 5.6196e-09 1.2156e-03 2.5724e-01 7.2672e-01 1.4825e-02 1.2386e-06 1.8965e-13
1.2062e+04 3.1088e-27 5.4094e-19 7.5491e-12 7.1571e-06 2.7160e-01 7.1794e-01 1.0448e-02 4.0098e-07 1.9072e-14 6.7385e-25
1.2794e+04 8.9509e-25 9.5394e-17 7.8743e-10 2.2301e-04 9.8665e-01 1.3131e-02 3.2328e-07 6.3803e-15 3.6531e-26 5.0609e-41
1.3528e+04 8.4305e-23 5.7991e-15 3.0937e-08 2.1943e-03 9.9775e-01 5.3047e-05 1.6404e-12 1.1870e-23 5.3612e-39 0.0000e+00
1.4194e+04 1.5403e-20 6.9708e-13 2.2225e-06 2.9865e-02 9.7013e-01 9.2940e-08 1.3696e-18 1.1695e-33 0.0000e+00 0.0000e+00
1.4758e+04 4.9748e-18 1.6139e-10 2.6145e-04 4.4888e-01 5.5086e-01 2.0480e-11 2.2125e-26 0.0000e+00 0.0000e+00 0.0000e+00
1.5240e+04 7.7651e-16 1.5315e-08 7.8362e-03 9.7144e-01 2.0719e-02 7.0361e-17 1.0222e-36 0.0000e+00 0.0000e+00 0.0000e+00
1.5647e+04 9.6497e-14 1.0852e-06 1.3165e-01 8.6814e-01 2.0772e-04 2.8507e-23 0.0000e+00 0.0000e+00 0.0000e+00 0.0000e+00
1.5960e+04 7.2873e-12 3.9747e-05 8.1709e-01 1.8287e-01 2.5710e-07 3.9961e-31 0.0000e+00 0.0000e+00 0.0000e+00 0.0000e+00
1.6187e+04 1.3720e-10 3.5093e-04 9.9481e-01 4.8407e-03 1.8751e-11 5.4356e-41 0.0000e+00 0.0000e+00 0.0000e+00 0.0000e+00
1.6354e+04 2.1402e-09 2.5955e-03 9.9731e-01 9.1633e-05 7.2054e-16 0.0000e+00 0.0000e+00 0.0000e+00 0.0000e+00 0.0000e+00
1.6484e+04 5.1953e-08 2.5909e-02 9.7409e-01 7.7403e-07 3.3402e-21 0.0000e+00 0.0000e+00 0.0000e+00 0.0000e+00 0.0000e+00
1.6593e+04 9.4558e-07 2.0490e-01 7.9509e-01 4.7902e-09 8.0379e-27 0.0000e+00 0.0000e+00 0.0000e+00 0.0000e+00 0.0000e+00
1.6692e+04 5.6192e-06 6.3913e-01 3.6086e-01 2.7304e-11 3.5514e-32 0.0000e+00 0.0000e+00 0.0000e+00 0.0000e+00 0.0000e+00
1.6788e+04 9.3850e-06 8.2030e-01 1.7969e-01 1.3845e-12 4.0126e-35 0.0000e+00 0.0000e+00 0.0000e+00 0.0000e+00 0.0000e+00
1.6888e+04 1.2060e-05 8.9267e-01 1.0732e-01 1.9242e-13 4.8993e-37 0.0000e+00 0.0000e+00 0.0000e+00 0.0000e+00 0.0000e+00
1.6999e+04 1.4623e-05 9.3286e-01 6.7127e-02 3.4874e-14 1.1291e-38 0.0000e+00 0.0000e+00 0.0000e+00 0.0000e+00 0.0000e+00
1.7146e+04 1.7585e-05 9.5919e-01 4.0788e-02 5.9816e-15 2.3639e-40 0.0000e+00 0.0000e+00 0.0000e+00 0.0000e+00 0.0000e+00
1.7416e+04 2.6460e-05 9.8544e-01 1.4531e-02 1.8898e-16 1.4153e-43 0.0000e+00 0.0000e+00 0.0000e+00 0.0000e+00 0.0000e+00
1.7888e+04 4.9578e-05 9.9706e-01 2.8920e-03 9.5361e-19 0.0000e+00 0.0000e+00 0.0000e+00 0.0000e+00 0.0000e+00 0.0000e+00
1.8532e+04 1.1182e-04 9.9947e-01 4.1585e-04 1.9482e-21 0.0000e+00 0.0000e+00 0.0000e+00 0.0000e+00 0.0000e+00 0.0000e+00
1.9260e+04 2.4808e-04 9.9969e-01 6.0623e-05 4.0559e-24 0.0000e+00 0.0000e+00 0.0000e+00 0.0000e+00 0.0000e+00 0.0000e+00
2.0034e+04 4.5977e-04 9.9953e-01 1.2186e-05 2.1326e-26 0.0000e+00 0.0000e+00 0.0000e+00 0.0000e+00 0.0000e+00 0.0000e+00
2.0838e+04 8.4902e-04 9.9915e-01 2.4881e-06 1.1798e-28 0.0000e+00 0.0000e+00 0.0000e+00 0.0000e+00 0.0000e+00 0.0000e+00
2.1648e+04 1.4968e-03 9.9850e-01 5.7869e-07 1.0048e-30 0.0000e+00 0.0000e+00 0.0000e+00 0.0000e+00 0.0000e+00 0.0000e+00
2.2448e+04 2.3382e-03 9.9766e-01 1.6297e-07 1.4491e-32 0.0000e+00 0.0000e+00 0.0000e+00 0.0000e+00 0.0000e+00 0.0000e+00
2.3246e+04 3.3829e-03 9.9662e-01 5.3502e-08 3.3286e-34 0.0000e+00 0.0000e+00 0.0000e+00 0.0000e+00 0.0000e+00 0.0000e+00
2.4052e+04 4.6803e-03 9.9532e-01 2.0152e-08 1.2208e-35 0.0000e+00 0.0000e+00 0.0000e+00 0.0000e+00 0.0000e+00 0.0000e+00
2.4868e+04 5.9465e-03 9.9405e-01 9.3343e-09 8.7193e-37 0.0000e+00 0.0000e+00 0.0000e+00 0.0000e+00 0.0000e+00 0.0000e+00
2.5699e+04 7.3928e-03 9.9261e-01 4.4081e-09 6.4434e-38 0.0000e+00 0.0000e+00 0.0000e+00 0.0000e+00 0.0000e+00 0.0000e+00
2.6588e+04 8.3555e-03 9.9164e-01 2.3261e-09 6.1244e-39 0.0000e+00 0.0000e+00 0.0000e+00 0.0000e+00 0.0000e+00 0.0000e+00
2.7638e+04 8.4482e-03 9.9155e-01 1.3205e-09 6.1870e-40 0.0000e+00 0.0000e+00 0.0000e+00 0.0000e+00 0.0000e+00 0.0000e+00
2.8987e+04 7.4633e-03 9.9254e-01 7.6078e-10 4.9773e-41 0.0000e+00 0.0000e+00 0.0000e+00 0.0000e+00 0.0000e+00 0.0000e+00
3.0652e+04 5.0832e-03 9.9492e-01 4.7864e-10 3.3043e-42 0.0000e+00 0.0000e+00 0.0000e+00 0.0000e+00 0.0000e+00 0.0000e+00
3.2516e+04 1.9142e-03 9.9809e-01 6.7970e-10 1.7684e-42 0.0000e+00 0.0000e+00 0.0000e+00 0.0000e+00 0.0000e+00 0.0000e+00
3.4459e+04 5.9754e-04 9.9940e-01 1.3851e-09 2.8306e-42 0.0000e+00 0.0000e+00 0.0000e+00 0.0000e+00 0.0000e+00 0.0000e+00
3.6371e+04 2.7460e-04 9.9973e-01 2.3770e-09 5.0615e-42 0.0000e+00 0.0000e+00 0.0000e+00 0.0000e+00 0.0000e+00 0.0000e+00
3.8150e+04 3.0037e-04 9.9970e-01 1.1337e-09 2.9427e-43 0.0000e+00 0.0000e+00 0.0000e+00 0.0000e+00 0.0000e+00 0.0000e+00
3.9750e+04 2.6787e-04 9.9973e-01 1.0137e-09 1.4714e-43 0.0000e+00 0.0000e+00 0.0000e+00 0.0000e+00 0.0000e+00 0.0000e+00
4.1174e+04 1.6706e-04 9.9983e-01 1.8989e-09 7.1326e-43 0.0000e+00 0.0000e+00 0.0000e+00 0.0000e+00 0.0000e+00 0.0000e+00
