#NTIMES: 200
#NSTAGES: 10
#TIMES[d]: 0.9869 1.0089 1.0313 1.0543 1.0778 1.1018 1.1263 1.1514 1.1771 1.2033 1.2301 1.2575 1.2855 1.3142 1.3434 1.3734 1.4039 1.4352 1.4672 1.4999 1.5333 1.5674 1.6024 1.6381 1.6745 1.7118 1.7500 1.7890 1.8288 1.8696 1.9112 1.9538 1.9973 2.0418 2.0873 2.1338 2.1813 2.2299 2.2796 2.3303 2.3823 2.4353 2.4896 2.5450 2.6017 2.6597 2.7189 2.7795 2.8414 2.9047 2.9694 3.0356 3.1032 3.1723 3.2430 3.3152 3.3891 3.4646 3.5417 3.6206 3.7013 3.7837 3.8680 3.9542 4.0423 4.1323 4.2244 4.3185 4.4147 4.5130 4.6135 4.7163 4.8214 4.9288 5.0386 5.1508 5.2655 5.3828 5.5028 5.6253 5.7506 5.8787 6.0097 6.1436 6.2804 6.4203 6.5633 6.7096 6.8590 7.0118 7.1680 7.3277 7.4909 7.6578 7.8284 8.0028 8.1810 8.3633 8.5496 8.7400 8.9347 9.1337 9.3372 9.5452 9.7578 9.9752 10.1974 10.4246 10.6568 10.8942 11.1368 11.3849 11.6385 11.8978 12.1628 12.4338 12.7108 12.9939 13.2834 13.5793 13.8818 14.1910 14.5071 14.8303 15.1606 15.4983 15.8436 16.1965 16.5573 16.9261 17.3032 17.6886 18.0827 18.4855 18.8973 19.3182 19.7486 20.1885 20.6382 21.0979 21.5679 22.0484 22.5395 23.0416 23.5549 24.0796 24.6160 25.1644 25.7249 26.2980 26.8838 27.4826 28.0949 28.7207 29.3605 30.0145 30.6831 31.3666 32.0654 32.7796 33.5098 34.2563 35.0194 35.7995 36.5970 37.4122 38.2456 39.0976 39.9685 40.8589 41.7690 42.6995 43.6507 44.6230 45.6171 46.6332 47.6720 48.7340 49.8196 50.9294 52.0639 53.2236 54.4093 55.6213 56.8603 58.1269 59.4218 60.7455 62.0986 63.4819 64.8961 66.3417 67.8195 69.3303 70.8747 72.4535 74.0675 75.7174 77.4041 79.1284
#
#TIME: 0.9869
#NVEL: 115
#vel_mid[km/s] temp[K] ne[/cm^3] ca0 ca1 ca2 ca3 ca4 ca5 ca6 ca7 ca8 ca9
4.4010e+02 1.0576e-41 3.0715e-32 4.9051e-24 1.0170e-16 1.8250e-10 1.1050e-05 1.5173e-02 4.6424e-01 5.1851e-01 2.0655e-03
8.8623e+02 1.8469e-28 6.3081e-21 1.1847e-14 2.8888e-09 6.0963e-05 4.3409e-02 7.0099e-01 2.5223e-01 3.3131e-03 1.5521e-07
9.0614e+02 1.8418e-28 6.2935e-21 1.1825e-14 2.8847e-09 6.0902e-05 4.3385e-02 7.0092e-01 2.5231e-01 3.3157e-03 1.5540e-07
9.4442e+02 1.8419e-28 6.2936e-21 1.1825e-14 2.8847e-09 6.0903e-05 4.3386e-02 7.0092e-01 2.5231e-01 3.3157e-03 1.5540e-07
9.9911e+02 1.8367e-28 6.2771e-21 1.1798e-14 2.8788e-09 6.0807e-05 4.3344e-02 7.0078e-01 2.5249e-01 3.3213e-03 1.5586e-07
1.0608e+03 1.8160e-28 6.2114e-21 1.1690e-14 2.8562e-09 6.0444e-05 4.3188e-02 7.0026e-01 2.5315e-01 3.3422e-03 1.5753e-07
1.1257e+03 1.7753e-28 6.0722e-21 1.1447e-14 2.8021e-09 5.9530e-05 4.2776e-02 6.9879e-01 2.5497e-01 3.4017e-03 1.6245e-07
1.1944e+03 1.6183e-28 5.5485e-21 1.0548e-14 2.6041e-09 5.6196e-05 4.1269e-02 6.9329e-01 2.6175e-01 3.6280e-03 1.8166e-07
1.2673e+03 1.0989e-28 3.8113e-21 7.5084e-15 1.9220e-09 4.4252e-05 3.5537e-02 6.6930e-01 2.9042e-01 4.7020e-03 2.8530e-07
1.3448e+03 2.1360e-29 7.8077e-22 1.7915e-15 5.3302e-10 1.5962e-05 1.8409e-02 5.5032e-01 4.1857e-01 1.2675e-02 1.6627e-06
1.4269e+03 6.8030e-31 2.7525e-23 8.6199e-17 3.4339e-11 1.6955e-06 3.9200e-03 2.8608e-01 6.4435e-01 6.5603e-02 3.7981e-05
1.5140e+03 1.2655e-32 5.7688e-25 2.5597e-18 1.4000e-12 1.1491e-07 5.3923e-04 9.7907e-02 6.6704e-01 2.3391e-01 6.0593e-04
1.6065e+03 3.6464e-34 1.8722e-26 1.1262e-19 8.1331e-14 1.0041e-08 8.2562e-05 3.0808e-02 5.0116e-01 4.6410e-01 3.8428e-03
1.7047e+03 1.3342e-35 7.5471e-28 5.9292e-21 5.4716e-15 9.5679e-10 1.2728e-05 8.8774e-03 3.0838e-01 6.6754e-01 1.5192e-02
1.8088e+03 3.3861e-37 2.1201e-29 2.2159e-22 2.6697e-16 6.7056e-11 1.4672e-06 1.9657e-03 1.5093e-01 7.9527e-01 5.1842e-02
1.9193e+03 5.5327e-39 3.9246e-31 5.6371e-24 9.2117e-18 3.4187e-12 1.2611e-07 3.3513e-04 5.8989e-02 7.8803e-01 1.5265e-01
2.0365e+03 6.0095e-41 4.9072e-33 9.9138e-26 2.2664e-19 1.2699e-13 8.0058e-09 4.3044e-05 1.7776e-02 6.1855e-01 3.6363e-01
2.1609e+03 4.4842e-43 4.3003e-35 1.2444e-27 4.0880e-21 3.5186e-15 3.7984e-10 4.1319e-06 3.9946e-03 3.6116e-01 6.3484e-01
2.2929e+03 2.8026e-45 3.0030e-37 1.2618e-29 6.0852e-23 8.1538e-17 1.4993e-11 3.2528e-07 7.2076e-04 1.6523e-01 8.3405e-01
2.4330e+03 0.0000e+00 2.1938e-39 1.3214e-31 9.3004e-25 1.9218e-18 5.8733e-13 2.4606e-08 1.2057e-04 6.7550e-02 9.3233e-01
2.5816e+03 0.0000e+00 2.9640e-41 2.4336e-33 2.3851e-26 7.2058e-20 3.4073e-14 2.5090e-09 2.4361e-05 2.9588e-02 9.7039e-01
2.7393e+03 0.0000e+00 1.0916e-42 1.1407e-34 1.4507e-27 5.9042e-21 3.9046e-15 4.4077e-10 7.1779e-06 1.5664e-02 9.8433e-01
2.9067e+03 0.0000e+00 1.1491e-43 1.4356e-35 2.2088e-28 1.1132e-21 9.3107e-16 1.4024e-10 3.2181e-06 1.0324e-02 9.8967e-01
3.0842e+03 0.0000e+00 3.5032e-44 4.9379e-36 8.6119e-29 4.9503e-22 4.7471e-16 8.3105e-11 2.2480e-06 8.5961e-03 9.9140e-01
3.2726e+03 0.0000e+00 3.3631e-44 4.9914e-36 9.1523e-29 5.4678e-22 5.3951e-16 9.4709e-11 2.5013e-06 9.1456e-03 9.9085e-01
3.4725e+03 0.0000e+00 8.4078e-44 1.2498e-35 2.2539e-28 1.2917e-21 1.1948e-15 1.8553e-10 4.0872e-06 1.1912e-02 9.8808e-01
3.6846e+03 0.0000e+00 5.1288e-43 7.2686e-35 1.2259e-27 6.3219e-21 5.0583e-15 6.1747e-10 9.7447e-06 1.8954e-02 9.8104e-01
3.9097e+03 0.0000e+00 5.3319e-42 7.1508e-34 1.1169e-26 5.0757e-20 3.3727e-14 2.9984e-09 3.0491e-05 3.4871e-02 9.6510e-01
4.1484e+03 0.0000e+00 5.2062e-41 6.3933e-33 9.0236e-26 3.5568e-19 1.9382e-13 1.2637e-08 8.5211e-05 5.9988e-02 9.3993e-01
4.4019e+03 0.0000e+00 1.9705e-40 2.2202e-32 2.8630e-25 1.0136e-18 4.8393e-13 2.6389e-08 1.4280e-04 7.8280e-02 9.2158e-01
4.6708e+03 0.0000e+00 1.1288e-40 1.3330e-32 1.8035e-25 6.7326e-19 3.4137e-13 2.0034e-08 1.1806e-04 7.1090e-02 9.2879e-01
4.9561e+03 0.0000e+00 2.3647e-41 3.2616e-33 5.1658e-26 2.2770e-19 1.3806e-13 9.9204e-09 7.3097e-05 5.5886e-02 9.4404e-01
5.2588e+03 0.0000e+00 6.0256e-42 9.6157e-34 1.7647e-26 9.0620e-20 6.4513e-14 5.5240e-09 4.9146e-05 4.5809e-02 9.5414e-01
5.5800e+03 0.0000e+00 3.2804e-42 5.6325e-34 1.1123e-26 6.1500e-20 4.7190e-14 4.3633e-09 4.1991e-05 4.2389e-02 9.5757e-01
5.9209e+03 0.0000e+00 3.5439e-42 6.2644e-34 1.2710e-26 7.1629e-20 5.5371e-14 5.0456e-09 4.6924e-05 4.5123e-02 9.5483e-01
6.2825e+03 0.0000e+00 5.9920e-42 1.0648e-33 2.1642e-26 1.2037e-19 8.9852e-14 7.5934e-09 6.3188e-05 5.2966e-02 9.4697e-01
6.6663e+03 0.0000e+00 1.4166e-41 2.4531e-33 4.8413e-26 2.5700e-19 1.7833e-13 1.3371e-08 9.4728e-05 6.5607e-02 9.3430e-01
7.0735e+03 0.0000e+00 5.0637e-41 8.3493e-33 1.5633e-25 7.6882e-19 4.7608e-13 2.9900e-08 1.6783e-04 8.8465e-02 9.1137e-01
7.5056e+03 0.0000e+00 3.0045e-40 4.6748e-32 8.2344e-25 3.6714e-18 1.9414e-12 9.4694e-08 3.7991e-04 1.3484e-01 8.6478e-01
7.9641e+03 0.0000e+00 2.9054e-39 4.1203e-31 6.6146e-24 2.5663e-17 1.0945e-11 3.8515e-07 1.0114e-03 2.1922e-01 7.7977e-01
8.4505e+03 0.0000e+00 4.6786e-38 5.7301e-30 7.9779e-23 2.5408e-16 8.1349e-11 1.9045e-06 2.9919e-03 3.6003e-01 6.3698e-01
8.9668e+03 2.8026e-45 1.9449e-36 1.9329e-28 2.2113e-21 5.3145e-15 1.1254e-09 1.4791e-05 1.1277e-02 5.9499e-01 3.9372e-01
9.5145e+03 5.7874e-43 3.2675e-34 2.3801e-26 2.0550e-19 3.2212e-13 3.6285e-08 2.0131e-04 5.2525e-02 8.2126e-01 1.2601e-01
1.0096e+04 6.4250e-40 3.3039e-31 1.5263e-23 8.7926e-17 7.1374e-11 3.0936e-06 4.8364e-03 2.6536e-01 7.1670e-01 1.3096e-02
1.0712e+04 6.2259e-36 2.7748e-27 6.9107e-20 2.2357e-13 6.3815e-08 6.2485e-04 1.4110e-01 7.2188e-01 1.3630e-01 9.4092e-05
1.1367e+04 4.1435e-31 1.4142e-22 1.6341e-15 1.9356e-09 9.2618e-05 8.0098e-02 8.2188e-01 9.7656e-02 2.7628e-04 9.8666e-10
1.2062e+04 5.4307e-26 1.2455e-17 7.8644e-11 1.4426e-05 4.0875e-02 8.7444e-01 8.4640e-02 3.5821e-05 1.8603e-10 2.1334e-19
1.2794e+04 9.2126e-22 1.3667e-13 6.4641e-07 9.1504e-03 7.9646e-01 1.9432e-01 6.7768e-05 3.3528e-11 8.6928e-20 5.4572e-33
1.3528e+04 8.8018e-19 8.7517e-11 3.3736e-04 3.0674e-01 6.9133e-01 1.5993e-03 1.5823e-09 7.2034e-19 6.5902e-31 0.0000e+00
1.4194e+04 1.2704e-16 8.4252e-09 2.4442e-02 9.4367e-01 3.1888e-02 3.5682e-07 4.2405e-16 6.6871e-29 7.0065e-45 0.0000e+00
1.4758e+04 6.4155e-15 2.9605e-07 5.6703e-01 4.3290e-01 7.7434e-05 1.1226e-12 2.9262e-25 2.2127e-42 0.0000e+00 0.0000e+00
1.5240e+04 4.4961e-14 1.2190e-06 9.9387e-01 6.1323e-03 1.8882e-09 9.2101e-21 9.7529e-38 0.0000e+00 0.0000e+00 0.0000e+00
1.5647e+04 2.5628e-13 3.8394e-06 9.9996e-01 3.4269e-05 1.1544e-14 1.1213e-29 0.0000e+00 0.0000e+00 0.0000e+00 0.0000e+00
1.5960e+04 2.1524e-12 1.6164e-05 9.9998e-01 9.5080e-08 1.4501e-20 9.6095e-40 0.0000e+00 0.0000e+00 0.0000e+00 0.0000e+00
1.6187e+04 2.1891e-11 8.2440e-05 9.9992e-01 1.0946e-10 2.3285e-27 0.0000e+00 0.0000e+00 0.0000e+00 0.0000e+00 0.0000e+00
1.6354e+04 2.5121e-10 4.8271e-04 9.9952e-01 5.0408e-14 4.2999e-35 0.0000e+00 0.0000e+00 0.0000e+00 0.0000e+00 0.0000e+00
1.6484e+04 3.3478e-09 3.2162e-03 9.9678e-01 8.9761e-18 8.4078e-44 0.0000e+00 0.0000e+00 0.0000e+00 0.0000e+00 0.0000e+00
1.6593e+04 2.8417e-08 1.6070e-02 9.8393e-01 2.8583e-21 0.0000e+00 0.0000e+00 0.0000e+00 0.0000e+00 0.0000e+00 0.0000e+00
1.6692e+04 1.3580e-07 5.2725e-02 9.4728e-01 4.3385e-24 0.0000e+00 0.0000e+00 0.0000e+00 0.0000e+00 0.0000e+00 0.0000e+00
1.6788e+04 3.5021e-07 1.1188e-01 8.8812e-01 3.5018e-26 0.0000e+00 0.0000e+00 0.0000e+00 0.0000e+00 0.0000e+00 0.0000e+00
1.6888e+04 6.6726e-07 1.8667e-01 8.1333e-01 8.6494e-28 0.0000e+00 0.0000e+00 0.0000e+00 0.0000e+00 0.0000e+00 0.0000e+00
1.6999e+04 1.1385e-06 2.7991e-01 7.2009e-01 3.3720e-29 0.0000e+00 0.0000e+00 0.0000e+00 0.0000e+00 0.0000e+00 0.0000e+00
1.7146e+04 1.8703e-06 3.9798e-01 6.0201e-01 1.2996e-30 0.0000e+00 0.0000e+00 0.0000e+00 0.0000e+00 0.0000e+00 0.0000e+00
1.7416e+04 3.5858e-06 5.9352e-01 4.0647e-01 1.0902e-32 0.0000e+00 0.0000e+00 0.0000e+00 0.0000e+00 0.0000e+00 0.0000e+00
1.7888e+04 9.1130e-06 8.6448e-01 1.3552e-01 1.7593e-36 0.0000e+00 0.0000e+00 0.0000e+00 0.0000e+00 0.0000e+00 0.0000e+00
1.8532e+04 2.0723e-05 9.7134e-01 2.8642e-02 1.0160e-40 0.0000e+00 0.0000e+00 0.0000e+00 0.0000e+00 0.0000e+00 0.0000e+00
1.9260e+04 3.9640e-05 9.9360e-01 6.3576e-03 1.1210e-44 0.0000e+00 0.0000e+00 0.0000e+00 0.0000e+00 0.0000e+00 0.0000e+00
2.0034e+04 6.8800e-05 9.9837e-01 1.5614e-03 0.0000e+00 0.0000e+00 0.0000e+00 0.0000e+00 0.0000e+00 0.0000e+00 0.0000e+00
2.0838e+04 1.1247e-04 9.9946e-01 4.3202e-04 0.0000e+00 0.0000e+00 0.0000e+00 0.0000e+00 0.0000e+00 0.0000e+00 0.0000e+00
2.1648e+04 1.7794e-04 9.9969e-01 1.3221e-04 0.0000e+00 0.0000e+00 0.0000e+00 0.0000e+00 0.0000e+00 0.0000e+00 0.0000e+00
2.2448e+04 2.5872e-04 9.9970e-01 4.5037e-05 0.0000e+00 0.0000e+00 0.0000e+00 0.0000e+00 0.0000e+00 0.0000e+00 0.0000e+00
2.3246e+04 3.5864e-04 9.9962e-01 1.6629e-05 0.0000e+00 0.0000e+00 0.0000e+00 0.0000e+00 0.0000e+00 0.0000e+00 0.0000e+00
2.4052e+04 4.8746e-04 9.9951e-01 6.6379e-06 0.0000e+00 0.0000e+00 0.0000e+00 0.0000e+00 0.0000e+00 0.0000e+00 0.0000e+00
2.4868e+04 6.2982e-04 9.9937e-01 3.0230e-06 0.0000e+00 0.0000e+00 0.0000e+00 0.0000e+00 0.0000e+00 0.0000e+00 0.0000e+00
2.5699e+04 7.4925e-04 9.9925e-01 1.5967e-06 0.0000e+00 0.0000e+00 0.0000e+00 0.0000e+00 0.0000e+00 0.0000e+00 0.0000e+00
2.6588e+04 8.2699e-04 9.9917e-01 9.0095e-07 0.0000e+00 0.0000e+00 0.0000e+00 0.0000e+00 0.0000e+00 0.0000e+00 0.0000e+00
2.7638e+04 9.4578e-04 9.9905e-01 4.0107e-07 0.0000e+00 0.0000e+00 0.0000e+00 0.0000e+00 0.0000e+00 0.0000e+00 0.0000e+00
2.8987e+04 1.2000e-03 9.9880e-01 1.0845e-07 0.0000e+00 0.0000e+00 0.0000e+00 0.0000e+00 0.0000e+00 0.0000e+00 0.0000e+00
3.0652e+04 6.6146e-04 9.9934e-01 1.1125e-07 0.0000e+00 0.0000e+00 0.0000e+00 0.0000e+00 0.0000e+00 0.0000e+00 0.0000e+00
3.2516e+04 2.0279e-04 9.9980e-01 2.4924e-07 0.0000e+00 0.0000e+00 0.0000e+00 0.0000e+00 0.0000e+00 0.0000e+00 0.0000e+00
3.4459e+04 4.1579e-05 9.9996e-01 1.1882e-06 0.0000e+00 0.0000e+00 0.0000e+00 0.0000e+00 0.0000e+00 0.0000e+00 0.0000e+00
3.6371e+04 1.2074e-05 9.9998e-01 5.0913e-06 0.0000e+00 0.0000e+00 0.0000e+00 0.0000e+00 0.0000e+00 0.0000e+00 0.0000e+00
3.8150e+04 5.0438e-06 9.9998e-01 1.6768e-05 0.0000e+00 0.0000e+00 0.0000e+00 0.0000e+00 0.0000e+00 0.0000e+00 0.0000e+00
3.9750e+04 3.3431e-06 9.9997e-01 2.7440e-05 0.0000e+00 0.0000e+00 0.0000e+00 0.0000e+00 0.0000e+00 0.0000e+00 0.0000e+00
4.1174e+04 3.0910e-06 9.9997e-01 2.3211e-05 0.0000e+00 0.0000e+00 0.0000e+00 0.0000e+00 0.0000e+00 0.0000e+00 0.0000e+00
4.2468e+04 3.9161e-06 9.9999e-01 9.8532e-06 0.0000e+00 0.0000e+00 0.0000e+00 0.0000e+00 0.0000e+00 0.0000e+00 0.0000e+00
4.3688e+04 6.7015e-06 9.9999e-01 2.2922e-06 0.0000e+00 0.0000e+00 0.0000e+00 0.0000e+00 0.0000e+00 0.0000e+00 0.0000e+00
4.4884e+04 1.3561e-05 9.9999e-01 3.7916e-07 0.0000e+00 0.0000e+00 0.0000e+00 0.0000e+00 0.0000e+00 0.0000e+00 0.0000e+00
4.6084e+04 2.6169e-05 9.9997e-01 6.8595e-08 0.0000e+00 0.0000e+00 0.0000e+00 0.0000e+00 0.0000e+00 0.0000e+00 0.0000e+00
4.7294e+04 2.3974e-05 9.9998e-01 5.7184e-08 0.0000e+00 0.0000e+00 0.0000e+00 0.0000e+00 0.0000e+00 0.0000e+00 0.0000e+00
4.8516e+04 1.8839e-05 9.9998e-01 6.5722e-08 0.0000e+00 0.0000e+00 0.0000e+00 0.0000e+00 0.0000e+00 0.0000e+00 0.0000e+00
4.9754e+04 1.4439e-05 9.9999e-01 7.9702e-08 0.0000e+00 0.0000e+00 0.0000e+00 0.0000e+00 0.0000e+00 0.0000e+00 0.0000e+00
5.1012e+04 1.0830e-05 9.9999e-01 1.0107e-07 0.0000e+00 0.0000e+00 0.0000e+00 0.0000e+00 0.0000e+00 0.0000e+00 0.0000e+00
5.2292e+04 8.0635e-06 9.9999e-01 1.3031e-07 0.0000e+00 0.0000e+00 0.0000e+00 0.0000e+00 0.0000e+00 0.0000e+00 0.0000e+00
5.3596e+04 5.9855e-06 9.9999e-01 1.6865e-07 0.0000e+00 0.0000e+00 0.0000e+00 0.0000e+00 0.0000e+00 0.0000e+00 0.0000e+00
5.4921e+04 4.4373e-06 1.0000e+00 2.1899e-07 0.0000e+00 0.0000e+00 0.0000e+00 0.0000e+00 0.0000e+00 0.0000e+00 0.0000e+00
5.6265e+04 3.2860e-06 1.0000e+00 2.8490e-07 0.0000e+00 0.0000e+00 0.0000e+00 0.0000e+00 0.0000e+00 0.0000e+00 0.0000e+00
5.7622e+04 2.4333e-06 1.0000e+00 3.7104e-07 0.0000e+00 0.0000e+00 0.0000e+00 0.0000e+00 0.0000e+00 0.0000e+00 0.0000e+00
5.8985e+04 1.8094e-06 1.0000e+00 4.8115e-07 0.0000e+00 0.0000e+00 0.0000e+00 0.0000e+00 0.0000e+00 0.0000e+00 0.0000e+00
6.0341e+04 1.3514e-06 1.0000e+00 6.2242e-07 0.0000e+00 0.0000e+00 0.0000e+00 0.0000e+00 0.0000e+00 0.0000e+00 0.0000e+00
6.1676e+04 1.0207e-06 1.0000e+00 7.9616e-07 0.0000e+00 0.0000e+00 0.0000e+00 0.0000e+00 0.0000e+00 0.0000e+00 0.0000e+00
6.2975e+04 7.7904e-07 1.0000e+00 1.0098e-06 0.0000e+00 0.0000e+00 0.0000e+00 0.0000e+00 0.0000e+00 0.0000e+00 0.0000e+00
6.4219e+04 6.0427e-07 1.0000e+00 1.2628e-06 0.0000e+00 0.0000e+00 0.0000e+00 0.0000e+00 0.0000e+00 0.0000e+00 0.0000e+00
6.5388e+04 4.7813e-07 1.0000e+00 1.5513e-06 0.0000e+00 0.0000e+00 0.0000e+00 0.0000e+00 0.0000e+00 0.0000e+00 0.0000e+00
6.6461e+04 3.8694e-07 1.0000e+00 1.8670e-06 0.0000e+00 0.0000e+00 0.0000e+00 0.0000e+00 0.0000e+00 0.0000e+00 0.0000e+00
6.7422e+04 3.2119e-07 1.0000e+00 2.1976e-06 0.0000e+00 0.0000e+00 0.0000e+00 0.0000e+00 0.0000e+00 0.0000e+00 0.0000e+00
6.8257e+04 2.7395e-07 1.0000e+00 2.5252e-06 0.0000e+00 0.0000e+00 0.0000e+00 0.0000e+00 0.0000e+00 0.0000e+00 0.0000e+00
6.8960e+04 2.4003e-07 1.0000e+00 2.8366e-06 0.0000e+00 0.0000e+00 0.0000e+00 0.0000e+00 0.0000e+00 0.0000e+00 0.0000e+00
6.9475e+04 2.1601e-07 1.0000e+00 3.1088e-06 0.0000e+00 0.0000e+00 0.0000e+00 0.0000e+00 0.0000e+00 0.0000e+00 0.0000e+00
6.9758e+04 2.0646e-07 1.0000e+00 3.2321e-06 0.0000e+00 0.0000e+00 0.0000e+00 0.0000e+00 0.0000e+00 0.0000e+00 0.0000e+00
6.9886e+04 2.0386e-07 1.0000e+00 3.2629e-06 0.0000e+00 0.0000e+00 0.0000e+00 0.0000e+00 0.0000e+00 0.0000e+00 0.0000e+00
6.9950e+04 2.0004e-07 1.0000e+00 3.3146e-06 0.0000e+00 0.0000e+00 0.0000e+00 0.0000e+00 0.0000e+00 0.0000e+00 0.0000e+00
6.9982e+04 2.1050e-07 1.0000e+00 3.1432e-06 0.0000e+00 0.0000e+00 0.0000e+00 0.0000e+00 0.0000e+00 0.0000e+00 0.0000e+00
6.9996e+04 1.7907e-07 1.0000e+00 3.6870e-06 0.0000e+00 0.0000e+00 0.0000e+00 0.0000e+00 0.0000e+00 0.0000e+00 0.0000e+00
7.0000e+04 7.4067e-08 9.9999e-01 8.9138e-06 0.0000e+00 0.0000e+00 0.0000e+00 0.0000e+00 0.0000e+00 0.0000e+00 0.0000e+00
#
#TIME: 1.0089
#NVEL: 115
#vel_mid[km/s] temp[K] ne[/cm^3] ca0 ca1 ca2 ca3 ca4 ca5 ca6 ca7 ca8 ca9
4.4010e+02 6.4978e-42 2.0117e-32 3.4261e-24 7.5755e-17 1.4502e-10 9.3700e-06 1.3735e-02 4.4871e-01 5.3527e-01 2.2784e-03
8.8623e+02 7.9872e-29 2.9639e-21 6.1974e-15 1.6836e-09 4.0754e-05 3.4131e-02 6.6492e-01 2.9602e-01 4.8909e-03 2.9923e-07
9.0614e+02 8.1868e-29 3.0358e-21 6.3336e-15 1.7167e-09 4.1386e-05 3.4464e-02 6.6655e-01 2.9413e-01 4.8119e-03 2.9081e-07
9.4442e+02 8.2061e-29 3.0427e-21 6.3464e-15 1.7198e-09 4.1443e-05 3.4494e-02 6.6670e-01 2.9396e-01 4.8049e-03 2.9008e-07
9.9911e+02 8.2332e-29 3.0524e-21 6.3648e-15 1.7242e-09 4.1528e-05 3.4539e-02 6.6691e-01 2.9371e-01 4.7946e-03 2.8899e-07
1.0608e+03 8.0799e-29 2.9990e-21 6.2661e-15 1.7010e-09 4.1094e-05 3.4315e-02 6.6585e-01 2.9495e-01 4.8458e-03 2.9435e-07
1.1257e+03 7.9583e-29 2.9529e-21 6.1758e-15 1.6781e-09 4.0646e-05 3.4073e-02 6.6463e-01 2.9635e-01 4.9053e-03 3.0079e-07
1.1944e+03 7.2077e-29 2.6812e-21 5.6576e-15 1.5512e-09 3.8193e-05 3.2755e-02 6.5792e-01 3.0405e-01 5.2381e-03 3.3751e-07
1.2673e+03 4.9459e-29 1.8595e-21 4.0602e-15 1.1521e-09 3.0171e-05 2.8183e-02 6.3159e-01 3.3353e-01 6.6691e-03 5.1664e-07
1.3448e+03 9.4999e-30 3.7586e-22 9.5497e-16 3.1423e-10 1.0663e-05 1.4244e-02 5.0426e-01 4.6422e-01 1.7260e-02 2.8686e-06
1.4269e+03 2.9406e-31 1.2847e-23 4.4472e-17 1.9526e-11 1.0853e-06 2.8844e-03 2.4718e-01 6.6732e-01 8.2552e-02 5.9733e-05
1.5140e+03 5.2133e-33 2.5644e-25 1.2577e-18 7.5770e-13 6.9750e-08 3.7463e-04 7.9499e-02 6.4571e-01 2.7354e-01 8.7838e-04
1.6065e+03 1.4491e-34 8.0258e-27 5.3341e-20 4.2422e-14 5.8572e-09 5.4898e-05 2.3833e-02 4.5968e-01 5.1123e-01 5.2045e-03
1.7047e+03 5.1775e-36 3.1594e-28 2.7409e-21 2.7856e-15 5.4346e-10 8.2100e-06 6.6324e-03 2.7170e-01 7.0217e-01 1.9490e-02
1.8088e+03 1.2786e-37 8.6466e-30 9.9862e-23 1.3269e-16 3.7158e-11 9.2127e-07 1.4257e-03 1.2865e-01 8.0620e-01 6.3729e-02
1.9193e+03 2.0308e-39 1.5585e-31 2.4759e-24 4.4705e-18 1.8497e-12 7.7166e-08 2.3628e-04 4.8711e-02 7.7099e-01 1.8006e-01
2.0365e+03 2.1211e-41 1.8761e-33 4.1944e-26 1.0611e-19 6.6293e-14 4.7182e-09 2.9163e-05 1.4067e-02 5.7812e-01 4.0778e-01
2.1609e+03 1.5414e-43 1.5967e-35 5.1082e-28 1.8567e-21 1.7799e-15 2.1627e-10 2.6945e-06 3.0292e-03 3.2201e-01 6.7496e-01
2.2929e+03 1.4013e-45 1.1223e-37 5.1973e-30 2.7671e-23 4.1176e-17 8.4811e-12 2.0947e-07 5.3612e-04 1.4347e-01 8.5599e-01
2.4330e+03 0.0000e+00 8.3779e-40 5.5471e-32 4.3012e-25 9.8461e-19 3.3568e-13 1.5923e-08 8.9566e-05 5.8195e-02 9.4172e-01
2.5816e+03 0.0000e+00 1.1304e-41 1.0208e-33 1.1033e-26 3.6962e-20 1.9494e-14 1.6235e-09 1.8068e-05 2.5411e-02 9.7457e-01
2.7393e+03 0.0000e+00 4.1198e-43 4.7351e-35 6.6538e-28 3.0093e-21 2.2231e-15 2.8407e-10 5.3068e-06 1.3422e-02 9.8657e-01
2.9067e+03 0.0000e+00 4.3440e-44 5.8873e-36 1.0026e-28 5.6257e-22 5.2648e-16 8.9889e-11 2.3698e-06 8.8267e-03 9.9117e-01
3.0842e+03 0.0000e+00 1.2612e-44 1.9985e-36 3.8630e-29 2.4759e-22 2.6607e-16 5.2891e-11 1.6471e-06 7.3296e-03 9.9267e-01
3.2726e+03 0.0000e+00 1.2612e-44 1.9779e-36 4.0256e-29 2.6863e-22 2.9768e-16 5.9517e-11 1.8164e-06 7.7614e-03 9.9224e-01
3.4725e+03 0.0000e+00 2.9427e-44 4.8564e-36 9.7310e-29 6.2363e-22 6.4904e-16 1.1513e-10 2.9418e-06 1.0062e-02 9.8994e-01
3.6846e+03 0.0000e+00 1.8077e-43 2.8288e-35 5.2947e-28 3.0495e-21 2.7438e-15 3.8275e-10 7.0098e-06 1.6008e-02 9.8399e-01
3.9097e+03 0.0000e+00 1.9380e-42 2.8680e-34 4.9530e-27 2.5036e-20 1.8645e-14 1.8878e-09 2.2189e-05 2.9652e-02 9.7033e-01
4.1484e+03 0.0000e+00 1.9837e-41 2.6781e-33 4.1621e-26 1.8164e-19 1.1046e-13 8.1599e-09 6.3185e-05 5.1590e-02 9.4835e-01
4.4019e+03 0.0000e+00 7.6221e-41 9.4323e-33 1.3376e-25 5.2364e-19 2.7866e-13 1.7191e-08 1.0663e-04 6.7646e-02 9.3225e-01
4.6708e+03 0.0000e+00 4.3891e-41 5.6905e-33 8.4645e-26 3.4924e-19 1.9726e-13 1.3085e-08 8.8292e-05 6.1451e-02 9.3846e-01
4.9561e+03 0.0000e+00 9.1435e-42 1.3851e-33 2.4130e-26 1.1761e-19 7.9459e-14 6.4558e-09 5.4490e-05 4.8179e-02 9.5177e-01
5.2588e+03 0.0000e+00 2.3584e-42 4.1306e-34 8.3308e-27 4.7255e-20 3.7435e-14 3.6175e-09 3.6783e-05 3.9548e-02 9.6042e-01
5.5800e+03 0.0000e+00 1.2612e-42 2.3799e-34 5.1709e-27 3.1627e-20 2.7050e-14 2.8291e-09 3.1203e-05 3.6450e-02 9.6352e-01
5.9209e+03 0.0000e+00 1.3480e-42 2.6200e-34 5.8521e-27 3.6508e-20 3.1492e-14 3.2512e-09 3.4720e-05 3.8720e-02 9.6125e-01
6.2825e+03 0.0000e+00 2.2785e-42 4.4513e-34 9.9570e-27 6.1297e-20 5.1067e-14 4.8910e-09 4.6756e-05 4.5471e-02 9.5448e-01
6.6663e+03 0.0000e+00 5.3740e-42 1.0229e-33 2.2216e-26 1.3054e-19 1.0115e-13 8.6019e-09 7.0072e-05 5.6359e-02 9.4357e-01
7.0735e+03 0.0000e+00 1.9119e-41 3.4670e-33 7.1447e-26 3.8904e-19 2.6930e-13 1.9207e-08 1.2415e-04 7.6114e-02 9.2376e-01
7.5056e+03 0.0000e+00 1.1407e-40 1.9518e-32 3.7822e-25 1.8668e-18 1.1041e-12 6.1187e-08 2.8279e-04 1.1678e-01 8.8294e-01
7.9641e+03 0.0000e+00 1.1133e-39 1.7365e-31 3.0656e-24 1.3168e-17 6.2868e-12 2.5158e-07 7.6166e-04 1.9220e-01 8.0704e-01
8.4505e+03 0.0000e+00 1.8293e-38 2.4642e-30 3.7707e-23 1.3296e-16 4.7697e-11 1.2707e-06 2.3030e-03 3.2279e-01 6.7491e-01
8.9668e+03 1.4013e-45 7.8619e-37 8.5947e-29 1.0799e-21 2.8755e-15 6.8342e-10 1.0238e-05 9.0210e-03 5.5540e-01 4.3557e-01
9.5145e+03 2.2841e-43 1.3957e-34 1.1168e-26 1.0569e-19 1.8351e-13 2.3217e-08 1.4687e-04 4.4300e-02 8.0836e-01 1.4720e-01
1.0096e+04 2.6828e-40 1.4865e-31 7.5260e-24 4.7399e-17 4.2645e-11 2.0788e-06 3.7101e-03 2.3574e-01 7.4435e-01 1.6205e-02
1.0712e+04 2.8240e-36 1.3581e-27 3.7047e-20 1.3131e-13 4.1798e-08 4.6342e-04 1.2034e-01 7.1894e-01 1.6012e-01 1.3338e-04
1.1367e+04 2.1169e-31 7.8144e-23 9.8504e-16 1.2883e-09 6.9354e-05 6.8522e-02 8.1647e-01 1.1455e-01 3.8684e-04 1.6958e-09
1.2062e+04 3.1469e-26 7.8019e-18 5.3242e-11 1.0907e-05 3.5082e-02 8.6624e-01 9.8615e-02 5.0018e-05 3.1549e-10 4.5528e-19
1.2794e+04 5.9069e-22 9.4784e-14 4.8301e-07 7.7201e-03 7.7178e-01 2.2040e-01 9.2009e-05 5.5670e-11 1.7957e-19 1.4648e-32
1.3528e+04 5.9807e-19 6.4314e-11 2.6719e-04 2.7623e-01 7.2153e-01 1.9755e-03 2.3728e-09 1.3424e-18 1.5584e-30 0.0000e+00
1.4194e+04 9.5369e-17 6.8321e-09 2.1388e-02 9.4159e-01 3.7025e-02 4.9275e-07 7.1570e-16 1.4126e-28 1.8217e-44 0.0000e+00
1.4758e+04 5.2133e-15 2.5825e-07 5.3261e-01 4.6729e-01 9.8479e-05 1.7272e-12 5.6335e-25 5.4833e-42 0.0000e+00 0.0000e+00
1.5240e+04 3.7872e-14 1.1114e-06 9.9253e-01 7.4710e-03 2.9288e-09 1.9023e-20 2.8449e-37 0.0000e+00 0.0000e+00 0.0000e+00
1.5647e+04 2.2080e-13 3.5349e-06 9.9996e-01 4.1347e-05 1.7535e-14 2.2421e-29 0.0000e+00 0.0000e+00 0.0000e+00 0.0000e+00
1.5960e+04 1.7823e-12 1.4522e-05 9.9999e-01 1.2217e-07 2.5391e-20 2.4378e-39 0.0000e+00 0.0000e+00 0.0000e+00 0.0000e+00
1.6187e+04 1.7907e-11 7.3397e-05 9.9993e-01 1.4572e-10 4.4261e-27 0.0000e+00 0.0000e+00 0.0000e+00 0.0000e+00 0.0000e+00
1.6354e+04 1.8534e-10 3.9942e-04 9.9960e-01 9.1586e-14 1.6798e-34 0.0000e+00 0.0000e+00 0.0000e+00 0.0000e+00 0.0000e+00
1.6484e+04 2.3875e-09 2.5946e-03 9.9741e-01 1.8851e-17 4.6103e-43 0.0000e+00 0.0000e+00 0.0000e+00 0.0000e+00 0.0000e+00
1.6593e+04 2.2841e-08 1.4105e-02 9.8589e-01 4.2717e-21 0.0000e+00 0.0000e+00 0.0000e+00 0.0000e+00 0.0000e+00 0.0000e+00
1.6692e+04 1.5543e-07 5.9821e-02 9.4018e-01 1.7187e-24 0.0000e+00 0.0000e+00 0.0000e+00 0.0000e+00 0.0000e+00 0.0000e+00
1.6788e+04 3.6584e-07 1.1861e-01 8.8139e-01 1.9392e-26 0.0000e+00 0.0000e+00 0.0000e+00 0.0000e+00 0.0000e+00 0.0000e+00
1.6888e+04 6.3271e-07 1.8418e-01 8.1582e-01 7.5855e-28 0.0000e+00 0.0000e+00 0.0000e+00 0.0000e+00 0.0000e+00 0.0000e+00
1.6999e+04 9.1323e-07 2.4720e-01 7.5279e-01 6.7095e-29 0.0000e+00 0.0000e+00 0.0000e+00 0.0000e+00 0.0000e+00 0.0000e+00
1.7146e+04 1.3246e-06 3.2945e-01 6.7055e-01 4.9354e-30 0.0000e+00 0.0000e+00 0.0000e+00 0.0000e+00 0.0000e+00 0.0000e+00
1.7416e+04 2.8817e-06 5.4297e-01 4.5703e-01 2.5123e-32 0.0000e+00 0.0000e+00 0.0000e+00 0.0000e+00 0.0000e+00 0.0000e+00
1.7888e+04 7.3656e-06 8.2895e-01 1.7105e-01 5.8878e-36 0.0000e+00 0.0000e+00 0.0000e+00 0.0000e+00 0.0000e+00 0.0000e+00
1.8532e+04 1.7145e-05 9.6197e-01 3.8008e-02 3.8818e-40 0.0000e+00 0.0000e+00 0.0000e+00 0.0000e+00 0.0000e+00 0.0000e+00
1.9260e+04 3.3291e-05 9.9159e-01 8.3740e-03 3.7835e-44 0.0000e+00 0.0000e+00 0.0000e+00 0.0000e+00 0.0000e+00 0.0000e+00
2.0034e+04 5.4868e-05 9.9766e-01 2.2855e-03 0.0000e+00 0.0000e+00 0.0000e+00 0.0000e+00 0.0000e+00 0.0000e+00 0.0000e+00
2.0838e+04 9.0396e-05 9.9928e-01 6.2876e-04 0.0000e+00 0.0000e+00 0.0000e+00 0.0000e+00 0.0000e+00 0.0000e+00 0.0000e+00
2.1648e+04 1.3828e-04 9.9965e-01 2.0895e-04 0.0000e+00 0.0000e+00 0.0000e+00 0.0000e+00 0.0000e+00 0.0000e+00 0.0000e+00
2.2448e+04 1.9899e-04 9.9973e-01 7.3702e-05 0.0000e+00 0.0000e+00 0.0000e+00 0.0000e+00 0.0000e+00 0.0000e+00 0.0000e+00
2.3246e+04 2.6322e-04 9.9971e-01 3.0198e-05 0.0000e+00 0.0000e+00 0.0000e+00 0.0000e+00 0.0000e+00 0.0000e+00 0.0000e+00
2.4052e+04 3.3948e-04 9.9965e-01 1.3415e-05 0.0000e+00 0.0000e+00 0.0000e+00 0.0000e+00 0.0000e+00 0.0000e+00 0.0000e+00
2.4868e+04 4.1974e-04 9.9957e-01 6.6467e-06 0.0000e+00 0.0000e+00 0.0000e+00 0.0000e+00 0.0000e+00 0.0000e+00 0.0000e+00
2.5699e+04 5.4102e-04 9.9946e-01 2.9564e-06 0.0000e+00 0.0000e+00 0.0000e+00 0.0000e+00 0.0000e+00 0.0000e+00 0.0000e+00
2.6588e+04 5.9050e-04 9.9941e-01 1.7053e-06 0.0000e+00 0.0000e+00 0.0000e+00 0.0000e+00 0.0000e+00 0.0000e+00 0.0000e+00
2.7638e+04 6.6370e-04 9.9934e-01 7.9037e-07 0.0000e+00 0.0000e+00 0.0000e+00 0.0000e+00 0.0000e+00 0.0000e+00 0.0000e+00
2.8987e+04 7.1638e-04 9.9928e-01 3.0523e-07 0.0000e+00 0.0000e+00 0.0000e+00 0.0000e+00 0.0000e+00 0.0000e+00 0.0000e+00
3.0652e+04 3.5305e-04 9.9965e-01 3.8023e-07 0.0000e+00 0.0000e+00 0.0000e+00 0.0000e+00 0.0000e+00 0.0000e+00 0.0000e+00
3.2516e+04 9.6091e-05 9.9990e-01 1.0386e-06 0.0000e+00 0.0000e+00 0.0000e+00 0.0000e+00 0.0000e+00 0.0000e+00 0.0000e+00
3.4459e+04 1.4176e-05 9.9998e-01 9.2617e-06 0.0000e+00 0.0000e+00 0.0000e+00 0.0000e+00 0.0000e+00 0.0000e+00 0.0000e+00
3.6371e+04 5.9128e-06 9.9997e-01 1.9696e-05 0.0000e+00 0.0000e+00 0.0000e+00 0.0000e+00 0.0000e+00 0.0000e+00 0.0000e+00
3.8150e+04 3.8775e-06 9.9997e-01 2.6811e-05 0.0000e+00 0.0000e+00 0.0000e+00 0.0000e+00 0.0000e+00 0.0000e+00 0.0000e+00
3.9750e+04 2.8839e-06 9.9996e-01 3.4944e-05 0.0000e+00 0.0000e+00 0.0000e+00 0.0000e+00 0.0000e+00 0.0000e+00 0.0000e+00
4.1174e+04 1.9968e-06 9.9994e-01 5.4303e-05 0.0000e+00 0.0000e+00 0.0000e+00 0.0000e+00 0.0000e+00 0.0000e+00 0.0000e+00
4.2468e+04 6.1864e-06 9.9999e-01 3.7708e-06 0.0000e+00 0.0000e+00 0.0000e+00 0.0000e+00 0.0000e+00 0.0000e+00 0.0000e+00
4.3688e+04 3.2408e-06 9.9999e-01 8.9930e-06 0.0000e+00 0.0000e+00 0.0000e+00 0.0000e+00 0.0000e+00 0.0000e+00 0.0000e+00
4.4884e+04 1.8818e-05 9.9998e-01 1.8378e-07 0.0000e+00 0.0000e+00 0.0000e+00 0.0000e+00 0.0000e+00 0.0000e+00 0.0000e+00
4.6084e+04 1.0049e-06 9.9996e-01 4.3948e-05 0.0000e+00 0.0000e+00 0.0000e+00 0.0000e+00 0.0000e+00 0.0000e+00 0.0000e+00
4.7294e+04 1.0068e-05 9.9999e-01 3.1363e-07 0.0000e+00 0.0000e+00 0.0000e+00 0.0000e+00 0.0000e+00 0.0000e+00 0.0000e+00
4.8516e+04 4.9356e-06 9.9999e-01 9.1234e-07 0.0000e+00 0.0000e+00 0.0000e+00 0.0000e+00 0.0000e+00 0.0000e+00 0.0000e+00
4.9754e+04 8.8883e-06 9.9999e-01 2.0036e-07 0.0000e+00 0.0000e+00 0.0000e+00 0.0000e+00 0.0000e+00 0.0000e+00 0.0000e+00
5.1012e+04 1.0102e-05 9.9999e-01 1.0950e-07 0.0000e+00 0.0000e+00 0.0000e+00 0.0000e+00 0.0000e+00 0.0000e+00 0.0000e+00
5.2292e+04 1.9944e-06 1.0000e+00 1.9325e-06 0.0000e+00 0.0000e+00 0.0000e+00 0.0000e+00 0.0000e+00 0.0000e+00 0.0000e+00
5.3596e+04 6.4653e-06 9.9999e-01 1.3596e-07 0.0000e+00 0.0000e+00 0.0000e+00 0.0000e+00 0.0000e+00 0.0000e+00 0.0000e+00
5.4921e+04 1.8093e-04 9.9982e-01 7.8096e-11 0.0000e+00 0.0000e+00 0.0000e+00 0.0000e+00 0.0000e+00 0.0000e+00 0.0000e+00
5.6265e+04 8.9413e-06 9.9999e-01 3.5936e-08 0.0000e+00 0.0000e+00 0.0000e+00 0.0000e+00 0.0000e+00 0.0000e+00 0.0000e+00
5.7622e+04 2.3671e-05 9.9998e-01 3.4683e-09 0.0000e+00 0.0000e+00 0.0000e+00 0.0000e+00 0.0000e+00 0.0000e+00 0.0000e+00
5.8985e+04 4.6653e-08 9.9354e-01 6.4629e-03 0.0000e+00 0.0000e+00 0.0000e+00 0.0000e+00 0.0000e+00 0.0000e+00 0.0000e+00
6.0341e+04 4.9269e-06 1.0000e+00 4.5416e-08 0.0000e+00 0.0000e+00 0.0000e+00 0.0000e+00 0.0000e+00 0.0000e+00 0.0000e+00
6.1676e+04 3.8481e-07 9.9999e-01 4.9371e-06 0.0000e+00 0.0000e+00 0.0000e+00 0.0000e+00 0.0000e+00 0.0000e+00 0.0000e+00
6.2975e+04 3.2619e-07 9.9999e-01 5.1097e-06 0.0000e+00 0.0000e+00 0.0000e+00 0.0000e+00 0.0000e+00 0.0000e+00 0.0000e+00
6.4219e+04 1.8093e-07 9.9999e-01 1.2403e-05 0.0000e+00 0.0000e+00 0.0000e+00 0.0000e+00 0.0000e+00 0.0000e+00 0.0000e+00
6.5388e+04 3.1967e-08 9.9906e-01 9.3928e-04 0.0000e+00 0.0000e+00 0.0000e+00 0.0000e+00 0.0000e+00 0.0000e+00 0.0000e+00
6.6461e+04 4.4406e-08 9.9982e-01 1.7672e-04 0.0000e+00 0.0000e+00 0.0000e+00 0.0000e+00 0.0000e+00 0.0000e+00 0.0000e+00
6.7422e+04 2.5236e-08 9.9892e-01 1.0832e-03 0.0000e+00 0.0000e+00 0.0000e+00 0.0000e+00 0.0000e+00 0.0000e+00 0.0000e+00
6.8257e+04 1.7424e-06 1.0000e+00 6.5790e-08 0.0000e+00 0.0000e+00 0.0000e+00 0.0000e+00 0.0000e+00 0.0000e+00 0.0000e+00
6.8960e+04 1.3105e-06 1.0000e+00 1.0032e-07 0.0000e+00 0.0000e+00 0.0000e+00 0.0000e+00 0.0000e+00 0.0000e+00 0.0000e+00
6.9475e+04 7.9935e-06 9.9999e-01 2.3217e-09 0.0000e+00 0.0000e+00 0.0000e+00 0.0000e+00 0.0000e+00 0.0000e+00 0.0000e+00
6.9758e+04 2.9258e-05 9.9997e-01 1.4439e-10 0.0000e+00 0.0000e+00 0.0000e+00 0.0000e+00 0.0000e+00 0.0000e+00 0.0000e+00
6.9886e+04 6.2527e-05 9.9994e-01 2.5980e-11 0.0000e+00 0.0000e+00 0.0000e+00 0.0000e+00 0.0000e+00 0.0000e+00 0.0000e+00
6.9950e+04 7.7318e-05 9.9992e-01 1.5496e-11 0.0000e+00 0.0000e+00 0.0000e+00 0.0000e+00 0.0000e+00 0.0000e+00 0.0000e+00
6.9982e+04 7.8849e-05 9.9992e-01 1.5552e-11 0.0000e+00 0.0000e+00 0.0000e+00 0.0000e+00 0.0000e+00 0.0000e+00 0.0000e+00
6.9996e+04 6.9482e-05 9.9993e-01 1.7692e-11 0.0000e+00 0.0000e+00 0.0000e+00 0.0000e+00 0.0000e+00 0.0000e+00 0.0000e+00
7.0000e+04 3.4514e-05 9.9997e-01 3.5536e-11 0.0000e+00 0.0000e+00 0.0000e+00 0.0000e+00 0.0000e+00 0.0000e+00 0.0000e+00
#
#TIME: 1.0313
#NVEL: 115
#vel_mid[km/s] temp[K] ne[/cm^3] ca0 ca1 ca2 ca3 ca4 ca5 ca6 ca7 ca8 ca9
4.4010e+02 2.6225e-41 8.2517e-32 1.3268e-23 2.7550e-16 4.5198e-10 2.3161e-05 2.4888e-02 5.5097e-01 4.2309e-01 1.0303e-03
8.8623e+02 1.7359e-28 6.5378e-21 1.2992e-14 3.3442e-09 7.0827e-05 4.8482e-02 7.2049e-01 2.2839e-01 2.5689e-03 9.6554e-08
9.0614e+02 1.7866e-28 6.7226e-21 1.3324e-14 3.4201e-09 7.2076e-05 4.9003e-02 7.2195e-01 2.2646e-01 2.5174e-03 9.3255e-08
9.4442e+02 1.8400e-28 6.9145e-21 1.3665e-14 3.4970e-09 7.3325e-05 4.9517e-02 7.2335e-01 2.2459e-01 2.4684e-03 9.0171e-08
9.9911e+02 1.8184e-28 6.8370e-21 1.3528e-14 3.4662e-09 7.2826e-05 4.9312e-02 7.2280e-01 2.2533e-01 2.4878e-03 9.1379e-08
1.0608e+03 1.7897e-28 6.7362e-21 1.3352e-14 3.4273e-09 7.2203e-05 4.9059e-02 7.2212e-01 2.2624e-01 2.5115e-03 9.2862e-08
1.1257e+03 1.7737e-28 6.6724e-21 1.3230e-14 3.3975e-09 7.1692e-05 4.8839e-02 7.2147e-01 2.2708e-01 2.5342e-03 9.4338e-08
1.1944e+03 1.5965e-28 6.0238e-21 1.2058e-14 3.1277e-09 6.7206e-05 4.6941e-02 7.1596e-01 2.3430e-01 2.7309e-03 1.0730e-07
1.2673e+03 1.1067e-28 4.2213e-21 8.7372e-15 2.3465e-09 5.3668e-05 4.0851e-02 6.9543e-01 2.6014e-01 3.5203e-03 1.6641e-07
1.3448e+03 2.1415e-29 8.6203e-22 2.0779e-15 6.5061e-10 1.9467e-05 2.1419e-02 5.8307e-01 3.8564e-01 9.8526e-03 1.0198e-06
1.4269e+03 6.8508e-31 3.0587e-23 1.0057e-16 4.2309e-11 2.1062e-06 4.6925e-03 3.1531e-01 6.2550e-01 5.4471e-02 2.5369e-05
1.5140e+03 1.2447e-32 6.2741e-25 2.9296e-18 1.6983e-12 1.4218e-07 6.5251e-04 1.1096e-01 6.7954e-01 2.0839e-01 4.4733e-04
1.6065e+03 3.5859e-34 2.0371e-26 1.2903e-19 9.8796e-14 1.2514e-08 1.0143e-04 3.5761e-02 5.2838e-01 4.3274e-01 3.0160e-03
1.7047e+03 1.3137e-35 8.2233e-28 6.8045e-21 6.6535e-15 1.1983e-09 1.5808e-05 1.0486e-02 3.3342e-01 6.4361e-01 1.2476e-02
1.8088e+03 3.2986e-37 2.2849e-29 2.5171e-22 3.2103e-16 8.3362e-11 1.8212e-06 2.3385e-03 1.6589e-01 7.8742e-01 4.4348e-02
1.9193e+03 5.3406e-39 4.1880e-31 6.3429e-24 1.0957e-17 4.2146e-12 1.5618e-07 4.0068e-04 6.5729e-02 7.9844e-01 1.3543e-01
2.0365e+03 5.6706e-41 5.1195e-33 1.0930e-25 2.6416e-19 1.5396e-13 9.8298e-09 5.1527e-05 2.0067e-02 6.4312e-01 3.3676e-01
2.1609e+03 4.1058e-43 4.3614e-35 1.3379e-27 4.6523e-21 4.1804e-15 4.6074e-10 4.9359e-06 4.5535e-03 3.8404e-01 6.1140e-01
2.2929e+03 2.8026e-45 2.9202e-37 1.3055e-29 6.6783e-23 9.3751e-17 1.7734e-11 3.8260e-07 8.1814e-04 1.7707e-01 8.2211e-01
2.4330e+03 0.0000e+00 2.0470e-39 1.3155e-31 9.8359e-25 2.1340e-18 6.7461e-13 2.8327e-08 1.3516e-04 7.2173e-02 9.2769e-01
2.5816e+03 0.0000e+00 2.6300e-41 2.3099e-33 2.4089e-26 7.6582e-20 3.7645e-14 2.8010e-09 2.6742e-05 3.1288e-02 9.6869e-01
2.7393e+03 0.0000e+00 9.1785e-43 1.0295e-34 1.3965e-27 5.9978e-21 4.1435e-15 4.7632e-10 7.7014e-06 1.6364e-02 9.8363e-01
2.9067e+03 0.0000e+00 9.2486e-44 1.2452e-35 2.0483e-28 1.0924e-21 9.5805e-16 1.4782e-10 3.3926e-06 1.0684e-02 9.8931e-01
3.0842e+03 0.0000e+00 2.8026e-44 4.1845e-36 7.8157e-29 4.7634e-22 4.8012e-16 8.6388e-11 2.3467e-06 8.8495e-03 9.9115e-01
3.2726e+03 0.0000e+00 2.6625e-44 4.1835e-36 8.2257e-29 5.2182e-22 5.4194e-16 9.7910e-11 2.6011e-06 9.3975e-03 9.9060e-01
3.4725e+03 0.0000e+00 6.4460e-44 1.0417e-35 2.0168e-28 1.2292e-21 1.1979e-15 1.9151e-10 4.2458e-06 1.2237e-02 9.8776e-01
3.6846e+03 0.0000e+00 4.1619e-43 6.3554e-35 1.1480e-27 6.2776e-21 5.2672e-15 6.5713e-10 1.0343e-05 1.9700e-02 9.8029e-01
3.9097e+03 0.0000e+00 4.8135e-42 6.9031e-34 1.1483e-26 5.4955e-20 3.7897e-14 3.3921e-09 3.3785e-05 3.7077e-02 9.6289e-01
4.1484e+03 0.0000e+00 5.2650e-41 6.8654e-33 1.0256e-25 4.2244e-19 2.3612e-13 1.5250e-08 9.8748e-05 6.5263e-02 9.3464e-01
4.4019e+03 0.0000e+00 2.0825e-40 2.4848e-32 3.3835e-25 1.2480e-18 6.0820e-13 3.2638e-08 1.6827e-04 8.5844e-02 9.1399e-01
4.6708e+03 0.0000e+00 1.1975e-40 1.4970e-32 2.1378e-25 8.3100e-19 4.3000e-13 2.4828e-08 1.3935e-04 7.8045e-02 9.2182e-01
4.9561e+03 0.0000e+00 2.4576e-41 3.5932e-33 6.0131e-26 2.7639e-19 1.7142e-13 1.2156e-08 8.5636e-05 6.1157e-02 9.3876e-01
5.2588e+03 0.0000e+00 6.3857e-42 1.0788e-33 2.0886e-26 1.1165e-19 8.1156e-14 6.8421e-09 5.8028e-05 5.0354e-02 9.4959e-01
5.5800e+03 0.0000e+00 3.3687e-42 6.1364e-34 1.2811e-26 7.3929e-20 5.8105e-14 5.3125e-09 4.8990e-05 4.6313e-02 9.5364e-01
5.9209e+03 0.0000e+00 3.6294e-42 6.8092e-34 1.4615e-26 8.6005e-20 6.8110e-14 6.1379e-09 5.4710e-05 4.9284e-02 9.5066e-01
6.2825e+03 0.0000e+00 6.2106e-42 1.1706e-33 2.5164e-26 1.4610e-19 1.1156e-13 9.3052e-09 7.4039e-05 5.7990e-02 9.4194e-01
6.6663e+03 0.0000e+00 1.4955e-41 2.7439e-33 5.7249e-26 3.1692e-19 2.2447e-13 1.6561e-08 1.1179e-04 7.2068e-02 9.2782e-01
7.0735e+03 0.0000e+00 5.4719e-41 9.5476e-33 1.8888e-25 9.6737e-19 6.0958e-13 3.7522e-08 1.9974e-04 9.7514e-02 9.0229e-01
7.5056e+03 0.0000e+00 3.4195e-40 5.6122e-32 1.0423e-24 4.8218e-18 2.5774e-12 1.2216e-07 4.6014e-04 1.4961e-01 8.4993e-01
7.9641e+03 0.0000e+00 3.4856e-39 5.1956e-31 8.7753e-24 3.5175e-17 1.5045e-11 5.0950e-07 1.2418e-03 2.4350e-01 7.5525e-01
8.4505e+03 0.0000e+00 5.8542e-38 7.5113e-30 1.0984e-22 3.5974e-16 1.1456e-10 2.5553e-06 3.6822e-03 3.9576e-01 6.0056e-01
8.9668e+03 4.2039e-45 2.5224e-36 2.6166e-28 3.1392e-21 7.7109e-15 1.6064e-09 1.9859e-05 1.3678e-02 6.3410e-01 3.5221e-01
9.5145e+03 7.2307e-43 4.4847e-34 3.3938e-26 3.0668e-19 4.8598e-13 5.2942e-08 2.7077e-04 6.2306e-02 8.3371e-01 1.0371e-01
1.0096e+04 8.4104e-40 4.7530e-31 2.2782e-23 1.3727e-16 1.1112e-10 4.5686e-06 6.4386e-03 3.0326e-01 6.8062e-01 9.6805e-03
1.0712e+04 8.2952e-36 4.0434e-27 1.0448e-19 3.4977e-13 9.6899e-08 8.7183e-04 1.7113e-01 7.2009e-01 1.0785e-01 5.4379e-05
1.1367e+04 5.5645e-31 2.0595e-22 2.4989e-15 2.9513e-09 1.3081e-04 9.8594e-02 8.2610e-01 7.5018e-02 1.5527e-04 3.6279e-10
1.2062e+04 6.9203e-26 1.7146e-17 1.1727e-10 2.0246e-05 5.0429e-02 8.8466e-01 6.4870e-02 1.9219e-05 6.6044e-11 4.3164e-20
1.2794e+04 1.1135e-21 1.7758e-13 9.1868e-07 1.1584e-02 8.3358e-01 1.5480e-01 3.7255e-05 1.1585e-11 1.7507e-20 5.2979e-34
1.3528e+04 1.0737e-18 1.1420e-10 4.7846e-04 3.6585e-01 6.3266e-01 1.0155e-03 6.1680e-10 1.5419e-19 7.0061e-32 0.0000e+00
1.4194e+04 1.4104e-16 9.9816e-09 3.1041e-02 9.4640e-01 2.2563e-02 1.5779e-07 1.0076e-16 7.4820e-30 0.0000e+00 0.0000e+00
1.4758e+04 6.2422e-15 3.1191e-07 6.3554e-01 3.6442e-01 4.2836e-05 3.5420e-13 4.3930e-26 1.3593e-43 0.0000e+00 0.0000e+00
1.5240e+04 3.9602e-14 1.1672e-06 9.9541e-01 4.5872e-03 9.2296e-10 2.5560e-21 1.2779e-38 0.0000e+00 0.0000e+00 0.0000e+00
1.5647e+04 2.2605e-13 3.7270e-06 9.9997e-01 2.3120e-05 4.4266e-15 2.0427e-30 0.0000e+00 0.0000e+00 0.0000e+00 0.0000e+00
1.5960e+04 2.0361e-12 1.6443e-05 9.9998e-01 5.6485e-08 4.1638e-21 1.0757e-40 0.0000e+00 0.0000e+00 0.0000e+00 0.0000e+00
1.6187e+04 2.1676e-11 8.6803e-05 9.9991e-01 5.6579e-11 4.8421e-28 0.0000e+00 0.0000e+00 0.0000e+00 0.0000e+00 0.0000e+00
1.6354e+04 2.1934e-10 4.6346e-04 9.9954e-01 3.9029e-14 2.2802e-35 0.0000e+00 0.0000e+00 0.0000e+00 0.0000e+00 0.0000e+00
1.6484e+04 3.1268e-09 3.2337e-03 9.9677e-01 5.6694e-18 2.8026e-44 0.0000e+00 0.0000e+00 0.0000e+00 0.0000e+00 0.0000e+00
1.6593e+04 3.8121e-08 2.0893e-02 9.7911e-01 5.2010e-22 0.0000e+00 0.0000e+00 0.0000e+00 0.0000e+00 0.0000e+00 0.0000e+00
1.6692e+04 2.7527e-07 9.3999e-02 9.0600e-01 9.7894e-26 0.0000e+00 0.0000e+00 0.0000e+00 0.0000e+00 0.0000e+00 0.0000e+00
1.6788e+04 6.3760e-07 1.8218e-01 8.1782e-01 9.4846e-28 0.0000e+00 0.0000e+00 0.0000e+00 0.0000e+00 0.0000e+00 0.0000e+00
1.6888e+04 1.0426e-06 2.6566e-01 7.3434e-01 4.6830e-29 0.0000e+00 0.0000e+00 0.0000e+00 0.0000e+00 0.0000e+00 0.0000e+00
1.6999e+04 1.5473e-06 3.5440e-01 6.4559e-01 3.5226e-30 0.0000e+00 0.0000e+00 0.0000e+00 0.0000e+00 0.0000e+00 0.0000e+00
1.7146e+04 2.2409e-06 4.5745e-01 5.4255e-01 2.4136e-31 0.0000e+00 0.0000e+00 0.0000e+00 0.0000e+00 0.0000e+00 0.0000e+00
1.7416e+04 4.4715e-06 6.7086e-01 3.2914e-01 1.3128e-33 0.0000e+00 0.0000e+00 0.0000e+00 0.0000e+00 0.0000e+00 0.0000e+00
1.7888e+04 9.8770e-06 8.8877e-01 1.1122e-01 3.5985e-37 0.0000e+00 0.0000e+00 0.0000e+00 0.0000e+00 0.0000e+00 0.0000e+00
1.8532e+04 2.1804e-05 9.7662e-01 2.3359e-02 2.2090e-41 0.0000e+00 0.0000e+00 0.0000e+00 0.0000e+00 0.0000e+00 0.0000e+00
1.9260e+04 4.4116e-05 9.9535e-01 4.6063e-03 1.4013e-45 0.0000e+00 0.0000e+00 0.0000e+00 0.0000e+00 0.0000e+00 0.0000e+00
2.0034e+04 7.4507e-05 9.9874e-01 1.1879e-03 0.0000e+00 0.0000e+00 0.0000e+00 0.0000e+00 0.0000e+00 0.0000e+00 0.0000e+00
2.0838e+04 1.2519e-04 9.9957e-01 3.0906e-04 0.0000e+00 0.0000e+00 0.0000e+00 0.0000e+00 0.0000e+00 0.0000e+00 0.0000e+00
2.1648e+04 2.0229e-04 9.9971e-01 8.9584e-05 0.0000e+00 0.0000e+00 0.0000e+00 0.0000e+00 0.0000e+00 0.0000e+00 0.0000e+00
2.2448e+04 2.9141e-04 9.9968e-01 3.0883e-05 0.0000e+00 0.0000e+00 0.0000e+00 0.0000e+00 0.0000e+00 0.0000e+00 0.0000e+00
2.3246e+04 3.9162e-04 9.9960e-01 1.2177e-05 0.0000e+00 0.0000e+00 0.0000e+00 0.0000e+00 0.0000e+00 0.0000e+00 0.0000e+00
2.4052e+04 5.0783e-04 9.9949e-01 5.3841e-06 0.0000e+00 0.0000e+00 0.0000e+00 0.0000e+00 0.0000e+00 0.0000e+00 0.0000e+00
2.4868e+04 6.1201e-04 9.9939e-01 2.8415e-06 0.0000e+00 0.0000e+00 0.0000e+00 0.0000e+00 0.0000e+00 0.0000e+00 0.0000e+00
2.5699e+04 7.2143e-04 9.9928e-01 1.5298e-06 0.0000e+00 0.0000e+00 0.0000e+00 0.0000e+00 0.0000e+00 0.0000e+00 0.0000e+00
2.6588e+04 7.7369e-04 9.9923e-01 9.1664e-07 0.0000e+00 0.0000e+00 0.0000e+00 0.0000e+00 0.0000e+00 0.0000e+00 0.0000e+00
2.7638e+04 7.3837e-04 9.9926e-01 5.9619e-07 0.0000e+00 0.0000e+00 0.0000e+00 0.0000e+00 0.0000e+00 0.0000e+00 0.0000e+00
2.8987e+04 6.0698e-04 9.9939e-01 4.0515e-07 0.0000e+00 0.0000e+00 0.0000e+00 0.0000e+00 0.0000e+00 0.0000e+00 0.0000e+00
3.0652e+04 3.7693e-04 9.9962e-01 3.1342e-07 0.0000e+00 0.0000e+00 0.0000e+00 0.0000e+00 0.0000e+00 0.0000e+00 0.0000e+00
3.2516e+04 1.3230e-04 9.9987e-01 5.1818e-07 0.0000e+00 0.0000e+00 0.0000e+00 0.0000e+00 0.0000e+00 0.0000e+00 0.0000e+00
3.4459e+04 3.9285e-05 9.9996e-01 1.1792e-06 0.0000e+00 0.0000e+00 0.0000e+00 0.0000e+00 0.0000e+00 0.0000e+00 0.0000e+00
3.6371e+04 1.7593e-05 9.9998e-01 2.1446e-06 0.0000e+00 0.0000e+00 0.0000e+00 0.0000e+00 0.0000e+00 0.0000e+00 0.0000e+00
3.8150e+04 1.7941e-05 9.9998e-01 1.2000e-06 0.0000e+00 0.0000e+00 0.0000e+00 0.0000e+00 0.0000e+00 0.0000e+00 0.0000e+00
3.9750e+04 1.5611e-05 9.9998e-01 1.1343e-06 0.0000e+00 0.0000e+00 0.0000e+00 0.0000e+00 0.0000e+00 0.0000e+00 0.0000e+00
4.1174e+04 9.9005e-06 9.9999e-01 2.0450e-06 0.0000e+00 0.0000e+00 0.0000e+00 0.0000e+00 0.0000e+00 0.0000e+00 0.0000e+00
