#NTIMES: 200
#NSTAGES: 7
#TIMES[d]: 0.9869 1.0089 1.0313 1.0543 1.0778 1.1018 1.1263 1.1514 1.1771 1.2033 1.2301 1.2575 1.2855 1.3142 1.3434 1.3734 1.4039 1.4352 1.4672 1.4999 1.5333 1.5674 1.6024 1.6381 1.6745 1.7118 1.7500 1.7890 1.8288 1.8696 1.9112 1.9538 1.9973 2.0418 2.0873 2.1338 2.1813 2.2299 2.2796 2.3303 2.3823 2.4353 2.4896 2.5450 2.6017 2.6597 2.7189 2.7795 2.8414 2.9047 2.9694 3.0356 3.1032 3.1723 3.2430 3.3152 3.3891 3.4646 3.5417 3.6206 3.7013 3.7837 3.8680 3.9542 4.0423 4.1323 4.2244 4.3185 4.4147 4.5130 4.6135 4.7163 4.8214 4.9288 5.0386 5.1508 5.2655 5.3828 5.5028 5.6253 5.7506 5.8787 6.0097 6.1436 6.2804 6.4203 6.5633 6.7096 6.8590 7.0118 7.1680 7.3277 7.4909 7.6578 7.8284 8.0028 8.1810 8.3633 8.5496 8.7400 8.9347 9.1337 9.3372 9.5452 9.7578 9.9752 10.1974 10.4246 10.6568 10.8942 11.1368 11.3849 11.6385 11.8978 12.1628 12.4338 12.7108 12.9939 13.2834 13.5793 13.8818 14.1910 14.5071 14.8303 15.1606 15.4983 15.8436 16.1965 16.5573 16.9261 17.3032 17.6886 18.0827 18.4855 18.8973 19.3182 19.7486 20.1885 20.6382 21.0979 21.5679 22.0484 22.5395 23.0416 23.5549 24.0796 24.6160 25.1644 25.7249 26.2980 26.8838 27.4826 28.0949 28.7207 29.3605 30.0145 30.6831 31.3666 32.0654 32.7796 33.5098 34.2563 35.0194 35.7995 36.5970 37.4122 38.2456 39.0976 39.9685 40.8589 41.7690 42.6995 43.6507 44.6230 45.6171 46.6332 47.6720 48.7340 49.8196 50.9294 52.0639 53.2236 54.4093 55.6213 56.8603 58.1269 59.4218 60.7455 62.0986 63.4819 64.8961 66.3417 67.8195 69.3303 70.8747 72.4535 74.0675 75.7174 77.4041 79.1284
#
#TIME: 0.9869
#NVEL: 115
#vel_mid[km/s] ne0 ne1 ne2 ne3 ne4 ne5 ne6
4.4010e+02 9.7486e-29 1.9584e-20 1.3242e-12 1.9460e-06 2.6379e-02 8.6608e-01 1.0754e-01
8.8623e+02 1.3868e-19 3.2765e-13 2.6055e-07 4.5031e-03 7.1789e-01 2.7720e-01 4.0478e-04
9.0614e+02 1.3842e-19 3.2718e-13 2.6029e-07 4.5005e-03 7.1780e-01 2.7729e-01 4.0509e-04
9.4442e+02 1.3842e-19 3.2718e-13 2.6029e-07 4.5006e-03 7.1781e-01 2.7729e-01 4.0509e-04
9.9911e+02 1.3816e-19 3.2664e-13 2.5992e-07 4.4964e-03 7.1763e-01 2.7747e-01 4.0577e-04
1.0608e+03 1.3710e-19 3.2447e-13 2.5848e-07 4.4805e-03 7.1697e-01 2.7814e-01 4.0829e-04
1.1257e+03 1.3502e-19 3.1984e-13 2.5504e-07 4.4398e-03 7.1514e-01 2.8001e-01 4.1548e-04
1.1944e+03 1.2684e-19 3.0206e-13 2.4224e-07 4.2894e-03 7.0833e-01 2.8693e-01 4.4283e-04
1.2673e+03 9.7601e-20 2.3799e-13 1.9562e-07 3.7162e-03 6.7952e-01 3.1619e-01 5.7260e-04
1.3448e+03 3.1918e-20 8.6366e-14 7.8586e-08 1.9884e-03 5.4934e-01 4.4713e-01 1.5407e-03
1.4269e+03 2.9391e-21 9.8770e-15 1.0789e-08 4.7481e-04 2.9128e-01 6.9990e-01 8.3468e-03
1.5140e+03 1.8964e-22 8.2149e-16 1.0791e-09 8.4063e-05 1.1680e-01 8.4749e-01 3.5630e-02
1.6065e+03 1.7798e-23 9.7343e-17 1.5001e-10 1.8532e-05 4.9319e-02 8.5448e-01 9.6177e-02
1.7047e+03 2.0661e-24 1.3871e-17 2.4294e-11 4.4635e-06 2.0887e-02 7.7368e-01 2.0543e-01
1.8088e+03 1.8667e-25 1.5642e-18 3.1228e-12 8.6758e-07 7.3251e-03 6.0138e-01 3.9129e-01
1.9193e+03 1.1632e-26 1.2564e-19 2.9239e-13 1.2623e-07 1.9868e-03 3.7574e-01 6.2228e-01
2.0365e+03 5.2251e-28 7.4484e-21 2.0553e-14 1.4023e-08 4.2031e-04 1.8791e-01 8.1167e-01
2.1609e+03 1.9352e-29 3.7181e-22 1.2433e-15 1.3509e-09 7.7436e-05 8.1893e-02 9.1803e-01
2.2929e+03 6.7410e-31 1.7769e-23 7.3796e-17 1.2776e-10 1.3884e-05 3.4093e-02 9.6589e-01
2.4330e+03 2.6140e-32 9.3546e-25 4.8058e-18 1.2957e-11 2.5947e-06 1.4311e-02 9.8569e-01
2.5816e+03 1.5756e-33 7.3287e-26 4.5289e-19 1.7807e-12 6.0237e-07 6.6925e-03 9.9331e-01
2.7393e+03 1.8282e-34 1.0448e-26 7.5101e-20 3.9424e-13 1.9860e-07 3.7551e-03 9.9624e-01
2.9067e+03 4.1157e-35 2.7498e-27 2.2392e-20 1.4436e-13 9.5363e-08 2.5658e-03 9.9743e-01
3.0842e+03 1.7747e-35 1.3320e-27 1.2089e-20 8.8669e-14 6.7774e-08 2.1554e-03 9.9784e-01
3.2726e+03 1.5554e-35 1.2484e-27 1.2301e-20 9.4210e-14 7.2826e-08 2.2501e-03 9.9775e-01
3.4725e+03 2.5055e-35 2.0518e-27 2.1346e-20 1.5815e-13 1.1020e-07 2.8111e-03 9.9719e-01
3.6846e+03 6.9304e-35 5.6146e-27 6.1183e-20 4.1129e-13 2.3223e-07 4.1834e-03 9.9582e-01
3.9097e+03 2.5720e-34 2.0698e-26 2.4272e-19 1.4396e-12 6.1694e-07 7.0487e-03 9.9295e-01
4.1484e+03 9.8969e-34 7.5973e-26 9.1084e-19 4.6521e-12 1.5149e-06 1.1351e-02 9.8865e-01
4.4019e+03 2.3281e-33 1.6676e-25 1.9206e-18 8.7660e-12 2.4230e-06 1.4511e-02 9.8549e-01
4.6708e+03 1.5950e-33 1.1916e-25 1.4195e-18 6.8419e-12 2.0267e-06 1.3233e-02 9.8677e-01
4.9561e+03 5.2889e-34 4.5764e-26 6.2215e-19 3.5504e-12 1.2782e-06 1.0458e-02 9.8954e-01
5.2588e+03 1.9788e-34 1.9708e-26 3.0556e-19 2.0347e-12 8.6889e-07 8.5967e-03 9.9140e-01
5.5800e+03 1.2583e-34 1.3475e-26 2.2437e-19 1.6094e-12 7.4184e-07 7.9420e-03 9.9206e-01
5.9209e+03 1.2388e-34 1.3774e-26 2.4143e-19 1.7616e-12 8.0612e-07 8.3258e-03 9.9167e-01
6.2825e+03 1.6104e-34 1.8273e-26 3.3523e-19 2.4039e-12 1.0339e-06 9.5249e-03 9.9047e-01
6.6663e+03 2.6451e-34 2.9756e-26 5.5737e-19 3.7918e-12 1.4694e-06 1.1487e-02 9.8851e-01
7.0735e+03 5.6451e-34 6.1900e-26 1.1765e-18 7.3416e-12 2.4341e-06 1.5013e-02 9.8498e-01
7.5056e+03 1.6147e-33 1.7303e-25 3.4142e-18 1.8963e-11 5.0425e-06 2.2100e-02 9.7790e-01
7.9641e+03 6.5172e-33 6.6318e-25 1.3342e-17 6.2788e-11 1.2517e-05 3.5681e-02 9.6431e-01
8.4505e+03 3.9663e-32 3.6449e-24 7.1498e-17 2.6694e-10 3.6939e-05 6.2603e-02 9.3736e-01
8.9668e+03 4.9517e-31 3.9300e-23 7.3705e-16 1.9709e-09 1.6262e-04 1.3282e-01 8.6702e-01
9.5145e+03 1.8206e-29 1.1632e-21 2.0066e-14 3.2340e-08 1.2351e-03 3.4322e-01 6.5555e-01
1.0096e+04 2.0396e-27 9.4922e-20 1.3768e-12 1.0365e-06 1.2792e-02 7.4720e-01 2.4001e-01
1.0712e+04 8.9769e-25 2.7895e-17 2.9202e-10 6.8507e-05 1.5143e-01 8.3100e-01 1.7495e-02
1.1367e+04 1.8196e-21 3.5367e-14 1.7410e-07 6.2155e-03 8.7951e-01 1.1424e-01 3.0852e-05
1.2062e+04 9.9550e-18 1.3617e-10 1.4748e-04 3.0881e-01 6.9071e-01 3.3015e-04 1.1855e-10
1.2794e+04 9.3559e-15 1.0100e-07 1.3886e-02 9.7159e-01 1.4521e-02 8.4221e-09 9.4395e-19
1.3528e+04 2.9027e-12 2.1517e-05 3.2538e-01 6.7454e-01 5.4048e-05 2.9955e-14 6.9515e-28
1.4194e+04 2.4340e-10 8.1198e-04 9.6318e-01 3.6005e-02 7.1165e-09 1.4294e-21 1.8969e-39
1.4758e+04 2.2857e-08 1.9352e-02 9.8040e-01 2.5184e-04 2.6771e-14 2.7436e-31 0.0000e+00
1.5240e+04 4.5302e-06 4.9752e-01 5.0248e-01 3.0968e-07 3.8036e-21 2.9988e-43 0.0000e+00
1.5647e+04 9.1693e-05 9.8556e-01 1.4346e-02 1.3974e-11 1.0714e-29 0.0000e+00 0.0000e+00
1.5960e+04 1.3651e-03 9.9852e-01 1.1768e-04 7.9312e-17 1.0979e-39 0.0000e+00 0.0000e+00
1.6187e+04 2.7593e-02 9.7241e-01 4.6264e-07 7.1934e-23 0.0000e+00 0.0000e+00 0.0000e+00
1.6354e+04 4.4801e-01 5.5199e-01 5.1996e-10 5.8337e-30 0.0000e+00 0.0000e+00 0.0000e+00
1.6484e+04 9.6982e-01 3.0182e-02 2.6970e-14 6.5218e-39 0.0000e+00 0.0000e+00 0.0000e+00
1.6593e+04 9.9885e-01 1.1479e-03 1.6386e-18 0.0000e+00 0.0000e+00 0.0000e+00 0.0000e+00
1.6692e+04 9.9991e-01 8.7054e-05 7.2408e-22 0.0000e+00 0.0000e+00 0.0000e+00 0.0000e+00
1.6788e+04 9.9999e-01 1.3951e-05 2.6810e-24 0.0000e+00 0.0000e+00 0.0000e+00 0.0000e+00
1.6888e+04 1.0000e+00 3.5354e-06 3.9044e-26 0.0000e+00 0.0000e+00 0.0000e+00 0.0000e+00
1.6999e+04 1.0000e+00 1.0748e-06 1.0036e-27 0.0000e+00 0.0000e+00 0.0000e+00 0.0000e+00
1.7146e+04 1.0000e+00 3.3016e-07 2.6966e-29 0.0000e+00 0.0000e+00 0.0000e+00 0.0000e+00
1.7416e+04 1.0000e+00 5.9901e-08 1.5032e-31 0.0000e+00 0.0000e+00 0.0000e+00 0.0000e+00
1.7888e+04 1.0000e+00 2.8811e-09 1.6538e-35 0.0000e+00 0.0000e+00 0.0000e+00 0.0000e+00
1.8532e+04 1.0000e+00 1.0429e-10 8.5190e-40 0.0000e+00 0.0000e+00 0.0000e+00 0.0000e+00
1.9260e+04 1.0000e+00 4.8475e-12 8.8282e-44 0.0000e+00 0.0000e+00 0.0000e+00 0.0000e+00
2.0034e+04 1.0000e+00 2.7181e-13 0.0000e+00 0.0000e+00 0.0000e+00 0.0000e+00 0.0000e+00
2.0838e+04 1.0000e+00 1.9340e-14 0.0000e+00 0.0000e+00 0.0000e+00 0.0000e+00 0.0000e+00
2.1648e+04 1.0000e+00 1.7188e-15 0.0000e+00 0.0000e+00 0.0000e+00 0.0000e+00 0.0000e+00
2.2448e+04 1.0000e+00 1.7722e-16 0.0000e+00 0.0000e+00 0.0000e+00 0.0000e+00 0.0000e+00
2.3246e+04 1.0000e+00 2.0979e-17 0.0000e+00 0.0000e+00 0.0000e+00 0.0000e+00 0.0000e+00
2.4052e+04 1.0000e+00 2.9681e-18 0.0000e+00 0.0000e+00 0.0000e+00 0.0000e+00 0.0000e+00
2.4868e+04 1.0000e+00 5.5033e-19 0.0000e+00 0.0000e+00 0.0000e+00 0.0000e+00 0.0000e+00
2.5699e+04 1.0000e+00 1.3235e-19 0.0000e+00 0.0000e+00 0.0000e+00 0.0000e+00 0.0000e+00
2.6588e+04 1.0000e+00 3.3509e-20 0.0000e+00 0.0000e+00 0.0000e+00 0.0000e+00 0.0000e+00
2.7638e+04 1.0000e+00 4.7626e-21 0.0000e+00 0.0000e+00 0.0000e+00 0.0000e+00 0.0000e+00
2.8987e+04 1.0000e+00 2.1133e-22 0.0000e+00 0.0000e+00 0.0000e+00 0.0000e+00 0.0000e+00
3.0652e+04 1.0000e+00 8.2572e-23 0.0000e+00 0.0000e+00 0.0000e+00 0.0000e+00 0.0000e+00
3.2516e+04 1.0000e+00 9.7908e-23 0.0000e+00 0.0000e+00 0.0000e+00 0.0000e+00 0.0000e+00
3.4459e+04 1.0000e+00 4.4885e-22 0.0000e+00 0.0000e+00 0.0000e+00 0.0000e+00 0.0000e+00
3.6371e+04 1.0000e+00 2.7810e-21 0.0000e+00 0.0000e+00 0.0000e+00 0.0000e+00 0.0000e+00
3.8150e+04 1.0000e+00 1.5697e-20 0.0000e+00 0.0000e+00 0.0000e+00 0.0000e+00 0.0000e+00
3.9750e+04 1.0000e+00 2.9470e-20 0.0000e+00 0.0000e+00 0.0000e+00 0.0000e+00 0.0000e+00
4.1174e+04 1.0000e+00 1.6459e-20 0.0000e+00 0.0000e+00 0.0000e+00 0.0000e+00 0.0000e+00
4.2468e+04 1.0000e+00 2.4521e-21 0.0000e+00 0.0000e+00 0.0000e+00 0.0000e+00 0.0000e+00
4.3688e+04 1.0000e+00 1.2057e-22 0.0000e+00 0.0000e+00 0.0000e+00 0.0000e+00 0.0000e+00
4.4884e+04 1.0000e+00 3.1497e-24 0.0000e+00 0.0000e+00 0.0000e+00 0.0000e+00 0.0000e+00
4.6084e+04 1.0000e+00 9.6696e-26 0.0000e+00 0.0000e+00 0.0000e+00 0.0000e+00 0.0000e+00
4.7294e+04 1.0000e+00 5.1181e-26 0.0000e+00 0.0000e+00 0.0000e+00 0.0000e+00 0.0000e+00
4.8516e+04 1.0000e+00 4.9540e-26 0.0000e+00 0.0000e+00 0.0000e+00 0.0000e+00 0.0000e+00
4.9754e+04 1.0000e+00 5.3111e-26 0.0000e+00 0.0000e+00 0.0000e+00 0.0000e+00 0.0000e+00
5.1012e+04 1.0000e+00 6.1908e-26 0.0000e+00 0.0000e+00 0.0000e+00 0.0000e+00 0.0000e+00
5.2292e+04 1.0000e+00 7.4489e-26 0.0000e+00 0.0000e+00 0.0000e+00 0.0000e+00 0.0000e+00
5.3596e+04 1.0000e+00 9.0112e-26 0.0000e+00 0.0000e+00 0.0000e+00 0.0000e+00 0.0000e+00
5.4921e+04 1.0000e+00 1.0973e-25 0.0000e+00 0.0000e+00 0.0000e+00 0.0000e+00 0.0000e+00
5.6265e+04 1.0000e+00 1.3408e-25 0.0000e+00 0.0000e+00 0.0000e+00 0.0000e+00 0.0000e+00
5.7622e+04 1.0000e+00 1.6426e-25 0.0000e+00 0.0000e+00 0.0000e+00 0.0000e+00 0.0000e+00
5.8985e+04 1.0000e+00 2.0035e-25 0.0000e+00 0.0000e+00 0.0000e+00 0.0000e+00 0.0000e+00
6.0341e+04 1.0000e+00 2.4458e-25 0.0000e+00 0.0000e+00 0.0000e+00 0.0000e+00 0.0000e+00
6.1676e+04 1.0000e+00 2.9519e-25 0.0000e+00 0.0000e+00 0.0000e+00 0.0000e+00 0.0000e+00
6.2975e+04 1.0000e+00 3.5448e-25 0.0000e+00 0.0000e+00 0.0000e+00 0.0000e+00 0.0000e+00
6.4219e+04 1.0000e+00 4.2113e-25 0.0000e+00 0.0000e+00 0.0000e+00 0.0000e+00 0.0000e+00
6.5388e+04 1.0000e+00 4.9313e-25 0.0000e+00 0.0000e+00 0.0000e+00 0.0000e+00 0.0000e+00
6.6461e+04 1.0000e+00 5.6771e-25 0.0000e+00 0.0000e+00 0.0000e+00 0.0000e+00 0.0000e+00
6.7422e+04 1.0000e+00 6.4256e-25 0.0000e+00 0.0000e+00 0.0000e+00 0.0000e+00 0.0000e+00
6.8257e+04 1.0000e+00 7.1376e-25 0.0000e+00 0.0000e+00 0.0000e+00 0.0000e+00 0.0000e+00
6.8960e+04 1.0000e+00 7.8060e-25 0.0000e+00 0.0000e+00 0.0000e+00 0.0000e+00 0.0000e+00
6.9475e+04 1.0000e+00 8.3587e-25 0.0000e+00 0.0000e+00 0.0000e+00 0.0000e+00 0.0000e+00
6.9758e+04 1.0000e+00 8.5973e-25 0.0000e+00 0.0000e+00 0.0000e+00 0.0000e+00 0.0000e+00
6.9886e+04 1.0000e+00 8.6328e-25 0.0000e+00 0.0000e+00 0.0000e+00 0.0000e+00 0.0000e+00
6.9950e+04 1.0000e+00 8.7226e-25 0.0000e+00 0.0000e+00 0.0000e+00 0.0000e+00 0.0000e+00
6.9982e+04 1.0000e+00 8.2420e-25 0.0000e+00 0.0000e+00 0.0000e+00 0.0000e+00 0.0000e+00
6.9996e+04 1.0000e+00 9.6333e-25 0.0000e+00 0.0000e+00 0.0000e+00 0.0000e+00 0.0000e+00
7.0000e+04 1.0000e+00 2.3290e-24 0.0000e+00 0.0000e+00 0.0000e+00 0.0000e+00 0.0000e+00
#
#TIME: 1.0089
#NVEL: 115
#vel_mid[km/s] ne0 ne1 ne2 ne3 ne4 ne5 ne6
4.4010e+02 7.0159e-29 1.5027e-20 1.0834e-12 1.6984e-06 2.4570e-02 8.6123e-01 1.1419e-01
8.8623e+02 7.6798e-20 1.9993e-13 1.7542e-07 3.5143e-03 6.7202e-01 3.2386e-01 6.0400e-04
9.0614e+02 7.7824e-20 2.0237e-13 1.7736e-07 3.5406e-03 6.7356e-01 3.2230e-01 5.9620e-04
9.4442e+02 7.7704e-20 2.0209e-13 1.7714e-07 3.5377e-03 6.7339e-01 3.2247e-01 5.9705e-04
9.9911e+02 7.8039e-20 2.0288e-13 1.7776e-07 3.5459e-03 6.7386e-01 3.2200e-01 5.9466e-04
1.0608e+03 7.7096e-20 2.0073e-13 1.7615e-07 3.5249e-03 6.7268e-01 3.2319e-01 6.0058e-04
1.1257e+03 7.6210e-20 1.9852e-13 1.7429e-07 3.4989e-03 6.7112e-01 3.2477e-01 6.0865e-04
1.1944e+03 7.1287e-20 1.8676e-13 1.6493e-07 3.3702e-03 6.6339e-01 3.3259e-01 6.4932e-04
1.2673e+03 5.5217e-20 1.4795e-13 1.3368e-07 2.9207e-03 6.3361e-01 3.6265e-01 8.2485e-04
1.3448e+03 1.7827e-20 5.2966e-14 5.2806e-08 1.5309e-03 4.9937e-01 4.9696e-01 2.1356e-03
1.4269e+03 1.6008e-21 5.9004e-15 7.0255e-09 3.5206e-04 2.5298e-01 7.3585e-01 1.0816e-02
1.5140e+03 1.0094e-22 4.7991e-16 6.8529e-10 6.0590e-05 9.8180e-02 8.5762e-01 4.4137e-02
1.6065e+03 9.3843e-24 5.6337e-17 9.4230e-11 1.3171e-05 4.0699e-02 8.4386e-01 1.1543e-01
1.7047e+03 1.0747e-24 7.9217e-18 1.5047e-11 3.1196e-06 1.6884e-02 7.4445e-01 2.3866e-01
1.8088e+03 9.4122e-26 8.6700e-19 1.8787e-12 5.8819e-07 5.7304e-03 5.5797e-01 4.3630e-01
1.9193e+03 5.6538e-27 6.7237e-20 1.7009e-13 8.2673e-08 1.4984e-03 3.3493e-01 6.6357e-01
2.0365e+03 2.4720e-28 3.8842e-21 1.1666e-14 8.9533e-09 3.0848e-04 1.6258e-01 8.3711e-01
2.1609e+03 9.1527e-30 1.9368e-22 7.0477e-16 8.5902e-10 5.6395e-05 6.9978e-02 9.2997e-01
2.2929e+03 3.2557e-31 9.4270e-24 4.2531e-17 8.2222e-11 1.0177e-05 2.9126e-02 9.7086e-01
2.4330e+03 1.2942e-32 5.0746e-25 2.8281e-18 8.4784e-12 1.9230e-06 1.2280e-02 9.8772e-01
2.5816e+03 7.8037e-34 3.9802e-26 2.6726e-19 1.1681e-12 4.4721e-07 5.7460e-03 9.9425e-01
2.7393e+03 8.9820e-35 5.6382e-27 4.4141e-20 2.5790e-13 1.4716e-07 3.2206e-03 9.9678e-01
2.9067e+03 1.9999e-35 1.4700e-27 1.3061e-20 9.3867e-14 7.0349e-08 2.1956e-03 9.9780e-01
3.0842e+03 8.5313e-36 7.0531e-28 6.9917e-21 5.7251e-14 4.9739e-08 1.8394e-03 9.9816e-01
3.2726e+03 7.3703e-36 6.5240e-28 7.0255e-21 6.0182e-14 5.3027e-08 1.9123e-03 9.9809e-01
3.4725e+03 1.1696e-35 1.0573e-27 1.2022e-20 9.9815e-14 7.9524e-08 2.3779e-03 9.9762e-01
3.6846e+03 3.2414e-35 2.8958e-27 3.4430e-20 2.5932e-13 1.6746e-07 3.5371e-03 9.9646e-01
3.9097e+03 1.2334e-34 1.0910e-26 1.3913e-19 9.2159e-13 4.4992e-07 5.9949e-03 9.9400e-01
4.1484e+03 4.8930e-34 4.1156e-26 5.3510e-19 3.0406e-12 1.1220e-06 9.7343e-03 9.9026e-01
4.4019e+03 1.1621e-33 9.1120e-26 1.1372e-18 5.7682e-12 1.8038e-06 1.2479e-02 9.8752e-01
4.6708e+03 7.9764e-34 6.5225e-26 8.4198e-19 4.5088e-12 1.5104e-06 1.1386e-02 9.8861e-01
4.9561e+03 2.6478e-34 2.5077e-26 3.6947e-19 2.3419e-12 9.5309e-07 8.9992e-03 9.9100e-01
5.2588e+03 9.9761e-35 1.0869e-26 1.8257e-19 1.3490e-12 6.5032e-07 7.4113e-03 9.9259e-01
5.5800e+03 6.2707e-35 7.3530e-27 1.3272e-19 1.0579e-12 5.5170e-07 6.8238e-03 9.9318e-01
5.9209e+03 6.1356e-35 7.4724e-27 1.4198e-19 1.1523e-12 5.9729e-07 7.1397e-03 9.9286e-01
6.2825e+03 7.9639e-35 9.8970e-27 1.9678e-19 1.5699e-12 7.6515e-07 8.1632e-03 9.9184e-01
6.6663e+03 1.3043e-34 1.6071e-26 3.2620e-19 2.4701e-12 1.0856e-06 9.8366e-03 9.9016e-01
7.0735e+03 2.7658e-34 3.3233e-26 6.8454e-19 4.7599e-12 1.7923e-06 1.2836e-02 9.8716e-01
7.5056e+03 7.9061e-34 9.2839e-26 1.9853e-18 1.2294e-11 3.7142e-06 1.8907e-02 9.8109e-01
7.9641e+03 3.1869e-33 3.5543e-25 7.7517e-18 4.0704e-11 9.2259e-06 3.0564e-02 9.6943e-01
8.4505e+03 1.9376e-32 1.9519e-24 4.1521e-17 1.7314e-10 2.7270e-05 5.3770e-02 9.4620e-01
8.9668e+03 2.4324e-31 2.1157e-23 4.3040e-16 1.2867e-09 1.2099e-04 1.1511e-01 8.8477e-01
9.5145e+03 9.2641e-30 6.4752e-22 1.2111e-14 2.1820e-08 9.4950e-04 3.0739e-01 6.9166e-01
1.0096e+04 1.1140e-27 5.6532e-20 8.8873e-13 7.4797e-07 1.0526e-02 7.1733e-01 2.7215e-01
1.0712e+04 5.0750e-25 1.7175e-17 1.9594e-10 5.1669e-05 1.3117e-01 8.4747e-01 2.1312e-02
1.1367e+04 1.1369e-21 2.3985e-14 1.2999e-07 5.2525e-03 8.6146e-01 1.3324e-01 4.3601e-05
1.2062e+04 6.4908e-18 9.5779e-11 1.1538e-04 2.7566e-01 7.2381e-01 4.1894e-04 1.8641e-10
1.2794e+04 6.6856e-15 7.7903e-08 1.2025e-02 9.7065e-01 1.7323e-02 1.2434e-08 1.7772e-18
1.3528e+04 2.1382e-12 1.7208e-05 2.9349e-01 7.0642e-01 6.8304e-05 4.7454e-14 1.4299e-27
1.4194e+04 1.9498e-10 7.1260e-04 9.5747e-01 4.1822e-02 1.0081e-08 2.5710e-21 4.5095e-39
1.4758e+04 1.8269e-08 1.7028e-02 9.8267e-01 2.9855e-04 3.9576e-14 5.3073e-31 0.0000e+00
1.5240e+04 3.6254e-06 4.5225e-01 5.4775e-01 4.3088e-07 7.3934e-21 8.8282e-43 0.0000e+00
1.5647e+04 8.1376e-05 9.8295e-01 1.6968e-02 2.0859e-11 2.2117e-29 0.0000e+00 0.0000e+00
1.5960e+04 1.1732e-03 9.9868e-01 1.4737e-04 1.3532e-16 2.8946e-39 0.0000e+00 0.0000e+00
1.6187e+04 2.3456e-02 9.7654e-01 5.9826e-07 1.3229e-22 0.0000e+00 0.0000e+00 0.0000e+00
1.6354e+04 3.7719e-01 6.2281e-01 9.5439e-10 2.1782e-29 0.0000e+00 0.0000e+00 0.0000e+00
1.6484e+04 9.5625e-01 4.3750e-02 7.6411e-14 5.0159e-38 0.0000e+00 0.0000e+00 0.0000e+00
1.6593e+04 9.9859e-01 1.4084e-03 2.8204e-18 0.0000e+00 0.0000e+00 0.0000e+00 0.0000e+00
1.6692e+04 9.9993e-01 6.5733e-05 2.9660e-22 0.0000e+00 0.0000e+00 0.0000e+00 0.0000e+00
1.6788e+04 9.9999e-01 1.1449e-05 1.4015e-24 0.0000e+00 0.0000e+00 0.0000e+00 0.0000e+00
1.6888e+04 1.0000e+00 3.3325e-06 3.1022e-26 0.0000e+00 0.0000e+00 0.0000e+00 0.0000e+00
1.6999e+04 1.0000e+00 1.4652e-06 2.4041e-27 0.0000e+00 0.0000e+00 0.0000e+00 0.0000e+00
1.7146e+04 1.0000e+00 5.4466e-07 1.1244e-28 0.0000e+00 0.0000e+00 0.0000e+00 0.0000e+00
1.7416e+04 1.0000e+00 9.1016e-08 4.8198e-31 0.0000e+00 0.0000e+00 0.0000e+00 0.0000e+00
1.7888e+04 1.0000e+00 4.2718e-09 4.8824e-35 0.0000e+00 0.0000e+00 0.0000e+00 0.0000e+00
1.8532e+04 1.0000e+00 1.6021e-10 2.7935e-39 0.0000e+00 0.0000e+00 0.0000e+00 0.0000e+00
1.9260e+04 1.0000e+00 8.0490e-12 3.6154e-43 0.0000e+00 0.0000e+00 0.0000e+00 0.0000e+00
2.0034e+04 1.0000e+00 4.9002e-13 0.0000e+00 0.0000e+00 0.0000e+00 0.0000e+00 0.0000e+00
2.0838e+04 1.0000e+00 3.7895e-14 0.0000e+00 0.0000e+00 0.0000e+00 0.0000e+00 0.0000e+00
2.1648e+04 1.0000e+00 3.9950e-15 0.0000e+00 0.0000e+00 0.0000e+00 0.0000e+00 0.0000e+00
2.2448e+04 1.0000e+00 3.7031e-16 0.0000e+00 0.0000e+00 0.0000e+00 0.0000e+00 0.0000e+00
2.3246e+04 1.0000e+00 6.4553e-17 0.0000e+00 0.0000e+00 0.0000e+00 0.0000e+00 0.0000e+00
2.4052e+04 1.0000e+00 1.2314e-17 0.0000e+00 0.0000e+00 0.0000e+00 0.0000e+00 0.0000e+00
2.4868e+04 1.0000e+00 2.2826e-18 0.0000e+00 0.0000e+00 0.0000e+00 0.0000e+00 0.0000e+00
2.5699e+04 1.0000e+00 4.8842e-19 0.0000e+00 0.0000e+00 0.0000e+00 0.0000e+00 0.0000e+00
2.6588e+04 1.0000e+00 9.2655e-20 0.0000e+00 0.0000e+00 0.0000e+00 0.0000e+00 0.0000e+00
2.7638e+04 1.0000e+00 1.9081e-20 0.0000e+00 0.0000e+00 0.0000e+00 0.0000e+00 0.0000e+00
2.8987e+04 1.0000e+00 4.3634e-21 0.0000e+00 0.0000e+00 0.0000e+00 0.0000e+00 0.0000e+00
3.0652e+04 1.0000e+00 6.5498e-22 0.0000e+00 0.0000e+00 0.0000e+00 0.0000e+00 0.0000e+00
3.2516e+04 1.0000e+00 2.0707e-21 0.0000e+00 0.0000e+00 0.0000e+00 0.0000e+00 0.0000e+00
3.4459e+04 1.0000e+00 1.8105e-20 0.0000e+00 0.0000e+00 0.0000e+00 0.0000e+00 0.0000e+00
3.6371e+04 1.0000e+00 8.8116e-21 0.0000e+00 0.0000e+00 0.0000e+00 0.0000e+00 0.0000e+00
3.8150e+04 1.0000e+00 9.3576e-21 0.0000e+00 0.0000e+00 0.0000e+00 0.0000e+00 0.0000e+00
3.9750e+04 1.0000e+00 2.2267e-20 0.0000e+00 0.0000e+00 0.0000e+00 0.0000e+00 0.0000e+00
4.1174e+04 1.0000e+00 1.2306e-21 0.0000e+00 0.0000e+00 0.0000e+00 0.0000e+00 0.0000e+00
4.2468e+04 1.0000e+00 6.4894e-23 0.0000e+00 0.0000e+00 0.0000e+00 0.0000e+00 0.0000e+00
4.3688e+04 1.0000e+00 9.8205e-23 0.0000e+00 0.0000e+00 0.0000e+00 0.0000e+00 0.0000e+00
4.4884e+04 1.0000e+00 1.1297e-24 0.0000e+00 0.0000e+00 0.0000e+00 0.0000e+00 0.0000e+00
4.6084e+04 1.0000e+00 5.5108e-22 0.0000e+00 0.0000e+00 0.0000e+00 0.0000e+00 0.0000e+00
4.7294e+04 1.0000e+00 2.2614e-22 0.0000e+00 0.0000e+00 0.0000e+00 0.0000e+00 0.0000e+00
4.8516e+04 1.0000e+00 1.1763e-26 0.0000e+00 0.0000e+00 0.0000e+00 0.0000e+00 0.0000e+00
4.9754e+04 1.0000e+00 1.3421e-24 0.0000e+00 0.0000e+00 0.0000e+00 0.0000e+00 0.0000e+00
5.1012e+04 1.0000e+00 5.0876e-24 0.0000e+00 0.0000e+00 0.0000e+00 0.0000e+00 0.0000e+00
5.2292e+04 1.0000e+00 3.1883e-31 0.0000e+00 0.0000e+00 0.0000e+00 0.0000e+00 0.0000e+00
5.3596e+04 1.0000e+00 1.1571e-30 0.0000e+00 0.0000e+00 0.0000e+00 0.0000e+00 0.0000e+00
5.4921e+04 1.0000e+00 1.1387e-34 0.0000e+00 0.0000e+00 0.0000e+00 0.0000e+00 0.0000e+00
5.6265e+04 1.0000e+00 4.6728e-33 0.0000e+00 0.0000e+00 0.0000e+00 0.0000e+00 0.0000e+00
5.7622e+04 1.0000e+00 8.2097e-28 0.0000e+00 0.0000e+00 0.0000e+00 0.0000e+00 0.0000e+00
5.8985e+04 1.0000e+00 3.1122e-20 0.0000e+00 0.0000e+00 0.0000e+00 0.0000e+00 0.0000e+00
6.0341e+04 1.0000e+00 4.7619e-29 0.0000e+00 0.0000e+00 0.0000e+00 0.0000e+00 0.0000e+00
6.1676e+04 1.0000e+00 1.1783e-24 0.0000e+00 0.0000e+00 0.0000e+00 0.0000e+00 0.0000e+00
6.2975e+04 1.0000e+00 1.8584e-22 0.0000e+00 0.0000e+00 0.0000e+00 0.0000e+00 0.0000e+00
6.4219e+04 1.0000e+00 7.5067e-24 0.0000e+00 0.0000e+00 0.0000e+00 0.0000e+00 0.0000e+00
6.5388e+04 1.0000e+00 1.2514e-19 0.0000e+00 0.0000e+00 0.0000e+00 0.0000e+00 0.0000e+00
6.6461e+04 1.0000e+00 1.5360e-20 0.0000e+00 0.0000e+00 0.0000e+00 0.0000e+00 0.0000e+00
6.7422e+04 1.0000e+00 9.4698e-18 0.0000e+00 0.0000e+00 0.0000e+00 0.0000e+00 0.0000e+00
6.8257e+04 1.0000e+00 1.3202e-21 0.0000e+00 0.0000e+00 0.0000e+00 0.0000e+00 0.0000e+00
6.8960e+04 1.0000e+00 1.7529e-18 0.0000e+00 0.0000e+00 0.0000e+00 0.0000e+00 0.0000e+00
6.9475e+04 1.0000e+00 5.4411e-30 0.0000e+00 0.0000e+00 0.0000e+00 0.0000e+00 0.0000e+00
6.9758e+04 1.0000e+00 2.8937e-31 0.0000e+00 0.0000e+00 0.0000e+00 0.0000e+00 0.0000e+00
6.9886e+04 1.0000e+00 1.1757e-32 0.0000e+00 0.0000e+00 0.0000e+00 0.0000e+00 0.0000e+00
6.9950e+04 1.0000e+00 4.3683e-33 0.0000e+00 0.0000e+00 0.0000e+00 0.0000e+00 0.0000e+00
6.9982e+04 1.0000e+00 5.8979e-33 0.0000e+00 0.0000e+00 0.0000e+00 0.0000e+00 0.0000e+00
6.9996e+04 1.0000e+00 7.2163e-33 0.0000e+00 0.0000e+00 0.0000e+00 0.0000e+00 0.0000e+00
7.0000e+04 1.0000e+00 1.5522e-32 0.0000e+00 0.0000e+00 0.0000e+00 0.0000e+00 0.0000e+00
#
#TIME: 1.0313
#NVEL: 115
#vel_mid[km/s] ne0 ne1 ne2 ne3 ne4 ne5 ne6
4.4010e+02 1.7305e-28 3.6358e-20 2.5493e-12 3.3723e-06 3.7250e-02 8.8794e-01 7.4803e-02
8.8623e+02 1.3660e-19 3.4746e-13 2.9620e-07 5.0405e-03 7.4546e-01 2.4920e-01 3.0256e-04
9.0614e+02 1.3142e-19 3.3570e-13 2.8750e-07 4.9439e-03 7.4189e-01 2.5285e-01 3.1386e-04
9.4442e+02 1.3146e-19 3.3580e-13 2.8757e-07 4.9447e-03 7.4192e-01 2.5282e-01 3.1376e-04
9.9911e+02 1.3241e-19 3.3799e-13 2.8922e-07 4.9632e-03 7.4262e-01 2.5211e-01 3.1153e-04
1.0608e+03 1.2986e-19 3.3223e-13 2.8499e-07 4.9162e-03 7.4087e-01 2.5389e-01 3.1712e-04
1.1257e+03 1.2940e-19 3.3093e-13 2.8380e-07 4.9014e-03 7.4025e-01 2.5453e-01 3.1920e-04
1.1944e+03 1.2044e-19 3.0995e-13 2.6767e-07 4.7152e-03 7.3288e-01 2.6206e-01 3.4385e-04
1.2673e+03 9.4130e-20 2.4758e-13 2.1899e-07 4.1256e-03 7.0686e-01 2.8857e-01 4.4127e-04
1.3448e+03 3.0820e-20 8.9892e-14 8.8376e-08 2.2267e-03 5.7964e-01 4.1691e-01 1.2237e-03
1.4269e+03 2.8410e-21 1.0279e-14 1.2216e-08 5.3935e-04 3.1496e-01 6.7751e-01 6.9932e-03
1.5140e+03 1.7948e-22 8.3711e-16 1.2035e-09 9.4962e-05 1.2727e-01 8.4137e-01 3.1269e-02
1.6065e+03 1.6618e-23 9.7836e-17 1.6551e-10 2.0828e-05 5.3885e-02 8.5949e-01 8.6606e-02
1.7047e+03 1.9172e-24 1.3850e-17 2.6672e-11 5.0123e-06 2.2933e-02 7.8799e-01 1.8907e-01
1.8088e+03 1.7328e-25 1.5612e-18 3.4293e-12 9.7804e-07 8.1161e-03 6.2255e-01 3.6933e-01
1.9193e+03 1.0724e-26 1.2454e-19 3.1896e-13 1.4204e-07 2.2126e-03 3.9473e-01 6.0306e-01
2.0365e+03 4.7384e-28 7.2673e-21 2.2072e-14 1.5614e-08 4.6653e-04 1.9867e-01 8.0087e-01
2.1609e+03 1.6994e-29 3.5199e-22 1.2965e-15 1.4695e-09 8.4674e-05 8.6224e-02 9.1369e-01
2.2929e+03 5.7143e-31 1.6280e-23 7.4541e-17 1.3542e-10 1.4910e-05 3.5601e-02 9.6438e-01
2.4330e+03 2.1505e-32 8.3342e-25 4.7218e-18 1.3424e-11 2.7412e-06 1.4820e-02 9.8518e-01
2.5816e+03 1.2513e-33 6.3162e-26 4.3036e-19 1.7930e-12 6.2323e-07 6.8547e-03 9.9314e-01
2.7393e+03 1.4112e-34 8.7665e-27 6.9469e-20 3.8791e-13 2.0200e-07 3.8113e-03 9.9619e-01
2.9067e+03 3.0801e-35 2.2421e-27 2.0145e-20 1.3872e-13 9.5316e-08 2.5804e-03 9.9742e-01
3.0842e+03 1.3050e-35 1.0688e-27 1.0711e-20 8.4108e-14 6.7095e-08 2.1568e-03 9.9784e-01
3.2726e+03 1.1370e-35 9.9647e-28 1.0851e-20 8.9037e-14 7.1897e-08 2.2484e-03 9.9775e-01
3.4725e+03 1.8106e-35 1.6213e-27 1.8673e-20 1.4842e-13 1.0822e-07 2.8015e-03 9.9720e-01
3.6846e+03 5.1753e-35 4.5737e-27 5.5145e-20 3.9594e-13 2.3237e-07 4.2107e-03 9.9579e-01
3.9097e+03 2.0662e-34 1.8041e-26 2.3357e-19 1.4650e-12 6.4314e-07 7.2497e-03 9.9275e-01
4.1484e+03 8.5739e-34 7.1016e-26 9.3772e-19 5.0125e-12 1.6472e-06 1.1937e-02 9.8806e-01
4.4019e+03 2.0735e-33 1.5994e-25 2.0271e-18 9.6455e-12 2.6757e-06 1.5383e-02 9.8461e-01
4.6708e+03 1.4206e-33 1.1427e-25 1.4978e-18 7.5267e-12 2.2377e-06 1.4027e-02 9.8597e-01
4.9561e+03 4.6971e-34 4.3764e-26 6.5451e-19 3.8960e-12 1.4087e-06 1.1076e-02 9.8892e-01
5.2588e+03 1.7641e-34 1.8910e-26 3.2240e-19 2.2384e-12 9.5947e-07 9.1139e-03 9.9089e-01
5.5800e+03 1.0977e-34 1.2676e-26 2.3236e-19 1.7427e-12 8.0968e-07 8.3687e-03 9.9163e-01
5.9209e+03 1.0801e-34 1.2952e-26 2.5001e-19 1.9075e-12 8.7979e-07 8.7731e-03 9.9123e-01
6.2825e+03 1.4154e-34 1.7316e-26 3.4987e-19 2.6203e-12 1.1338e-06 1.0063e-02 9.8994e-01
6.6663e+03 2.3537e-34 2.8528e-26 5.8849e-19 4.1734e-12 1.6230e-06 1.2181e-02 9.8782e-01
7.0735e+03 5.0946e-34 6.0144e-26 1.2587e-18 8.1700e-12 2.7103e-06 1.5988e-02 9.8401e-01
7.5056e+03 1.5105e-33 1.7385e-25 3.7729e-18 2.1681e-11 5.7264e-06 2.3776e-02 9.7622e-01
7.9641e+03 6.3707e-33 6.9430e-25 1.5337e-17 7.4181e-11 1.4556e-05 3.8851e-02 9.6113e-01
8.4505e+03 4.0397e-32 3.9664e-24 8.5290e-17 3.2512e-10 4.3896e-05 6.8853e-02 9.3110e-01
8.9668e+03 5.2835e-31 4.4697e-23 9.1689e-16 2.4826e-09 1.9763e-04 1.4717e-01 8.5263e-01
9.5145e+03 2.0321e-29 1.3814e-21 2.5974e-14 4.1900e-08 1.5188e-03 3.7656e-01 6.2192e-01
1.0096e+04 2.2984e-27 1.1396e-19 1.7913e-12 1.3316e-06 1.5295e-02 7.7606e-01 2.0864e-01
1.0712e+04 1.0583e-24 3.5135e-17 3.9138e-10 8.8662e-05 1.7685e-01 8.0949e-01 1.3577e-02
1.1367e+04 2.1325e-21 4.4702e-14 2.2510e-07 7.4626e-03 9.0161e-01 9.0910e-02 1.7907e-05
1.2062e+04 1.2162e-17 1.8234e-10 1.9284e-04 3.5874e-01 6.4085e-01 2.1794e-04 5.1062e-11
1.2794e+04 1.0896e-14 1.2820e-07 1.6500e-02 9.7279e-01 1.0713e-02 3.9876e-09 2.5510e-19
1.3528e+04 3.6231e-12 2.8305e-05 3.8125e-01 6.1868e-01 3.2667e-05 1.0072e-14 1.1107e-28
1.4194e+04 2.8956e-10 9.6560e-04 9.7257e-01 2.6463e-02 3.0806e-09 2.9849e-22 1.5654e-40
1.4758e+04 2.8429e-08 2.3305e-02 9.7652e-01 1.7442e-04 1.0084e-14 4.4992e-32 0.0000e+00
1.5240e+04 5.2322e-06 5.4755e-01 4.5244e-01 1.9143e-07 1.2517e-21 4.2039e-44 0.0000e+00
1.5647e+04 1.0105e-04 9.8920e-01 1.0698e-02 6.1184e-12 1.9466e-30 0.0000e+00 0.0000e+00
1.5960e+04 1.5770e-03 9.9834e-01 8.0725e-05 2.8545e-17 1.3900e-40 0.0000e+00 0.0000e+00
1.6187e+04 3.2924e-02 9.6708e-01 2.9395e-07 2.1485e-23 0.0000e+00 0.0000e+00 0.0000e+00
1.6354e+04 4.6297e-01 5.3703e-01 4.0453e-10 3.0067e-30 0.0000e+00 0.0000e+00 0.0000e+00
1.6484e+04 9.7078e-01 2.9224e-02 2.1943e-14 3.7911e-39 0.0000e+00 0.0000e+00 0.0000e+00
1.6593e+04 9.9938e-01 6.1794e-04 2.3950e-19 0.0000e+00 0.0000e+00 0.0000e+00 0.0000e+00
1.6692e+04 9.9998e-01 2.2365e-05 1.1027e-23 0.0000e+00 0.0000e+00 0.0000e+00 0.0000e+00
1.6788e+04 1.0000e+00 3.7232e-06 4.4864e-26 0.0000e+00 0.0000e+00 0.0000e+00 0.0000e+00
1.6888e+04 1.0000e+00 1.1846e-06 1.3236e-27 0.0000e+00 0.0000e+00 0.0000e+00 0.0000e+00
1.6999e+04 1.0000e+00 4.7697e-07 8.0605e-29 0.0000e+00 0.0000e+00 0.0000e+00 0.0000e+00
1.7146e+04 1.0000e+00 1.7897e-07 3.9867e-30 0.0000e+00 0.0000e+00 0.0000e+00 0.0000e+00
1.7416e+04 1.0000e+00 2.8888e-08 1.6120e-32 0.0000e+00 0.0000e+00 0.0000e+00 0.0000e+00
1.7888e+04 1.0000e+00 1.6412e-09 2.9018e-36 0.0000e+00 0.0000e+00 0.0000e+00 0.0000e+00
1.8532e+04 1.0000e+00 6.1048e-11 1.6135e-40 0.0000e+00 0.0000e+00 0.0000e+00 0.0000e+00
1.9260e+04 1.0000e+00 2.3981e-12 9.8091e-45 0.0000e+00 0.0000e+00 0.0000e+00 0.0000e+00
2.0034e+04 1.0000e+00 1.4249e-13 0.0000e+00 0.0000e+00 0.0000e+00 0.0000e+00 0.0000e+00
2.0838e+04 1.0000e+00 8.1975e-15 0.0000e+00 0.0000e+00 0.0000e+00 0.0000e+00 0.0000e+00
2.1648e+04 1.0000e+00 7.4701e-16 0.0000e+00 0.0000e+00 0.0000e+00 0.0000e+00 0.0000e+00
2.2448e+04 1.0000e+00 7.2823e-17 0.0000e+00 0.0000e+00 0.0000e+00 0.0000e+00 0.0000e+00
2.3246e+04 1.0000e+00 1.2993e-17 0.0000e+00 0.0000e+00 0.0000e+00 0.0000e+00 0.0000e+00
2.4052e+04 1.0000e+00 2.6118e-18 0.0000e+00 0.0000e+00 0.0000e+00 0.0000e+00 0.0000e+00
2.4868e+04 1.0000e+00 5.7162e-19 0.0000e+00 0.0000e+00 0.0000e+00 0.0000e+00 0.0000e+00
2.5699e+04 1.0000e+00 1.2974e-19 0.0000e+00 0.0000e+00 0.0000e+00 0.0000e+00 0.0000e+00
2.6588e+04 1.0000e+00 3.3413e-20 0.0000e+00 0.0000e+00 0.0000e+00 0.0000e+00 0.0000e+00
2.7638e+04 1.0000e+00 6.7413e-21 0.0000e+00 0.0000e+00 0.0000e+00 0.0000e+00 0.0000e+00
2.8987e+04 1.0000e+00 1.4021e-21 0.0000e+00 0.0000e+00 0.0000e+00 0.0000e+00 0.0000e+00
3.0652e+04 1.0000e+00 2.6126e-22 0.0000e+00 0.0000e+00 0.0000e+00 0.0000e+00 0.0000e+00
3.2516e+04 1.0000e+00 1.3341e-22 0.0000e+00 0.0000e+00 0.0000e+00 0.0000e+00 0.0000e+00
3.4459e+04 1.0000e+00 1.0203e-21 0.0000e+00 0.0000e+00 0.0000e+00 0.0000e+00 0.0000e+00
3.6371e+04 1.0000e+00 2.4917e-22 0.0000e+00 0.0000e+00 0.0000e+00 0.0000e+00 0.0000e+00
3.8150e+04 1.0000e+00 4.5172e-22 0.0000e+00 0.0000e+00 0.0000e+00 0.0000e+00 0.0000e+00
3.9750e+04 1.0000e+00 1.1417e-22 0.0000e+00 0.0000e+00 0.0000e+00 0.0000e+00 0.0000e+00
4.1174e+04 1.0000e+00 4.6190e-24 0.0000e+00 0.0000e+00 0.0000e+00 0.0000e+00 0.0000e+00
4.2468e+04 1.0000e+00 2.1480e-22 0.0000e+00 0.0000e+00 0.0000e+00 0.0000e+00 0.0000e+00
4.3688e+04 1.0000e+00 2.2540e-20 0.0000e+00 0.0000e+00 0.0000e+00 0.0000e+00 0.0000e+00
4.4884e+04 1.0000e+00 6.0445e-21 0.0000e+00 0.0000e+00 0.0000e+00 0.0000e+00 0.0000e+00
4.6084e+04 1.0000e+00 7.5115e-23 0.0000e+00 0.0000e+00 0.0000e+00 0.0000e+00 0.0000e+00
4.7294e+04 1.0000e+00 1.4707e-25 0.0000e+00 0.0000e+00 0.0000e+00 0.0000e+00 0.0000e+00
4.8516e+04 1.0000e+00 1.6144e-24 0.0000e+00 0.0000e+00 0.0000e+00 0.0000e+00 0.0000e+00
4.9754e+04 1.0000e+00 5.3699e-28 0.0000e+00 0.0000e+00 0.0000e+00 0.0000e+00 0.0000e+00
5.1012e+04 1.0000e+00 1.0944e-28 0.0000e+00 0.0000e+00 0.0000e+00 0.0000e+00 0.0000e+00
5.2292e+04 1.0000e+00 8.6624e-07 4.2202e-32 0.0000e+00 0.0000e+00 0.0000e+00 0.0000e+00
5.3596e+04 1.0000e+00 2.1639e-10 8.3517e-43 0.0000e+00 0.0000e+00 0.0000e+00 0.0000e+00
5.4921e+04 2.6527e-11 1.0510e-02 9.8949e-01 8.3435e-07 2.8179e-23 0.0000e+00 0.0000e+00
5.6265e+04 9.4034e-01 5.9660e-02 1.5009e-18 0.0000e+00 0.0000e+00 0.0000e+00 0.0000e+00
5.7622e+04 1.0000e+00 5.0344e-29 0.0000e+00 0.0000e+00 0.0000e+00 0.0000e+00 0.0000e+00
5.8985e+04 1.0000e+00 1.0168e-24 0.0000e+00 0.0000e+00 0.0000e+00 0.0000e+00 0.0000e+00
6.0341e+04 1.0000e+00 3.2670e-18 0.0000e+00 0.0000e+00 0.0000e+00 0.0000e+00 0.0000e+00
6.1676e+04 1.0000e+00 3.7993e-32 0.0000e+00 0.0000e+00 0.0000e+00 0.0000e+00 0.0000e+00
6.2975e+04 1.0000e+00 2.2879e-25 0.0000e+00 0.0000e+00 0.0000e+00 0.0000e+00 0.0000e+00
6.4219e+04 1.0000e+00 4.1949e-29 0.0000e+00 0.0000e+00 0.0000e+00 0.0000e+00 0.0000e+00
6.5388e+04 1.0000e+00 2.4478e-23 0.0000e+00 0.0000e+00 0.0000e+00 0.0000e+00 0.0000e+00
6.6461e+04 1.0000e+00 2.6728e-24 0.0000e+00 0.0000e+00 0.0000e+00 0.0000e+00 0.0000e+00
6.7422e+04 1.0000e+00 3.1864e-20 0.0000e+00 0.0000e+00 0.0000e+00 0.0000e+00 0.0000e+00
6.8257e+04 1.0000e+00 1.4255e-25 0.0000e+00 0.0000e+00 0.0000e+00 0.0000e+00 0.0000e+00
6.8960e+04 1.0000e+00 6.4167e-21 0.0000e+00 0.0000e+00 0.0000e+00 0.0000e+00 0.0000e+00
6.9475e+04 1.0000e+00 1.3499e-35 0.0000e+00 0.0000e+00 0.0000e+00 0.0000e+00 0.0000e+00
6.9758e+04 1.0000e+00 2.3014e-36 0.0000e+00 0.0000e+00 0.0000e+00 0.0000e+00 0.0000e+00
6.9886e+04 1.0000e+00 1.1984e-36 0.0000e+00 0.0000e+00 0.0000e+00 0.0000e+00 0.0000e+00
6.9950e+04 1.0000e+00 1.9900e-36 0.0000e+00 0.0000e+00 0.0000e+00 0.0000e+00 0.0000e+00
6.9982e+04 1.0000e+00 1.9456e-36 0.0000e+00 0.0000e+00 0.0000e+00 0.0000e+00 0.0000e+00
6.9996e+04 1.0000e+00 1.7502e-36 0.0000e+00 0.0000e+00 0.0000e+00 0.0000e+00 0.0000e+00
7.0000e+04 1.0000e+00 7.6573e-37 0.0000e+00 0.0000e+00 0.0000e+00 0.0000e+00 0.0000e+00
#
#TIME: 1.0543
#NVEL: 115
#vel_mid[km/s] ne0 ne1 ne2 ne3 ne4 ne5 ne6
4.4010e+02 4.4366e-28 9.1408e-20 6.1830e-12 6.8208e-06 5.6568e-02 8.9669e-01 4.6732e-02
8.8623e+02 2.1385e-19 5.3864e-13 4.5023e-07 6.6971e-03 7.9775e-01 1.9539e-01 1.6434e-04
9.0614e+02 1.9100e-19 4.8686e-13 4.1259e-07 6.3337e-03 7.8860e-01 2.0488e-01 1.8440e-04
9.4442e+02 1.9318e-19 4.9183e-13 4.1624e-07 6.3696e-03 7.8954e-01 2.0391e-01 1.8228e-04
9.9911e+02 1.9393e-19 4.9356e-13 4.1752e-07 6.3822e-03 7.8987e-01 2.0357e-01 1.8153e-04
1.0608e+03 1.9024e-19 4.8525e-13 4.1154e-07 6.3241e-03 7.8837e-01 2.0512e-01 1.8492e-04
1.1257e+03 1.8994e-19 4.8422e-13 4.1047e-07 6.3118e-03 7.8799e-01 2.0551e-01 1.8582e-04
1.1944e+03 1.7791e-19 4.5609e-13 3.8924e-07 6.0974e-03 7.8208e-01 2.1162e-01 1.9968e-04
1.2673e+03 1.3927e-19 3.6484e-13 3.1938e-07 5.3587e-03 7.5922e-01 2.3517e-01 2.5941e-04
1.3448e+03 4.6131e-20 1.3395e-13 1.3111e-07 2.9598e-03 6.4224e-01 3.5404e-01 7.5886e-04
1.4269e+03 4.3784e-21 1.5759e-14 1.8839e-08 7.5298e-04 3.7150e-01 6.2295e-01 4.7932e-03
1.5140e+03 2.7492e-22 1.2763e-15 1.8623e-09 1.3482e-04 1.5550e-01 8.2096e-01 2.3411e-02
1.6065e+03 2.5633e-23 1.4996e-16 2.5839e-10 2.9991e-05 6.7262e-02 8.6502e-01 6.7691e-02
1.7047e+03 2.9678e-24 2.1292e-17 4.1866e-11 7.2974e-06 2.9170e-02 8.1667e-01 1.5416e-01
1.8088e+03 2.7265e-25 2.4370e-18 5.4704e-12 1.4548e-06 1.0630e-02 6.7164e-01 3.1773e-01
1.9193e+03 1.7340e-26 1.9944e-19 5.2153e-13 2.1754e-07 3.0055e-03 4.4625e-01 5.5075e-01
2.0365e+03 7.7683e-28 1.1791e-20 3.6522e-14 2.4319e-08 6.4920e-04 2.3248e-01 7.6687e-01
2.1609e+03 2.7238e-29 5.5939e-22 2.1023e-15 2.2595e-09 1.1750e-04 1.0195e-01 8.9793e-01
2.2929e+03 8.7864e-31 2.4910e-23 1.1659e-16 2.0249e-10 2.0334e-05 4.1914e-02 9.5807e-01
2.4330e+03 3.1492e-32 1.2197e-24 7.0769e-18 1.9392e-11 3.6506e-06 1.7260e-02 9.8274e-01
2.5816e+03 1.7683e-33 8.9358e-26 6.2304e-19 2.5155e-12 8.1253e-07 7.8978e-03 9.9210e-01
2.7393e+03 1.9407e-34 1.2079e-26 9.7809e-20 5.3116e-13 2.5866e-07 4.3499e-03 9.9565e-01
2.9067e+03 4.1499e-35 3.0296e-27 2.7796e-20 1.8664e-13 1.2047e-07 2.9247e-03 9.9708e-01
3.0842e+03 1.7466e-35 1.4350e-27 1.4684e-20 1.1253e-13 8.4445e-08 2.4391e-03 9.9756e-01
3.2726e+03 1.5078e-35 1.3271e-27 1.4774e-20 1.1844e-13 9.0099e-08 2.5372e-03 9.9746e-01
3.4725e+03 2.4144e-35 2.1715e-27 2.5596e-20 1.9863e-13 1.3621e-07 3.1689e-03 9.9683e-01
3.6846e+03 7.0517e-35 6.2549e-27 7.7275e-20 5.4004e-13 2.9660e-07 4.7987e-03 9.9520e-01
3.9097e+03 3.0165e-34 2.6320e-26 3.4890e-19 2.1098e-12 8.5455e-07 8.4386e-03 9.9156e-01
4.1484e+03 1.3296e-33 1.0962e-25 1.4805e-18 7.5645e-12 2.2651e-06 1.4144e-02 9.8585e-01
4.4019e+03 3.3077e-33 2.5345e-25 3.2832e-18 1.4871e-11 3.7371e-06 1.8373e-02 9.8162e-01
4.6708e+03 2.2559e-33 1.8032e-25 2.4157e-18 1.1563e-11 3.1176e-06 1.6733e-02 9.8326e-01
4.9561e+03 7.4162e-34 6.8684e-26 1.0499e-18 5.9586e-12 1.9564e-06 1.3193e-02 9.8680e-01
5.2588e+03 2.7873e-34 2.9696e-26 5.1734e-19 3.4249e-12 1.3331e-06 1.0861e-02 9.8914e-01
5.5800e+03 1.7073e-34 1.9621e-26 3.6782e-19 2.6362e-12 1.1155e-06 9.9294e-03 9.9007e-01
5.9209e+03 1.6880e-34 2.0142e-26 3.9769e-19 2.8974e-12 1.2158e-06 1.0426e-02 9.8957e-01
6.2825e+03 2.2341e-34 2.7185e-26 5.6192e-19 4.0122e-12 1.5762e-06 1.1996e-02 9.8800e-01
6.6663e+03 3.7501e-34 4.5192e-26 9.5376e-19 6.4384e-12 2.2683e-06 1.4560e-02 9.8544e-01
7.0735e+03 8.3293e-34 9.7596e-26 2.0879e-18 1.2849e-11 3.8409e-06 1.9245e-02 9.8075e-01
7.5056e+03 2.5636e-33 2.9212e-25 6.4713e-18 3.5048e-11 8.2759e-06 2.8898e-02 9.7109e-01
7.9641e+03 1.1316e-32 1.2172e-24 2.7392e-17 1.2394e-10 2.1531e-05 4.7722e-02 9.5226e-01
8.4505e+03 7.4678e-32 7.2194e-24 1.5784e-16 5.5881e-10 6.6155e-05 8.5106e-02 9.1483e-01
8.9668e+03 1.0119e-30 8.4138e-23 1.7508e-15 4.3648e-09 3.0110e-04 1.8108e-01 8.1862e-01
9.5145e+03 3.9266e-29 2.6231e-21 4.9868e-14 7.3209e-08 2.2617e-03 4.4267e-01 5.5507e-01
1.0096e+04 4.2601e-27 2.0833e-19 3.2892e-12 2.1935e-06 2.1025e-02 8.1793e-01 1.6104e-01
1.0712e+04 2.0096e-24 6.6009e-17 7.2081e-10 1.4247e-04 2.2828e-01 7.6275e-01 8.8259e-03
1.1367e+04 3.6967e-21 7.7640e-14 3.6590e-07 1.0142e-02 9.2675e-01 6.3101e-02 7.7879e-06
1.2062e+04 2.0878e-17 3.1964e-10 3.0023e-04 4.4403e-01 5.5556e-01 1.1538e-04 1.4883e-11
1.2794e+04 1.6907e-14 2.0138e-07 2.1975e-02 9.7118e-01 6.8486e-03 1.3885e-09 4.2127e-20
1.3528e+04 5.7362e-12 4.3539e-05 4.7099e-01 5.2895e-01 1.5840e-05 2.2789e-15 9.7688e-30
1.4194e+04 4.2177e-10 1.2850e-03 9.8178e-01 1.6937e-02 9.7619e-10 3.7132e-23 6.0550e-42
1.4758e+04 4.3488e-08 3.1480e-02 9.6842e-01 1.0346e-04 2.6746e-15 4.1033e-33 0.0000e+00
1.5240e+04 7.1770e-06 6.3573e-01 3.6426e-01 8.4948e-08 2.1932e-22 2.8026e-45 0.0000e+00
1.5647e+04 1.2213e-04 9.9282e-01 7.0547e-03 2.0225e-12 2.1633e-31 0.0000e+00 0.0000e+00
1.5960e+04 2.0231e-03 9.9793e-01 4.8217e-05 7.4990e-18 1.0169e-41 0.0000e+00 0.0000e+00
1.6187e+04 4.3278e-02 9.5672e-01 1.6251e-07 4.7080e-24 0.0000e+00 0.0000e+00 0.0000e+00
1.6354e+04 5.2518e-01 4.7482e-01 2.1311e-10 6.9234e-31 0.0000e+00 0.0000e+00 0.0000e+00
1.6484e+04 9.8119e-01 1.8810e-02 5.6945e-15 2.3418e-40 0.0000e+00 0.0000e+00 0.0000e+00
1.6593e+04 9.9969e-01 3.0992e-04 2.9820e-20 0.0000e+00 0.0000e+00 0.0000e+00 0.0000e+00
1.6692e+04 9.9999e-01 9.9302e-06 9.0375e-25 0.0000e+00 0.0000e+00 0.0000e+00 0.0000e+00
1.6788e+04 1.0000e+00 1.6604e-06 3.7734e-27 0.0000e+00 0.0000e+00 0.0000e+00 0.0000e+00
1.6888e+04 1.0000e+00 4.9641e-07 9.4709e-29 0.0000e+00 0.0000e+00 0.0000e+00 0.0000e+00
1.6999e+04 1.0000e+00 2.0023e-07 5.9129e-30 0.0000e+00 0.0000e+00 0.0000e+00 0.0000e+00
1.7146e+04 1.0000e+00 7.5702e-08 3.0452e-31 0.0000e+00 0.0000e+00 0.0000e+00 0.0000e+00
1.7416e+04 1.0000e+00 1.0884e-08 8.9988e-34 0.0000e+00 0.0000e+00 0.0000e+00 0.0000e+00
1.7888e+04 1.0000e+00 6.0353e-10 1.5190e-37 0.0000e+00 0.0000e+00 0.0000e+00 0.0000e+00
1.8532e+04 1.0000e+00 2.2909e-11 8.9081e-42 0.0000e+00 0.0000e+00 0.0000e+00 0.0000e+00
1.9260e+04 1.0000e+00 7.6872e-13 0.0000e+00 0.0000e+00 0.0000e+00 0.0000e+00 0.0000e+00
2.0034e+04 1.0000e+00 3.3063e-14 0.0000e+00 0.0000e+00 0.0000e+00 0.0000e+00 0.0000e+00
2.0838e+04 1.0000e+00 1.7487e-15 0.0000e+00 0.0000e+00 0.0000e+00 0.0000e+00 0.0000e+00
2.1648e+04 1.0000e+00 1.2553e-16 0.0000e+00 0.0000e+00 0.0000e+00 0.0000e+00 0.0000e+00
2.2448e+04 1.0000e+00 1.2977e-17 0.0000e+00 0.0000e+00 0.0000e+00 0.0000e+00 0.0000e+00
2.3246e+04 1.0000e+00 1.8081e-18 0.0000e+00 0.0000e+00 0.0000e+00 0.0000e+00 0.0000e+00
2.4052e+04 1.0000e+00 4.8575e-19 0.0000e+00 0.0000e+00 0.0000e+00 0.0000e+00 0.0000e+00
2.4868e+04 1.0000e+00 1.3540e-19 0.0000e+00 0.0000e+00 0.0000e+00 0.0000e+00 0.0000e+00
2.5699e+04 1.0000e+00 3.6235e-20 0.0000e+00 0.0000e+00 0.0000e+00 0.0000e+00 0.0000e+00
2.6588e+04 1.0000e+00 1.5577e-20 0.0000e+00 0.0000e+00 0.0000e+00 0.0000e+00 0.0000e+00
2.7638e+04 1.0000e+00 4.6980e-21 0.0000e+00 0.0000e+00 0.0000e+00 0.0000e+00 0.0000e+00
2.8987e+04 1.0000e+00 7.4329e-22 0.0000e+00 0.0000e+00 0.0000e+00 0.0000e+00 0.0000e+00
3.0652e+04 1.0000e+00 2.3977e-22 0.0000e+00 0.0000e+00 0.0000e+00 0.0000e+00 0.0000e+00
3.2516e+04 1.0000e+00 3.1373e-22 0.0000e+00 0.0000e+00 0.0000e+00 0.0000e+00 0.0000e+00
3.4459e+04 1.0000e+00 2.6623e-22 0.0000e+00 0.0000e+00 0.0000e+00 0.0000e+00 0.0000e+00
3.6371e+04 1.0000e+00 4.1489e-23 0.0000e+00 0.0000e+00 0.0000e+00 0.0000e+00 0.0000e+00
3.8150e+04 1.0000e+00 2.3138e-23 0.0000e+00 0.0000e+00 0.0000e+00 0.0000e+00 0.0000e+00
3.9750e+04 1.0000e+00 2.6556e-23 0.0000e+00 0.0000e+00 0.0000e+00 0.0000e+00 0.0000e+00
4.1174e+04 1.0000e+00 1.3147e-24 0.0000e+00 0.0000e+00 0.0000e+00 0.0000e+00 0.0000e+00
4.2468e+04 1.0000e+00 4.7626e-25 0.0000e+00 0.0000e+00 0.0000e+00 0.0000e+00 0.0000e+00
4.3688e+04 1.0000e+00 4.6937e-24 0.0000e+00 0.0000e+00 0.0000e+00 0.0000e+00 0.0000e+00
4.4884e+04 1.0000e+00 1.1653e-23 0.0000e+00 0.0000e+00 0.0000e+00 0.0000e+00 0.0000e+00
