#NTIMES: 50
#NSTAGES 4
#TIMES[d]: 199.16 202.03 204.93 207.87 210.86 213.89 216.97 220.09 223.25 226.46 229.71 233.01 236.36 239.76 243.21 246.70 250.25 253.85 257.50 261.20 264.95 268.76 272.62 276.54 280.51 284.55 288.64 292.79 296.99 301.26 305.59 309.99 314.44 318.96 323.55 328.19 332.91 337.70 342.55 347.48 352.47 357.54 362.68 367.89 373.18 378.54 383.98 389.50 395.10 400.78
#
#TIME: 199.16
#NVEL 78
#vel_mid[km/s] ca0 ca1 ca2 ca3
440.10 1.5344e-08 7.3921e-04 8.9815e-01 1.0111e-01
886.22 1.7218e-08 8.8256e-04 8.9733e-01 1.0179e-01
906.14 1.8727e-08 8.5076e-04 8.9381e-01 1.0534e-01
944.43 2.2690e-08 9.4009e-04 8.9766e-01 1.0140e-01
999.11 1.9697e-08 8.0691e-04 9.0337e-01 9.5825e-02
1060.83 2.8051e-08 1.2533e-03 8.8798e-01 1.1077e-01
1125.62 1.4878e-08 6.2259e-04 8.9644e-01 1.0294e-01
1194.38 1.4306e-08 6.0945e-04 8.9713e-01 1.0226e-01
1267.34 1.4703e-08 6.8278e-04 8.9365e-01 1.0567e-01
1344.75 1.2772e-08 5.9396e-04 8.9590e-01 1.0350e-01
1426.89 2.0184e-08 8.4466e-04 9.0272e-01 9.6438e-02
1514.05 1.8327e-08 7.8146e-04 9.0545e-01 9.3764e-02
1606.54 1.7877e-08 7.5094e-04 9.0083e-01 9.8423e-02
1704.67 1.4494e-08 6.1695e-04 9.0386e-01 9.5527e-02
1808.80 1.3051e-08 5.9508e-04 9.0459e-01 9.4814e-02
1919.29 1.3783e-08 5.7682e-04 9.0444e-01 9.4980e-02
2036.53 1.4221e-08 5.8177e-04 9.0460e-01 9.4818e-02
2160.92 1.1477e-08 5.3065e-04 9.0248e-01 9.6993e-02
2292.92 1.0079e-08 4.9815e-04 8.9556e-01 1.0394e-01
2432.98 7.1528e-09 4.2099e-04 8.8510e-01 1.1448e-01
2581.60 6.9890e-09 4.7719e-04 8.7595e-01 1.2357e-01
2739.29 6.4147e-09 5.0873e-04 8.6449e-01 1.3501e-01
2906.62 4.0436e-09 4.0966e-04 8.4300e-01 1.5659e-01
3084.17 3.0030e-09 3.7098e-04 8.1092e-01 1.8871e-01
3272.56 2.3575e-09 3.6590e-04 7.4721e-01 2.5242e-01
3472.46 1.6923e-09 3.3717e-04 6.6890e-01 3.3077e-01
3684.57 1.3497e-09 3.3299e-04 5.5400e-01 4.4566e-01
3909.64 9.9253e-10 3.1008e-04 4.8069e-01 5.1900e-01
4148.46 7.1838e-10 2.5965e-04 5.0434e-01 4.9540e-01
4401.86 7.6290e-10 2.8089e-04 5.5291e-01 4.4681e-01
4670.75 6.1542e-10 2.5908e-04 5.3064e-01 4.6911e-01
4956.05 2.9247e-10 1.7577e-04 4.2915e-01 5.7068e-01
5258.79 8.7003e-11 7.9865e-05 2.6037e-01 7.3955e-01
5580.02 2.8307e-11 3.4960e-05 1.2393e-01 8.7604e-01
5920.87 1.2577e-11 1.9022e-05 8.5492e-02 9.1449e-01
6282.54 7.4064e-12 1.2711e-05 7.2441e-02 9.2755e-01
6666.30 5.4642e-12 9.9074e-06 6.6610e-02 9.3338e-01
7073.50 5.3661e-12 9.9247e-06 6.8919e-02 9.3107e-01
7505.58 4.9526e-12 9.4140e-06 7.2416e-02 9.2757e-01
7964.05 5.7243e-12 1.0429e-05 8.0161e-02 9.1983e-01
8450.53 1.0899e-11 1.6950e-05 1.1089e-01 8.8909e-01
8966.72 2.5224e-11 3.0900e-05 1.9226e-01 8.0771e-01
9514.44 5.5338e-11 4.8806e-05 3.1058e-01 6.8937e-01
10095.62 1.3379e-10 7.7193e-05 4.3494e-01 5.6498e-01
10712.30 2.6053e-10 9.7943e-05 5.3854e-01 4.6136e-01
11366.65 3.4790e-10 1.0233e-04 6.1901e-01 3.8088e-01
12061.10 3.4145e-10 8.9724e-05 6.4651e-01 3.5340e-01
12793.43 3.0859e-10 6.9527e-05 6.4305e-01 3.5688e-01
13528.61 3.4326e-10 6.3054e-05 6.4139e-01 3.5855e-01
14194.74 3.4510e-10 5.5803e-05 6.2054e-01 3.7940e-01
14757.77 4.8089e-10 6.8900e-05 5.1839e-01 4.8155e-01
15240.48 8.4024e-10 9.3495e-05 4.8593e-01 5.1398e-01
15646.99 1.7451e-09 1.3857e-04 5.5504e-01 4.4482e-01
15960.30 7.3252e-09 3.5513e-04 5.4334e-01 4.5631e-01
16187.41 1.5225e-08 5.9025e-04 5.3461e-01 4.6480e-01
16354.17 1.6333e-08 5.6528e-04 5.6010e-01 4.3934e-01
16484.18 1.6511e-08 5.9886e-04 4.7865e-01 5.2076e-01
16593.12 1.2612e-08 5.1737e-04 4.0734e-01 5.9214e-01
16691.99 9.0197e-09 3.9967e-04 4.0729e-01 5.9231e-01
16788.59 7.4447e-09 3.5440e-04 4.0577e-01 5.9387e-01
16888.37 7.3139e-09 3.7905e-04 3.5018e-01 6.4944e-01
16998.79 5.8675e-09 3.2836e-04 3.8110e-01 6.1858e-01
17146.37 5.4396e-09 3.2080e-04 3.1567e-01 6.8401e-01
17415.23 4.6078e-09 2.8773e-04 2.6227e-01 7.3744e-01
17888.12 3.6834e-09 2.4893e-04 2.4949e-01 7.5026e-01
18532.37 2.5222e-09 2.0292e-04 2.1108e-01 7.8872e-01
19260.76 1.6996e-09 1.5313e-04 1.8574e-01 8.1411e-01
20034.10 1.1231e-09 1.0445e-04 1.5428e-01 8.4562e-01
20838.00 7.8844e-10 7.9594e-05 1.3183e-01 8.6809e-01
21647.97 6.4870e-10 6.7142e-05 1.2769e-01 8.7225e-01
22447.94 4.5053e-10 4.9109e-05 1.7979e-01 8.2016e-01
23245.88 3.0932e-10 3.5449e-05 8.8318e-02 9.1165e-01
24052.47 2.0191e-10 2.4689e-05 1.1024e-01 8.8973e-01
24867.72 1.1026e-10 1.2718e-05 6.0770e-02 9.3922e-01
25698.86 1.0200e-10 1.3114e-05 7.7851e-02 9.2214e-01
26587.16 6.7625e-11 9.1430e-06 4.9203e-02 9.5079e-01
27637.54 3.5554e-11 6.0006e-06 1.3904e-01 8.6096e-01
28986.97 2.2565e-11 4.1837e-06 7.3886e-02 9.2611e-01
#TIME: 202.03
#NVEL 78
#vel_mid[km/s] ca0 ca1 ca2 ca3
440.10 1.3585e-08 5.9479e-04 8.9615e-01 1.0325e-01
886.22 5.3364e-08 1.8219e-03 8.9784e-01 1.0034e-01
906.14 6.6133e-08 2.0316e-03 8.9242e-01 1.0554e-01
944.43 3.8004e-08 1.3102e-03 8.9867e-01 1.0002e-01
999.11 3.5120e-08 1.2250e-03 8.9826e-01 1.0051e-01
1060.83 2.9897e-08 9.3348e-04 8.9602e-01 1.0304e-01
1125.62 2.1781e-08 7.6207e-04 8.9573e-01 1.0351e-01
1194.38 1.9744e-08 8.1093e-04 8.9857e-01 1.0062e-01
1267.34 2.2339e-08 8.7632e-04 9.0381e-01 9.5311e-02
1344.75 1.3320e-08 5.3215e-04 9.0034e-01 9.9129e-02
1426.89 2.2434e-08 8.2921e-04 9.0143e-01 9.7741e-02
1514.05 2.6159e-08 9.6094e-04 9.0355e-01 9.5490e-02
1606.54 2.3480e-08 8.2598e-04 9.0754e-01 9.1633e-02
1704.67 1.9280e-08 6.7829e-04 9.0741e-01 9.1915e-02
1808.80 1.5554e-08 5.9035e-04 9.0956e-01 8.9854e-02
1919.29 1.5999e-08 6.0498e-04 9.0859e-01 9.0803e-02
2036.53 1.5129e-08 5.8893e-04 9.0282e-01 9.6595e-02
2160.92 1.5709e-08 6.5555e-04 8.9973e-01 9.9615e-02
2292.92 1.2318e-08 5.4000e-04 8.9305e-01 1.0641e-01
2432.98 1.0990e-08 5.4622e-04 8.8312e-01 1.1633e-01
2581.60 7.2256e-09 4.4825e-04 8.7272e-01 1.2683e-01
2739.29 5.8427e-09 4.2438e-04 8.6055e-01 1.3902e-01
2906.62 4.7045e-09 4.1902e-04 8.4271e-01 1.5687e-01
3084.17 3.6503e-09 4.1121e-04 8.0975e-01 1.8984e-01
3272.56 2.7814e-09 3.9229e-04 7.4545e-01 2.5416e-01
3472.46 2.2736e-09 4.0372e-04 6.5804e-01 3.4155e-01
3684.57 1.6079e-09 3.4811e-04 5.6315e-01 4.3650e-01
3909.64 8.4992e-10 2.4121e-04 4.8951e-01 5.1025e-01
4148.46 7.5674e-10 2.5296e-04 5.0041e-01 4.9934e-01
4401.86 8.5260e-10 2.9127e-04 5.5337e-01 4.4634e-01
4670.75 7.4141e-10 2.8827e-04 5.3696e-01 4.6275e-01
4956.05 3.2596e-10 1.8146e-04 4.3671e-01 5.6311e-01
5258.79 1.0826e-10 9.1319e-05 2.5954e-01 7.4036e-01
5580.02 3.0492e-11 3.5588e-05 1.2242e-01 8.7755e-01
5920.87 1.3002e-11 1.8564e-05 8.6999e-02 9.1298e-01
6282.54 7.9103e-12 1.2727e-05 7.2370e-02 9.2762e-01
6666.30 6.1931e-12 1.0670e-05 6.9433e-02 9.3056e-01
7073.50 5.5070e-12 9.7051e-06 6.9478e-02 9.3051e-01
7505.58 5.2343e-12 9.2303e-06 7.2019e-02 9.2797e-01
7964.05 6.5512e-12 1.1194e-05 8.3332e-02 9.1666e-01
8450.53 1.1502e-11 1.6791e-05 1.0994e-01 8.9005e-01
8966.72 2.5792e-11 2.9537e-05 1.8385e-01 8.1612e-01
9514.44 6.8009e-11 5.4735e-05 3.0642e-01 6.9353e-01
10095.62 1.4907e-10 7.8424e-05 4.4181e-01 5.5811e-01
10712.30 3.2248e-10 1.1245e-04 5.3221e-01 4.6768e-01
11366.65 4.2718e-10 1.1746e-04 5.9094e-01 4.0894e-01
12061.10 3.7910e-10 9.3845e-05 6.5127e-01 3.4864e-01
12793.43 3.6162e-10 7.8835e-05 6.6462e-01 3.3530e-01
13528.61 4.3523e-10 7.7626e-05 6.3496e-01 3.6497e-01
14194.74 4.2242e-10 6.6140e-05 6.2561e-01 3.7432e-01
14757.77 4.5458e-10 6.3560e-05 5.4577e-01 4.5416e-01
15240.48 7.6731e-10 8.8009e-05 5.2780e-01 4.7211e-01
15646.99 2.2801e-09 1.7509e-04 5.2791e-01 4.7192e-01
15960.30 8.0499e-09 3.6419e-04 5.3948e-01 4.6015e-01
16187.41 1.6575e-08 6.0367e-04 5.2186e-01 4.7754e-01
16354.17 2.0138e-08 7.2272e-04 5.2236e-01 4.7692e-01
16484.18 1.8670e-08 6.7295e-04 4.9021e-01 5.0912e-01
16593.12 1.3693e-08 5.6086e-04 3.9844e-01 6.0100e-01
16691.99 8.6894e-09 3.7174e-04 4.1363e-01 5.8600e-01
16788.59 1.0869e-08 4.5595e-04 3.9667e-01 6.0287e-01
16888.37 8.0353e-09 3.8887e-04 3.6515e-01 6.3446e-01
16998.79 7.6291e-09 3.7642e-04 3.2953e-01 6.7009e-01
17146.37 7.2668e-09 3.9681e-04 2.9810e-01 7.0151e-01
17415.23 6.0889e-09 3.5178e-04 2.8880e-01 7.1085e-01
17888.12 3.9413e-09 2.8022e-04 2.3457e-01 7.6515e-01
18532.37 2.7335e-09 2.1416e-04 2.0700e-01 7.9279e-01
19260.76 1.9077e-09 1.6213e-04 1.9505e-01 8.0479e-01
20034.10 1.1497e-09 1.1229e-04 1.5619e-01 8.4370e-01
20838.00 7.5490e-10 7.5068e-05 1.2875e-01 8.7118e-01
21647.97 7.7795e-10 7.2556e-05 1.2679e-01 8.7314e-01
22447.94 5.0172e-10 5.0636e-05 1.1633e-01 8.8362e-01
23245.88 3.7099e-10 3.9872e-05 9.7946e-02 9.0201e-01
24052.47 2.6752e-10 3.1496e-05 8.5944e-02 9.1402e-01
24867.72 1.8545e-10 2.2285e-05 6.7405e-02 9.3257e-01
25698.86 1.2680e-10 1.6581e-05 5.0741e-02 9.4924e-01
26587.16 7.4810e-11 1.0619e-05 7.5090e-02 9.2490e-01
27637.54 3.0347e-11 4.4211e-06 6.4332e-02 9.3566e-01
28986.97 2.7477e-11 5.1496e-06 9.3732e-02 9.0626e-01
#TIME: 204.93
#NVEL 78
#vel_mid[km/s] ca0 ca1 ca2 ca3
440.10 2.0998e-08 6.7005e-04 8.9862e-01 1.0071e-01
886.22 2.4188e-08 9.1580e-04 9.1442e-01 8.4660e-02
906.14 3.2148e-08 1.0810e-03 9.0627e-01 9.2650e-02
944.43 1.8121e-08 6.3347e-04 8.9905e-01 1.0032e-01
999.11 7.7544e-08 2.3203e-03 8.9801e-01 9.9667e-02
1060.83 2.6901e-08 7.9806e-04 8.8957e-01 1.0963e-01
1125.62 1.6486e-08 5.2095e-04 9.0149e-01 9.7985e-02
1194.38 2.2791e-08 7.4341e-04 9.0089e-01 9.8365e-02
1267.34 3.8593e-08 1.2234e-03 8.9800e-01 1.0077e-01
1344.75 2.2565e-08 7.5731e-04 8.9637e-01 1.0288e-01
1426.89 2.1693e-08 7.5647e-04 9.0115e-01 9.8094e-02
1514.05 2.6005e-08 7.8002e-04 9.0840e-01 9.0815e-02
1606.54 2.9048e-08 9.2572e-04 9.0717e-01 9.1905e-02
1704.67 2.2669e-08 7.0965e-04 9.0622e-01 9.3073e-02
1808.80 1.6969e-08 5.4556e-04 9.1023e-01 8.9227e-02
1919.29 1.9411e-08 6.2552e-04 9.0456e-01 9.4816e-02
2036.53 1.7271e-08 5.3974e-04 9.0755e-01 9.1908e-02
2160.92 1.7824e-08 6.3250e-04 9.0440e-01 9.4966e-02
2292.92 1.6413e-08 5.7891e-04 8.9874e-01 1.0068e-01
2432.98 1.1005e-08 4.7479e-04 8.8888e-01 1.1064e-01
2581.60 9.3525e-09 4.9286e-04 8.7645e-01 1.2306e-01
2739.29 6.9653e-09 4.4494e-04 8.6281e-01 1.3674e-01
2906.62 5.4083e-09 4.3014e-04 8.4440e-01 1.5517e-01
3084.17 4.2504e-09 4.2297e-04 8.0818e-01 1.9140e-01
3272.56 3.1551e-09 3.9009e-04 7.3649e-01 2.6312e-01
3472.46 2.5151e-09 3.9766e-04 6.6103e-01 3.3857e-01
3684.57 1.8946e-09 3.7917e-04 5.5523e-01 4.4439e-01
3909.64 1.1717e-09 2.9794e-04 4.7713e-01 5.2257e-01
4148.46 8.2365e-10 2.4371e-04 5.0835e-01 4.9141e-01
4401.86 1.0170e-09 3.1486e-04 5.5998e-01 4.3970e-01
4670.75 7.9109e-10 2.8107e-04 5.4473e-01 4.5499e-01
4956.05 3.6326e-10 1.8619e-04 4.3451e-01 5.6531e-01
5258.79 1.1682e-10 9.1343e-05 2.5178e-01 7.4813e-01
5580.02 3.3262e-11 3.5467e-05 1.2528e-01 8.7469e-01
5920.87 1.4975e-11 1.9670e-05 8.8962e-02 9.1102e-01
6282.54 8.5056e-12 1.2919e-05 7.1522e-02 9.2846e-01
6666.30 7.2133e-12 1.1511e-05 7.0009e-02 9.2998e-01
7073.50 6.1825e-12 1.0099e-05 6.9974e-02 9.3002e-01
7505.58 5.6943e-12 9.3900e-06 6.8522e-02 9.3147e-01
7964.05 7.1578e-12 1.1398e-05 8.3138e-02 9.1685e-01
8450.53 1.1240e-11 1.5337e-05 1.0720e-01 8.9279e-01
8966.72 2.7169e-11 2.8779e-05 1.8603e-01 8.1394e-01
9514.44 6.5892e-11 4.9471e-05 2.9929e-01 7.0066e-01
10095.62 1.6143e-10 7.9325e-05 4.2274e-01 5.7718e-01
10712.30 3.1305e-10 1.0101e-04 5.5124e-01 4.4866e-01
11366.65 4.2401e-10 1.0798e-04 6.0565e-01 3.9425e-01
12061.10 4.8471e-10 1.0922e-04 6.3675e-01 3.6314e-01
12793.43 3.7172e-10 7.6252e-05 6.4765e-01 3.5227e-01
13528.61 4.4946e-10 7.5518e-05 6.3026e-01 3.6967e-01
14194.74 4.5932e-10 6.6623e-05 6.0867e-01 3.9126e-01
14757.77 5.1527e-10 6.9653e-05 5.5119e-01 4.4874e-01
15240.48 8.4985e-10 8.7829e-05 5.4291e-01 4.5700e-01
15646.99 2.1482e-09 1.6465e-04 5.1443e-01 4.8540e-01
15960.30 8.6781e-09 3.9935e-04 5.4445e-01 4.5515e-01
16187.41 1.5209e-08 5.4458e-04 5.3909e-01 4.6036e-01
16354.17 1.7721e-08 5.9633e-04 5.2721e-01 4.7220e-01
16484.18 1.5496e-08 5.6268e-04 4.7571e-01 5.2373e-01
16593.12 1.4914e-08 5.8855e-04 4.2250e-01 5.7691e-01
16691.99 1.1058e-08 4.6855e-04 4.2824e-01 5.7130e-01
16788.59 1.0445e-08 4.5771e-04 3.7118e-01 6.2836e-01
16888.37 8.1754e-09 3.8772e-04 3.3188e-01 6.6773e-01
16998.79 8.3012e-09 4.2138e-04 3.1062e-01 6.8895e-01
17146.37 6.9188e-09 3.7016e-04 2.9192e-01 7.0771e-01
17415.23 5.0922e-09 2.9965e-04 2.9254e-01 7.0716e-01
17888.12 3.5703e-09 2.5064e-04 2.4351e-01 7.5624e-01
18532.37 2.8911e-09 2.2228e-04 2.1825e-01 7.8153e-01
19260.76 2.2503e-09 1.8199e-04 1.8407e-01 8.1575e-01
20034.10 1.3748e-09 1.2058e-04 1.5512e-01 8.4476e-01
20838.00 9.6230e-10 8.7928e-05 1.3699e-01 8.6293e-01
21647.97 8.8203e-10 8.2266e-05 1.2467e-01 8.7525e-01
22447.94 6.3684e-10 5.8896e-05 1.2255e-01 8.7739e-01
23245.88 4.2173e-10 4.3724e-05 9.8404e-02 9.0155e-01
24052.47 2.4935e-10 2.9625e-05 8.7296e-02 9.1267e-01
24867.72 1.4571e-10 1.7948e-05 8.0902e-02 9.1908e-01
25698.86 1.4885e-10 1.7998e-05 6.7115e-02 9.3287e-01
26587.16 7.9273e-11 1.0266e-05 9.1510e-02 9.0848e-01
27637.54 4.3032e-11 6.6087e-06 1.7292e-01 8.2708e-01
28986.97 3.3544e-11 5.5406e-06 1.2419e-01 8.7581e-01
#TIME: 207.87
#NVEL 78
#vel_mid[km/s] ca0 ca1 ca2 ca3
440.10 2.0516e-08 6.5097e-04 9.0276e-01 9.6589e-02
886.22 8.6161e-09 3.2016e-04 9.0145e-01 9.8233e-02
906.14 2.7119e-08 6.7534e-04 9.0453e-01 9.4797e-02
944.43 3.9358e-08 1.0857e-03 9.0114e-01 9.7770e-02
999.11 3.1130e-08 8.6382e-04 9.0414e-01 9.4998e-02
1060.83 5.6159e-08 1.5665e-03 8.9735e-01 1.0109e-01
1125.62 3.4418e-08 1.0716e-03 8.9678e-01 1.0215e-01
1194.38 2.3472e-08 7.5113e-04 8.8992e-01 1.0933e-01
1267.34 2.4145e-08 7.0653e-04 9.0449e-01 9.4798e-02
1344.75 2.6054e-08 8.1987e-04 9.0135e-01 9.7828e-02
1426.89 3.3177e-08 8.8484e-04 9.0365e-01 9.5462e-02
1514.05 2.7697e-08 6.9770e-04 9.0872e-01 9.0582e-02
1606.54 2.6936e-08 6.5725e-04 9.0475e-01 9.4596e-02
1704.67 2.3240e-08 6.7709e-04 9.1013e-01 8.9195e-02
1808.80 2.3565e-08 6.9480e-04 9.0900e-01 9.0300e-02
1919.29 2.4409e-08 7.0745e-04 9.0525e-01 9.4044e-02
2036.53 1.9062e-08 5.7912e-04 9.0861e-01 9.0813e-02
2160.92 2.2651e-08 6.9986e-04 9.0127e-01 9.8025e-02
2292.92 1.7698e-08 6.1874e-04 8.9358e-01 1.0581e-01
2432.98 1.2489e-08 5.1296e-04 8.8508e-01 1.1441e-01
2581.60 1.0742e-08 5.1582e-04 8.7431e-01 1.2517e-01
2739.29 8.1841e-09 4.6219e-04 8.6222e-01 1.3732e-01
2906.62 6.6941e-09 4.4850e-04 8.4220e-01 1.5735e-01
3084.17 4.5689e-09 4.0730e-04 8.1001e-01 1.8958e-01
3272.56 3.3845e-09 3.8309e-04 7.4619e-01 2.5343e-01
3472.46 2.8360e-09 3.9687e-04 6.4883e-01 3.5077e-01
3684.57 2.0927e-09 3.6962e-04 5.6064e-01 4.3899e-01
3909.64 1.3148e-09 3.0534e-04 4.7389e-01 5.2580e-01
4148.46 9.5787e-10 2.5507e-04 5.1797e-01 4.8177e-01
4401.86 1.1440e-09 3.1112e-04 5.5953e-01 4.4015e-01
4670.75 9.3098e-10 2.9610e-04 5.3931e-01 4.6040e-01
4956.05 4.4651e-10 2.0788e-04 4.2729e-01 5.7250e-01
5258.79 1.1900e-10 8.7307e-05 2.6012e-01 7.3979e-01
5580.02 3.8082e-11 3.7737e-05 1.2500e-01 8.7496e-01
5920.87 1.5382e-11 1.8999e-05 8.3179e-02 9.1680e-01
6282.54 9.2820e-12 1.3246e-05 7.0108e-02 9.2988e-01
6666.30 7.1089e-12 1.0800e-05 6.7350e-02 9.3264e-01
7073.50 7.1017e-12 1.0847e-05 7.1440e-02 9.2855e-01
7505.58 6.8762e-12 1.0302e-05 7.0748e-02 9.2924e-01
7964.05 7.9843e-12 1.1739e-05 8.1259e-02 9.1873e-01
8450.53 1.5073e-11 1.8716e-05 1.0987e-01 8.9011e-01
8966.72 3.3938e-11 3.2955e-05 1.8601e-01 8.1395e-01
9514.44 7.5156e-11 5.2484e-05 2.9230e-01 7.0764e-01
10095.62 1.8034e-10 8.2895e-05 4.3722e-01 5.6270e-01
10712.30 3.5319e-10 1.0855e-04 5.4057e-01 4.5932e-01
11366.65 5.1484e-10 1.2068e-04 5.9802e-01 4.0185e-01
12061.10 5.6321e-10 1.1571e-04 6.2568e-01 3.7421e-01
12793.43 4.9818e-10 9.3382e-05 6.6015e-01 3.3976e-01
13528.61 5.2001e-10 8.2406e-05 6.3782e-01 3.6210e-01
14194.74 5.2901e-10 7.3810e-05 6.2036e-01 3.7957e-01
14757.77 4.7701e-10 6.1537e-05 6.0736e-01 3.9258e-01
15240.48 8.7048e-10 9.1949e-05 5.3133e-01 4.6858e-01
15646.99 3.0076e-09 2.1258e-04 5.1147e-01 4.8832e-01
15960.30 9.7679e-09 4.3575e-04 5.5434e-01 4.4523e-01
16187.41 1.9007e-08 6.5055e-04 5.2790e-01 4.7145e-01
16354.17 2.7532e-08 8.5615e-04 4.7703e-01 5.2212e-01
16484.18 2.3290e-08 7.5424e-04 4.8334e-01 5.1591e-01
16593.12 1.3025e-08 4.8234e-04 4.4266e-01 5.5686e-01
16691.99 1.2660e-08 5.0970e-04 3.9171e-01 6.0778e-01
16788.59 1.1870e-08 4.8664e-04 3.6342e-01 6.3609e-01
16888.37 8.1801e-09 3.6072e-04 3.5695e-01 6.4269e-01
16998.79 8.9650e-09 4.3316e-04 3.3023e-01 6.6934e-01
17146.37 8.0050e-09 3.9782e-04 3.4785e-01 6.5175e-01
17415.23 6.2131e-09 3.4671e-04 2.8692e-01 7.1273e-01
17888.12 3.8965e-09 2.6584e-04 2.3890e-01 7.6083e-01
18532.37 3.1843e-09 2.3539e-04 2.0802e-01 7.9174e-01
19260.76 2.2528e-09 1.8096e-04 1.7795e-01 8.2187e-01
20034.10 1.5033e-09 1.3049e-04 1.5019e-01 8.4968e-01
20838.00 9.8869e-10 8.9291e-05 1.5162e-01 8.4829e-01
21647.97 7.6654e-10 7.1257e-05 1.1077e-01 8.8916e-01
22447.94 5.8869e-10 5.6809e-05 1.2587e-01 8.7407e-01
23245.88 4.0111e-10 4.0155e-05 9.5672e-02 9.0429e-01
24052.47 2.8148e-10 2.9961e-05 9.5820e-02 9.0415e-01
24867.72 1.6120e-10 1.8942e-05 7.8857e-02 9.2112e-01
25698.86 1.2093e-10 1.5094e-05 5.8935e-02 9.4105e-01
26587.16 8.3004e-11 1.1274e-05 4.7309e-02 9.5268e-01
27637.54 4.1400e-11 6.5664e-06 7.5180e-02 9.2481e-01
28986.97 2.5764e-11 4.1625e-06 5.5088e-02 9.4491e-01
#TIME: 210.86
#NVEL 78
#vel_mid[km/s] ca0 ca1 ca2 ca3
440.10 3.1288e-08 7.4499e-04 8.9655e-01 1.0271e-01
886.22 6.9595e-08 1.9486e-03 8.9887e-01 9.9181e-02
906.14 1.1302e-07 2.7427e-03 8.9847e-01 9.8789e-02
944.43 5.5565e-08 1.3819e-03 8.9235e-01 1.0627e-01
999.11 3.1916e-08 7.8462e-04 9.0237e-01 9.6850e-02
1060.83 2.5902e-08 6.0497e-04 8.9431e-01 1.0509e-01
1125.62 3.8861e-08 1.0607e-03 9.0517e-01 9.3772e-02
1194.38 3.1314e-08 7.8785e-04 8.9948e-01 9.9736e-02
1267.34 2.4580e-08 7.1162e-04 8.9640e-01 1.0289e-01
1344.75 4.0163e-08 9.8468e-04 8.9737e-01 1.0164e-01
1426.89 5.1535e-08 1.1674e-03 9.0146e-01 9.7375e-02
1514.05 3.1750e-08 8.4645e-04 9.0772e-01 9.1432e-02
1606.54 2.4438e-08 6.3769e-04 9.1056e-01 8.8798e-02
1704.67 2.5629e-08 6.9411e-04 9.0673e-01 9.2580e-02
1808.80 2.3464e-08 6.1416e-04 9.0867e-01 9.0711e-02
1919.29 2.9216e-08 7.4941e-04 9.0904e-01 9.0207e-02
2036.53 2.7202e-08 7.7570e-04 9.0524e-01 9.3988e-02
2160.92 2.3522e-08 6.8535e-04 9.0617e-01 9.3141e-02
2292.92 1.9143e-08 5.9846e-04 9.0003e-01 9.9369e-02
2432.98 1.6384e-08 5.5659e-04 8.8967e-01 1.0977e-01
2581.60 1.2950e-08 5.2564e-04 8.7836e-01 1.2111e-01
2739.29 9.8006e-09 4.9620e-04 8.6208e-01 1.3742e-01
2906.62 7.3057e-09 4.5560e-04 8.4231e-01 1.5724e-01
3084.17 5.0790e-09 4.1673e-04 8.1208e-01 1.8750e-01
3272.56 4.2922e-09 4.4286e-04 7.4943e-01 2.5013e-01
3472.46 3.3740e-09 4.3058e-04 6.5366e-01 3.4591e-01
3684.57 2.0790e-09 3.4178e-04 5.6710e-01 4.3255e-01
3909.64 1.4212e-09 2.8976e-04 4.9539e-01 5.0432e-01
4148.46 1.2873e-09 3.0729e-04 5.0542e-01 4.9428e-01
4401.86 1.3831e-09 3.4505e-04 5.6462e-01 4.3504e-01
4670.75 1.1737e-09 3.3638e-04 5.2628e-01 4.7338e-01
4956.05 5.0338e-10 2.1349e-04 4.2716e-01 5.7263e-01
5258.79 1.4110e-10 9.3834e-05 2.6224e-01 7.3766e-01
5580.02 4.5690e-11 4.1818e-05 1.2668e-01 8.7327e-01
5920.87 1.7198e-11 1.9586e-05 8.1781e-02 9.1820e-01
6282.54 1.0632e-11 1.4054e-05 7.1099e-02 9.2889e-01
6666.30 8.3495e-12 1.1594e-05 6.6569e-02 9.3342e-01
7073.50 7.2951e-12 1.0245e-05 6.8226e-02 9.3176e-01
7505.58 7.3202e-12 1.0386e-05 7.0178e-02 9.2981e-01
7964.05 8.4098e-12 1.1405e-05 7.8191e-02 9.2180e-01
8450.53 1.3865e-11 1.6150e-05 1.0520e-01 8.9478e-01
8966.72 3.3546e-11 3.0391e-05 1.8563e-01 8.1434e-01
9514.44 8.9044e-11 5.6654e-05 2.8655e-01 7.1339e-01
10095.62 2.0101e-10 8.5052e-05 4.3754e-01 5.6238e-01
10712.30 4.2767e-10 1.2146e-04 5.4332e-01 4.5656e-01
11366.65 5.4832e-10 1.2027e-04 6.0403e-01 3.9585e-01
12061.10 5.5942e-10 1.1271e-04 6.2377e-01 3.7612e-01
12793.43 5.1210e-10 9.1245e-05 6.6350e-01 3.3641e-01
13528.61 5.4663e-10 8.2990e-05 6.5169e-01 3.4823e-01
14194.74 5.5304e-10 7.4332e-05 6.2254e-01 3.7738e-01
14757.77 5.6164e-10 6.8518e-05 5.8787e-01 4.1206e-01
15240.48 1.0973e-09 1.1153e-04 5.2163e-01 4.7826e-01
15646.99 3.0499e-09 2.1311e-04 5.3002e-01 4.6977e-01
15960.30 1.0249e-08 4.3126e-04 5.7414e-01 4.2543e-01
16187.41 2.2576e-08 7.4740e-04 5.4964e-01 4.4961e-01
16354.17 2.9275e-08 9.0746e-04 4.9907e-01 5.0003e-01
16484.18 2.7236e-08 8.6458e-04 4.8475e-01 5.1439e-01
16593.12 1.7532e-08 6.5032e-04 4.5171e-01 5.4764e-01
16691.99 1.5537e-08 6.2708e-04 4.1296e-01 5.8642e-01
16788.59 1.0848e-08 4.4591e-04 3.9137e-01 6.0819e-01
16888.37 8.5866e-09 3.7672e-04 4.0408e-01 5.9554e-01
16998.79 9.7666e-09 4.3563e-04 3.6937e-01 6.3020e-01
17146.37 7.0127e-09 3.6291e-04 3.3125e-01 6.6839e-01
17415.23 6.7646e-09 3.6289e-04 2.8826e-01 7.1138e-01
17888.12 4.5525e-09 2.7795e-04 2.3928e-01 7.6044e-01
18532.37 3.6735e-09 2.4658e-04 2.2349e-01 7.7627e-01
19260.76 3.1378e-09 2.3499e-04 1.8520e-01 8.1457e-01
20034.10 1.7713e-09 1.5137e-04 1.6664e-01 8.3321e-01
20838.00 1.0110e-09 9.3908e-05 1.1836e-01 8.8154e-01
21647.97 1.0466e-09 9.2463e-05 1.2156e-01 8.7835e-01
22447.94 6.2402e-10 5.9821e-05 1.2731e-01 8.7263e-01
23245.88 5.0079e-10 4.8953e-05 1.1952e-01 8.8043e-01
24052.47 3.5348e-10 3.6958e-05 8.5230e-02 9.1473e-01
24867.72 2.5469e-10 2.8676e-05 8.7661e-02 9.1231e-01
25698.86 1.9158e-10 2.1258e-05 8.5670e-02 9.1431e-01
26587.16 9.9967e-11 1.2601e-05 4.8720e-02 9.5127e-01
27637.54 6.5327e-11 8.8250e-06 4.4813e-02 9.5518e-01
28986.97 2.8852e-11 4.8240e-06 3.9055e-02 9.6094e-01
#TIME: 213.89
#NVEL 78
#vel_mid[km/s] ca0 ca1 ca2 ca3
440.10 3.6922e-08 8.9062e-04 9.0317e-01 9.5939e-02
886.22 3.9455e-08 1.1593e-03 8.8035e-01 1.1849e-01
906.14 4.9597e-08 1.3640e-03 9.0854e-01 9.0096e-02
944.43 3.9638e-08 1.0511e-03 8.7878e-01 1.2017e-01
999.11 4.8924e-08 1.2026e-03 9.0448e-01 9.4318e-02
1060.83 5.2073e-08 1.2791e-03 9.0239e-01 9.6330e-02
1125.62 1.4614e-07 2.7723e-03 9.0562e-01 9.1607e-02
1194.38 3.2793e-08 7.4918e-04 8.9073e-01 1.0852e-01
1267.34 3.1949e-08 7.6661e-04 8.9839e-01 1.0084e-01
1344.75 6.4548e-08 1.6001e-03 9.0396e-01 9.4443e-02
1426.89 5.9262e-08 1.1910e-03 9.0709e-01 9.1715e-02
1514.05 3.5893e-08 8.3330e-04 9.1045e-01 8.8721e-02
1606.54 3.2426e-08 7.7162e-04 9.0739e-01 9.1841e-02
1704.67 4.0095e-08 8.7197e-04 9.0690e-01 9.2232e-02
1808.80 3.0814e-08 6.6089e-04 9.1087e-01 8.8473e-02
1919.29 3.2321e-08 7.5152e-04 9.0685e-01 9.2403e-02
2036.53 2.7038e-08 6.2605e-04 9.0633e-01 9.3043e-02
2160.92 3.1047e-08 7.2039e-04 9.0686e-01 9.2415e-02
2292.92 2.2295e-08 6.4152e-04 8.9468e-01 1.0468e-01
2432.98 1.7413e-08 5.7312e-04 8.8803e-01 1.1140e-01
2581.60 1.5458e-08 5.8111e-04 8.7659e-01 1.2283e-01
2739.29 1.1356e-08 5.0336e-04 8.6664e-01 1.3286e-01
2906.62 9.1026e-09 4.9626e-04 8.4256e-01 1.5694e-01
3084.17 5.7567e-09 4.0359e-04 8.1067e-01 1.8893e-01
3272.56 4.8127e-09 4.4776e-04 7.3985e-01 2.5970e-01
3472.46 3.2944e-09 3.8613e-04 6.5776e-01 3.4185e-01
3684.57 2.6060e-09 3.9138e-04 5.5831e-01 4.4129e-01
3909.64 1.7725e-09 3.2790e-04 4.9197e-01 5.0771e-01
4148.46 1.4240e-09 3.0313e-04 5.1030e-01 4.8940e-01
4401.86 1.4415e-09 3.2443e-04 5.4260e-01 4.5707e-01
4670.75 1.2159e-09 3.2482e-04 5.3877e-01 4.6090e-01
4956.05 4.8589e-10 1.9443e-04 4.2708e-01 5.7272e-01
5258.79 1.4753e-10 9.2043e-05 2.5777e-01 7.4214e-01
5580.02 4.8276e-11 4.1165e-05 1.2371e-01 8.7624e-01
5920.87 1.9725e-11 2.0883e-05 8.6161e-02 9.1382e-01
6282.54 1.1129e-11 1.3568e-05 6.9735e-02 9.3025e-01
6666.30 8.7497e-12 1.1388e-05 6.7222e-02 9.3277e-01
7073.50 8.7665e-12 1.1357e-05 6.8952e-02 9.3104e-01
7505.58 7.8805e-12 1.0378e-05 7.0826e-02 9.2916e-01
7964.05 9.0900e-12 1.1364e-05 7.7284e-02 9.2270e-01
8450.53 1.6016e-11 1.7442e-05 1.0437e-01 8.9561e-01
8966.72 3.9436e-11 3.3068e-05 1.9470e-01 8.0527e-01
9514.44 1.0389e-10 6.1067e-05 2.8697e-01 7.1296e-01
10095.62 2.3338e-10 9.0637e-05 4.4678e-01 5.5313e-01
10712.30 4.1993e-10 1.1323e-04 5.4874e-01 4.5114e-01
11366.65 7.4002e-10 1.4924e-04 5.9947e-01 4.0038e-01
12061.10 6.1060e-10 1.1353e-04 6.4387e-01 3.5602e-01
12793.43 5.5938e-10 9.4677e-05 6.5105e-01 3.4885e-01
13528.61 6.1620e-10 8.6580e-05 6.4858e-01 3.5133e-01
14194.74 6.9265e-10 8.5364e-05 6.1613e-01 3.8379e-01
14757.77 6.6898e-10 7.8370e-05 5.2440e-01 4.7552e-01
15240.48 1.1160e-09 1.0701e-04 5.3221e-01 4.6768e-01
15646.99 3.3075e-09 2.1878e-04 5.1517e-01 4.8461e-01
15960.30 1.3998e-08 5.7367e-04 5.1318e-01 4.8625e-01
16187.41 2.3682e-08 7.8259e-04 5.7605e-01 4.2317e-01
16354.17 2.8673e-08 8.5277e-04 5.3476e-01 4.6438e-01
16484.18 2.9709e-08 9.0537e-04 4.7225e-01 5.2684e-01
16593.12 1.7623e-08 6.2433e-04 4.8182e-01 5.1756e-01
16691.99 1.8247e-08 6.7812e-04 3.9887e-01 6.0045e-01
16788.59 1.3189e-08 5.4482e-04 3.8982e-01 6.0964e-01
16888.37 1.1734e-08 4.8732e-04 3.6331e-01 6.3620e-01
16998.79 1.0620e-08 4.8133e-04 3.4655e-01 6.5297e-01
17146.37 1.0948e-08 4.9488e-04 3.5421e-01 6.4529e-01
17415.23 7.4598e-09 3.9309e-04 2.8633e-01 7.1328e-01
17888.12 4.8788e-09 3.0663e-04 2.5676e-01 7.4294e-01
18532.37 3.6983e-09 2.5321e-04 2.2059e-01 7.7915e-01
19260.76 2.9594e-09 2.1405e-04 1.7224e-01 8.2754e-01
20034.10 3.1103e-09 2.2753e-04 1.8404e-01 8.1574e-01
20838.00 1.3538e-09 1.1200e-04 1.5097e-01 8.4891e-01
21647.97 1.0982e-09 9.1584e-05 1.3218e-01 8.6772e-01
22447.94 8.8723e-10 7.9933e-05 1.1182e-01 8.8810e-01
23245.88 5.0554e-10 5.0695e-05 7.8405e-02 9.2154e-01
24052.47 3.7474e-10 4.1424e-05 1.5144e-01 8.4851e-01
24867.72 2.7907e-10 3.1142e-05 7.3295e-02 9.2667e-01
25698.86 1.7358e-10 1.9772e-05 5.9294e-02 9.4069e-01
26587.16 9.1125e-11 1.2396e-05 6.4805e-02 9.3518e-01
27637.54 6.2263e-11 9.4135e-06 4.1578e-02 9.5841e-01
28986.97 3.9905e-11 6.6369e-06 3.3557e-02 9.6644e-01
#TIME: 216.97
#NVEL 78
#vel_mid[km/s] ca0 ca1 ca2 ca3
440.10 4.5389e-08 9.0422e-04 9.0368e-01 9.5417e-02
886.22 2.9473e-08 7.1664e-04 9.0958e-01 8.9703e-02
906.14 2.9148e-08 7.5954e-04 9.0336e-01 9.5877e-02
944.43 3.5889e-08 8.5205e-04 9.0063e-01 9.8523e-02
999.11 9.1131e-08 1.9506e-03 8.8620e-01 1.1185e-01
1060.83 3.1107e-08 6.2132e-04 9.0210e-01 9.7277e-02
1125.62 6.4918e-08 1.2154e-03 8.9494e-01 1.0384e-01
1194.38 4.4018e-08 8.2569e-04 9.0621e-01 9.2961e-02
1267.34 4.3586e-08 8.7226e-04 8.9091e-01 1.0822e-01
1344.75 4.1827e-08 7.9183e-04 9.0424e-01 9.4970e-02
1426.89 4.3717e-08 7.4483e-04 9.0507e-01 9.4183e-02
1514.05 6.2821e-08 1.1985e-03 9.0811e-01 9.0691e-02
1606.54 5.5395e-08 9.8165e-04 9.1314e-01 8.5874e-02
1704.67 4.2887e-08 7.7132e-04 9.1237e-01 8.6854e-02
1808.80 3.4033e-08 6.6216e-04 9.1097e-01 8.8368e-02
1919.29 3.5096e-08 7.3766e-04 9.0880e-01 9.0466e-02
2036.53 4.2505e-08 8.3228e-04 9.0610e-01 9.3070e-02
2160.92 3.1246e-08 6.8385e-04 9.0464e-01 9.4674e-02
2292.92 3.3804e-08 7.8482e-04 8.9975e-01 9.9462e-02
2432.98 2.2820e-08 6.2579e-04 8.9267e-01 1.0670e-01
2581.60 1.5832e-08 5.1319e-04 8.8147e-01 1.1802e-01
2739.29 1.2980e-08 4.9271e-04 8.6462e-01 1.3489e-01
2906.62 9.5884e-09 4.7311e-04 8.4579e-01 1.5374e-01
3084.17 7.3878e-09 4.7217e-04 8.1400e-01 1.8553e-01
3272.56 5.5838e-09 4.4292e-04 7.4568e-01 2.5388e-01
3472.46 4.2982e-09 4.3769e-04 6.5508e-01 3.4448e-01
3684.57 3.2996e-09 4.1708e-04 5.6778e-01 4.3180e-01
3909.64 2.0505e-09 3.3461e-04 4.9312e-01 5.0654e-01
4148.46 1.8242e-09 3.4277e-04 5.0229e-01 4.9736e-01
4401.86 1.8270e-09 3.7448e-04 5.6260e-01 4.3703e-01
4670.75 1.4840e-09 3.5420e-04 5.5244e-01 4.4721e-01
4956.05 5.2100e-10 1.9058e-04 4.4062e-01 5.5919e-01
5258.79 1.5382e-10 8.8671e-05 2.5363e-01 7.4628e-01
5580.02 5.5428e-11 4.4015e-05 1.2423e-01 8.7573e-01
5920.87 2.2803e-11 2.2586e-05 8.5134e-02 9.1484e-01
6282.54 1.2360e-11 1.3961e-05 6.7161e-02 9.3282e-01
6666.30 9.9643e-12 1.1902e-05 6.6330e-02 9.3366e-01
7073.50 9.4114e-12 1.1346e-05 6.7987e-02 9.3200e-01
7505.58 9.4719e-12 1.1552e-05 7.2557e-02 9.2743e-01
7964.05 1.0290e-11 1.1859e-05 7.7376e-02 9.2261e-01
8450.53 1.7263e-11 1.7238e-05 1.0291e-01 8.9707e-01
8966.72 4.5291e-11 3.4863e-05 1.9619e-01 8.0377e-01
9514.44 1.1359e-10 6.2113e-05 3.1588e-01 6.8405e-01
10095.62 2.6476e-10 9.5522e-05 4.3846e-01 5.6145e-01
10712.30 4.7277e-10 1.1603e-04 5.3483e-01 4.6505e-01
11366.65 8.3049e-10 1.5615e-04 6.1117e-01 3.8867e-01
12061.10 6.1238e-10 1.0814e-04 6.4921e-01 3.5068e-01
12793.43 6.2674e-10 9.9757e-05 6.5489e-01 3.4501e-01
13528.61 8.0954e-10 1.0812e-04 6.3163e-01 3.6826e-01
14194.74 8.2321e-10 9.7880e-05 5.9975e-01 4.0015e-01
14757.77 7.1195e-10 8.1868e-05 5.7132e-01 4.2860e-01
15240.48 1.3430e-09 1.2393e-04 5.2918e-01 4.7070e-01
15646.99 3.6035e-09 2.3472e-04 5.2837e-01 4.7139e-01
15960.30 1.2205e-08 4.9888e-04 5.5433e-01 4.4517e-01
16187.41 2.7906e-08 8.8474e-04 5.4427e-01 4.5485e-01
16354.17 2.7036e-08 8.0856e-04 5.4867e-01 4.5053e-01
16484.18 2.3282e-08 7.1717e-04 4.8824e-01 5.1104e-01
16593.12 1.6260e-08 5.6670e-04 4.7601e-01 5.2342e-01
16691.99 1.3092e-08 5.0265e-04 4.3897e-01 5.6053e-01
16788.59 1.2617e-08 4.9824e-04 4.0957e-01 5.8994e-01
16888.37 1.1142e-08 4.6936e-04 3.6041e-01 6.3912e-01
16998.79 1.0659e-08 4.6597e-04 3.6274e-01 6.3680e-01
17146.37 9.3898e-09 4.4020e-04 3.5928e-01 6.4028e-01
17415.23 7.0360e-09 3.7063e-04 3.0780e-01 6.9183e-01
17888.12 5.6641e-09 3.4931e-04 2.4531e-01 7.5434e-01
18532.37 4.4685e-09 2.9614e-04 2.1597e-01 7.8373e-01
19260.76 2.9111e-09 2.1238e-04 1.9443e-01 8.0536e-01
20034.10 2.1962e-09 1.7407e-04 1.6265e-01 8.3717e-01
20838.00 1.2147e-09 1.0252e-04 1.3214e-01 8.6776e-01
21647.97 1.3334e-09 1.0164e-04 1.3596e-01 8.6394e-01
22447.94 7.5035e-10 6.6148e-05 1.3760e-01 8.6233e-01
23245.88 3.7462e-10 3.6922e-05 1.0844e-01 8.9153e-01
24052.47 2.5543e-10 2.5216e-05 9.4297e-02 9.0568e-01
24867.72 1.6003e-10 1.7850e-05 6.0934e-02 9.3905e-01
25698.86 1.5952e-10 1.8863e-05 4.8125e-02 9.5186e-01
26587.16 1.2539e-10 1.5966e-05 9.0340e-02 9.0964e-01
27637.54 5.1825e-11 7.9939e-06 1.1063e-01 8.8936e-01
28986.97 3.2433e-11 5.6340e-06 4.5112e-02 9.5488e-01
#TIME: 220.09
#NVEL 78
#vel_mid[km/s] ca0 ca1 ca2 ca3
440.10 3.7850e-08 7.6584e-04 9.0311e-01 9.6121e-02
886.22 1.6093e-08 2.9736e-04 9.0488e-01 9.4818e-02
906.14 6.0476e-08 1.3272e-03 9.0586e-01 9.2808e-02
944.43 5.5033e-08 1.0653e-03 8.8958e-01 1.0935e-01
999.11 3.9111e-08 7.3950e-04 9.0358e-01 9.5684e-02
1060.83 8.3454e-08 1.3108e-03 9.0148e-01 9.7211e-02
1125.62 5.4316e-08 1.0473e-03 9.0356e-01 9.5395e-02
1194.38 5.1433e-08 1.0235e-03 9.0710e-01 9.1875e-02
1267.34 4.1096e-08 6.9697e-04 9.0428e-01 9.5025e-02
1344.75 5.2784e-08 9.5021e-04 9.0096e-01 9.8090e-02
1426.89 4.5364e-08 8.1249e-04 9.0546e-01 9.3732e-02
1514.05 4.8307e-08 8.5817e-04 9.0817e-01 9.0973e-02
1606.54 6.9808e-08 1.1328e-03 9.1180e-01 8.7063e-02
1704.67 5.0578e-08 8.3007e-04 9.0672e-01 9.2450e-02
1808.80 4.3684e-08 7.7658e-04 9.1054e-01 8.8686e-02
1919.29 3.7951e-08 6.9046e-04 9.1187e-01 8.7441e-02
2036.53 4.0334e-08 7.4368e-04 9.0805e-01 9.1205e-02
2160.92 3.7425e-08 7.0984e-04 9.0400e-01 9.5288e-02
2292.92 3.7766e-08 7.9579e-04 8.9765e-01 1.0155e-01
2432.98 2.4933e-08 6.5735e-04 8.8873e-01 1.1061e-01
2581.60 1.8060e-08 5.4449e-04 8.7791e-01 1.2155e-01
2739.29 1.4261e-08 5.1897e-04 8.6475e-01 1.3473e-01
2906.62 1.1577e-08 5.0969e-04 8.4606e-01 1.5343e-01
3084.17 8.3667e-09 4.6083e-04 8.1493e-01 1.8461e-01
3272.56 6.5195e-09 4.8027e-04 7.4500e-01 2.5452e-01
3472.46 4.5370e-09 4.2484e-04 6.5679e-01 3.4278e-01
3684.57 3.5419e-09 4.0181e-04 5.6922e-01 4.3037e-01
3909.64 2.4321e-09 3.4586e-04 4.9319e-01 5.0647e-01
4148.46 1.7365e-09 2.9878e-04 5.0114e-01 4.9856e-01
4401.86 2.1975e-09 3.9549e-04 5.6990e-01 4.2971e-01
4670.75 1.7099e-09 3.7402e-04 5.5466e-01 4.4497e-01
4956.05 6.4861e-10 2.1356e-04 4.4477e-01 5.5502e-01
5258.79 2.0618e-10 1.0626e-04 2.4649e-01 7.5340e-01
5580.02 6.5260e-11 4.6794e-05 1.2106e-01 8.7889e-01
5920.87 2.4778e-11 2.2350e-05 8.5116e-02 9.1486e-01
6282.54 1.4829e-11 1.5242e-05 6.9072e-02 9.3091e-01
6666.30 1.1701e-11 1.2743e-05 6.7223e-02 9.3276e-01
7073.50 1.0870e-11 1.1944e-05 6.6124e-02 9.3386e-01
7505.58 9.9925e-12 1.1029e-05 7.0954e-02 9.2903e-01
7964.05 1.2008e-11 1.2666e-05 7.5343e-02 9.2464e-01
8450.53 1.9538e-11 1.7950e-05 1.0418e-01 8.9581e-01
8966.72 4.4640e-11 3.2177e-05 1.8908e-01 8.1088e-01
9514.44 1.2381e-10 6.1797e-05 3.1924e-01 6.8070e-01
10095.62 3.0249e-10 9.9543e-05 4.3447e-01 5.6543e-01
10712.30 6.1042e-10 1.3491e-04 5.2487e-01 4.7499e-01
11366.65 9.2495e-10 1.6249e-04 5.9881e-01 4.0103e-01
12061.10 7.1528e-10 1.1793e-04 6.3937e-01 3.6051e-01
12793.43 7.3782e-10 1.0984e-04 6.4545e-01 3.5444e-01
13528.61 7.3140e-10 9.4636e-05 6.6785e-01 3.3206e-01
14194.74 8.0305e-10 9.3368e-05 5.8325e-01 4.1666e-01
14757.77 7.5736e-10 8.1442e-05 5.5318e-01 4.4674e-01
15240.48 1.2428e-09 1.1535e-04 5.5373e-01 4.4616e-01
15646.99 3.6642e-09 2.3862e-04 5.4409e-01 4.5567e-01
15960.30 1.5089e-08 6.0880e-04 5.5726e-01 4.4213e-01
16187.41 3.1068e-08 9.7370e-04 5.4017e-01 4.5885e-01
16354.17 3.3525e-08 1.0097e-03 5.3619e-01 4.6280e-01
16484.18 3.4005e-08 1.0076e-03 4.8182e-01 5.1718e-01
16593.12 1.7197e-08 6.0270e-04 5.6665e-01 4.3275e-01
16691.99 1.2539e-08 4.8221e-04 5.6776e-01 4.3176e-01
16788.59 1.5703e-08 6.3919e-04 3.7412e-01 6.2524e-01
16888.37 1.3107e-08 5.4087e-04 4.0643e-01 5.9303e-01
16998.79 1.1265e-08 4.9611e-04 3.8402e-01 6.1548e-01
17146.37 1.0122e-08 4.8326e-04 3.1825e-01 6.8127e-01
17415.23 8.9792e-09 4.5735e-04 3.0103e-01 6.9852e-01
17888.12 5.8447e-09 3.5234e-04 2.6060e-01 7.3905e-01
18532.37 4.5360e-09 3.0107e-04 2.2102e-01 7.7867e-01
19260.76 3.6321e-09 2.5529e-04 1.9075e-01 8.0900e-01
20034.10 2.4031e-09 1.8423e-04 1.6210e-01 8.3772e-01
20838.00 1.5738e-09 1.2724e-04 1.4640e-01 8.5347e-01
21647.97 1.2583e-09 1.0118e-04 1.1102e-01 8.8888e-01
22447.94 6.7815e-10 5.9360e-05 1.1545e-01 8.8449e-01
23245.88 4.7060e-10 4.6164e-05 1.3660e-01 8.6336e-01
24052.47 2.7841e-10 2.7999e-05 8.0059e-02 9.1991e-01
24867.72 2.3089e-10 2.4901e-05 1.1167e-01 8.8830e-01
25698.86 2.0047e-10 2.1937e-05 8.6101e-02 9.1388e-01
26587.16 9.7423e-11 1.3025e-05 5.9791e-02 9.4020e-01
27637.54 6.0488e-11 8.9143e-06 9.5354e-02 9.0464e-01
28986.97 3.2829e-11 5.3952e-06 4.5585e-02 9.5441e-01
#TIME: 223.25
#NVEL 78
#vel_mid[km/s] ca0 ca1 ca2 ca3
440.10 5.7518e-08 8.8402e-04 9.0304e-01 9.6071e-02
886.22 1.0137e-07 1.7675e-03 8.8732e-01 1.1091e-01
906.14 8.9943e-08 1.4085e-03 8.9170e-01 1.0689e-01
944.43 5.8456e-08 8.6198e-04 8.9825e-01 1.0089e-01
999.11 4.0344e-08 6.5317e-04 9.0588e-01 9.3471e-02
1060.83 6.4719e-08 9.7420e-04 8.9899e-01 1.0004e-01
1125.62 5.9730e-08 8.4989e-04 9.0308e-01 9.6073e-02
1194.38 4.2735e-08 6.2442e-04 9.0448e-01 9.4894e-02
1267.34 5.4895e-08 9.1129e-04 8.9716e-01 1.0193e-01
1344.75 5.2158e-08 7.9851e-04 9.0643e-01 9.2769e-02
1426.89 4.4999e-08 6.5719e-04 9.0845e-01 9.0888e-02
1514.05 5.4997e-08 7.1987e-04 9.1358e-01 8.5700e-02
1606.54 5.4811e-08 7.9960e-04 9.1032e-01 8.8877e-02
1704.67 5.9306e-08 9.5494e-04 9.0967e-01 8.9372e-02
1808.80 4.6265e-08 6.9369e-04 9.1089e-01 8.8414e-02
1919.29 4.4270e-08 6.9786e-04 9.1139e-01 8.7909e-02
2036.53 4.5305e-08 7.3622e-04 9.1254e-01 8.6727e-02
2160.92 4.0697e-08 6.7679e-04 9.0894e-01 9.0380e-02
2292.92 3.7156e-08 7.2422e-04 9.0166e-01 9.7612e-02
2432.98 2.6339e-08 5.9845e-04 8.8808e-01 1.1132e-01
2581.60 2.2505e-08 5.8686e-04 8.7890e-01 1.2052e-01
2739.29 1.7281e-08 5.1382e-04 8.6915e-01 1.3034e-01
2906.62 1.2782e-08 4.9719e-04 8.4695e-01 1.5255e-01
3084.17 1.0484e-08 5.0764e-04 8.1803e-01 1.8147e-01
3272.56 7.2873e-09 4.7856e-04 7.4904e-01 2.5048e-01
3472.46 5.8039e-09 4.8433e-04 6.5750e-01 3.4201e-01
3684.57 4.1836e-09 4.2926e-04 5.7224e-01 4.2733e-01
3909.64 2.7102e-09 3.6053e-04 4.9692e-01 5.0272e-01
4148.46 2.1985e-09 3.4362e-04 5.0913e-01 4.9053e-01
4401.86 2.3664e-09 3.8643e-04 5.6933e-01 4.3029e-01
4670.75 2.1820e-09 4.2481e-04 5.5958e-01 4.3999e-01
4956.05 8.8300e-10 2.6411e-04 4.4129e-01 5.5844e-01
5258.79 2.2654e-10 1.0618e-04 2.4843e-01 7.5147e-01
5580.02 8.1079e-11 5.3934e-05 1.2682e-01 8.7313e-01
5920.87 2.9398e-11 2.4537e-05 8.2223e-02 9.1775e-01
6282.54 1.5683e-11 1.5106e-05 7.0756e-02 9.2923e-01
6666.30 1.2613e-11 1.2877e-05 6.7212e-02 9.3278e-01
7073.50 1.1250e-11 1.1544e-05 6.4744e-02 9.3524e-01
7505.58 1.1094e-11 1.1330e-05 6.8443e-02 9.3155e-01
7964.05 1.2237e-11 1.2008e-05 7.3695e-02 9.2629e-01
8450.53 2.2453e-11 1.8778e-05 1.0273e-01 8.9725e-01
8966.72 5.7375e-11 3.6807e-05 1.9320e-01 8.0676e-01
9514.44 1.3551e-10 6.2115e-05 3.0756e-01 6.9237e-01
10095.62 3.6957e-10 1.1160e-04 4.3292e-01 5.6696e-01
10712.30 6.4075e-10 1.3440e-04 5.3416e-01 4.6570e-01
11366.65 9.8702e-10 1.5919e-04 6.0356e-01 3.9628e-01
12061.10 7.8891e-10 1.2196e-04 6.3276e-01 3.6712e-01
12793.43 8.5299e-10 1.1733e-04 6.5075e-01 3.4913e-01
13528.61 8.8831e-10 1.0707e-04 6.6319e-01 3.3670e-01
14194.74 1.1421e-09 1.2301e-04 5.8538e-01 4.1449e-01
14757.77 1.1173e-09 1.1853e-04 5.0306e-01 4.9682e-01
15240.48 1.2579e-09 1.1117e-04 5.7498e-01 4.2491e-01
15646.99 4.0821e-09 2.5165e-04 4.9983e-01 4.9992e-01
15960.30 1.7007e-08 6.6434e-04 5.5760e-01 4.4174e-01
16187.41 3.1851e-08 9.8422e-04 5.5894e-01 4.4008e-01
16354.17 4.0370e-08 1.1309e-03 5.0354e-01 4.9533e-01
16484.18 3.2179e-08 9.3940e-04 5.0384e-01 4.9522e-01
16593.12 1.9453e-08 6.4995e-04 5.2257e-01 4.7678e-01
16691.99 1.5906e-08 5.7938e-04 4.7134e-01 5.2808e-01
16788.59 1.5992e-08 6.2041e-04 4.3909e-01 5.6029e-01
16888.37 1.3787e-08 5.8792e-04 4.1745e-01 5.8196e-01
16998.79 1.5024e-08 6.3814e-04 3.5637e-01 6.4299e-01
17146.37 1.2468e-08 5.6980e-04 3.3692e-01 6.6251e-01
17415.23 9.8357e-09 4.9050e-04 2.9580e-01 7.0371e-01
17888.12 6.1021e-09 3.6073e-04 2.7613e-01 7.2351e-01
18532.37 4.8317e-09 3.0541e-04 2.3226e-01 7.6743e-01
19260.76 5.4092e-09 3.3247e-04 2.1568e-01 7.8399e-01
20034.10 2.3207e-09 1.7035e-04 1.6940e-01 8.3043e-01
20838.00 1.5613e-09 1.2295e-04 1.3304e-01 8.6684e-01
21647.97 1.3221e-09 1.0595e-04 1.3703e-01 8.6286e-01
22447.94 9.9052e-10 8.2274e-05 1.1922e-01 8.8070e-01
23245.88 6.2354e-10 6.0991e-05 1.0084e-01 8.9910e-01
24052.47 2.0269e-10 2.1024e-05 1.4118e-01 8.5880e-01
24867.72 3.0642e-10 3.2217e-05 9.4622e-02 9.0535e-01
25698.86 2.2574e-10 2.4174e-05 6.1153e-02 9.3882e-01
26587.16 1.3062e-10 1.5412e-05 1.7976e-01 8.2022e-01
27637.54 5.0808e-11 7.7978e-06 1.8091e-01 8.1908e-01
28986.97 4.3751e-11 7.1864e-06 5.5550e-02 9.4444e-01
#TIME: 226.46
#NVEL 78
#vel_mid[km/s] ca0 ca1 ca2 ca3
440.10 5.3961e-08 8.3936e-04 9.0979e-01 8.9366e-02
886.22 9.1144e-08 1.3928e-03 9.0895e-01 8.9654e-02
906.14 3.1712e-08 5.7218e-04 9.0637e-01 9.3057e-02
944.43 4.3227e-08 7.2707e-04 9.0922e-01 9.0053e-02
999.11 4.4344e-08 7.5314e-04 9.0488e-01 9.4367e-02
1060.83 7.8539e-08 1.0563e-03 8.9958e-01 9.9361e-02
1125.62 7.7930e-08 8.9094e-04 9.0800e-01 9.1110e-02
1194.38 6.7287e-08 9.3119e-04 9.0026e-01 9.8812e-02
1267.34 5.9572e-08 8.9219e-04 9.0663e-01 9.2476e-02
1344.75 4.3678e-08 6.6598e-04 9.0333e-01 9.6007e-02
1426.89 5.4393e-08 7.6437e-04 9.1230e-01 8.6940e-02
1514.05 6.0447e-08 7.5286e-04 9.1453e-01 8.4714e-02
1606.54 6.2259e-08 7.7050e-04 9.1391e-01 8.5317e-02
1704.67 7.4277e-08 9.4473e-04 9.1378e-01 8.5272e-02
1808.80 8.8369e-08 1.0802e-03 9.1152e-01 8.7399e-02
1919.29 8.2060e-08 9.9869e-04 9.1396e-01 8.5041e-02
2036.53 6.4054e-08 8.8867e-04 9.0857e-01 9.0546e-02
2160.92 5.7219e-08 8.4192e-04 9.0788e-01 9.1277e-02
2292.92 3.7949e-08 6.5033e-04 8.9971e-01 9.9637e-02
2432.98 2.8251e-08 5.4354e-04 8.9365e-01 1.0581e-01
2581.60 2.4206e-08 5.5873e-04 8.8169e-01 1.1775e-01
2739.29 1.9630e-08 5.3325e-04 8.6756e-01 1.3191e-01
2906.62 1.5546e-08 5.2092e-04 8.4609e-01 1.5339e-01
3084.17 1.1339e-08 4.9498e-04 8.1821e-01 1.8129e-01
3272.56 8.5464e-09 4.7436e-04 7.5195e-01 2.4758e-01
3472.46 5.8892e-09 4.3578e-04 6.5906e-01 3.4050e-01
3684.57 5.2402e-09 4.8253e-04 5.7354e-01 4.2597e-01
3909.64 3.0944e-09 3.6891e-04 4.9468e-01 5.0495e-01
4148.46 2.7778e-09 3.7569e-04 5.0466e-01 4.9496e-01
4401.86 2.7903e-09 4.1185e-04 5.6385e-01 4.3574e-01
4670.75 2.7779e-09 4.8969e-04 5.5611e-01 4.4340e-01
4956.05 1.0298e-09 2.7786e-04 4.2586e-01 5.7386e-01
5258.79 2.5679e-10 1.1109e-04 2.4188e-01 7.5801e-01
5580.02 8.0981e-11 4.9748e-05 1.2173e-01 8.7822e-01
5920.87 2.9859e-11 2.2993e-05 8.0913e-02 9.1906e-01
6282.54 1.8318e-11 1.6259e-05 7.2678e-02 9.2731e-01
6666.30 1.4124e-11 1.3214e-05 6.6433e-02 9.3355e-01
7073.50 1.3796e-11 1.2915e-05 6.7884e-02 9.3210e-01
7505.58 1.2164e-11 1.1468e-05 6.8286e-02 9.3170e-01
7964.05 1.5090e-11 1.3546e-05 7.7282e-02 9.2270e-01
8450.53 2.9462e-11 2.2732e-05 1.1124e-01 8.8873e-01
8966.72 6.5233e-11 3.8167e-05 1.9280e-01 8.0716e-01
9514.44 1.6525e-10 6.8429e-05 2.9209e-01 7.0784e-01
10095.62 3.8255e-10 1.0650e-04 4.2660e-01 5.7329e-01
