#NTIMES 50
#NSTAGES 4
#TIMES[d] 199.16 202.02 204.93 207.87 210.86 213.89 216.97 220.09 223.25 226.46 229.71 233.01 236.36 239.76 243.21 246.70 250.25 253.85 257.49 261.20 264.95 268.76 272.62 276.54 280.51 284.55 288.64 292.79 296.99 301.26 305.59 309.99 314.44 318.96 323.54 328.20 332.91 337.70 342.55 347.48 352.47 357.54 362.67 367.89 373.18 378.54 383.98 389.50 395.10 400.78
#
#TIME: 199.16
#NVEL 78
#vel_mid[km/s] c0 c1 c2 c3
1060.83 8.5592e-04 9.3556e-01 6.3272e-02 3.0800e-04
1919.29 8.3567e-04 9.4184e-01 5.7081e-02 2.4648e-04
2581.60 6.5656e-04 9.2236e-01 7.6535e-02 4.5079e-04
3084.17 6.0281e-04 8.7737e-01 1.2098e-01 1.0517e-03
3472.46 4.1541e-04 7.7637e-01 2.2023e-01 2.9832e-03
3909.64 2.2971e-04 6.1698e-01 3.7483e-01 7.9587e-03
4148.46 2.3630e-04 6.3402e-01 3.5862e-01 7.1168e-03
4670.75 2.5117e-04 6.5663e-01 3.3665e-01 6.4684e-03
4956.05 1.4842e-04 5.7382e-01 4.1560e-01 1.0435e-02
5258.79 5.5337e-05 3.3273e-01 6.4471e-01 2.2510e-02
5580.02 1.8326e-05 1.6573e-01 7.9666e-01 3.7593e-02
5920.87 5.4828e-06 7.9668e-02 8.7022e-01 5.0103e-02
6282.54 3.1359e-06 5.7757e-02 8.7749e-01 6.4748e-02
6666.30 2.6015e-06 5.4526e-02 8.7593e-01 6.9541e-02
7073.50 2.5998e-06 5.6748e-02 8.7356e-01 6.9694e-02
7505.58 2.7580e-06 6.1185e-02 8.6687e-01 7.1944e-02
7964.05 3.8966e-06 7.9400e-02 8.5895e-01 6.1649e-02
8450.53 1.1409e-05 1.5062e-01 8.0161e-01 4.7762e-02
8966.72 2.9084e-05 2.6515e-01 7.0098e-01 3.3838e-02
9514.44 5.9158e-05 4.1508e-01 5.6216e-01 2.2701e-02
10095.62 1.1593e-04 5.7288e-01 4.1487e-01 1.2142e-02
10712.30 1.6345e-04 6.5789e-01 3.3438e-01 7.5689e-03
11366.65 2.2540e-04 7.1673e-01 2.7781e-01 5.2437e-03
12061.10 1.8731e-04 7.6605e-01 2.2966e-01 4.0983e-03
12793.43 1.4788e-04 7.4613e-01 2.4910e-01 4.6270e-03
13528.61 1.1061e-04 7.5670e-01 2.3893e-01 4.2516e-03
14194.74 7.9572e-05 7.1554e-01 2.7854e-01 5.8431e-03
14757.77 4.3769e-05 5.8072e-01 4.1162e-01 7.6158e-03
15240.48 4.1511e-05 5.3314e-01 4.5973e-01 7.0848e-03
15646.99 4.7336e-05 4.6462e-01 5.2965e-01 5.6866e-03
15960.30 6.4447e-05 5.7098e-01 4.2590e-01 3.0558e-03
16187.41 7.7262e-05 5.8737e-01 4.1013e-01 2.4258e-03
16354.17 6.5575e-05 4.0153e-01 5.9490e-01 3.5005e-03
16484.18 5.9895e-05 3.3577e-01 6.6036e-01 3.8085e-03
16593.12 4.8881e-05 3.6683e-01 6.2857e-01 4.5481e-03
16691.99 6.2075e-05 4.5697e-01 5.3864e-01 4.3318e-03
16788.59 4.3677e-05 1.6394e-01 8.2946e-01 6.5508e-03
16888.37 4.1372e-05 3.6267e-01 6.3187e-01 5.4239e-03
16998.79 1.5015e-05 2.0282e-01 7.8955e-01 7.6089e-03
17146.37 1.2567e-05 2.0173e-01 7.9032e-01 7.9421e-03
17415.23 1.5889e-05 2.3226e-01 7.5878e-01 8.9482e-03
17888.12 5.4026e-06 9.4265e-02 8.9282e-01 1.2911e-02
18532.37 2.8145e-06 5.2789e-02 9.3196e-01 1.5244e-02
19260.76 1.9899e-06 4.8579e-02 9.3309e-01 1.8330e-02
20034.10 2.3573e-06 6.3101e-02 9.1392e-01 2.2978e-02
20838.00 1.6320e-06 4.9148e-02 9.2344e-01 2.7407e-02
21647.97 2.9584e-06 7.1300e-02 8.9430e-01 3.4394e-02
22447.94 2.7229e-06 9.9196e-02 8.5993e-01 4.0873e-02
23245.88 3.7151e-06 1.4227e-01 8.0385e-01 5.3883e-02
24052.47 8.0501e-06 5.0629e-01 4.5466e-01 3.9037e-02
24867.72 2.8225e-06 1.4823e-01 7.8407e-01 6.7694e-02
25698.86 5.2776e-06 2.6213e-01 6.6650e-01 7.1369e-02
26587.16 4.4151e-06 2.5282e-01 6.6097e-01 8.6202e-02
27637.54 1.6815e-06 9.9383e-02 7.4986e-01 1.5076e-01
28986.97 1.2896e-06 8.8138e-02 7.6630e-01 1.4556e-01
#TIME: 202.02
#NVEL 78
#vel_mid[km/s] c0 c1 c2 c3
1060.83 8.1219e-04 9.3764e-01 6.1261e-02 2.8963e-04
1919.29 8.7086e-04 9.4149e-01 5.7396e-02 2.4733e-04
2581.60 6.6906e-04 9.2257e-01 7.6312e-02 4.4439e-04
3084.17 5.9081e-04 8.7872e-01 1.1963e-01 1.0581e-03
3472.46 4.3583e-04 7.7564e-01 2.2098e-01 2.9459e-03
3909.64 2.4136e-04 6.0003e-01 3.9142e-01 8.3142e-03
4148.46 2.3499e-04 6.5937e-01 3.3375e-01 6.6373e-03
4670.75 2.4099e-04 6.6413e-01 3.2937e-01 6.2560e-03
4956.05 1.3661e-04 5.5769e-01 4.3172e-01 1.0453e-02
5258.79 6.4562e-05 3.5104e-01 6.2714e-01 2.1756e-02
5580.02 1.7448e-05 1.6001e-01 8.0145e-01 3.8521e-02
5920.87 6.3572e-06 8.4220e-02 8.6563e-01 5.0149e-02
6282.54 2.8595e-06 5.6272e-02 8.7822e-01 6.5505e-02
6666.30 2.7290e-06 5.5983e-02 8.7553e-01 6.8484e-02
7073.50 2.7173e-06 5.8604e-02 8.7621e-01 6.5186e-02
7505.58 2.4925e-06 5.6805e-02 8.6337e-01 7.9818e-02
7964.05 3.8700e-06 7.8021e-02 8.5534e-01 6.6636e-02
8450.53 1.1285e-05 1.4782e-01 8.0156e-01 5.0612e-02
8966.72 2.5165e-05 2.6718e-01 6.9761e-01 3.5188e-02
9514.44 5.7449e-05 4.2012e-01 5.5734e-01 2.2488e-02
10095.62 9.9817e-05 5.4619e-01 4.4135e-01 1.2352e-02
10712.30 1.5476e-04 6.5429e-01 3.3790e-01 7.6566e-03
11366.65 1.7794e-04 7.2896e-01 2.6556e-01 5.3029e-03
12061.10 1.7162e-04 7.4476e-01 2.5043e-01 4.6329e-03
12793.43 1.6670e-04 7.8245e-01 2.1366e-01 3.7283e-03
13528.61 1.2497e-04 7.6424e-01 2.3169e-01 3.9381e-03
14194.74 7.7802e-05 7.3736e-01 2.5760e-01 4.9578e-03
14757.77 5.0513e-05 6.5537e-01 3.3830e-01 6.2751e-03
15240.48 5.2489e-05 5.8523e-01 4.0834e-01 6.3731e-03
15646.99 5.5775e-05 4.8894e-01 5.0579e-01 5.2194e-03
15960.30 1.0917e-04 5.8531e-01 4.1166e-01 2.9166e-03
16187.41 9.7358e-05 6.0249e-01 3.9506e-01 2.3449e-03
16354.17 9.5330e-05 5.8669e-01 4.1084e-01 2.3815e-03
16484.18 5.4143e-05 3.9589e-01 6.0046e-01 3.5927e-03
16593.12 4.6979e-05 4.7176e-01 5.2458e-01 3.6145e-03
16691.99 4.2861e-05 4.6266e-01 5.3297e-01 4.3280e-03
16788.59 2.9368e-05 2.5049e-01 7.4333e-01 6.1449e-03
16888.37 3.8411e-05 3.0927e-01 6.8448e-01 6.2060e-03
16998.79 1.6123e-05 1.8897e-01 8.0399e-01 7.0240e-03
17146.37 1.0874e-05 1.7860e-01 8.1288e-01 8.5075e-03
17415.23 1.7059e-05 1.7569e-01 8.1502e-01 9.2673e-03
17888.12 4.9009e-06 8.2721e-02 9.0347e-01 1.3801e-02
18532.37 4.0375e-06 7.3050e-02 9.1089e-01 1.6054e-02
19260.76 4.0232e-06 8.3977e-02 8.9770e-01 1.8317e-02
20034.10 4.0577e-06 1.0084e-01 8.7779e-01 2.1370e-02
20838.00 1.1525e-06 3.5936e-02 9.3894e-01 2.5126e-02
21647.97 2.5430e-06 7.5184e-02 8.9107e-01 3.3745e-02
22447.94 3.5938e-06 1.3096e-01 8.3279e-01 3.6249e-02
23245.88 1.0822e-05 4.5627e-01 5.1398e-01 2.9736e-02
24052.47 1.0361e-05 5.1757e-01 4.4847e-01 3.3952e-02
24867.72 7.2030e-06 3.9067e-01 5.6348e-01 4.5840e-02
25698.86 5.6389e-06 2.5425e-01 6.6502e-01 8.0721e-02
26587.16 1.2963e-06 6.8690e-02 6.8720e-01 2.4411e-01
27637.54 1.5580e-06 1.0015e-01 7.3451e-01 1.6534e-01
28986.97 3.9858e-06 2.6125e-01 5.8469e-01 1.5406e-01
#TIME: 204.93
#NVEL 78
#vel_mid[km/s] c0 c1 c2 c3
1060.83 8.5500e-04 9.3774e-01 6.1106e-02 2.9482e-04
1919.29 8.5943e-04 9.4260e-01 5.6306e-02 2.3889e-04
2581.60 6.6841e-04 9.2246e-01 7.6428e-02 4.4043e-04
3084.17 6.3450e-04 8.8125e-01 1.1709e-01 1.0247e-03
3472.46 4.2621e-04 7.7990e-01 2.1686e-01 2.8061e-03
3909.64 2.3019e-04 6.1327e-01 3.7900e-01 7.4964e-03
4148.46 2.2847e-04 6.4993e-01 3.4308e-01 6.7661e-03
4670.75 2.2456e-04 6.6661e-01 3.2689e-01 6.2698e-03
4956.05 1.4922e-04 5.3928e-01 4.4954e-01 1.1035e-02
5258.79 6.4637e-05 3.5551e-01 6.2285e-01 2.1582e-02
5580.02 1.6412e-05 1.4771e-01 8.1336e-01 3.8911e-02
5920.87 5.4114e-06 7.6908e-02 8.7326e-01 4.9831e-02
6282.54 2.9718e-06 5.7733e-02 8.7749e-01 6.4775e-02
6666.30 2.7233e-06 5.7137e-02 8.7301e-01 6.9855e-02
7073.50 2.7017e-06 5.8728e-02 8.7169e-01 6.9581e-02
7505.58 2.6083e-06 5.9574e-02 8.6621e-01 7.4216e-02
7964.05 3.5907e-06 7.4955e-02 8.6166e-01 6.3382e-02
8450.53 9.4273e-06 1.3284e-01 8.1686e-01 5.0286e-02
8966.72 2.6707e-05 2.6958e-01 6.9510e-01 3.5286e-02
9514.44 5.8392e-05 4.2104e-01 5.5762e-01 2.1284e-02
10095.62 1.1147e-04 5.5846e-01 4.2910e-01 1.2328e-02
10712.30 1.7929e-04 6.4718e-01 3.4488e-01 7.7613e-03
11366.65 1.9335e-04 7.1686e-01 2.7730e-01 5.6472e-03
12061.10 1.6539e-04 7.5233e-01 2.4286e-01 4.6440e-03
12793.43 1.7675e-04 7.7904e-01 2.1698e-01 3.8038e-03
13528.61 1.0295e-04 7.5107e-01 2.4457e-01 4.2575e-03
14194.74 7.6403e-05 7.2325e-01 2.7097e-01 5.7003e-03
14757.77 6.0928e-05 6.6398e-01 3.2977e-01 6.1863e-03
15240.48 4.6617e-05 5.2368e-01 4.6933e-01 6.9393e-03
15646.99 6.2779e-05 5.2983e-01 4.6510e-01 5.0028e-03
15960.30 1.0061e-04 6.4109e-01 3.5632e-01 2.4847e-03
16187.41 1.0164e-04 5.7250e-01 4.2490e-01 2.5021e-03
16354.17 8.0396e-05 4.5860e-01 5.3857e-01 2.7559e-03
16484.18 4.8075e-05 3.4269e-01 6.5374e-01 3.5191e-03
16593.12 4.5386e-05 4.1560e-01 5.8019e-01 4.1724e-03
16691.99 5.4314e-05 5.3050e-01 4.6568e-01 3.7670e-03
16788.59 2.6350e-05 2.8435e-01 7.1006e-01 5.5596e-03
16888.37 2.9207e-05 2.1134e-01 7.8166e-01 6.9653e-03
16998.79 2.2529e-05 2.2919e-01 7.6376e-01 7.0261e-03
17146.37 1.9812e-05 1.8668e-01 8.0492e-01 8.3810e-03
17415.23 1.3896e-05 2.2546e-01 7.6569e-01 8.8371e-03
17888.12 5.3456e-06 9.5741e-02 8.9228e-01 1.1971e-02
18532.37 1.0109e-05 1.5898e-01 8.2838e-01 1.2632e-02
19260.76 3.2647e-06 7.2963e-02 9.0873e-01 1.8307e-02
20034.10 2.3342e-06 5.5010e-02 9.1854e-01 2.6445e-02
20838.00 2.3325e-06 6.1959e-02 8.8935e-01 4.8685e-02
21647.97 2.4415e-06 5.3727e-02 9.1483e-01 3.1437e-02
22447.94 1.2530e-06 3.8549e-02 9.2065e-01 4.0797e-02
23245.88 2.6566e-06 7.0046e-02 8.7453e-01 5.5417e-02
24052.47 1.5085e-06 5.0536e-02 8.8896e-01 6.0505e-02
24867.72 4.5469e-06 1.7394e-01 7.5842e-01 6.7634e-02
25698.86 2.9394e-06 1.1111e-01 8.0177e-01 8.7112e-02
26587.16 7.2594e-06 2.7465e-01 5.9153e-01 1.3381e-01
27637.54 3.8277e-06 2.0279e-01 5.6372e-01 2.3349e-01
28986.97 1.6817e-06 7.9748e-02 6.9300e-01 2.2725e-01
#TIME: 207.87
#NVEL 78
#vel_mid[km/s] c0 c1 c2 c3
1060.83 7.7329e-04 9.3677e-01 6.2154e-02 2.9819e-04
1919.29 8.7400e-04 9.4389e-01 5.5003e-02 2.3184e-04
2581.60 6.6183e-04 9.2319e-01 7.5709e-02 4.3508e-04
3084.17 6.3592e-04 8.8126e-01 1.1707e-01 1.0324e-03
3472.46 4.2046e-04 7.7313e-01 2.2347e-01 2.9745e-03
3909.64 2.1233e-04 6.3194e-01 3.6144e-01 6.4105e-03
4148.46 2.2120e-04 6.5442e-01 3.3860e-01 6.7547e-03
4670.75 2.2614e-04 6.6037e-01 3.3327e-01 6.1388e-03
4956.05 1.5394e-04 5.4351e-01 4.4582e-01 1.0515e-02
5258.79 5.7960e-05 3.5311e-01 6.2548e-01 2.1348e-02
5580.02 1.8154e-05 1.6244e-01 7.9933e-01 3.8209e-02
5920.87 6.7299e-06 8.0217e-02 8.6310e-01 5.6679e-02
6282.54 3.2353e-06 5.9776e-02 8.7576e-01 6.4461e-02
6666.30 2.6599e-06 5.3765e-02 8.7692e-01 6.9310e-02
7073.50 2.6348e-06 5.4825e-02 8.7478e-01 7.0388e-02
7505.58 2.4146e-06 5.7996e-02 8.7595e-01 6.6049e-02
7964.05 3.7758e-06 7.6773e-02 8.5522e-01 6.8006e-02
8450.53 9.6892e-06 1.3278e-01 8.1641e-01 5.0805e-02
8966.72 2.6620e-05 2.7371e-01 6.9175e-01 3.4504e-02
9514.44 6.1423e-05 4.1910e-01 5.5934e-01 2.1504e-02
10095.62 1.0955e-04 5.6064e-01 4.2693e-01 1.2317e-02
10712.30 1.5764e-04 6.6803e-01 3.2416e-01 7.6475e-03
11366.65 1.9282e-04 7.2362e-01 2.7079e-01 5.3976e-03
12061.10 1.9029e-04 7.5437e-01 2.4122e-01 4.2150e-03
12793.43 1.7016e-04 7.5413e-01 2.4136e-01 4.3395e-03
13528.61 1.2928e-04 7.9578e-01 2.0045e-01 3.6344e-03
14194.74 9.0086e-05 7.4864e-01 2.4661e-01 4.6613e-03
14757.77 6.1397e-05 6.4758e-01 3.4583e-01 6.5228e-03
15240.48 4.9993e-05 5.6599e-01 4.2757e-01 6.3866e-03
15646.99 6.9832e-05 5.7594e-01 4.1940e-01 4.5866e-03
15960.30 1.1295e-04 6.1386e-01 3.8356e-01 2.4676e-03
16187.41 1.0583e-04 5.6856e-01 4.2888e-01 2.4511e-03
16354.17 8.9120e-05 5.3886e-01 4.5848e-01 2.5646e-03
16484.18 6.8774e-05 3.6726e-01 6.2894e-01 3.7344e-03
16593.12 4.2310e-05 3.7628e-01 6.1947e-01 4.2155e-03
16691.99 2.9841e-05 3.5403e-01 6.4097e-01 4.9664e-03
16788.59 2.7035e-05 2.2575e-01 7.6878e-01 5.4496e-03
16888.37 2.1568e-05 2.7008e-01 7.2368e-01 6.2172e-03
16998.79 2.5144e-05 2.9299e-01 7.0057e-01 6.4212e-03
17146.37 1.1780e-05 1.3747e-01 8.5531e-01 7.2108e-03
17415.23 1.9711e-05 2.3534e-01 7.5642e-01 8.2177e-03
17888.12 4.6189e-06 8.5826e-02 9.0169e-01 1.2482e-02
18532.37 4.3325e-06 7.7231e-02 9.0844e-01 1.4322e-02
19260.76 4.2412e-06 8.2259e-02 9.0057e-01 1.7169e-02
20034.10 2.1704e-06 5.3051e-02 9.2678e-01 2.0168e-02
20838.00 1.6711e-06 4.4954e-02 9.2927e-01 2.5778e-02
21647.97 2.6875e-06 6.9293e-02 8.9872e-01 3.1987e-02
22447.94 3.1897e-06 6.7579e-02 8.9223e-01 4.0184e-02
23245.88 1.6064e-05 3.7878e-01 5.9032e-01 3.0879e-02
24052.47 1.1136e-06 3.6713e-02 8.9956e-01 6.3723e-02
24867.72 2.4972e-06 7.6828e-02 8.4855e-01 7.4619e-02
25698.86 3.4034e-06 9.7670e-02 8.1446e-01 8.7870e-02
26587.16 1.1748e-05 3.3034e-01 5.9396e-01 7.5684e-02
27637.54 3.2582e-06 9.9086e-02 7.9246e-01 1.0845e-01
28986.97 5.2572e-06 2.6299e-01 6.1321e-01 1.2380e-01
#TIME: 210.86
#NVEL 78
#vel_mid[km/s] c0 c1 c2 c3
1060.83 9.3160e-04 9.3627e-01 6.2496e-02 2.9964e-04
1919.29 8.0253e-04 9.4476e-01 5.4210e-02 2.2322e-04
2581.60 6.8399e-04 9.2361e-01 7.5272e-02 4.2932e-04
3084.17 6.2305e-04 8.8072e-01 1.1763e-01 1.0326e-03
3472.46 4.5434e-04 7.8441e-01 2.1244e-01 2.6973e-03
3909.64 2.6317e-04 6.2391e-01 3.6864e-01 7.1885e-03
4148.46 2.4313e-04 6.5621e-01 3.3661e-01 6.9403e-03
4670.75 2.3161e-04 6.7410e-01 3.1986e-01 5.8146e-03
4956.05 1.4702e-04 5.7117e-01 4.1813e-01 1.0554e-02
5258.79 7.2487e-05 3.7769e-01 6.0048e-01 2.1759e-02
5580.02 1.8782e-05 1.5785e-01 8.0269e-01 3.9439e-02
5920.87 6.1432e-06 8.1654e-02 8.6746e-01 5.0879e-02
6282.54 3.0843e-06 5.9114e-02 8.7454e-01 6.6344e-02
6666.30 2.9945e-06 5.7830e-02 8.7234e-01 6.9828e-02
7073.50 2.8323e-06 5.9561e-02 8.7381e-01 6.6626e-02
7505.58 2.3978e-06 5.4742e-02 8.7696e-01 6.8300e-02
7964.05 3.5195e-06 7.0115e-02 8.6167e-01 6.8216e-02
8450.53 9.2405e-06 1.3299e-01 8.1612e-01 5.0883e-02
8966.72 2.5610e-05 2.6153e-01 7.0453e-01 3.3913e-02
9514.44 5.6221e-05 4.2376e-01 5.5499e-01 2.1193e-02
10095.62 1.1755e-04 5.8481e-01 4.0385e-01 1.1224e-02
10712.30 1.6185e-04 6.7350e-01 3.1914e-01 7.2055e-03
11366.65 2.2107e-04 7.3167e-01 2.6265e-01 5.4579e-03
12061.10 2.2916e-04 7.6586e-01 2.2998e-01 3.9378e-03
12793.43 1.9535e-04 7.6785e-01 2.2792e-01 4.0325e-03
13528.61 1.2008e-04 7.7956e-01 2.1664e-01 3.6816e-03
14194.74 9.3481e-05 7.4857e-01 2.4678e-01 4.5551e-03
14757.77 6.1603e-05 6.8732e-01 3.0643e-01 6.1867e-03
15240.48 5.2451e-05 6.0190e-01 3.9229e-01 5.7558e-03
15646.99 8.0772e-05 5.6474e-01 4.3087e-01 4.3114e-03
15960.30 9.2657e-05 5.3434e-01 4.6250e-01 3.0660e-03
16187.41 8.7212e-05 5.8149e-01 4.1592e-01 2.4948e-03
16354.17 8.6444e-05 4.0605e-01 5.9081e-01 3.0491e-03
16484.18 7.0599e-05 4.0486e-01 5.9185e-01 3.2163e-03
16593.12 6.1231e-05 4.8546e-01 5.1145e-01 3.0279e-03
16691.99 2.8623e-05 2.4533e-01 7.4961e-01 5.0332e-03
16788.59 3.9177e-05 2.3819e-01 7.5485e-01 6.9199e-03
16888.37 3.0349e-05 2.6858e-01 7.2400e-01 7.3828e-03
16998.79 3.6323e-05 3.6706e-01 6.2702e-01 5.8811e-03
17146.37 2.9183e-05 3.0706e-01 6.8648e-01 6.4250e-03
17415.23 1.1566e-05 1.4280e-01 8.4769e-01 9.5041e-03
17888.12 1.0071e-05 1.7963e-01 8.0899e-01 1.1366e-02
18532.37 5.4904e-06 9.1385e-02 8.9379e-01 1.4823e-02
19260.76 3.4064e-06 6.5076e-02 9.1740e-01 1.7517e-02
20034.10 2.6014e-06 5.5805e-02 9.2467e-01 1.9519e-02
20838.00 1.7808e-06 4.4279e-02 9.3301e-01 2.2707e-02
21647.97 2.4596e-06 6.9021e-02 9.0499e-01 2.5988e-02
22447.94 3.8615e-06 7.0875e-02 8.8060e-01 4.8524e-02
23245.88 1.2025e-05 3.6053e-01 5.8918e-01 5.0276e-02
24052.47 2.6252e-06 7.2682e-02 8.6521e-01 6.2107e-02
24867.72 8.2371e-06 2.7395e-01 6.6955e-01 5.6490e-02
25698.86 1.3396e-05 3.8235e-01 5.3167e-01 8.5967e-02
26587.16 6.8553e-06 3.2194e-01 5.6228e-01 1.1577e-01
27637.54 8.0723e-06 2.4549e-01 6.5441e-01 1.0009e-01
28986.97 6.3534e-06 1.9593e-01 6.8248e-01 1.2158e-01
#TIME: 213.89
#NVEL 78
#vel_mid[km/s] c0 c1 c2 c3
1060.83 1.0830e-03 9.3959e-01 5.9067e-02 2.6069e-04
1919.29 8.7331e-04 9.4711e-01 5.1807e-02 2.0549e-04
2581.60 7.0060e-04 9.2323e-01 7.5642e-02 4.3174e-04
3084.17 5.9359e-04 8.8250e-01 1.1591e-01 9.9670e-04
3472.46 4.1351e-04 7.7641e-01 2.2025e-01 2.9261e-03
3909.64 2.4439e-04 6.2524e-01 3.6691e-01 7.6106e-03
4148.46 2.6801e-04 6.5461e-01 3.3868e-01 6.4393e-03
4670.75 2.5504e-04 6.4334e-01 3.4978e-01 6.6187e-03
4956.05 1.5451e-04 5.7866e-01 4.1154e-01 9.6427e-03
5258.79 7.1078e-05 3.6991e-01 6.1081e-01 1.9214e-02
5580.02 1.8636e-05 1.6630e-01 7.9590e-01 3.7784e-02
5920.87 5.7576e-06 7.8591e-02 8.6948e-01 5.1923e-02
6282.54 2.8472e-06 5.4646e-02 8.7955e-01 6.5797e-02
6666.30 2.7741e-06 5.4326e-02 8.7336e-01 7.2310e-02
7073.50 2.9320e-06 5.7633e-02 8.7346e-01 6.8901e-02
7505.58 2.6592e-06 6.0724e-02 8.6295e-01 7.6320e-02
7964.05 3.9284e-06 7.7198e-02 8.5321e-01 6.9592e-02
8450.53 9.3328e-06 1.3163e-01 8.1540e-01 5.2966e-02
8966.72 2.5887e-05 2.5909e-01 7.0495e-01 3.5935e-02
9514.44 5.4083e-05 4.1040e-01 5.6722e-01 2.2324e-02
10095.62 1.2020e-04 5.7534e-01 4.1201e-01 1.2533e-02
10712.30 1.6894e-04 6.6467e-01 3.2749e-01 7.6737e-03
11366.65 1.8966e-04 7.2144e-01 2.7312e-01 5.2485e-03
12061.10 2.0406e-04 7.6002e-01 2.3557e-01 4.2036e-03
12793.43 2.0969e-04 7.7338e-01 2.2227e-01 4.1419e-03
13528.61 1.1383e-04 7.5820e-01 2.3724e-01 4.4521e-03
14194.74 8.7857e-05 7.3339e-01 2.6137e-01 5.1469e-03
14757.77 6.2368e-05 6.6423e-01 3.2979e-01 5.9139e-03
15240.48 7.3098e-05 6.5641e-01 3.3785e-01 5.6647e-03
15646.99 5.5555e-05 5.5305e-01 4.4222e-01 4.6750e-03
15960.30 1.1304e-04 5.5824e-01 4.3867e-01 2.9716e-03
16187.41 1.0190e-04 5.6264e-01 4.3471e-01 2.5526e-03
16354.17 6.7452e-05 4.4206e-01 5.5493e-01 2.9443e-03
16484.18 7.7406e-05 4.1288e-01 5.8373e-01 3.3139e-03
16593.12 2.7996e-05 3.0256e-01 6.9264e-01 4.7643e-03
16691.99 3.0033e-05 2.4747e-01 7.4750e-01 4.9931e-03
16788.59 1.0514e-05 1.6811e-01 8.2663e-01 5.2496e-03
16888.37 3.9466e-05 3.5065e-01 6.4382e-01 5.4917e-03
16998.79 1.8053e-05 2.2795e-01 7.6502e-01 7.0161e-03
17146.37 1.8566e-05 2.1672e-01 7.7554e-01 7.7225e-03
17415.23 1.0353e-05 1.5541e-01 8.3476e-01 9.8126e-03
17888.12 8.9665e-06 1.3375e-01 8.5446e-01 1.1775e-02
18532.37 3.9181e-06 7.7961e-02 9.0866e-01 1.3377e-02
19260.76 2.6599e-06 6.0602e-02 9.2240e-01 1.6991e-02
20034.10 2.3324e-06 6.4308e-02 9.1341e-01 2.2277e-02
20838.00 1.7676e-06 4.5973e-02 9.2050e-01 3.3528e-02
21647.97 2.6800e-06 6.2607e-02 9.0369e-01 3.3699e-02
22447.94 3.6196e-06 9.4347e-02 8.6975e-01 3.5901e-02
23245.88 4.6410e-06 1.3011e-01 7.5997e-01 1.0991e-01
24052.47 1.1304e-05 3.1783e-01 6.2476e-01 5.7397e-02
24867.72 2.9341e-06 1.1782e-01 8.1366e-01 6.8510e-02
25698.86 1.1351e-06 2.8058e-02 8.9244e-01 7.9500e-02
26587.16 1.1897e-06 4.2366e-02 8.6478e-01 9.2856e-02
27637.54 4.4501e-06 1.3536e-01 7.5031e-01 1.1433e-01
28986.97 3.5586e-06 8.3277e-02 7.0949e-01 2.0723e-01
#TIME: 216.97
#NVEL 78
#vel_mid[km/s] c0 c1 c2 c3
1060.83 1.3077e-03 9.3832e-01 6.0107e-02 2.7043e-04
1919.29 8.9247e-04 9.4544e-01 5.3452e-02 2.1517e-04
2581.60 7.8177e-04 9.2515e-01 7.3648e-02 4.1603e-04
3084.17 6.5357e-04 8.8364e-01 1.1471e-01 9.8984e-04
3472.46 4.2598e-04 7.8115e-01 2.1569e-01 2.7377e-03
3909.64 2.2670e-04 6.3157e-01 3.6077e-01 7.4272e-03
4148.46 2.3427e-04 6.6772e-01 3.2603e-01 6.0115e-03
4670.75 2.5989e-04 6.7033e-01 3.2319e-01 6.2191e-03
4956.05 1.7934e-04 5.5823e-01 4.3157e-01 1.0028e-02
5258.79 6.2307e-05 3.5590e-01 6.2261e-01 2.1425e-02
5580.02 1.6339e-05 1.5538e-01 8.0403e-01 4.0581e-02
5920.87 6.0545e-06 8.0220e-02 8.6553e-01 5.4244e-02
6282.54 3.2670e-06 5.9432e-02 8.7078e-01 6.9784e-02
6666.30 2.9094e-06 5.6645e-02 8.7142e-01 7.1935e-02
7073.50 2.8179e-06 5.7386e-02 8.7141e-01 7.1202e-02
7505.58 2.7059e-06 6.2131e-02 8.6774e-01 7.0128e-02
7964.05 3.9371e-06 7.9762e-02 8.4981e-01 7.0424e-02
8450.53 8.4014e-06 1.2944e-01 8.1854e-01 5.2011e-02
8966.72 2.4746e-05 2.4941e-01 7.1341e-01 3.7152e-02
9514.44 5.2715e-05 4.0808e-01 5.6989e-01 2.1975e-02
10095.62 1.0457e-04 5.7377e-01 4.1384e-01 1.2282e-02
10712.30 1.3926e-04 6.6469e-01 3.2788e-01 7.2941e-03
11366.65 1.8493e-04 7.1274e-01 2.8171e-01 5.3658e-03
12061.10 2.2574e-04 7.6815e-01 2.2776e-01 3.8585e-03
12793.43 2.0032e-04 7.8814e-01 2.0813e-01 3.5311e-03
13528.61 1.3743e-04 7.4922e-01 2.4646e-01 4.1885e-03
14194.74 1.0496e-04 7.9148e-01 2.0493e-01 3.4778e-03
14757.77 7.5522e-05 6.6400e-01 3.3003e-01 5.8922e-03
15240.48 5.6452e-05 5.2834e-01 4.6452e-01 7.0787e-03
15646.99 5.8423e-05 5.0159e-01 4.9347e-01 4.8739e-03
15960.30 1.0391e-04 5.1649e-01 4.8030e-01 3.1019e-03
16187.41 7.7072e-05 4.7240e-01 5.2471e-01 2.8061e-03
16354.17 7.4699e-05 4.7953e-01 5.1774e-01 2.6645e-03
16484.18 7.6850e-05 3.7130e-01 6.2536e-01 3.2641e-03
16593.12 4.1074e-05 2.4784e-01 7.4782e-01 4.2984e-03
16691.99 3.8805e-05 4.9179e-01 5.0403e-01 4.1407e-03
16788.59 1.8899e-05 1.5985e-01 8.3416e-01 5.9728e-03
16888.37 2.8755e-05 3.0232e-01 6.9135e-01 6.3008e-03
16998.79 5.6164e-05 3.4715e-01 6.4711e-01 5.6844e-03
17146.37 1.3296e-05 1.7644e-01 8.1568e-01 7.8653e-03
17415.23 1.6005e-05 2.2111e-01 7.7018e-01 8.6942e-03
17888.12 1.2991e-05 2.0163e-01 7.8699e-01 1.1359e-02
18532.37 5.4250e-06 9.6246e-02 8.9026e-01 1.3486e-02
19260.76 2.7962e-06 6.4457e-02 9.1991e-01 1.5633e-02
20034.10 2.7262e-06 6.3804e-02 9.1280e-01 2.3397e-02
20838.00 2.9270e-06 7.1740e-02 9.0126e-01 2.6995e-02
21647.97 1.7730e-06 5.1372e-02 9.1503e-01 3.3593e-02
22447.94 1.3405e-06 3.7918e-02 9.2953e-01 3.2552e-02
23245.88 2.0378e-06 4.9995e-02 9.0599e-01 4.4008e-02
24052.47 1.3924e-06 4.1400e-02 8.6243e-01 9.6165e-02
24867.72 1.6722e-06 5.1716e-02 8.6642e-01 8.1863e-02
25698.86 1.6943e-06 7.1036e-02 8.4670e-01 8.2266e-02
26587.16 1.8991e-06 7.5166e-02 8.3497e-01 8.9857e-02
27637.54 1.8130e-06 6.2837e-02 8.2820e-01 1.0896e-01
28986.97 3.3698e-06 1.1577e-01 6.9409e-01 1.9014e-01
#TIME: 220.09
#NVEL 78
#vel_mid[km/s] c0 c1 c2 c3
1060.83 1.0704e-03 9.3938e-01 5.9275e-02 2.7210e-04
1919.29 9.1007e-04 9.4611e-01 5.2769e-02 2.1386e-04
2581.60 7.1165e-04 9.2471e-01 7.4158e-02 4.1616e-04
3084.17 5.9744e-04 8.8371e-01 1.1470e-01 9.9122e-04
3472.46 4.5406e-04 7.7624e-01 2.2046e-01 2.8510e-03
3909.64 2.5202e-04 6.1957e-01 3.7216e-01 8.0162e-03
4148.46 2.3965e-04 6.4872e-01 3.4389e-01 7.1520e-03
4670.75 2.6801e-04 6.7584e-01 3.1801e-01 5.8870e-03
4956.05 1.6161e-04 5.6347e-01 4.2674e-01 9.6276e-03
5258.79 6.7466e-05 3.6576e-01 6.1302e-01 2.1148e-02
5580.02 1.7595e-05 1.5292e-01 8.0956e-01 3.7501e-02
5920.87 6.0181e-06 8.1468e-02 8.6288e-01 5.5645e-02
6282.54 2.9381e-06 5.6232e-02 8.7589e-01 6.7879e-02
6666.30 2.7262e-06 5.3704e-02 8.7262e-01 7.3675e-02
7073.50 2.5169e-06 5.4867e-02 8.6972e-01 7.5412e-02
7505.58 2.7877e-06 6.4332e-02 8.6053e-01 7.5135e-02
7964.05 4.0187e-06 7.8193e-02 8.4840e-01 7.3403e-02
8450.53 7.8895e-06 1.2536e-01 8.2151e-01 5.3129e-02
8966.72 2.5446e-05 2.5884e-01 7.0318e-01 3.7952e-02
9514.44 5.3680e-05 4.1225e-01 5.6554e-01 2.2151e-02
10095.62 1.1826e-04 5.6807e-01 4.1939e-01 1.2423e-02
10712.30 1.5835e-04 6.6473e-01 3.2755e-01 7.5568e-03
11366.65 1.9236e-04 7.1975e-01 2.7508e-01 4.9789e-03
12061.10 1.9746e-04 7.6860e-01 2.2716e-01 4.0351e-03
12793.43 1.9208e-04 7.8543e-01 2.1088e-01 3.4962e-03
13528.61 1.2155e-04 7.6413e-01 2.3192e-01 3.8281e-03
14194.74 9.5915e-05 7.4997e-01 2.4535e-01 4.5825e-03
14757.77 6.8161e-05 6.4514e-01 3.4891e-01 5.8767e-03
15240.48 5.4613e-05 5.9386e-01 4.0007e-01 6.0170e-03
15646.99 6.4830e-05 5.2784e-01 4.6731e-01 4.7911e-03
15960.30 9.8239e-05 5.9858e-01 3.9871e-01 2.6101e-03
16187.41 8.5416e-05 5.9854e-01 3.9921e-01 2.1658e-03
16354.17 9.5048e-05 5.3174e-01 4.6560e-01 2.5666e-03
16484.18 7.1729e-05 5.4624e-01 4.5112e-01 2.5744e-03
16593.12 5.1393e-05 3.4502e-01 6.5058e-01 4.3542e-03
16691.99 6.2694e-05 3.6731e-01 6.2814e-01 4.4891e-03
16788.59 1.7631e-05 2.2124e-01 7.7298e-01 5.7677e-03
16888.37 3.8624e-05 2.8075e-01 7.1331e-01 5.8983e-03
16998.79 3.8213e-05 3.2177e-01 6.7304e-01 5.1461e-03
17146.37 2.1151e-05 2.5550e-01 7.3824e-01 6.2414e-03
17415.23 1.0858e-05 1.5057e-01 8.4084e-01 8.5734e-03
17888.12 7.0580e-06 1.1528e-01 8.7441e-01 1.0301e-02
18532.37 4.2246e-06 7.3452e-02 9.1244e-01 1.4100e-02
19260.76 4.3185e-06 8.1295e-02 9.0266e-01 1.6043e-02
20034.10 4.3343e-06 7.5572e-02 9.0674e-01 1.7682e-02
20838.00 4.6731e-06 9.3651e-02 8.8370e-01 2.2641e-02
21647.97 5.6177e-06 1.4077e-01 8.3251e-01 2.6717e-02
22447.94 1.2625e-06 3.8869e-02 9.2271e-01 3.8418e-02
23245.88 1.9787e-06 5.7524e-02 9.0458e-01 3.7896e-02
24052.47 1.4882e-06 4.9444e-02 8.7079e-01 7.9766e-02
24867.72 1.1397e-06 4.2716e-02 8.1607e-01 1.4121e-01
25698.86 1.0339e-06 3.7828e-02 8.4426e-01 1.1791e-01
26587.16 3.0720e-07 1.6435e-02 8.8349e-01 1.0007e-01
27637.54 2.7771e-06 1.5232e-01 7.4186e-01 1.0582e-01
28986.97 3.8917e-06 1.2866e-01 6.7724e-01 1.9410e-01
#TIME: 223.25
#NVEL 78
#vel_mid[km/s] c0 c1 c2 c3
1060.83 1.0959e-03 9.4041e-01 5.8239e-02 2.5473e-04
1919.29 8.8859e-04 9.4719e-01 5.1715e-02 2.0536e-04
2581.60 7.4250e-04 9.2496e-01 7.3878e-02 4.1848e-04
3084.17 5.9491e-04 8.7912e-01 1.1927e-01 1.0195e-03
3472.46 4.4915e-04 7.8196e-01 2.1482e-01 2.7746e-03
3909.64 2.3649e-04 6.3007e-01 3.6224e-01 7.4585e-03
4148.46 2.6559e-04 6.6624e-01 3.2694e-01 6.5546e-03
4670.75 2.4932e-04 6.7530e-01 3.1864e-01 5.8101e-03
4956.05 1.6942e-04 5.5694e-01 4.3231e-01 1.0577e-02
5258.79 6.6758e-05 3.5513e-01 6.2271e-01 2.2092e-02
5580.02 1.5020e-05 1.5264e-01 8.0902e-01 3.8320e-02
5920.87 5.6811e-06 8.4326e-02 8.6073e-01 5.4942e-02
6282.54 3.0997e-06 5.8859e-02 8.7161e-01 6.9531e-02
6666.30 2.7661e-06 5.6026e-02 8.7324e-01 7.0728e-02
7073.50 2.5151e-06 5.3263e-02 8.7544e-01 7.1299e-02
7505.58 2.4333e-06 5.7482e-02 8.6300e-01 7.9511e-02
7964.05 3.5203e-06 7.1277e-02 8.5916e-01 6.9556e-02
8450.53 8.6892e-06 1.3658e-01 8.1335e-01 5.0063e-02
8966.72 2.4088e-05 2.5352e-01 7.1103e-01 3.5435e-02
9514.44 5.4410e-05 4.0864e-01 5.6953e-01 2.1770e-02
10095.62 1.1327e-04 5.6009e-01 4.2723e-01 1.2567e-02
10712.30 1.3921e-04 6.3845e-01 3.5288e-01 8.5286e-03
11366.65 1.8894e-04 7.2989e-01 2.6471e-01 5.2127e-03
12061.10 2.0527e-04 7.5069e-01 2.4467e-01 4.4374e-03
12793.43 1.9174e-04 7.8175e-01 2.1444e-01 3.6174e-03
13528.61 1.5873e-04 7.7375e-01 2.2247e-01 3.6262e-03
14194.74 8.3678e-05 7.0788e-01 2.8715e-01 4.8870e-03
14757.77 8.1969e-05 7.1449e-01 2.8024e-01 5.1841e-03
15240.48 6.0327e-05 5.3409e-01 4.5933e-01 6.5125e-03
15646.99 7.6145e-05 6.0354e-01 3.9257e-01 3.8214e-03
15960.30 9.8594e-05 5.8052e-01 4.1669e-01 2.6975e-03
16187.41 1.2093e-04 5.3507e-01 4.6237e-01 2.4400e-03
16354.17 9.2690e-05 5.1826e-01 4.7941e-01 2.2437e-03
16484.18 5.9740e-05 4.3079e-01 5.6587e-01 3.2776e-03
16593.12 4.0641e-05 3.8890e-01 6.0719e-01 3.8651e-03
16691.99 4.2234e-05 3.6677e-01 6.2930e-01 3.8959e-03
16788.59 3.9692e-05 3.3202e-01 6.6222e-01 5.7177e-03
16888.37 2.1730e-05 1.9259e-01 8.0053e-01 6.8615e-03
16998.79 2.4736e-05 1.9648e-01 7.9659e-01 6.9128e-03
17146.37 4.0301e-05 4.6580e-01 5.2868e-01 5.4848e-03
17415.23 1.0029e-05 1.3844e-01 8.5266e-01 8.8932e-03
17888.12 8.0007e-06 1.1597e-01 8.7259e-01 1.1428e-02
18532.37 6.1652e-06 1.0166e-01 8.8449e-01 1.3846e-02
19260.76 4.9053e-06 8.5199e-02 8.9859e-01 1.6211e-02
20034.10 3.6528e-06 8.7759e-02 8.8890e-01 2.3334e-02
20838.00 3.7168e-06 8.3012e-02 8.8719e-01 2.9796e-02
21647.97 2.7169e-06 5.9156e-02 9.1190e-01 2.8938e-02
22447.94 6.1282e-06 1.4057e-01 8.2465e-01 3.4773e-02
23245.88 1.3619e-06 4.8235e-02 8.9705e-01 5.4718e-02
24052.47 1.4776e-06 5.6969e-02 8.8036e-01 6.2670e-02
24867.72 1.1689e-06 4.9364e-02 8.3575e-01 1.1488e-01
25698.86 2.1371e-06 8.8899e-02 8.3056e-01 8.0538e-02
26587.16 3.3043e-07 1.7109e-02 8.8157e-01 1.0132e-01
27637.54 2.1258e-06 1.0816e-01 7.8845e-01 1.0338e-01
28986.97 3.4426e-06 2.1660e-01 6.5831e-01 1.2508e-01
#TIME: 226.46
#NVEL 78
#vel_mid[km/s] c0 c1 c2 c3
1060.83 9.7293e-04 9.4149e-01 5.7284e-02 2.5335e-04
1919.29 9.8338e-04 9.4869e-01 5.0137e-02 1.9175e-04
2581.60 7.9797e-04 9.2890e-01 6.9939e-02 3.6819e-04
3084.17 6.1446e-04 8.8333e-01 1.1507e-01 9.7831e-04
3472.46 4.4435e-04 7.7476e-01 2.2184e-01 2.9558e-03
3909.64 2.4372e-04 6.4189e-01 3.5104e-01 6.8251e-03
4148.46 2.5981e-04 6.7040e-01 3.2303e-01 6.3194e-03
4670.75 2.8421e-04 6.7910e-01 3.1475e-01 5.8631e-03
4956.05 1.4909e-04 5.4208e-01 4.4713e-01 1.0638e-02
5258.79 6.0738e-05 3.6880e-01 6.1051e-01 2.0631e-02
5580.02 1.7688e-05 1.6160e-01 7.9907e-01 3.9316e-02
5920.87 6.2351e-06 8.1786e-02 8.6490e-01 5.3309e-02
6282.54 3.2121e-06 5.8443e-02 8.7120e-01 7.0356e-02
6666.30 2.7032e-06 5.3368e-02 8.7693e-01 6.9701e-02
7073.50 2.5901e-06 5.6580e-02 8.6700e-01 7.6418e-02
7505.58 2.4495e-06 5.6745e-02 8.6283e-01 8.0426e-02
7964.05 3.8618e-06 8.0499e-02 8.5376e-01 6.5743e-02
8450.53 8.4831e-06 1.3076e-01 8.1691e-01 5.2318e-02
8966.72 2.4955e-05 2.5758e-01 7.0656e-01 3.5836e-02
9514.44 5.6307e-05 4.1037e-01 5.6695e-01 2.2627e-02
10095.62 1.0755e-04 5.5818e-01 4.2868e-01 1.3029e-02
10712.30 1.6519e-04 6.6392e-01 3.2838e-01 7.5384e-03
11366.65 2.0558e-04 7.4206e-01 2.5269e-01 5.0478e-03
12061.10 1.9068e-04 7.5366e-01 2.4202e-01 4.1357e-03
12793.43 1.7362e-04 7.7692e-01 2.1916e-01 3.7550e-03
13528.61 1.3265e-04 7.6256e-01 2.3334e-01 3.9706e-03
14194.74 1.0989e-04 7.7597e-01 2.2040e-01 3.5219e-03
14757.77 7.0081e-05 7.0969e-01 2.8537e-01 4.8683e-03
15240.48 7.2600e-05 6.5495e-01 3.3982e-01 5.1519e-03
15646.99 6.5936e-05 4.9617e-01 4.9880e-01 4.9650e-03
15960.30 1.6834e-04 6.4304e-01 3.5454e-01 2.2470e-03
16187.41 1.3648e-04 5.9504e-01 4.0268e-01 2.1382e-03
16354.17 9.4889e-05 5.1899e-01 4.7843e-01 2.4838e-03
16484.18 6.1482e-05 4.2015e-01 5.7659e-01 3.1959e-03
16593.12 4.5636e-05 3.3779e-01 6.5814e-01 4.0305e-03
16691.99 4.3971e-05 2.3607e-01 7.5866e-01 5.2260e-03
16788.59 4.0238e-05 4.6886e-01 5.2683e-01 4.2669e-03
16888.37 1.8789e-05 1.4931e-01 8.4380e-01 6.8661e-03
16998.79 2.7348e-05 2.2554e-01 7.6794e-01 6.4924e-03
17146.37 2.5176e-05 2.4672e-01 7.4596e-01 7.3015e-03
17415.23 1.5558e-05 1.9403e-01 7.9769e-01 8.2566e-03
17888.12 6.8004e-06 1.1806e-01 8.7172e-01 1.0213e-02
18532.37 4.9288e-06 9.2399e-02 8.9411e-01 1.3481e-02
19260.76 3.0724e-06 6.3885e-02 9.1886e-01 1.7252e-02
20034.10 4.1942e-06 7.8676e-02 8.9995e-01 2.1367e-02
20838.00 2.8438e-06 6.1502e-02 9.1370e-01 2.4794e-02
21647.97 3.7681e-06 1.0447e-01 8.6416e-01 3.1365e-02
22447.94 5.3791e-06 1.7447e-01 7.8863e-01 3.6889e-02
23245.88 4.0749e-06 1.4575e-01 7.8069e-01 7.3557e-02
24052.47 8.0414e-06 2.5329e-01 7.0007e-01 4.6636e-02
24867.72 9.2485e-07 4.3664e-02 8.8722e-01 6.9117e-02
25698.86 3.5245e-06 1.2516e-01 7.8900e-01 8.5839e-02
26587.16 1.1299e-06 5.2985e-02 8.6138e-01 8.5631e-02
27637.54 1.7475e-06 9.6041e-02 8.0690e-01 9.7052e-02
28986.97 6.0039e-06 2.9018e-01 5.9475e-01 1.1507e-01
#TIME: 229.71
#NVEL 78
#vel_mid[km/s] c0 c1 c2 c3
1060.83 9.4291e-04 9.4140e-01 5.7404e-02 2.5021e-04
1919.29 7.0906e-04 9.3417e-01 6.4761e-02 3.6058e-04
2581.60 6.6516e-04 9.2792e-01 7.1026e-02 3.8618e-04
3084.17 5.6240e-04 8.8238e-01 1.1606e-01 9.9315e-04
3472.46 4.3736e-04 7.8110e-01 2.1561e-01 2.8536e-03
3909.64 2.5199e-04 6.4056e-01 3.5220e-01 6.9839e-03
4148.46 2.3320e-04 6.6245e-01 3.3080e-01 6.5241e-03
4670.75 2.8342e-04 6.7384e-01 3.1997e-01 5.9161e-03
4956.05 1.4170e-04 5.5588e-01 4.3313e-01 1.0854e-02
5258.79 6.5730e-05 3.4989e-01 6.2796e-01 2.2082e-02
5580.02 1.8360e-05 1.5670e-01 8.0365e-01 3.9635e-02
5920.87 6.3581e-06 8.5237e-02 8.5732e-01 5.7434e-02
6282.54 3.2986e-06 5.8182e-02 8.7303e-01 6.8788e-02
6666.30 2.9847e-06 5.4867e-02 8.7328e-01 7.1847e-02
7073.50 2.4473e-06 5.4339e-02 8.7403e-01 7.1630e-02
7505.58 2.6300e-06 5.9316e-02 8.6578e-01 7.4900e-02
7964.05 3.7588e-06 7.8142e-02 8.5297e-01 6.8888e-02
8450.53 8.6290e-06 1.2623e-01 8.2018e-01 5.3582e-02
8966.72 2.4395e-05 2.5419e-01 7.0773e-01 3.8060e-02
9514.44 5.8667e-05 4.2234e-01 5.5586e-01 2.1737e-02
10095.62 1.0740e-04 5.6044e-01 4.2663e-01 1.2828e-02
10712.30 1.5686e-04 6.7524e-01 3.1772e-01 6.8897e-03
11366.65 2.2299e-04 7.3911e-01 2.5561e-01 5.0601e-03
12061.10 2.3429e-04 7.5690e-01 2.3864e-01 4.2280e-03
12793.43 1.8635e-04 7.6885e-01 2.2731e-01 3.6626e-03
13528.61 1.6496e-04 7.6721e-01 2.2872e-01 3.9029e-03
14194.74 1.2810e-04 7.5246e-01 2.4320e-01 4.2096e-03
14757.77 5.9064e-05 6.1405e-01 3.7955e-01 6.3405e-03
15240.48 6.6330e-05 6.3007e-01 3.6475e-01 5.1095e-03
15646.99 8.7835e-05 5.9726e-01 3.9909e-01 3.5540e-03
15960.30 1.3922e-04 6.1442e-01 3.8302e-01 2.4185e-03
16187.41 1.9093e-04 5.0256e-01 4.9480e-01 2.4520e-03
16354.17 1.2013e-04 4.7425e-01 5.2299e-01 2.6410e-03
16484.18 7.0361e-05 4.6505e-01 5.3235e-01 2.5332e-03
16593.12 5.2751e-05 4.1149e-01 5.8470e-01 3.7528e-03
16691.99 5.7133e-05 4.2321e-01 5.7243e-01 4.3020e-03
16788.59 2.2939e-05 1.9589e-01 7.9813e-01 5.9626e-03
16888.37 3.1662e-05 3.1326e-01 6.8104e-01 5.6597e-03
16998.79 2.7628e-05 2.8049e-01 7.1319e-01 6.2880e-03
17146.37 1.8075e-05 2.6775e-01 7.2530e-01 6.9279e-03
17415.23 9.8964e-06 1.3715e-01 8.5371e-01 9.1351e-03
17888.12 5.4343e-06 1.0949e-01 8.7960e-01 1.0904e-02
18532.37 5.5370e-06 1.2337e-01 8.6370e-01 1.2927e-02
19260.76 3.1683e-06 6.7313e-02 9.1439e-01 1.8293e-02
20034.10 4.8642e-06 9.3632e-02 8.8632e-01 2.0045e-02
20838.00 2.5454e-06 5.4491e-02 9.1576e-01 2.9745e-02
21647.97 4.7729e-06 1.2987e-01 8.4197e-01 2.8150e-02
22447.94 1.0698e-05 2.4925e-01 7.2104e-01 2.9702e-02
23245.88 1.5712e-05 5.1999e-01 4.5633e-01 2.3666e-02
24052.47 4.7263e-06 1.5654e-01 7.8932e-01 5.4138e-02
24867.72 5.1167e-06 2.1446e-01 7.0744e-01 7.8103e-02
25698.86 3.0575e-06 1.7595e-01 7.5547e-01 6.8579e-02
26587.16 1.5951e-06 6.6514e-02 4.8329e-01 4.5019e-01
27637.54 1.3513e-06 6.4623e-02 8.2042e-01 1.1496e-01
28986.97 1.4456e-06 7.0325e-02 7.9674e-01 1.3293e-01
#TIME: 233.01
#NVEL 78
#vel_mid[km/s] c0 c1 c2 c3
1060.83 1.1558e-03 9.4279e-01 5.5819e-02 2.3591e-04
1919.29 6.0027e-03 9.3735e-01 5.6388e-02 2.5803e-04
2581.60 6.9170e-04 9.2818e-01 7.0748e-02 3.7629e-04
3084.17 6.1704e-04 8.8494e-01 1.1350e-01 9.4209e-04
3472.46 4.1649e-04 7.8638e-01 2.1052e-01 2.6823e-03
3909.64 2.4592e-04 6.4532e-01 3.4765e-01 6.7891e-03
4148.46 2.6100e-04 6.5505e-01 3.3834e-01 6.3477e-03
4670.75 2.7501e-04 6.9133e-01 3.0298e-01 5.4154e-03
4956.05 1.5016e-04 5.4651e-01 4.4246e-01 1.0880e-02
5258.79 6.5047e-05 3.4951e-01 6.2835e-01 2.2077e-02
5580.02 1.8276e-05 1.5928e-01 8.0257e-01 3.8132e-02
5920.87 6.3018e-06 8.4965e-02 8.6395e-01 5.1082e-02
6282.54 3.3332e-06 5.9285e-02 8.7176e-01 6.8947e-02
6666.30 2.8578e-06 5.5223e-02 8.7023e-01 7.4546e-02
7073.50 2.7640e-06 5.9284e-02 8.6720e-01 7.3511e-02
7505.58 2.5996e-06 5.8492e-02 8.6753e-01 7.3972e-02
7964.05 3.6177e-06 7.3122e-02 8.5507e-01 7.1809e-02
8450.53 8.5121e-06 1.3114e-01 8.1552e-01 5.3332e-02
8966.72 2.3101e-05 2.5455e-01 7.0919e-01 3.6230e-02
9514.44 5.2460e-05 4.0636e-01 5.7202e-01 2.1569e-02
10095.62 1.1602e-04 5.5288e-01 4.3392e-01 1.3087e-02
10712.30 1.6119e-04 6.6645e-01 3.2597e-01 7.4191e-03
11366.65 1.9104e-04 7.2322e-01 2.7145e-01 5.1444e-03
12061.10 2.0665e-04 7.5703e-01 2.3861e-01 4.1611e-03
12793.43 2.0406e-04 7.8639e-01 2.0997e-01 3.4279e-03
13528.61 1.6678e-04 7.8113e-01 2.1521e-01 3.4911e-03
14194.74 1.6675e-04 7.7744e-01 2.1852e-01 3.8733e-03
14757.77 8.1073e-05 6.8604e-01 3.0892e-01 4.9545e-03
15240.48 5.7424e-05 5.8566e-01 4.0827e-01 6.0088e-03
15646.99 5.1925e-05 4.7508e-01 5.1997e-01 4.8980e-03
15960.30 9.8922e-05 5.9585e-01 4.0161e-01 2.4441e-03
16187.41 9.6107e-05 5.1698e-01 4.8053e-01 2.3915e-03
16354.17 7.5297e-05 4.1534e-01 5.8179e-01 2.8028e-03
16484.18 4.2300e-05 3.3430e-01 6.6220e-01 3.4578e-03
16593.12 6.3823e-05 3.9982e-01 5.9649e-01 3.6261e-03
16691.99 4.0714e-05 3.6332e-01 6.3208e-01 4.5638e-03
16788.59 2.6892e-05 2.8036e-01 7.1456e-01 5.0510e-03
16888.37 3.4307e-05 2.4563e-01 7.4855e-01 5.7846e-03
16998.79 3.1381e-05 3.6278e-01 6.3154e-01 5.6488e-03
17146.37 2.0683e-05 2.6889e-01 7.2438e-01 6.7062e-03
17415.23 1.0950e-05 1.5203e-01 8.3864e-01 9.3258e-03
17888.12 6.8273e-06 1.0756e-01 8.8150e-01 1.0929e-02
18532.37 3.0469e-06 5.9187e-02 9.2691e-01 1.3900e-02
19260.76 2.9595e-06 5.3401e-02 9.2995e-01 1.6643e-02
20034.10 4.0690e-06 9.8340e-02 8.8128e-01 2.0379e-02
20838.00 2.9000e-06 6.7310e-02 9.0805e-01 2.4632e-02
21647.97 6.6276e-06 1.4478e-01 8.1707e-01 3.8141e-02
22447.94 7.1878e-06 1.5210e-01 8.1677e-01 3.1116e-02
23245.88 4.0250e-06 1.3125e-01 8.3045e-01 3.8301e-02
24052.47 1.0508e-05 4.6276e-01 5.0490e-01 3.2332e-02
24867.72 1.1575e-05 4.7311e-01 4.8829e-01 3.8582e-02
25698.86 4.0198e-06 1.9770e-01 7.2161e-01 8.0694e-02
26587.16 2.0509e-06 7.4673e-02 6.3064e-01 2.9468e-01
27637.54 2.9028e-06 1.2114e-01 6.4720e-01 2.3166e-01
28986.97 4.9337e-06 3.0668e-01 5.8409e-01 1.0923e-01
#TIME: 236.36
#NVEL 78
#vel_mid[km/s] c0 c1 c2 c3
1060.83 1.0169e-03 9.4577e-01 5.2999e-02 2.0970e-04
1919.29 2.9650e-03 9.4285e-01 5.3956e-02 2.2676e-04
2581.60 6.7636e-04 9.2790e-01 7.1048e-02 3.7951e-04
3084.17 6.5882e-04 8.8485e-01 1.1354e-01 9.4503e-04
3472.46 4.3756e-04 7.8237e-01 2.1443e-01 2.7568e-03
3909.64 2.6797e-04 6.4868e-01 3.4416e-01 6.8945e-03
4148.46 2.3961e-04 6.5926e-01 3.3428e-01 6.2111e-03
4670.75 2.6698e-04 6.8281e-01 3.1144e-01 5.4833e-03
4956.05 1.5749e-04 5.5338e-01 4.3649e-01 9.9746e-03
5258.79 6.4509e-05 3.5569e-01 6.2319e-01 2.1057e-02
5580.02 1.7694e-05 1.5800e-01 8.0316e-01 3.8821e-02
5920.87 6.2542e-06 8.4309e-02 8.6092e-01 5.4769e-02
6282.54 3.4301e-06 6.0411e-02 8.7598e-01 6.3609e-02
6666.30 2.8290e-06 5.5390e-02 8.7166e-01 7.2947e-02
7073.50 3.0290e-06 6.0994e-02 8.6768e-01 7.1327e-02
7505.58 2.6740e-06 5.6769e-02 8.6202e-01 8.1208e-02
7964.05 3.5185e-06 7.4868e-02 8.5532e-01 6.9813e-02
8450.53 9.3393e-06 1.3435e-01 8.1214e-01 5.3499e-02
8966.72 2.5017e-05 2.4385e-01 7.1892e-01 3.7199e-02
9514.44 5.2283e-05 4.0552e-01 5.7199e-01 2.2439e-02
10095.62 1.1156e-04 5.6254e-01 4.2476e-01 1.2594e-02
10712.30 1.6197e-04 6.7680e-01 3.1586e-01 7.1751e-03
11366.65 1.8704e-04 7.2581e-01 2.6863e-01 5.3760e-03
12061.10 2.2401e-04 7.7750e-01 2.1845e-01 3.8262e-03
12793.43 1.8240e-04 7.8896e-01 2.0738e-01 3.4741e-03
13528.61 1.8784e-04 7.7191e-01 2.2382e-01 4.0833e-03
14194.74 1.4105e-04 7.1882e-01 2.7703e-01 4.0019e-03
14757.77 7.9065e-05 6.8491e-01 3.0999e-01 5.0181e-03
15240.48 8.8882e-05 6.8978e-01 3.0570e-01 4.4264e-03
15646.99 8.3837e-05 5.2581e-01 4.6959e-01 4.5198e-03
15960.30 1.2116e-04 6.5497e-01 3.4276e-01 2.1441e-03
16187.41 1.0548e-04 5.2353e-01 4.7420e-01 2.1646e-03
16354.17 9.3972e-05 4.9106e-01 5.0629e-01 2.5594e-03
16484.18 8.9774e-05 4.5317e-01 5.4390e-01 2.8388e-03
16593.12 7.3979e-05 3.4281e-01 6.5331e-01 3.8037e-03
16691.99 8.8702e-05 5.8936e-01 4.0755e-01 3.0005e-03
16788.59 2.3199e-05 2.1737e-01 7.7701e-01 5.5955e-03
16888.37 2.8553e-05 2.2057e-01 7.7362e-01 5.7809e-03
16998.79 3.4989e-05 2.8800e-01 7.0627e-01 5.6981e-03
17146.37 2.5044e-05 2.8337e-01 7.1047e-01 6.1353e-03
17415.23 1.1065e-05 1.4533e-01 8.4568e-01 8.9824e-03
17888.12 9.2038e-06 1.1099e-01 8.7874e-01 1.0266e-02
18532.37 6.9456e-06 1.1596e-01 8.7013e-01 1.3903e-02
19260.76 4.9910e-06 9.2263e-02 8.9154e-01 1.6195e-02
20034.10 3.5198e-06 7.4351e-02 9.0442e-01 2.1222e-02
20838.00 2.8966e-06 6.4965e-02 9.1072e-01 2.4314e-02
21647.97 2.2265e-06 5.2512e-02 9.1765e-01 2.9833e-02
22447.94 2.8269e-06 6.2618e-02 9.0508e-01 3.2296e-02
23245.88 2.3796e-06 6.5333e-02 8.8325e-01 5.1417e-02
24052.47 5.4689e-06 1.8687e-01 7.6413e-01 4.8997e-02
24867.72 5.1247e-06 2.0291e-01 7.3662e-01 6.0462e-02
25698.86 1.0507e-05 4.1574e-01 5.3539e-01 4.8854e-02
26587.16 4.0259e-06 1.9271e-01 7.2651e-01 8.0777e-02
27637.54 5.4257e-06 1.7214e-01 7.2493e-01 1.0293e-01
28986.97 6.0503e-06 2.2492e-01 6.3860e-01 1.3647e-01
#TIME: 239.76
#NVEL 78
#vel_mid[km/s] c0 c1 c2 c3
1060.83 1.1902e-03 9.4446e-01 5.4128e-02 2.2376e-04
1919.29 2.4717e-03 9.4439e-01 5.2922e-02 2.1695e-04
2581.60 8.4030e-04 9.3029e-01 6.8520e-02 3.5105e-04
3084.17 6.2944e-04 8.8584e-01 1.1260e-01 9.2578e-04
3472.46 4.4728e-04 7.8234e-01 2.1448e-01 2.7345e-03
3909.64 2.4546e-04 6.4422e-01 3.4874e-01 6.7992e-03
4148.46 2.4787e-04 6.5766e-01 3.3575e-01 6.3460e-03
4670.75 2.4631e-04 6.7983e-01 3.1440e-01 5.5240e-03
4956.05 1.5965e-04 5.7984e-01 4.1068e-01 9.3229e-03
5258.79 6.8867e-05 3.6626e-01 6.1190e-01 2.1772e-02
5580.02 1.8434e-05 1.6119e-01 8.0072e-01 3.8065e-02
5920.87 6.3591e-06 8.5185e-02 8.6201e-01 5.2794e-02
6282.54 3.5027e-06 6.0820e-02 8.7124e-01 6.7941e-02
6666.30 3.1571e-06 5.7055e-02 8.7343e-01 6.9511e-02
7073.50 3.0217e-06 5.9880e-02 8.7155e-01 6.8571e-02
7505.58 2.3898e-06 5.4639e-02 8.6989e-01 7.5469e-02
7964.05 3.8264e-06 7.4558e-02 8.5216e-01 7.3276e-02
8450.53 9.0851e-06 1.3093e-01 8.1539e-01 5.3668e-02
8966.72 2.3371e-05 2.5292e-01 7.1034e-01 3.6717e-02
9514.44 5.2555e-05 4.0947e-01 5.6766e-01 2.2820e-02
10095.62 1.1081e-04 5.6000e-01 4.2761e-01 1.2285e-02
10712.30 1.5648e-04 6.5680e-01 3.3522e-01 7.8211e-03
11366.65 1.9943e-04 7.2647e-01 2.6840e-01 4.9377e-03
12061.10 2.0700e-04 7.7101e-01 2.2475e-01 4.0308e-03
