#NTIMES: 50
#NSTAGES: 4
#TIMES[d]: 199.16 202.03 204.93 207.87 210.86 213.89 216.97 220.09 223.25 226.46 229.71 233.01 236.36 239.76 243.21 246.70 250.25 253.85 257.50 261.20 264.95 268.76 272.62 276.54 280.51 284.55 288.64 292.79 296.99 301.26 305.59 309.99 314.44 318.96 323.55 328.19 332.91 337.70 342.55 347.48 352.47 357.54 362.68 367.89 373.18 378.54 383.98 389.50 395.10 400.78
#
#TIME: 199.16
#NVEL: 78
#vel_mid[km/s] si0 si1 si2 si3
440.10 1.8635e-04 9.2279e-01 7.4488e-02 2.5347e-03
886.22 2.8292e-04 9.3300e-01 6.4568e-02 2.1518e-03
906.14 2.7570e-04 9.1645e-01 8.0497e-02 2.7729e-03
944.43 3.6619e-04 9.2712e-01 7.0058e-02 2.4546e-03
999.11 1.9609e-04 9.2471e-01 7.2689e-02 2.4030e-03
1060.83 2.3110e-04 9.2778e-01 6.9622e-02 2.3647e-03
1125.62 3.5156e-04 9.2349e-01 7.3644e-02 2.5109e-03
1194.38 1.8687e-04 9.2821e-01 6.9272e-02 2.3325e-03
1267.34 1.8320e-04 9.2333e-01 7.3957e-02 2.5311e-03
1344.75 2.5762e-04 9.2598e-01 7.1450e-02 2.3096e-03
1426.89 2.4839e-04 9.2741e-01 7.0084e-02 2.2533e-03
1514.05 2.4674e-04 9.3140e-01 6.6289e-02 2.0604e-03
1606.54 2.7783e-04 9.3119e-01 6.6424e-02 2.1050e-03
1704.67 2.5182e-04 9.2912e-01 6.8449e-02 2.1818e-03
1808.80 2.1791e-04 9.2878e-01 6.8836e-02 2.1711e-03
1919.29 2.0467e-04 9.2987e-01 6.7742e-02 2.1823e-03
2036.53 2.2044e-04 9.3007e-01 6.7606e-02 2.1021e-03
2160.92 1.8549e-04 9.2663e-01 7.0892e-02 2.2905e-03
2292.92 1.6325e-04 9.2180e-01 7.5460e-02 2.5817e-03
2432.98 1.4403e-04 9.1439e-01 8.2413e-02 3.0547e-03
2581.60 1.4471e-04 9.0334e-01 9.2824e-02 3.6873e-03
2739.29 1.3640e-04 8.9441e-01 1.0117e-01 4.2850e-03
2906.62 1.0651e-04 8.7824e-01 1.1618e-01 5.4724e-03
3084.17 8.8273e-05 8.5699e-01 1.3589e-01 7.0334e-03
3272.56 6.7698e-05 8.1828e-01 1.7172e-01 9.9345e-03
3472.46 5.1426e-05 7.6979e-01 2.1592e-01 1.4240e-02
3684.57 3.6543e-05 6.9915e-01 2.7970e-01 2.1114e-02
3909.64 2.3780e-05 6.3959e-01 3.3186e-01 2.8521e-02
4148.46 2.1851e-05 6.5151e-01 3.1935e-01 2.9118e-02
4401.86 2.4737e-05 6.8341e-01 2.9134e-01 2.5228e-02
4670.75 1.8566e-05 6.7044e-01 3.0306e-01 2.6483e-02
4956.05 9.3207e-06 5.7983e-01 3.8151e-01 3.8645e-02
5258.79 3.5938e-06 3.7542e-01 5.5669e-01 6.7880e-02
5580.02 9.4890e-07 1.5407e-01 7.3684e-01 1.0909e-01
5920.87 3.3164e-07 7.3110e-02 7.8987e-01 1.3702e-01
6282.54 2.0009e-07 5.3834e-02 7.9371e-01 1.5245e-01
6666.30 1.7538e-07 5.0229e-02 7.8674e-01 1.6303e-01
7073.50 1.6483e-07 4.8760e-02 7.8515e-01 1.6609e-01
7505.58 1.7645e-07 5.3708e-02 7.7896e-01 1.6733e-01
7964.05 2.2300e-07 6.2564e-02 7.7283e-01 1.6460e-01
8450.53 4.6208e-07 1.0339e-01 7.5193e-01 1.4469e-01
8966.72 1.4337e-06 2.3905e-01 6.5065e-01 1.1031e-01
9514.44 3.3659e-06 3.8805e-01 5.3033e-01 8.1612e-02
10095.62 6.9224e-06 5.1735e-01 4.2390e-01 5.8741e-02
10712.30 1.2681e-05 6.0712e-01 3.4823e-01 4.4635e-02
11366.65 1.9977e-05 6.6423e-01 2.9904e-01 3.6702e-02
12061.10 2.4563e-05 6.7423e-01 2.8977e-01 3.5974e-02
12793.43 2.6744e-05 6.7938e-01 2.8467e-01 3.5928e-02
13528.61 2.4495e-05 6.7210e-01 2.8994e-01 3.7933e-02
14194.74 1.9167e-05 6.5495e-01 3.0273e-01 4.2304e-02
14757.77 1.6860e-05 6.1892e-01 3.3336e-01 4.7695e-02
15240.48 1.8616e-05 6.6097e-01 3.0254e-01 3.6475e-02
15646.99 2.2795e-05 7.0002e-01 2.7644e-01 2.3520e-02
15960.30 3.6912e-05 7.3519e-01 2.5086e-01 1.3912e-02
16187.41 4.5281e-05 7.6763e-01 2.2173e-01 1.0597e-02
16354.17 4.5632e-05 7.6272e-01 2.2730e-01 9.9346e-03
16484.18 4.1017e-05 7.3415e-01 2.5303e-01 1.2780e-02
16593.12 3.3094e-05 6.1059e-01 3.6986e-01 1.9519e-02
16691.99 2.6294e-05 6.1408e-01 3.6535e-01 2.0550e-02
16788.59 2.4042e-05 6.4080e-01 3.3835e-01 2.0825e-02
16888.37 2.1998e-05 6.0743e-01 3.6851e-01 2.4041e-02
16998.79 1.8941e-05 5.3028e-01 4.3958e-01 3.0127e-02
17146.37 1.4535e-05 4.5163e-01 5.0813e-01 4.0223e-02
17415.23 9.5973e-06 3.6162e-01 5.8812e-01 5.0251e-02
17888.12 5.9034e-06 2.4950e-01 6.7339e-01 7.7105e-02
18532.37 4.4907e-06 2.2881e-01 6.7302e-01 9.8162e-02
19260.76 4.3909e-06 2.5255e-01 6.5692e-01 9.0531e-02
20034.10 3.4095e-06 2.2078e-01 6.6906e-01 1.1015e-01
20838.00 1.3173e-06 1.0896e-01 7.4359e-01 1.4744e-01
21647.97 9.5443e-07 9.5443e-02 7.2192e-01 1.8263e-01
22447.94 1.2702e-06 1.5021e-01 6.6098e-01 1.8881e-01
23245.88 1.0449e-06 1.4402e-01 6.1225e-01 2.4373e-01
24052.47 1.2659e-06 2.0061e-01 5.4856e-01 2.5083e-01
24867.72 6.1718e-07 1.0360e-01 5.1202e-01 3.8438e-01
25698.86 4.3729e-07 8.9441e-02 4.4857e-01 4.6199e-01
26587.16 2.4639e-07 5.7612e-02 4.8893e-01 4.5346e-01
27637.54 1.6070e-07 4.7682e-02 4.7606e-01 4.7625e-01
28986.97 2.9915e-07 9.0476e-02 4.3449e-01 4.7504e-01
#TIME: 202.03
#NVEL: 78
#vel_mid[km/s] si0 si1 si2 si3
440.10 1.7956e-04 9.2554e-01 7.1844e-02 2.4382e-03
886.22 3.5932e-04 9.2392e-01 7.3497e-02 2.2220e-03
906.14 6.6445e-04 9.3290e-01 6.4257e-02 2.1764e-03
944.43 6.1223e-04 9.2661e-01 7.0457e-02 2.3176e-03
999.11 3.4388e-04 9.2892e-01 6.8349e-02 2.3829e-03
1060.83 4.2677e-04 9.2323e-01 7.3965e-02 2.3780e-03
1125.62 3.2119e-04 9.2043e-01 7.6632e-02 2.6125e-03
1194.38 3.0879e-04 9.3173e-01 6.5716e-02 2.2429e-03
1267.34 2.4737e-04 9.2447e-01 7.2890e-02 2.3934e-03
1344.75 2.0973e-04 9.2837e-01 6.9121e-02 2.2992e-03
1426.89 3.8204e-04 9.3097e-01 6.6525e-02 2.1265e-03
1514.05 2.4278e-04 9.2912e-01 6.8455e-02 2.1809e-03
1606.54 2.6462e-04 9.3257e-01 6.5152e-02 2.0135e-03
1704.67 2.4521e-04 9.3538e-01 6.2440e-02 1.9343e-03
1808.80 1.9963e-04 9.3251e-01 6.5322e-02 1.9713e-03
1919.29 2.1577e-04 9.3183e-01 6.5931e-02 2.0257e-03
2036.53 1.7934e-04 9.2866e-01 6.8960e-02 2.2047e-03
2160.92 1.9619e-04 9.2601e-01 7.1422e-02 2.3704e-03
2292.92 1.5932e-04 9.1972e-01 7.7373e-02 2.7525e-03
2432.98 1.4024e-04 9.1257e-01 8.4091e-02 3.2014e-03
2581.60 1.3282e-04 9.0290e-01 9.3156e-02 3.8061e-03
2739.29 1.2437e-04 8.9226e-01 1.0310e-01 4.5167e-03
2906.62 1.0621e-04 8.7873e-01 1.1573e-01 5.4362e-03
3084.17 9.6143e-05 8.5777e-01 1.3517e-01 6.9642e-03
3272.56 7.5731e-05 8.1901e-01 1.7099e-01 9.9237e-03
3472.46 5.5330e-05 7.7449e-01 2.1145e-01 1.4000e-02
3684.57 3.8153e-05 7.1691e-01 2.6320e-01 1.9853e-02
3909.64 2.4819e-05 6.4060e-01 3.3074e-01 2.8633e-02
4148.46 2.2797e-05 6.4819e-01 3.2252e-01 2.9261e-02
4401.86 2.3881e-05 6.7901e-01 2.9562e-01 2.5351e-02
4670.75 1.8458e-05 6.6662e-01 3.0655e-01 2.6808e-02
4956.05 9.8464e-06 5.7644e-01 3.8486e-01 3.8692e-02
5258.79 3.6886e-06 3.8080e-01 5.5153e-01 6.7667e-02
5580.02 9.9650e-07 1.5902e-01 7.3369e-01 1.0728e-01
5920.87 3.5958e-07 7.8132e-02 7.8596e-01 1.3591e-01
6282.54 2.2114e-07 5.8189e-02 7.8868e-01 1.5313e-01
6666.30 1.7080e-07 4.8789e-02 7.9207e-01 1.5914e-01
7073.50 1.6879e-07 4.9564e-02 7.8643e-01 1.6400e-01
7505.58 1.8001e-07 5.2850e-02 7.7620e-01 1.7095e-01
7964.05 2.1593e-07 6.0847e-02 7.7649e-01 1.6267e-01
8450.53 4.7739e-07 1.0789e-01 7.4972e-01 1.4239e-01
8966.72 1.3787e-06 2.2671e-01 6.6013e-01 1.1316e-01
9514.44 3.3833e-06 3.8394e-01 5.3359e-01 8.2463e-02
10095.62 7.1750e-06 5.2267e-01 4.1939e-01 5.7937e-02
10712.30 1.2825e-05 6.0783e-01 3.4756e-01 4.4598e-02
11366.65 1.9850e-05 6.6380e-01 3.0021e-01 3.5972e-02
12061.10 2.4689e-05 6.7323e-01 2.9091e-01 3.5835e-02
12793.43 2.7296e-05 6.7934e-01 2.8458e-01 3.6054e-02
13528.61 2.4944e-05 6.7314e-01 2.8924e-01 3.7590e-02
14194.74 1.8410e-05 6.5127e-01 3.0646e-01 4.2252e-02
14757.77 1.5642e-05 6.1148e-01 3.4031e-01 4.8197e-02
15240.48 1.8770e-05 6.6323e-01 3.0029e-01 3.6459e-02
15646.99 2.4084e-05 6.8819e-01 2.8757e-01 2.4219e-02
15960.30 3.8708e-05 7.5170e-01 2.3559e-01 1.2669e-02
16187.41 4.4865e-05 7.6061e-01 2.2913e-01 1.0215e-02
16354.17 4.2890e-05 7.4043e-01 2.4872e-01 1.0801e-02
16484.18 3.8482e-05 7.2703e-01 2.6085e-01 1.2083e-02
16593.12 2.7283e-05 6.2099e-01 3.6081e-01 1.8178e-02
16691.99 2.6258e-05 6.3097e-01 3.4817e-01 2.0838e-02
16788.59 2.4166e-05 5.7137e-01 4.0645e-01 2.2156e-02
16888.37 2.5363e-05 6.3784e-01 3.3929e-01 2.2847e-02
16998.79 1.9605e-05 5.3082e-01 4.3873e-01 3.0432e-02
17146.37 1.4583e-05 4.5026e-01 5.1273e-01 3.6998e-02
17415.23 1.2821e-05 4.0678e-01 5.4920e-01 4.4007e-02
17888.12 7.4855e-06 2.9834e-01 6.3954e-01 6.2117e-02
18532.37 5.4999e-06 2.6353e-01 6.5814e-01 7.8325e-02
19260.76 3.9469e-06 2.1870e-01 6.8197e-01 9.9324e-02
20034.10 2.4554e-06 1.7561e-01 7.0575e-01 1.1863e-01
20838.00 1.5645e-06 1.4138e-01 7.1800e-01 1.4061e-01
21647.97 1.0817e-06 1.0345e-01 7.3077e-01 1.6578e-01
22447.94 9.9522e-07 1.1998e-01 6.6113e-01 2.1889e-01
23245.88 1.0715e-06 1.4681e-01 6.0080e-01 2.5239e-01
24052.47 1.1514e-06 1.8959e-01 5.4086e-01 2.6955e-01
24867.72 6.4315e-07 1.1269e-01 4.8264e-01 4.0466e-01
25698.86 4.4638e-07 9.1463e-02 5.6563e-01 3.4291e-01
26587.16 1.9928e-07 4.8235e-02 5.1557e-01 4.3620e-01
27637.54 3.9004e-07 9.4733e-02 4.2516e-01 4.8011e-01
28986.97 3.4666e-07 1.0856e-01 4.3005e-01 4.6139e-01
#TIME: 204.93
#NVEL: 78
#vel_mid[km/s] si0 si1 si2 si3
440.10 1.5053e-04 9.2092e-01 7.6437e-02 2.4876e-03
886.22 2.6172e-04 9.1586e-01 8.1391e-02 2.4919e-03
906.14 5.4004e-04 9.3267e-01 6.4629e-02 2.1634e-03
944.43 3.1734e-04 9.2373e-01 7.3486e-02 2.4709e-03
999.11 2.9779e-04 9.2913e-01 6.8237e-02 2.3351e-03
1060.83 2.3906e-04 9.2707e-01 7.0310e-02 2.3851e-03
1125.62 2.6904e-04 9.2743e-01 7.0030e-02 2.2740e-03
1194.38 3.3650e-04 9.3150e-01 6.6100e-02 2.0596e-03
1267.34 3.2801e-04 9.3031e-01 6.7112e-02 2.2544e-03
1344.75 2.6250e-04 9.2407e-01 7.3250e-02 2.4168e-03
1426.89 2.4578e-04 9.2560e-01 7.1810e-02 2.3443e-03
1514.05 2.4511e-04 9.3531e-01 6.2537e-02 1.9094e-03
1606.54 2.8126e-04 9.3206e-01 6.5610e-02 2.0525e-03
1704.67 2.5679e-04 9.3224e-01 6.5447e-02 2.0605e-03
1808.80 1.9828e-04 9.3312e-01 6.4718e-02 1.9636e-03
1919.29 2.1679e-04 9.3468e-01 6.3095e-02 2.0047e-03
2036.53 1.8140e-04 9.3442e-01 6.3428e-02 1.9679e-03
2160.92 1.9877e-04 9.2865e-01 6.8962e-02 2.1908e-03
2292.92 1.8935e-04 9.2390e-01 7.3414e-02 2.4933e-03
2432.98 1.5503e-04 9.1562e-01 8.1252e-02 2.9723e-03
2581.60 1.4584e-04 9.0594e-01 9.0354e-02 3.5631e-03
2739.29 1.2485e-04 8.8976e-01 1.0554e-01 4.5789e-03
2906.62 1.1354e-04 8.7902e-01 1.1545e-01 5.4142e-03
3084.17 1.0123e-04 8.5487e-01 1.3792e-01 7.1137e-03
3272.56 7.0908e-05 8.2106e-01 1.6906e-01 9.8141e-03
3472.46 5.4779e-05 7.7746e-01 2.0880e-01 1.3685e-02
3684.57 3.6091e-05 7.2347e-01 2.5706e-01 1.9429e-02
3909.64 2.5402e-05 6.4596e-01 3.2599e-01 2.8032e-02
4148.46 2.3778e-05 6.5644e-01 3.1480e-01 2.8740e-02
4401.86 2.3689e-05 6.9184e-01 2.8385e-01 2.4293e-02
4670.75 1.9240e-05 6.7234e-01 3.0126e-01 2.6385e-02
4956.05 1.0210e-05 5.8878e-01 3.7376e-01 3.7448e-02
5258.79 3.8082e-06 3.7852e-01 5.5309e-01 6.8388e-02
5580.02 1.0707e-06 1.6347e-01 7.2873e-01 1.0780e-01
5920.87 3.8019e-07 7.8374e-02 7.8720e-01 1.3442e-01
6282.54 2.2483e-07 5.7439e-02 7.9124e-01 1.5132e-01
6666.30 1.7368e-07 4.7463e-02 7.9378e-01 1.5876e-01
7073.50 1.7585e-07 4.9344e-02 7.8715e-01 1.6351e-01
7505.58 1.7690e-07 5.1357e-02 7.7835e-01 1.7029e-01
7964.05 2.3330e-07 6.3195e-02 7.7507e-01 1.6174e-01
8450.53 4.7495e-07 1.0278e-01 7.5157e-01 1.4565e-01
8966.72 1.4303e-06 2.3053e-01 6.5725e-01 1.1222e-01
9514.44 3.4626e-06 3.8068e-01 5.3537e-01 8.3938e-02
10095.62 7.3521e-06 5.2045e-01 4.2092e-01 5.8621e-02
10712.30 1.2743e-05 5.9993e-01 3.5479e-01 4.5267e-02
11366.65 1.9832e-05 6.5706e-01 3.0570e-01 3.7219e-02
12061.10 2.4373e-05 6.8310e-01 2.8199e-01 3.4882e-02
12793.43 2.4614e-05 6.8097e-01 2.8281e-01 3.6192e-02
13528.61 2.2882e-05 6.7810e-01 2.8476e-01 3.7114e-02
14194.74 1.9957e-05 6.6022e-01 2.9877e-01 4.0995e-02
14757.77 1.6786e-05 6.2944e-01 3.2476e-01 4.5779e-02
15240.48 1.8630e-05 6.5865e-01 3.0480e-01 3.6525e-02
15646.99 2.5743e-05 7.4354e-01 2.3638e-01 2.0056e-02
15960.30 4.2889e-05 7.7532e-01 2.1311e-01 1.1520e-02
16187.41 4.6709e-05 7.5346e-01 2.3609e-01 1.0402e-02
16354.17 4.5743e-05 7.3878e-01 2.5063e-01 1.0546e-02
16484.18 4.0660e-05 7.3300e-01 2.5519e-01 1.1769e-02
16593.12 3.5411e-05 6.6694e-01 3.1648e-01 1.6551e-02
16691.99 2.8283e-05 6.7253e-01 3.0685e-01 2.0592e-02
16788.59 2.3590e-05 5.9102e-01 3.8624e-01 2.2708e-02
16888.37 1.9882e-05 5.2757e-01 4.4327e-01 2.9140e-02
16998.79 1.8219e-05 5.1990e-01 4.5026e-01 2.9824e-02
17146.37 1.6255e-05 5.1293e-01 4.5484e-01 3.2214e-02
17415.23 1.1624e-05 4.2602e-01 5.3146e-01 4.2513e-02
17888.12 6.6265e-06 2.8408e-01 6.3546e-01 8.0451e-02
18532.37 5.7126e-06 2.7887e-01 6.3627e-01 8.4849e-02
19260.76 4.2217e-06 2.4211e-01 6.6562e-01 9.2265e-02
20034.10 2.0696e-06 1.4302e-01 7.1731e-01 1.3967e-01
20838.00 1.6821e-06 1.4149e-01 7.1585e-01 1.4265e-01
21647.97 1.4355e-06 1.3675e-01 7.0696e-01 1.5629e-01
22447.94 1.0958e-06 1.1763e-01 6.9696e-01 1.8540e-01
23245.88 1.1163e-06 1.5131e-01 6.0481e-01 2.4388e-01
24052.47 9.1212e-07 1.5906e-01 5.7862e-01 2.6232e-01
24867.72 1.0699e-06 2.0434e-01 5.2507e-01 2.7059e-01
25698.86 6.1767e-07 1.2088e-01 5.3597e-01 3.4314e-01
26587.16 6.1472e-07 1.3551e-01 4.6570e-01 3.9878e-01
27637.54 5.7110e-07 1.5412e-01 4.2159e-01 4.2428e-01
28986.97 3.7258e-07 1.0845e-01 3.9387e-01 4.9768e-01
#TIME: 207.87
#NVEL: 78
#vel_mid[km/s] si0 si1 si2 si3
440.10 1.8059e-04 9.2243e-01 7.5038e-02 2.3540e-03
886.22 1.4309e-04 9.3456e-01 6.3176e-02 2.1225e-03
906.14 2.6836e-04 9.3250e-01 6.5112e-02 2.1202e-03
944.43 2.2671e-04 9.2949e-01 6.8070e-02 2.2112e-03
999.11 2.5755e-04 9.2868e-01 6.8793e-02 2.2731e-03
1060.83 3.1584e-04 9.3188e-01 6.5691e-02 2.1172e-03
1125.62 3.2478e-04 9.3151e-01 6.5955e-02 2.2105e-03
1194.38 2.5379e-04 9.3040e-01 6.7070e-02 2.2718e-03
1267.34 2.8471e-04 9.3445e-01 6.3161e-02 2.1009e-03
1344.75 2.9875e-04 9.3462e-01 6.3097e-02 1.9866e-03
1426.89 2.3809e-04 9.3364e-01 6.4120e-02 2.0060e-03
1514.05 2.3837e-04 9.3785e-01 6.0069e-02 1.8435e-03
1606.54 2.9034e-04 9.2920e-01 6.8387e-02 2.1185e-03
1704.67 3.0009e-04 9.3588e-01 6.1942e-02 1.8784e-03
1808.80 2.2672e-04 9.3430e-01 6.3479e-02 1.9913e-03
1919.29 2.4050e-04 9.3250e-01 6.5220e-02 2.0424e-03
2036.53 1.7629e-04 9.3371e-01 6.4128e-02 1.9898e-03
2160.92 2.0348e-04 9.2739e-01 7.0098e-02 2.3098e-03
2292.92 1.8250e-04 9.2047e-01 7.6645e-02 2.7057e-03
2432.98 1.6174e-04 9.1155e-01 8.5078e-02 3.2119e-03
2581.60 1.3545e-04 9.0493e-01 9.1242e-02 3.6917e-03
2739.29 1.2811e-04 8.8859e-01 1.0669e-01 4.5953e-03
2906.62 1.1474e-04 8.8323e-01 1.1147e-01 5.1855e-03
3084.17 8.9524e-05 8.6062e-01 1.3247e-01 6.8246e-03
3272.56 7.3975e-05 8.2297e-01 1.6726e-01 9.6989e-03
3472.46 5.3513e-05 7.7129e-01 2.1467e-01 1.3986e-02
3684.57 3.9461e-05 7.3233e-01 2.4892e-01 1.8712e-02
3909.64 2.6477e-05 6.5679e-01 3.1579e-01 2.7391e-02
4148.46 2.4738e-05 6.6327e-01 3.0876e-01 2.7946e-02
4401.86 2.5334e-05 6.9063e-01 2.8489e-01 2.4461e-02
4670.75 2.1508e-05 6.8414e-01 2.9052e-01 2.5319e-02
4956.05 1.0856e-05 5.8823e-01 3.7470e-01 3.7055e-02
5258.79 4.0766e-06 3.8696e-01 5.4651e-01 6.6523e-02
5580.02 1.0549e-06 1.6127e-01 7.3082e-01 1.0791e-01
5920.87 3.8847e-07 7.9952e-02 7.8182e-01 1.3823e-01
6282.54 2.3497e-07 5.9199e-02 7.8794e-01 1.5286e-01
6666.30 1.7705e-07 4.8312e-02 7.8916e-01 1.6253e-01
7073.50 1.8232e-07 5.0274e-02 7.8886e-01 1.6087e-01
7505.58 1.9646e-07 5.3899e-02 7.7794e-01 1.6817e-01
7964.05 2.4564e-07 6.3885e-02 7.7381e-01 1.6230e-01
8450.53 4.7559e-07 1.0271e-01 7.5332e-01 1.4397e-01
8966.72 1.3973e-06 2.2377e-01 6.6310e-01 1.1312e-01
9514.44 3.4896e-06 3.8012e-01 5.3606e-01 8.3821e-02
10095.62 7.3805e-06 5.2419e-01 4.1787e-01 5.7936e-02
10712.30 1.2925e-05 6.1151e-01 3.4425e-01 4.4229e-02
11366.65 2.0759e-05 6.6450e-01 2.9912e-01 3.6362e-02
12061.10 2.4659e-05 6.8399e-01 2.8131e-01 3.4675e-02
12793.43 2.5180e-05 6.7748e-01 2.8670e-01 3.5797e-02
13528.61 2.3757e-05 6.8782e-01 2.7611e-01 3.6043e-02
14194.74 1.9170e-05 6.7377e-01 2.8641e-01 3.9804e-02
14757.77 1.5592e-05 6.1480e-01 3.3794e-01 4.7250e-02
15240.48 1.8078e-05 6.8465e-01 2.8091e-01 3.4423e-02
15646.99 2.4568e-05 6.8825e-01 2.8836e-01 2.3364e-02
15960.30 4.1313e-05 7.8496e-01 2.0405e-01 1.0954e-02
16187.41 4.8043e-05 7.8447e-01 2.0600e-01 9.4793e-03
16354.17 4.6121e-05 7.3511e-01 2.5436e-01 1.0483e-02
16484.18 4.4786e-05 7.4519e-01 2.4363e-01 1.1138e-02
16593.12 3.5144e-05 7.2134e-01 2.6383e-01 1.4802e-02
16691.99 2.5638e-05 6.2483e-01 3.5332e-01 2.1830e-02
16788.59 2.3429e-05 5.8470e-01 3.9210e-01 2.3175e-02
16888.37 2.0170e-05 5.9650e-01 3.7914e-01 2.4339e-02
16998.79 1.8208e-05 5.3527e-01 4.3225e-01 3.2465e-02
17146.37 1.3851e-05 4.5980e-01 4.9671e-01 4.3479e-02
17415.23 1.3024e-05 4.3817e-01 5.1818e-01 4.3632e-02
17888.12 7.7265e-06 3.4029e-01 5.9099e-01 6.8712e-02
18532.37 4.4032e-06 2.2206e-01 7.0089e-01 7.7046e-02
19260.76 3.5082e-06 1.9673e-01 7.0358e-01 9.9686e-02
20034.10 2.6188e-06 1.9497e-01 6.8243e-01 1.2260e-01
20838.00 2.3686e-06 1.9920e-01 6.6743e-01 1.3337e-01
21647.97 1.8093e-06 1.6714e-01 6.7575e-01 1.5710e-01
22447.94 1.1241e-06 1.2564e-01 6.1540e-01 2.5896e-01
23245.88 7.2971e-07 9.9230e-02 6.6380e-01 2.3697e-01
24052.47 5.9260e-07 9.0414e-02 6.2934e-01 2.8025e-01
24867.72 9.2641e-07 1.7300e-01 5.3680e-01 2.9021e-01
25698.86 5.4524e-07 1.2366e-01 5.2045e-01 3.5590e-01
26587.16 3.3295e-07 7.8309e-02 5.0173e-01 4.1996e-01
27637.54 3.6049e-07 1.0179e-01 4.7504e-01 4.2317e-01
28986.97 1.7042e-07 4.9172e-02 3.5293e-01 5.9790e-01
#TIME: 210.86
#NVEL: 78
#vel_mid[km/s] si0 si1 si2 si3
440.10 2.4459e-04 9.2494e-01 7.2466e-02 2.3482e-03
886.22 3.7368e-04 9.4301e-01 5.4954e-02 1.6621e-03
906.14 7.2492e-04 9.3724e-01 6.0062e-02 1.9697e-03
944.43 2.9710e-04 9.2924e-01 6.8221e-02 2.2372e-03
999.11 3.1842e-04 9.2995e-01 6.7517e-02 2.2111e-03
1060.83 3.3716e-04 9.2482e-01 7.2395e-02 2.4516e-03
1125.62 5.6686e-04 9.3465e-01 6.2714e-02 2.0688e-03
1194.38 3.1551e-04 9.2910e-01 6.8352e-02 2.2362e-03
1267.34 2.5802e-04 9.2957e-01 6.7840e-02 2.3362e-03
1344.75 3.6288e-04 9.3164e-01 6.5973e-02 2.0270e-03
1426.89 3.6829e-04 9.2991e-01 6.7571e-02 2.1495e-03
1514.05 2.8496e-04 9.3170e-01 6.5961e-02 2.0576e-03
1606.54 1.9048e-04 9.3634e-01 6.1626e-02 1.8397e-03
1704.67 1.9922e-04 9.3319e-01 6.4605e-02 2.0079e-03
1808.80 2.2358e-04 9.3314e-01 6.4628e-02 2.0065e-03
1919.29 2.1119e-04 9.3670e-01 6.1226e-02 1.8590e-03
2036.53 2.1935e-04 9.3378e-01 6.3948e-02 2.0563e-03
2160.92 2.3311e-04 9.3436e-01 6.3410e-02 1.9982e-03
2292.92 1.8466e-04 9.2631e-01 7.1110e-02 2.3935e-03
2432.98 1.5716e-04 9.1820e-01 7.8786e-02 2.8622e-03
2581.60 1.4473e-04 9.0940e-01 8.7030e-02 3.4212e-03
2739.29 1.0681e-04 8.9048e-01 1.0489e-01 4.5217e-03
2906.62 1.1351e-04 8.8028e-01 1.1427e-01 5.3385e-03
3084.17 9.4587e-05 8.6492e-01 1.2833e-01 6.6517e-03
3272.56 7.3172e-05 8.2451e-01 1.6585e-01 9.5674e-03
3472.46 5.8422e-05 7.7373e-01 2.1239e-01 1.3824e-02
3684.57 3.8712e-05 7.1744e-01 2.6269e-01 1.9827e-02
3909.64 2.7724e-05 6.5429e-01 3.1787e-01 2.7815e-02
4148.46 2.5037e-05 6.5875e-01 3.1296e-01 2.8265e-02
4401.86 2.5686e-05 6.8597e-01 2.8928e-01 2.4723e-02
4670.75 2.2189e-05 6.8738e-01 2.8772e-01 2.4873e-02
4956.05 1.0883e-05 5.9333e-01 3.6978e-01 3.6880e-02
5258.79 3.9058e-06 3.6844e-01 5.6265e-01 6.8906e-02
5580.02 1.0883e-06 1.5945e-01 7.3240e-01 1.0815e-01
5920.87 3.8889e-07 7.6458e-02 7.8361e-01 1.3993e-01
6282.54 2.4410e-07 5.5960e-02 7.8988e-01 1.5416e-01
6666.30 1.8794e-07 4.8226e-02 7.8802e-01 1.6375e-01
7073.50 1.8043e-07 4.8284e-02 7.8502e-01 1.6669e-01
7505.58 1.8247e-07 4.9411e-02 7.8045e-01 1.7014e-01
7964.05 2.5208e-07 6.4559e-02 7.7125e-01 1.6419e-01
8450.53 4.7159e-07 9.9200e-02 7.5474e-01 1.4606e-01
8966.72 1.4658e-06 2.2689e-01 6.5934e-01 1.1377e-01
9514.44 3.3688e-06 3.7361e-01 5.4188e-01 8.4504e-02
10095.62 7.1711e-06 5.2200e-01 4.1912e-01 5.8874e-02
10712.30 1.2341e-05 6.0708e-01 3.4870e-01 4.4215e-02
11366.65 1.9960e-05 6.7146e-01 2.9294e-01 3.5582e-02
12061.10 2.4830e-05 6.8119e-01 2.8424e-01 3.4548e-02
12793.43 2.6234e-05 6.8487e-01 2.8042e-01 3.4681e-02
13528.61 2.4917e-05 6.8871e-01 2.7587e-01 3.5394e-02
14194.74 2.0215e-05 6.6568e-01 2.9448e-01 3.9826e-02
14757.77 1.5677e-05 6.1684e-01 3.3700e-01 4.6151e-02
15240.48 1.8308e-05 6.7754e-01 2.8756e-01 3.4873e-02
15646.99 2.4895e-05 7.0605e-01 2.7166e-01 2.2271e-02
15960.30 4.3524e-05 7.7339e-01 2.1517e-01 1.1393e-02
16187.41 5.1322e-05 7.8353e-01 2.0721e-01 9.2062e-03
16354.17 4.9264e-05 7.6733e-01 2.2326e-01 9.3651e-03
16484.18 4.4715e-05 7.5553e-01 2.3314e-01 1.1285e-02
16593.12 3.2587e-05 6.9336e-01 2.9197e-01 1.4644e-02
16691.99 2.9247e-05 6.5876e-01 3.2342e-01 1.7797e-02
16788.59 2.2059e-05 5.6535e-01 4.0920e-01 2.5428e-02
16888.37 2.2120e-05 6.3201e-01 3.4564e-01 2.2331e-02
16998.79 1.7370e-05 4.7211e-01 4.9814e-01 2.9733e-02
17146.37 1.6400e-05 5.7909e-01 3.9195e-01 2.8948e-02
17415.23 1.1363e-05 4.1658e-01 5.4083e-01 4.2580e-02
17888.12 9.7696e-06 3.7539e-01 5.6799e-01 5.6608e-02
18532.37 6.7283e-06 3.1194e-01 6.1434e-01 7.3709e-02
19260.76 3.8994e-06 1.9987e-01 7.1053e-01 8.9593e-02
20034.10 3.7091e-06 2.4742e-01 6.3988e-01 1.1270e-01
20838.00 1.8627e-06 1.6184e-01 7.0529e-01 1.3287e-01
21647.97 1.8508e-06 1.6029e-01 6.6945e-01 1.7026e-01
22447.94 1.0743e-06 1.2155e-01 6.6078e-01 2.1767e-01
23245.88 9.6518e-07 1.2438e-01 6.4807e-01 2.2755e-01
24052.47 5.2442e-07 8.5907e-02 6.4515e-01 2.6894e-01
24867.72 6.6231e-07 1.2575e-01 5.8613e-01 2.8812e-01
25698.86 7.3272e-07 1.3639e-01 5.4430e-01 3.1931e-01
26587.16 3.1579e-07 7.3288e-02 5.2285e-01 4.0386e-01
27637.54 2.2056e-07 5.7587e-02 4.7030e-01 4.7211e-01
28986.97 2.4945e-07 7.0795e-02 4.0829e-01 5.2091e-01
#TIME: 213.89
#NVEL: 78
#vel_mid[km/s] si0 si1 si2 si3
440.10 2.4595e-04 9.2984e-01 6.7775e-02 2.1346e-03
886.22 7.3974e-04 9.1708e-01 7.9674e-02 2.5093e-03
906.14 4.3659e-04 9.4072e-01 5.7057e-02 1.7902e-03
944.43 3.5462e-04 9.3532e-01 6.2357e-02 1.9656e-03
999.11 2.4300e-04 9.2947e-01 6.8001e-02 2.2870e-03
1060.83 3.0917e-04 9.3643e-01 6.1270e-02 1.9887e-03
1125.62 3.4469e-04 9.3247e-01 6.5140e-02 2.0466e-03
1194.38 3.1423e-04 9.2684e-01 7.0460e-02 2.3903e-03
1267.34 2.6998e-04 9.3380e-01 6.3779e-02 2.1554e-03
1344.75 2.6783e-04 9.2412e-01 7.3207e-02 2.4037e-03
1426.89 4.1560e-04 9.3533e-01 6.2355e-02 1.9036e-03
1514.05 2.8650e-04 9.3960e-01 5.8369e-02 1.7472e-03
1606.54 2.3740e-04 9.3387e-01 6.3931e-02 1.9578e-03
1704.67 2.6210e-04 9.3542e-01 6.2417e-02 1.9050e-03
1808.80 2.8218e-04 9.3593e-01 6.1954e-02 1.8369e-03
1919.29 2.7303e-04 9.3648e-01 6.1355e-02 1.8953e-03
2036.53 2.4429e-04 9.3543e-01 6.2345e-02 1.9776e-03
2160.92 2.1285e-04 9.3511e-01 6.2699e-02 1.9821e-03
2292.92 1.9718e-04 9.2406e-01 7.3184e-02 2.5626e-03
2432.98 1.6160e-04 9.1737e-01 7.9465e-02 2.9982e-03
2581.60 1.7071e-04 9.0753e-01 8.8712e-02 3.5839e-03
2739.29 1.3282e-04 8.9992e-01 9.5941e-02 4.0066e-03
2906.62 1.1668e-04 8.8091e-01 1.1370e-01 5.2739e-03
3084.17 9.3211e-05 8.6073e-01 1.3240e-01 6.7784e-03
3272.56 7.5783e-05 8.2813e-01 1.6243e-01 9.3623e-03
3472.46 5.3407e-05 7.7290e-01 2.1320e-01 1.3843e-02
3684.57 3.9231e-05 7.0830e-01 2.7144e-01 2.0228e-02
3909.64 3.0392e-05 6.5851e-01 3.1435e-01 2.7115e-02
4148.46 2.5385e-05 6.5005e-01 3.2113e-01 2.8793e-02
4401.86 2.7282e-05 7.0795e-01 2.6885e-01 2.3166e-02
4670.75 2.1330e-05 6.9220e-01 2.8298e-01 2.4798e-02
4956.05 1.1019e-05 5.8825e-01 3.7413e-01 3.7609e-02
5258.79 4.1275e-06 3.7555e-01 5.5679e-01 6.7650e-02
5580.02 1.0724e-06 1.5434e-01 7.3791e-01 1.0775e-01
5920.87 4.0076e-07 7.8559e-02 7.8657e-01 1.3487e-01
6282.54 2.2888e-07 5.3255e-02 7.9084e-01 1.5590e-01
6666.30 1.9503e-07 4.9758e-02 7.8608e-01 1.6416e-01
7073.50 1.9078e-07 4.9774e-02 7.8319e-01 1.6704e-01
7505.58 2.0251e-07 5.2770e-02 7.7988e-01 1.6735e-01
7964.05 2.5921e-07 6.5194e-02 7.6801e-01 1.6680e-01
8450.53 4.8017e-07 1.0013e-01 7.5416e-01 1.4571e-01
8966.72 1.4829e-06 2.2697e-01 6.6066e-01 1.1237e-01
9514.44 3.3902e-06 3.6398e-01 5.5001e-01 8.6003e-02
10095.62 7.1281e-06 5.1295e-01 4.2736e-01 5.9684e-02
10712.30 1.2807e-05 6.1796e-01 3.3861e-01 4.3415e-02
11366.65 2.0597e-05 6.7093e-01 2.9331e-01 3.5742e-02
12061.10 2.3648e-05 6.8472e-01 2.8079e-01 3.4471e-02
12793.43 2.6766e-05 6.9238e-01 2.7342e-01 3.4172e-02
13528.61 2.3744e-05 6.8207e-01 2.8205e-01 3.5853e-02
14194.74 1.9238e-05 6.5738e-01 3.0236e-01 4.0237e-02
14757.77 1.6468e-05 6.3654e-01 3.1916e-01 4.4291e-02
15240.48 1.7922e-05 6.5905e-01 3.0604e-01 3.4885e-02
15646.99 2.6767e-05 7.1740e-01 2.6123e-01 2.1349e-02
15960.30 4.2566e-05 7.7628e-01 2.1264e-01 1.1042e-02
16187.41 5.5081e-05 8.1231e-01 1.7971e-01 7.9204e-03
16354.17 5.3948e-05 7.8207e-01 2.0917e-01 8.7109e-03
16484.18 4.0922e-05 7.1371e-01 2.7435e-01 1.1899e-02
16593.12 3.5191e-05 7.0286e-01 2.8293e-01 1.4178e-02
16691.99 2.9568e-05 6.3269e-01 3.4765e-01 1.9622e-02
16788.59 2.7759e-05 6.3280e-01 3.4350e-01 2.3672e-02
16888.37 2.1962e-05 5.4854e-01 4.2659e-01 2.4841e-02
16998.79 2.0305e-05 5.4538e-01 4.2435e-01 3.0250e-02
17146.37 2.2623e-05 5.9167e-01 3.7846e-01 2.9847e-02
17415.23 1.3720e-05 4.3178e-01 5.2471e-01 4.3498e-02
17888.12 7.3309e-06 2.9267e-01 6.4532e-01 6.2010e-02
18532.37 5.8914e-06 2.7910e-01 6.4666e-01 7.4239e-02
19260.76 4.1089e-06 2.2479e-01 6.8764e-01 8.7567e-02
20034.10 4.1046e-06 2.3498e-01 6.6812e-01 9.6900e-02
20838.00 2.3113e-06 1.7447e-01 6.8498e-01 1.4055e-01
21647.97 2.2526e-06 1.9433e-01 6.5943e-01 1.4623e-01
22447.94 2.3067e-06 2.3234e-01 6.0941e-01 1.5825e-01
23245.88 1.2738e-06 1.6345e-01 5.8711e-01 2.4944e-01
24052.47 9.7450e-07 1.5790e-01 5.8435e-01 2.5775e-01
24867.72 6.9841e-07 1.2513e-01 5.8253e-01 2.9234e-01
25698.86 2.9855e-07 5.6931e-02 6.0495e-01 3.3812e-01
26587.16 1.5861e-07 4.0129e-02 5.6894e-01 3.9093e-01
27637.54 2.4931e-07 6.7260e-02 5.1228e-01 4.2046e-01
28986.97 1.3182e-07 4.1564e-02 4.2079e-01 5.3765e-01
#TIME: 216.97
#NVEL: 78
#vel_mid[km/s] si0 si1 si2 si3
440.10 2.5660e-04 9.3290e-01 6.4728e-02 2.1118e-03
886.22 3.9162e-04 9.3791e-01 5.9811e-02 1.8890e-03
906.14 2.9789e-04 9.3348e-01 6.4061e-02 2.1579e-03
944.43 2.4256e-04 9.3454e-01 6.3237e-02 1.9821e-03
999.11 3.1856e-04 9.3321e-01 6.4340e-02 2.1288e-03
1060.83 2.8715e-04 9.1927e-01 7.7851e-02 2.5900e-03
1125.62 2.7003e-04 9.3534e-01 6.2316e-02 2.0781e-03
1194.38 2.6641e-04 9.3219e-01 6.5623e-02 1.9184e-03
1267.34 1.9540e-04 9.3121e-01 6.6421e-02 2.1759e-03
1344.75 2.6824e-04 9.3484e-01 6.2901e-02 1.9942e-03
1426.89 3.1037e-04 9.3836e-01 5.9513e-02 1.8160e-03
1514.05 4.0075e-04 9.3485e-01 6.2867e-02 1.8795e-03
1606.54 2.7697e-04 9.3889e-01 5.9100e-02 1.7368e-03
1704.67 2.9466e-04 9.4029e-01 5.7725e-02 1.6943e-03
1808.80 2.6211e-04 9.3740e-01 6.0533e-02 1.8017e-03
1919.29 2.2239e-04 9.3545e-01 6.2425e-02 1.8983e-03
2036.53 2.3605e-04 9.3533e-01 6.2492e-02 1.9450e-03
2160.92 2.0022e-04 9.3088e-01 6.6780e-02 2.1363e-03
2292.92 1.9647e-04 9.2894e-01 6.8577e-02 2.2886e-03
2432.98 1.8380e-04 9.2058e-01 7.6462e-02 2.7719e-03
2581.60 1.5980e-04 9.1002e-01 8.6457e-02 3.3626e-03
2739.29 1.3397e-04 8.9614e-01 9.9495e-02 4.2337e-03
2906.62 1.0306e-04 8.8390e-01 1.1081e-01 5.1783e-03
3084.17 9.4485e-05 8.6224e-01 1.3096e-01 6.7117e-03
3272.56 7.7561e-05 8.3256e-01 1.5827e-01 9.0946e-03
3472.46 5.5155e-05 7.8211e-01 2.0451e-01 1.3325e-02
3684.57 4.2721e-05 7.1676e-01 2.6376e-01 1.9443e-02
3909.64 3.0493e-05 6.6070e-01 3.1228e-01 2.6994e-02
4148.46 2.7183e-05 6.5967e-01 3.1250e-01 2.7801e-02
4401.86 2.7648e-05 6.9395e-01 2.8199e-01 2.4030e-02
4670.75 2.2515e-05 6.9534e-01 2.8036e-01 2.4279e-02
4956.05 1.1496e-05 5.8946e-01 3.7298e-01 3.7545e-02
5258.79 4.2921e-06 3.9318e-01 5.4238e-01 6.4435e-02
5580.02 1.1341e-06 1.5639e-01 7.3739e-01 1.0622e-01
5920.87 4.0885e-07 7.6718e-02 7.8710e-01 1.3619e-01
6282.54 2.2945e-07 5.1405e-02 7.9154e-01 1.5705e-01
6666.30 1.9611e-07 4.9505e-02 7.8935e-01 1.6114e-01
7073.50 1.9943e-07 5.0783e-02 7.8157e-01 1.6765e-01
7505.58 2.0898e-07 5.3852e-02 7.7869e-01 1.6745e-01
7964.05 2.6314e-07 6.4515e-02 7.6670e-01 1.6879e-01
8450.53 5.1964e-07 1.0475e-01 7.4828e-01 1.4697e-01
8966.72 1.5526e-06 2.3365e-01 6.5364e-01 1.1270e-01
9514.44 3.3964e-06 3.7085e-01 5.4414e-01 8.5013e-02
10095.62 7.2331e-06 5.1183e-01 4.2806e-01 6.0102e-02
10712.30 1.2984e-05 6.2076e-01 3.3602e-01 4.3205e-02
11366.65 2.1098e-05 6.6862e-01 2.9549e-01 3.5869e-02
12061.10 2.5275e-05 6.7503e-01 2.8987e-01 3.5075e-02
12793.43 2.6539e-05 6.8684e-01 2.7886e-01 3.4280e-02
13528.61 2.4236e-05 6.8742e-01 2.7771e-01 3.4853e-02
14194.74 2.1416e-05 6.6380e-01 2.9722e-01 3.8964e-02
14757.77 1.6163e-05 6.4015e-01 3.1614e-01 4.3695e-02
15240.48 1.9248e-05 6.7445e-01 2.9153e-01 3.4003e-02
15646.99 2.6712e-05 7.2930e-01 2.5031e-01 2.0366e-02
15960.30 4.3527e-05 7.8590e-01 2.0343e-01 1.0623e-02
16187.41 5.3945e-05 7.7692e-01 2.1409e-01 8.9344e-03
16354.17 5.4286e-05 7.7850e-01 2.1223e-01 9.2188e-03
16484.18 4.3005e-05 7.5319e-01 2.3604e-01 1.0731e-02
16593.12 3.5094e-05 7.0254e-01 2.8348e-01 1.3944e-02
16691.99 3.0844e-05 6.9563e-01 2.8820e-01 1.6138e-02
16788.59 2.7460e-05 6.3927e-01 3.4085e-01 1.9848e-02
16888.37 1.9287e-05 5.0740e-01 4.6351e-01 2.9069e-02
16998.79 2.0362e-05 5.6744e-01 4.0539e-01 2.7150e-02
17146.37 1.9388e-05 5.4864e-01 4.2135e-01 2.9993e-02
17415.23 1.7152e-05 5.5290e-01 4.1277e-01 3.4313e-02
17888.12 7.3654e-06 2.8745e-01 6.4554e-01 6.7007e-02
18532.37 5.6392e-06 2.4035e-01 6.8247e-01 7.7176e-02
19260.76 4.8233e-06 2.6158e-01 6.5269e-01 8.5719e-02
20034.10 3.1931e-06 2.0447e-01 6.8709e-01 1.0844e-01
20838.00 1.9557e-06 1.5282e-01 7.0884e-01 1.3834e-01
21647.97 1.9280e-06 1.5819e-01 6.9484e-01 1.4697e-01
22447.94 1.8211e-06 2.0229e-01 6.2381e-01 1.7391e-01
23245.88 1.7875e-06 2.5280e-01 5.3962e-01 2.0758e-01
24052.47 8.0634e-07 1.2005e-01 6.0800e-01 2.7195e-01
24867.72 8.6963e-07 1.4964e-01 5.3818e-01 3.1217e-01
25698.86 4.1282e-07 7.9458e-02 4.6210e-01 4.5844e-01
26587.16 3.0466e-07 6.6489e-02 4.3394e-01 4.9957e-01
27637.54 3.4942e-07 1.0089e-01 4.8383e-01 4.1527e-01
28986.97 1.5651e-07 5.1372e-02 4.7814e-01 4.7049e-01
#TIME: 220.09
#NVEL: 78
#vel_mid[km/s] si0 si1 si2 si3
440.10 1.9376e-04 9.3706e-01 6.0840e-02 1.9017e-03
886.22 2.3688e-04 9.1908e-01 7.8108e-02 2.5744e-03
906.14 2.7461e-04 9.3079e-01 6.6742e-02 2.1914e-03
944.43 1.3030e-04 9.2616e-01 7.1429e-02 2.2768e-03
999.11 1.7447e-04 9.3547e-01 6.2372e-02 1.9848e-03
1060.83 3.9852e-04 9.3680e-01 6.0844e-02 1.9529e-03
1125.62 3.2571e-04 9.2529e-01 7.2051e-02 2.3318e-03
1194.38 3.8842e-04 9.3407e-01 6.3555e-02 1.9837e-03
1267.34 2.5809e-04 9.3752e-01 6.0304e-02 1.9140e-03
1344.75 2.6700e-04 9.3583e-01 6.1928e-02 1.9772e-03
1426.89 2.9520e-04 9.3240e-01 6.5322e-02 1.9862e-03
1514.05 3.4902e-04 9.3553e-01 6.2268e-02 1.8537e-03
1606.54 3.4216e-04 9.3866e-01 5.9245e-02 1.7495e-03
1704.67 2.9841e-04 9.3304e-01 6.4722e-02 1.9406e-03
1808.80 2.6994e-04 9.3800e-01 5.9912e-02 1.8157e-03
1919.29 2.7255e-04 9.3825e-01 5.9721e-02 1.7566e-03
2036.53 2.1778e-04 9.3563e-01 6.2242e-02 1.9099e-03
2160.92 2.1377e-04 9.3199e-01 6.5694e-02 2.1030e-03
2292.92 1.8799e-04 9.2581e-01 7.1542e-02 2.4557e-03
2432.98 1.7648e-04 9.1910e-01 7.7816e-02 2.9035e-03
2581.60 1.4856e-04 9.0954e-01 8.6804e-02 3.5033e-03
2739.29 1.3207e-04 8.9671e-01 9.8910e-02 4.2472e-03
2906.62 1.1494e-04 8.8557e-01 1.0929e-01 5.0219e-03
3084.17 1.0014e-04 8.6472e-01 1.2860e-01 6.5841e-03
3272.56 7.2252e-05 8.2889e-01 1.6176e-01 9.2815e-03
3472.46 5.7001e-05 7.8073e-01 2.0588e-01 1.3341e-02
3684.57 4.3314e-05 7.3283e-01 2.4854e-01 1.8586e-02
3909.64 3.2524e-05 6.7275e-01 3.0132e-01 2.5890e-02
4148.46 2.9325e-05 6.5950e-01 3.1225e-01 2.8222e-02
4401.86 3.1306e-05 7.1511e-01 2.6257e-01 2.2288e-02
4670.75 2.5420e-05 7.0820e-01 2.6870e-01 2.3078e-02
4956.05 1.1487e-05 5.8410e-01 3.7807e-01 3.7816e-02
5258.79 4.4190e-06 3.8985e-01 5.4309e-01 6.7057e-02
5580.02 1.1589e-06 1.5483e-01 7.3853e-01 1.0664e-01
5920.87 4.3379e-07 7.8807e-02 7.8400e-01 1.3719e-01
6282.54 2.5305e-07 5.6746e-02 7.8816e-01 1.5510e-01
6666.30 2.0436e-07 4.9772e-02 7.8898e-01 1.6124e-01
7073.50 2.0658e-07 5.1139e-02 7.8281e-01 1.6605e-01
7505.58 2.1528e-07 5.4462e-02 7.7413e-01 1.7141e-01
7964.05 2.6506e-07 6.1684e-02 7.7191e-01 1.6641e-01
8450.53 5.3843e-07 1.0512e-01 7.4599e-01 1.4889e-01
8966.72 1.6447e-06 2.3848e-01 6.4899e-01 1.1252e-01
9514.44 3.5965e-06 3.7677e-01 5.3845e-01 8.4782e-02
10095.62 7.4094e-06 5.1552e-01 4.2541e-01 5.9061e-02
10712.30 1.2601e-05 6.1182e-01 3.4404e-01 4.4122e-02
11366.65 2.0603e-05 6.7062e-01 2.9393e-01 3.5430e-02
12061.10 2.4067e-05 6.8652e-01 2.7941e-01 3.4048e-02
12793.43 2.6497e-05 6.8491e-01 2.8086e-01 3.4197e-02
13528.61 2.6152e-05 6.9512e-01 2.7023e-01 3.4620e-02
14194.74 2.2029e-05 6.7899e-01 2.8311e-01 3.7886e-02
14757.77 1.8870e-05 6.2891e-01 3.2714e-01 4.3925e-02
15240.48 2.0755e-05 6.5834e-01 3.0678e-01 3.4863e-02
15646.99 2.8127e-05 7.2348e-01 2.5620e-01 2.0295e-02
15960.30 4.2916e-05 8.0189e-01 1.8834e-01 9.7281e-03
16187.41 4.9007e-05 7.8465e-01 2.0659e-01 8.7072e-03
16354.17 5.5082e-05 8.0512e-01 1.8720e-01 7.6266e-03
16484.18 4.9928e-05 7.3862e-01 2.5059e-01 1.0743e-02
16593.12 4.4708e-05 7.6438e-01 2.2413e-01 1.1443e-02
16691.99 3.6529e-05 7.7377e-01 2.1372e-01 1.2475e-02
16788.59 3.1582e-05 6.8904e-01 2.9402e-01 1.6903e-02
16888.37 2.4379e-05 5.8465e-01 3.9135e-01 2.3977e-02
16998.79 2.0399e-05 5.2182e-01 4.4709e-01 3.1077e-02
17146.37 1.8087e-05 5.1760e-01 4.5133e-01 3.1050e-02
17415.23 1.3858e-05 4.4170e-01 5.1998e-01 3.8300e-02
17888.12 8.8466e-06 3.4579e-01 5.9815e-01 5.6044e-02
18532.37 4.8277e-06 2.1625e-01 7.0945e-01 7.4293e-02
19260.76 4.3881e-06 2.3353e-01 6.7174e-01 9.4724e-02
20034.10 3.0449e-06 2.0296e-01 6.8115e-01 1.1588e-01
20838.00 2.3131e-06 1.7029e-01 6.9958e-01 1.3012e-01
21647.97 2.3680e-06 1.9060e-01 6.6295e-01 1.4644e-01
22447.94 1.9851e-06 2.0595e-01 6.2024e-01 1.7380e-01
23245.88 1.9311e-06 2.6831e-01 5.4066e-01 1.9103e-01
24052.47 1.0621e-06 1.7056e-01 5.8242e-01 2.4702e-01
24867.72 5.4846e-07 9.4378e-02 5.8907e-01 3.1655e-01
25698.86 6.4167e-07 1.1794e-01 4.9958e-01 3.8248e-01
26587.16 3.9199e-07 1.0006e-01 4.7150e-01 4.2844e-01
27637.54 5.5842e-07 1.4557e-01 4.6736e-01 3.8707e-01
28986.97 2.4858e-07 7.2240e-02 4.6787e-01 4.5989e-01
#TIME: 223.25
#NVEL: 78
#vel_mid[km/s] si0 si1 si2 si3
440.10 2.6591e-04 9.3486e-01 6.2876e-02 2.0008e-03
886.22 8.1744e-04 9.4060e-01 5.6810e-02 1.7768e-03
906.14 2.4478e-04 9.3621e-01 6.1552e-02 1.9970e-03
944.43 1.7488e-04 9.3273e-01 6.5039e-02 2.0570e-03
999.11 2.2850e-04 9.3374e-01 6.4188e-02 1.8480e-03
1060.83 3.5438e-04 9.3709e-01 6.0562e-02 1.9894e-03
1125.62 4.4512e-04 9.3876e-01 5.8932e-02 1.8653e-03
1194.38 3.0570e-04 9.3859e-01 5.9338e-02 1.7709e-03
1267.34 2.3040e-04 9.3515e-01 6.2586e-02 2.0322e-03
1344.75 2.6491e-04 9.3932e-01 5.8582e-02 1.8317e-03
1426.89 2.7332e-04 9.3551e-01 6.2316e-02 1.8997e-03
1514.05 2.5835e-04 9.4079e-01 5.7284e-02 1.6715e-03
1606.54 2.9806e-04 9.4148e-01 5.6515e-02 1.7114e-03
1704.67 2.6059e-04 9.3960e-01 5.8458e-02 1.6839e-03
1808.80 2.9949e-04 9.4050e-01 5.7469e-02 1.7265e-03
1919.29 2.5516e-04 9.3716e-01 6.0780e-02 1.8074e-03
2036.53 2.1592e-04 9.3704e-01 6.0956e-02 1.7859e-03
2160.92 2.0738e-04 9.3503e-01 6.2826e-02 1.9357e-03
2292.92 1.9791e-04 9.2915e-01 6.8406e-02 2.2468e-03
2432.98 1.7672e-04 9.1573e-01 8.1145e-02 2.9495e-03
2581.60 1.6628e-04 9.0723e-01 8.9072e-02 3.5345e-03
2739.29 1.3780e-04 9.0299e-01 9.3027e-02 3.8459e-03
2906.62 1.1489e-04 8.8481e-01 1.1002e-01 5.0546e-03
3084.17 9.8506e-05 8.6248e-01 1.3081e-01 6.6167e-03
3272.56 7.7456e-05 8.3160e-01 1.5923e-01 9.0885e-03
3472.46 6.1800e-05 7.7274e-01 2.1340e-01 1.3794e-02
3684.57 4.5462e-05 7.2079e-01 2.5999e-01 1.9177e-02
3909.64 3.1531e-05 6.6605e-01 3.0699e-01 2.6933e-02
4148.46 2.9152e-05 6.7781e-01 2.9570e-01 2.6461e-02
4401.86 3.2194e-05 7.1483e-01 2.6258e-01 2.2563e-02
4670.75 2.4806e-05 7.0464e-01 2.7218e-01 2.3148e-02
4956.05 1.1971e-05 5.8926e-01 3.7371e-01 3.7014e-02
5258.79 4.3610e-06 3.7856e-01 5.5424e-01 6.7198e-02
5580.02 1.2501e-06 1.6403e-01 7.3147e-01 1.0450e-01
5920.87 4.3106e-07 7.6436e-02 7.8695e-01 1.3661e-01
6282.54 2.6065e-07 5.7150e-02 7.8749e-01 1.5536e-01
6666.30 2.1883e-07 5.1885e-02 7.8551e-01 1.6260e-01
7073.50 2.1069e-07 5.0741e-02 7.8320e-01 1.6606e-01
7505.58 2.3736e-07 5.7776e-02 7.7323e-01 1.6900e-01
7964.05 2.7710e-07 6.2754e-02 7.6932e-01 1.6793e-01
8450.53 5.5865e-07 1.0299e-01 7.4998e-01 1.4703e-01
8966.72 1.6378e-06 2.2843e-01 6.5639e-01 1.1518e-01
9514.44 3.6479e-06 3.7653e-01 5.3876e-01 8.4699e-02
10095.62 7.5426e-06 5.1393e-01 4.2647e-01 5.9592e-02
10712.30 1.3122e-05 6.1427e-01 3.4204e-01 4.3680e-02
11366.65 2.0835e-05 6.7444e-01 2.9045e-01 3.5089e-02
12061.10 2.3700e-05 6.9158e-01 2.7532e-01 3.3077e-02
12793.43 2.7680e-05 6.8895e-01 2.7703e-01 3.3991e-02
13528.61 2.7395e-05 6.8771e-01 2.7778e-01 3.4485e-02
14194.74 2.3388e-05 6.8255e-01 2.8110e-01 3.6328e-02
14757.77 1.9581e-05 6.4604e-01 3.1243e-01 4.1506e-02
15240.48 2.1255e-05 6.8292e-01 2.8429e-01 3.2769e-02
15646.99 3.0043e-05 7.4009e-01 2.4077e-01 1.9110e-02
15960.30 5.0247e-05 7.9132e-01 1.9848e-01 1.0153e-02
16187.41 5.7773e-05 8.0346e-01 1.8823e-01 8.2498e-03
16354.17 5.4007e-05 7.7160e-01 2.1954e-01 8.8082e-03
16484.18 5.0535e-05 7.7951e-01 2.1079e-01 9.6423e-03
16593.12 3.6890e-05 7.0041e-01 2.8379e-01 1.5758e-02
16691.99 3.3365e-05 7.1000e-01 2.7500e-01 1.4964e-02
16788.59 3.4102e-05 7.1519e-01 2.6920e-01 1.5576e-02
16888.37 2.7865e-05 6.4524e-01 3.3439e-01 2.0342e-02
16998.79 2.7725e-05 6.1932e-01 3.5241e-01 2.8239e-02
17146.37 2.2961e-05 5.6226e-01 4.0903e-01 2.8686e-02
17415.23 1.7341e-05 4.9324e-01 4.7042e-01 3.6318e-02
17888.12 9.7145e-06 3.8197e-01 5.6145e-01 5.6567e-02
18532.37 7.1408e-06 3.2634e-01 6.0805e-01 6.5599e-02
19260.76 5.7334e-06 2.6422e-01 6.5254e-01 8.3230e-02
20034.10 3.4997e-06 2.2250e-01 6.7328e-01 1.0422e-01
20838.00 1.8081e-06 1.3499e-01 7.3114e-01 1.3387e-01
21647.97 2.7150e-06 2.1783e-01 6.4510e-01 1.3707e-01
22447.94 1.6325e-06 1.6852e-01 6.5929e-01 1.7219e-01
23245.88 1.1459e-06 1.5382e-01 6.2442e-01 2.2176e-01
24052.47 1.8081e-06 2.6629e-01 5.0831e-01 2.2540e-01
24867.72 7.3399e-07 1.2049e-01 5.7769e-01 3.0182e-01
25698.86 2.9175e-07 5.2318e-02 4.9191e-01 4.5577e-01
26587.16 3.0451e-07 6.5614e-02 5.3902e-01 3.9536e-01
27637.54 2.5319e-07 7.8838e-02 4.8882e-01 4.3234e-01
28986.97 2.8768e-07 8.5069e-02 4.6234e-01 4.5259e-01
#TIME: 226.46
#NVEL: 78
#vel_mid[km/s] si0 si1 si2 si3
440.10 3.1576e-04 9.3480e-01 6.2964e-02 1.9207e-03
886.22 1.8340e-04 9.3955e-01 5.8312e-02 1.9520e-03
906.14 1.7160e-04 9.2903e-01 6.8625e-02 2.1692e-03
944.43 2.7787e-04 9.4251e-01 5.5461e-02 1.7512e-03
999.11 3.0875e-04 9.4120e-01 5.6735e-02 1.7509e-03
1060.83 2.8259e-04 9.3897e-01 5.8909e-02 1.8388e-03
1125.62 2.3940e-04 9.2367e-01 7.3796e-02 2.2919e-03
1194.38 2.3575e-04 9.2997e-01 6.7601e-02 2.1942e-03
1267.34 2.6445e-04 9.3560e-01 6.2217e-02 1.9196e-03
1344.75 2.3498e-04 9.3882e-01 5.9043e-02 1.9048e-03
1426.89 2.3563e-04 9.4573e-01 5.2487e-02 1.5439e-03
1514.05 2.2114e-04 9.4217e-01 5.5945e-02 1.6615e-03
1606.54 2.6658e-04 9.4056e-01 5.7496e-02 1.6742e-03
1704.67 2.9594e-04 9.4271e-01 5.5385e-02 1.6089e-03
1808.80 2.6310e-04 9.4350e-01 5.4662e-02 1.5706e-03
1919.29 2.7334e-04 9.4057e-01 5.7497e-02 1.6626e-03
2036.53 2.6568e-04 9.3696e-01 6.0929e-02 1.8459e-03
2160.92 2.3842e-04 9.3455e-01 6.3221e-02 1.9943e-03
2292.92 1.9831e-04 9.2952e-01 6.8018e-02 2.2645e-03
2432.98 1.7263e-04 9.2226e-01 7.4920e-02 2.6471e-03
2581.60 1.7335e-04 9.1546e-01 8.1266e-02 3.1053e-03
2739.29 1.4445e-04 9.0225e-01 9.3619e-02 3.9866e-03
2906.62 1.2319e-04 8.8436e-01 1.1047e-01 5.0495e-03
3084.17 1.0346e-04 8.6806e-01 1.2545e-01 6.3832e-03
3272.56 8.0151e-05 8.3648e-01 1.5459e-01 8.8468e-03
3472.46 6.1208e-05 7.8667e-01 2.0021e-01 1.3054e-02
3684.57 4.3613e-05 7.1580e-01 2.6470e-01 1.9461e-02
3909.64 3.1732e-05 6.7263e-01 3.0168e-01 2.5659e-02
4148.46 3.0773e-05 6.6898e-01 3.0374e-01 2.7251e-02
4401.86 3.2539e-05 7.0914e-01 2.6815e-01 2.2677e-02
4670.75 2.5534e-05 6.9598e-01 2.8004e-01 2.3952e-02
4956.05 1.2568e-05 6.0545e-01 3.5882e-01 3.5713e-02
5258.79 4.5704e-06 3.8286e-01 5.5079e-01 6.6340e-02
5580.02 1.2084e-06 1.5420e-01 7.3750e-01 1.0830e-01
5920.87 4.5628e-07 7.7151e-02 7.8646e-01 1.3639e-01
6282.54 2.9701e-07 6.1091e-02 7.8683e-01 1.5208e-01
6666.30 2.5219e-07 5.6439e-02 7.8087e-01 1.6269e-01
7073.50 2.3703e-07 5.4621e-02 7.7914e-01 1.6624e-01
7505.58 2.3855e-07 5.6622e-02 7.7226e-01 1.7112e-01
7964.05 2.6944e-07 6.0356e-02 7.7435e-01 1.6529e-01
8450.53 5.7300e-07 1.0577e-01 7.4854e-01 1.4569e-01
8966.72 1.6283e-06 2.2632e-01 6.5957e-01 1.1410e-01
9514.44 3.8010e-06 3.8234e-01 5.3482e-01 8.2839e-02
10095.62 7.9326e-06 5.1876e-01 4.2148e-01 5.9756e-02
