#NTIMES:     65
#NSTAGES:     4
#TIMES[d]:     0.500    0.550    0.666    0.733    0.806    0.887    0.976    1.074    1.181    1.300    1.430    1.573    1.730    1.900    2.090    2.300    2.530    2.783    3.061    3.367    3.704    4.074    4.481    4.929    5.422    5.964    6.560    7.216    7.938    8.732    9.600   10.560   11.620   12.780   14.060   15.470   17.020   18.720   20.590   22.650   24.910   27.400   30.140   33.150   36.460   40.110   44.120   48.530   53.380   58.720   64.590   71.050   78.200   86.000   94.600  104.100  114.500  126.000  138.600  152.500  167.800  184.600  203.100  223.400  245.800
#
#TIME:     0.500
#NVEL: 115
#vel_mid[km/s]           ti1           ti2           ti3           ti4
    8.772128E+02    1.0000E-99    5.9120E-13    4.1745E-06    1.0000E+00
    8.826573E+02    1.0000E-99    5.9120E-13    4.1745E-06    1.0000E+00
    8.991942E+02    1.0000E-99    5.9120E-13    4.1745E-06    1.0000E+00
    9.332033E+02    1.0000E-99    5.9120E-13    4.1745E-06    1.0000E+00
    9.912889E+02    1.0000E-99    5.9120E-13    4.1745E-06    1.0000E+00
    1.052238E+03    1.0000E-99    5.9120E-13    4.1745E-06    1.0000E+00
    1.116940E+03    1.0000E-99    5.9125E-13    4.1748E-06    1.0000E+00
    1.185621E+03    1.0000E-99    5.9176E-13    4.1782E-06    1.0000E+00
    1.258525E+03    1.0000E-99    5.9281E-13    4.1852E-06    1.0000E+00
    1.335911E+03    1.0000E-99    5.9838E-13    4.2106E-06    1.0000E+00
    1.418056E+03    1.0000E-99    5.9979E-13    4.2311E-06    1.0000E+00
    1.505253E+03    1.0000E-99    2.3117E-13    2.8792E-06    1.0000E+00
    1.597810E+03    1.0000E-99    2.2014E-13    2.8139E-06    1.0000E+00
    1.696060E+03    1.0000E-99    1.5007E-13    2.3935E-06    1.0000E+00
    1.800350E+03    1.0000E-99    1.4431E-13    2.3757E-06    1.0000E+00
    1.911054E+03    1.0000E-99    8.5249E-14    1.9081E-06    1.0000E+00
    2.028564E+03    1.0000E-99    7.4078E-14    1.8052E-06    1.0000E+00
    2.153300E+03    1.0000E-99    4.8611E-14    1.5173E-06    1.0000E+00
    2.285707E+03    1.0000E-99    3.1840E-14    1.2646E-06    1.0000E+00
    2.426255E+03    1.0000E-99    2.2172E-14    1.0780E-06    1.0000E+00
    2.575445E+03    1.0000E-99    1.3369E-14    8.7086E-07    1.0000E+00
    2.733809E+03    1.0000E-99    1.0359E-14    7.7821E-07    1.0000E+00
    2.901910E+03    1.0000E-99    8.2002E-15    7.0239E-07    1.0000E+00
    3.080349E+03    1.0000E-99    6.3794E-15    6.2244E-07    1.0000E+00
    3.269759E+03    1.0000E-99    5.2389E-15    5.6065E-07    1.0000E+00
    3.470816E+03    1.0000E-99    4.5427E-15    5.1505E-07    1.0000E+00
    3.684237E+03    1.0000E-99    3.8940E-15    4.6781E-07    1.0000E+00
    3.910780E+03    1.0000E-99    3.1545E-15    4.1299E-07    1.0000E+00
    4.151254E+03    1.0000E-99    2.8002E-15    3.7570E-07    1.0000E+00
    4.406514E+03    1.0000E-99    3.0533E-15    3.9078E-07    1.0000E+00
    4.677470E+03    1.0000E-99    2.6807E-15    3.7244E-07    1.0000E+00
    4.965088E+03    1.0000E-99    1.8139E-15    3.0674E-07    1.0000E+00
    5.270391E+03    1.0000E-99    1.4942E-15    2.8020E-07    1.0000E+00
    5.594466E+03    1.0000E-99    1.3526E-15    2.6650E-07    1.0000E+00
    5.938470E+03    1.0000E-99    1.2592E-15    2.5591E-07    1.0000E+00
    6.303626E+03    1.0000E-99    1.1627E-15    2.4320E-07    1.0000E+00
    6.691235E+03    1.0000E-99    1.1066E-15    2.3561E-07    1.0000E+00
    7.102679E+03    1.0000E-99    1.0607E-15    2.2903E-07    1.0000E+00
    7.539422E+03    1.0000E-99    9.5954E-16    2.1336E-07    1.0000E+00
    8.003021E+03    1.0000E-99    8.9257E-16    2.0185E-07    1.0000E+00
    8.495126E+03    1.0000E-99    8.8573E-16    1.9822E-07    1.0000E+00
    9.017491E+03    1.0000E-99    9.0444E-16    1.9491E-07    1.0000E+00
    9.571975E+03    1.0000E-99    9.9791E-16    1.9595E-07    1.0000E+00
    1.016056E+04    1.0000E-99    1.3555E-15    2.1770E-07    1.0000E+00
    1.078533E+04    1.0000E-99    2.3069E-15    2.6189E-07    1.0000E+00
    1.144852E+04    1.0000E-99    5.8969E-15    3.8228E-07    1.0000E+00
    1.215249E+04    1.0000E-99    2.0130E-14    6.5977E-07    1.0000E+00
    1.289974E+04    1.0000E-99    6.5183E-14    1.2082E-06    1.0000E+00
    1.369294E+04    1.0000E-99    2.1137E-13    2.3835E-06    1.0000E+00
    1.453492E+04    1.0000E-99    2.0506E-12    9.7636E-06    9.9999E-01
    1.542867E+04    1.0000E-99    3.8417E-09    1.4142E-03    9.9859E-01
    1.626717E+04    1.0000E-99    5.9250E-04    9.7127E-01    2.8140E-02
    1.668676E+04    1.0000E-99    1.3107E-02    9.8685E-01    3.9575E-05
    1.713874E+04    1.0000E-99    7.7651E-01    2.2349E-01    4.3164E-11
    1.771854E+04    1.0000E-99    9.9685E-01    3.1519E-03    2.8128E-17
    1.838692E+04    1.0000E-99    9.9604E-01    3.9637E-03    4.2452E-17
    1.903533E+04    1.0000E-99    9.9424E-01    5.7585E-03    8.7281E-17
    1.976116E+04    1.0000E-99    9.9261E-01    7.3925E-03    1.3973E-16
    2.046516E+04    1.0000E-99    9.9000E-01    9.9995E-03    2.4732E-16
    2.125594E+04    1.0000E-99    9.8663E-01    1.3373E-02    4.2350E-16
    2.202587E+04    1.0000E-99    9.8424E-01    1.5756E-02    5.6123E-16
    2.285981E+04    1.0000E-99    9.7726E-01    2.2736E-02    1.0928E-15
    2.372435E+04    1.0000E-99    9.7699E-01    2.3008E-02    1.0465E-15
    2.455466E+04    1.0000E-99    9.6421E-01    3.5793E-02    2.2927E-15
    2.552174E+04    1.0000E-99    9.6164E-01    3.8360E-02    2.3764E-15
    2.640440E+04    1.0000E-99    9.5328E-01    4.6718E-02    3.1894E-15
    2.741295E+04    1.0000E-99    9.4884E-01    5.1161E-02    3.4586E-15
    2.838201E+04    1.0000E-99    9.6013E-01    3.9871E-02    1.9837E-15
    2.923203E+04    1.0000E-99    9.5551E-01    4.4486E-02    2.2638E-15
    3.013295E+04    1.0000E-99    9.6547E-01    3.4534E-02    1.2475E-15
    3.094669E+04    1.0000E-99    9.6308E-01    3.6923E-02    1.3019E-15
    3.176516E+04    1.0000E-99    9.6397E-01    3.6033E-02    1.1408E-15
    3.259805E+04    1.0000E-99    9.6073E-01    3.9273E-02    1.2411E-15
    3.345740E+04    1.0000E-99    9.5469E-01    4.5307E-02    1.5070E-15
    3.438030E+04    1.0000E-99    9.5419E-01    4.5813E-02    1.4182E-15
    3.533529E+04    1.0000E-99    9.4608E-01    5.3916E-02    1.8018E-15
    3.634323E+04    1.0000E-99    9.4509E-01    5.4915E-02    1.7478E-15
    3.736894E+04    1.0000E-99    9.3993E-01    6.0069E-02    1.9491E-15
    3.839518E+04    1.0000E-99    9.3438E-01    6.5622E-02    2.1810E-15
    3.939114E+04    1.0000E-99    9.3439E-01    6.5605E-02    2.0915E-15
    4.037465E+04    1.0000E-99    9.3649E-01    6.3515E-02    1.9078E-15
    4.133441E+04    1.0000E-99    9.3683E-01    6.3169E-02    1.8437E-15
    4.215976E+04    1.0000E-99    9.3579E-01    6.4213E-02    1.8655E-15
    4.290657E+04    1.0000E-99    9.3520E-01    6.4796E-02    1.8678E-15
    4.365819E+04    1.0000E-99    9.3571E-01    6.4291E-02    1.8185E-15
    4.442297E+04    1.0000E-99    9.3763E-01    6.2371E-02    1.7109E-15
    4.520034E+04    1.0000E-99    9.4116E-01    5.8839E-02    1.5496E-15
    4.600555E+04    1.0000E-99    9.4622E-01    5.3781E-02    1.3476E-15
    4.686215E+04    1.0000E-99    9.5190E-01    4.8098E-02    1.1419E-15
    4.776422E+04    1.0000E-99    9.5759E-01    4.2406E-02    9.5098E-16
    4.868597E+04    1.0000E-99    9.6277E-01    3.7227E-02    7.8707E-16
    4.962544E+04    1.0000E-99    9.6730E-01    3.2701E-02    6.5028E-16
    5.058305E+04    1.0000E-99    9.7116E-01    2.8841E-02    5.3849E-16
    5.155912E+04    1.0000E-99    9.7436E-01    2.5636E-02    4.4943E-16
    5.255403E+04    1.0000E-99    9.7694E-01    2.3062E-02    3.8067E-16
    5.356816E+04    1.0000E-99    9.7890E-01    2.1100E-02    3.2988E-16
    5.460189E+04    1.0000E-99    9.8034E-01    1.9662E-02    2.9361E-16
    5.565558E+04    1.0000E-99    9.8128E-01    1.8724E-02    2.6989E-16
    5.672959E+04    1.0000E-99    9.8178E-01    1.8218E-02    2.5629E-16
    5.782432E+04    1.0000E-99    9.8185E-01    1.8153E-02    2.5197E-16
    5.894013E+04    1.0000E-99    9.8162E-01    1.8380E-02    2.5359E-16
    6.007747E+04    1.0000E-99    9.8117E-01    1.8826E-02    2.5890E-16
    6.123675E+04    1.0000E-99    9.8076E-01    1.9236E-02    2.6336E-16
    6.241838E+04    1.0000E-99    9.8035E-01    1.9653E-02    2.6718E-16
    6.362274E+04    1.0000E-99    9.8015E-01    1.9849E-02    2.6732E-16
    6.485024E+04    1.0000E-99    9.7992E-01    2.0081E-02    2.6741E-16
    6.610128E+04    1.0000E-99    9.7990E-01    2.0097E-02    2.6432E-16
    6.737631E+04    1.0000E-99    9.7998E-01    2.0021E-02    2.5729E-16
    6.867574E+04    1.0000E-99    9.8054E-01    1.9459E-02    2.4262E-16
    6.935606E+04    1.0000E-99    9.8109E-01    1.8905E-02    2.3056E-16
    6.969874E+04    1.0000E-99    9.8234E-01    1.7664E-02    2.0852E-16
    6.987071E+04    1.0000E-99    9.8388E-01    1.6120E-02    1.7828E-16
    6.995686E+04    1.0000E-99    9.8609E-01    1.3910E-02    1.3242E-16
    6.999782E+04    1.0000E-99    9.8827E-01    1.1729E-02    7.5310E-17
    6.999997E+04    1.0000E-99    9.8874E-01    1.1258E-02    6.3939E-17
#TIME:     0.550
#NVEL: 115
#vel_mid[km/s]           ti1           ti2           ti3           ti4
    8.772128E+02    1.0000E-99    4.8076E-13    3.6636E-06    1.0000E+00
    8.825108E+02    1.0000E-99    4.8076E-13    3.6636E-06    1.0000E+00
    8.985975E+02    1.0000E-99    4.8076E-13    3.6636E-06    1.0000E+00
    9.316560E+02    1.0000E-99    4.8076E-13    3.6636E-06    1.0000E+00
    9.893707E+02    1.0000E-99    4.8076E-13    3.6636E-06    1.0000E+00
    1.050609E+03    1.0000E-99    4.8073E-13    3.6635E-06    1.0000E+00
    1.115637E+03    1.0000E-99    4.8063E-13    3.6634E-06    1.0000E+00
    1.184691E+03    1.0000E-99    4.8093E-13    3.6658E-06    1.0000E+00
    1.258018E+03    1.0000E-99    4.8144E-13    3.6707E-06    1.0000E+00
    1.335885E+03    1.0000E-99    4.8285E-13    3.6826E-06    1.0000E+00
    1.418571E+03    1.0000E-99    4.4857E-13    3.5822E-06    1.0000E+00
    1.506375E+03    1.0000E-99    1.8775E-13    2.5147E-06    1.0000E+00
    1.599613E+03    1.0000E-99    1.6881E-13    2.3996E-06    1.0000E+00
    1.698623E+03    1.0000E-99    1.1690E-13    2.0532E-06    1.0000E+00
    1.803761E+03    1.0000E-99    1.0795E-13    2.0039E-06    1.0000E+00
    1.915407E+03    1.0000E-99    6.5200E-14    1.6232E-06    1.0000E+00
    2.033963E+03    1.0000E-99    5.4588E-14    1.5124E-06    1.0000E+00
    2.159857E+03    1.0000E-99    3.5684E-14    1.2686E-06    1.0000E+00
    2.293544E+03    1.0000E-99    2.3211E-14    1.0540E-06    1.0000E+00
    2.435505E+03    1.0000E-99    1.5743E-14    8.8906E-07    1.0000E+00
    2.586253E+03    1.0000E-99    9.6450E-15    7.2314E-07    1.0000E+00
    2.746332E+03    1.0000E-99    7.4246E-15    6.4458E-07    1.0000E+00
    2.916319E+03    1.0000E-99    5.8649E-15    5.8106E-07    1.0000E+00
    3.096828E+03    1.0000E-99    4.5735E-15    5.1503E-07    1.0000E+00
    3.288509E+03    1.0000E-99    3.7701E-15    4.6436E-07    1.0000E+00
    3.492055E+03    1.0000E-99    3.2769E-15    4.2664E-07    1.0000E+00
    3.708199E+03    1.0000E-99    2.8065E-15    3.8697E-07    1.0000E+00
    3.937722E+03    1.0000E-99    2.2997E-15    3.4263E-07    1.0000E+00
    4.181452E+03    1.0000E-99    2.1073E-15    3.1746E-07    1.0000E+00
    4.440267E+03    1.0000E-99    2.2657E-15    3.2847E-07    1.0000E+00
    4.715102E+03    1.0000E-99    1.9717E-15    3.1129E-07    1.0000E+00
    5.006948E+03    1.0000E-99    1.3090E-15    2.5406E-07    1.0000E+00
    5.316859E+03    1.0000E-99    1.1016E-15    2.3442E-07    1.0000E+00
    5.645951E+03    1.0000E-99    1.0028E-15    2.2344E-07    1.0000E+00
    5.995413E+03    1.0000E-99    9.3479E-16    2.1445E-07    1.0000E+00
    6.366506E+03    1.0000E-99    8.6390E-16    2.0392E-07    1.0000E+00
    6.760567E+03    1.0000E-99    8.2849E-16    1.9828E-07    1.0000E+00
    7.179019E+03    1.0000E-99    7.9220E-16    1.9207E-07    1.0000E+00
    7.623372E+03    1.0000E-99    7.1742E-16    1.7884E-07    1.0000E+00
    8.095229E+03    1.0000E-99    6.7878E-16    1.7068E-07    1.0000E+00
    8.596292E+03    1.0000E-99    6.8493E-16    1.6864E-07    1.0000E+00
    9.128368E+03    1.0000E-99    7.1281E-16    1.6675E-07    1.0000E+00
    9.693378E+03    1.0000E-99    8.2906E-16    1.7177E-07    1.0000E+00
    1.029336E+04    1.0000E-99    1.1924E-15    1.9531E-07    1.0000E+00
    1.093048E+04    1.0000E-99    2.2689E-15    2.4790E-07    1.0000E+00
    1.160703E+04    1.0000E-99    6.4099E-15    3.8345E-07    1.0000E+00
    1.232546E+04    1.0000E-99    2.5259E-14    7.4007E-07    1.0000E+00
    1.308836E+04    1.0000E-99    8.7330E-14    1.4601E-06    1.0000E+00
    1.389955E+04    1.0000E-99    3.6319E-13    3.4659E-06    1.0000E+00
    1.474312E+04    1.0000E-99    6.9079E-12    2.2834E-05    9.9998E-01
    1.540367E+04    1.0000E-99    4.2198E-09    1.6488E-03    9.9835E-01
    1.581332E+04    1.0000E-99    1.1092E-06    5.8957E-02    9.4104E-01
    1.611284E+04    1.0000E-99    1.0244E-04    7.3224E-01    2.6766E-01
    1.636570E+04    1.0000E-99    1.5449E-03    9.9511E-01    3.3493E-03
    1.654730E+04    1.0000E-99    7.3043E-03    9.9258E-01    1.1980E-04
    1.669441E+04    1.0000E-99    2.8755E-02    9.7124E-01    5.8426E-06
    1.681682E+04    1.0000E-99    1.2430E-01    8.7570E-01    1.9156E-07
    1.692241E+04    1.0000E-99    3.9384E-01    6.0616E-01    4.8255E-09
    1.702116E+04    1.0000E-99    6.8059E-01    3.1941E-01    1.5979E-10
    1.711664E+04    1.0000E-99    8.3183E-01    1.6817E-01    1.1124E-11
    1.721561E+04    1.0000E-99    9.0658E-01    9.3417E-02    1.2428E-12
    1.732334E+04    1.0000E-99    9.4890E-01    5.1096E-02    1.5111E-13
    1.744562E+04    1.0000E-99    9.7215E-01    2.7850E-02    1.9662E-14
    1.759425E+04    1.0000E-99    9.8496E-01    1.5039E-02    2.5867E-15
    1.788224E+04    1.0000E-99    9.9407E-01    5.9332E-03    1.2971E-16
    1.867332E+04    1.0000E-99    9.9875E-01    1.2526E-03    8.6884E-19
    1.962851E+04    1.0000E-99    9.9942E-01    5.7805E-04    8.6015E-20
    2.067444E+04    1.0000E-99    9.9950E-01    4.9663E-04    1.3689E-19
    2.182447E+04    1.0000E-99    9.9949E-01    5.0607E-04    3.1520E-19
    2.306690E+04    1.0000E-99    9.9925E-01    7.4610E-04    1.1464E-18
    2.438107E+04    1.0000E-99    9.9882E-01    1.1780E-03    3.5956E-18
    2.587845E+04    1.0000E-99    9.9827E-01    1.7261E-03    7.6005E-18
    2.749199E+04    1.0000E-99    9.9700E-01    3.0030E-03    1.7375E-17
    2.896661E+04    1.0000E-99    9.9662E-01    3.3786E-03    1.4774E-17
    3.023928E+04    1.0000E-99    9.9719E-01    2.8089E-03    8.4254E-18
    3.138852E+04    1.0000E-99    9.9659E-01    3.4130E-03    1.1122E-17
    3.250795E+04    1.0000E-99    9.9582E-01    4.1836E-03    1.4523E-17
    3.365620E+04    1.0000E-99    9.9398E-01    6.0160E-03    2.5062E-17
    3.486705E+04    1.0000E-99    9.9209E-01    7.9089E-03    3.5813E-17
    3.613166E+04    1.0000E-99    9.8965E-01    1.0348E-02    5.2926E-17
    3.742115E+04    1.0000E-99    9.8645E-01    1.3549E-02    8.0687E-17
    3.871394E+04    1.0000E-99    9.8284E-01    1.7162E-02    1.2045E-16
    3.997047E+04    1.0000E-99    9.8156E-01    1.8445E-02    1.3401E-16
    4.112379E+04    1.0000E-99    9.8001E-01    1.9987E-02    1.5587E-16
    4.218343E+04    1.0000E-99    9.7691E-01    2.3085E-02    2.0568E-16
    4.320753E+04    1.0000E-99    9.7305E-01    2.6952E-02    2.7412E-16
    4.423621E+04    1.0000E-99    9.6934E-01    3.0664E-02    3.4604E-16
    4.529664E+04    1.0000E-99    9.6702E-01    3.2976E-02    3.9957E-16
    4.639486E+04    1.0000E-99    9.6696E-01    3.3035E-02    4.1810E-16
    4.752261E+04    1.0000E-99    9.6837E-01    3.1632E-02    4.1519E-16
    4.867617E+04    1.0000E-99    9.7066E-01    2.9339E-02    3.9622E-16
    4.985675E+04    1.0000E-99    9.7335E-01    2.6652E-02    3.6595E-16
    5.106564E+04    1.0000E-99    9.7603E-01    2.3973E-02    3.3005E-16
    5.230378E+04    1.0000E-99    9.7838E-01    2.1615E-02    2.9488E-16
    5.357136E+04    1.0000E-99    9.8021E-01    1.9790E-02    2.6593E-16
    5.486695E+04    1.0000E-99    9.8147E-01    1.8530E-02    2.4537E-16
    5.618695E+04    1.0000E-99    9.8214E-01    1.7855E-02    2.3443E-16
    5.752536E+04    1.0000E-99    9.8225E-01    1.7754E-02    2.3327E-16
    5.887450E+04    1.0000E-99    9.8191E-01    1.8094E-02    2.3948E-16
    6.022291E+04    1.0000E-99    9.8131E-01    1.8689E-02    2.4922E-16
    6.155592E+04    1.0000E-99    9.8078E-01    1.9219E-02    2.5693E-16
    6.285824E+04    1.0000E-99    9.8036E-01    1.9642E-02    2.6185E-16
    6.411280E+04    1.0000E-99    9.8012E-01    1.9878E-02    2.6330E-16
    6.529403E+04    1.0000E-99    9.7995E-01    2.0053E-02    2.6352E-16
    6.638404E+04    1.0000E-99    9.7994E-01    2.0055E-02    2.6071E-16
    6.736672E+04    1.0000E-99    9.8001E-01    1.9991E-02    2.5545E-16
    6.821143E+04    1.0000E-99    9.8030E-01    1.9703E-02    2.4748E-16
    6.893337E+04    1.0000E-99    9.8064E-01    1.9361E-02    2.3908E-16
    6.953439E+04    1.0000E-99    9.8155E-01    1.8450E-02    2.2251E-16
    6.977430E+04    1.0000E-99    9.8277E-01    1.7233E-02    1.9887E-16
    6.989457E+04    1.0000E-99    9.8433E-01    1.5667E-02    1.6934E-16
    6.995478E+04    1.0000E-99    9.8601E-01    1.3992E-02    1.3379E-16
    6.998490E+04    1.0000E-99    9.8727E-01    1.2733E-02    9.9413E-17
    6.999922E+04    1.0000E-99    9.8857E-01    1.1433E-02    6.8053E-17
    6.999997E+04    1.0000E-99    9.8875E-01    1.1248E-02    6.3681E-17
#TIME:     0.666
#NVEL: 115
#vel_mid[km/s]           ti1           ti2           ti3           ti4
    8.772128E+02    1.0000E-99    3.2447E-13    2.8622E-06    1.0000E+00
    8.833155E+02    1.0000E-99    3.2447E-13    2.8622E-06    1.0000E+00
    9.018795E+02    1.0000E-99    3.2447E-13    2.8622E-06    1.0000E+00
    9.401862E+02    1.0000E-99    3.2448E-13    2.8622E-06    1.0000E+00
    1.001110E+03    1.0000E-99    3.2448E-13    2.8622E-06    1.0000E+00
    1.062646E+03    1.0000E-99    3.2442E-13    2.8620E-06    1.0000E+00
    1.127988E+03    1.0000E-99    3.2417E-13    2.8612E-06    1.0000E+00
    1.197348E+03    1.0000E-99    3.2417E-13    2.8622E-06    1.0000E+00
    1.270973E+03    1.0000E-99    3.2451E-13    2.8661E-06    1.0000E+00
    1.349125E+03    1.0000E-99    3.1115E-13    2.8195E-06    1.0000E+00
    1.432083E+03    1.0000E-99    2.0955E-13    2.3905E-06    1.0000E+00
    1.520141E+03    1.0000E-99    1.3014E-13    1.9615E-06    1.0000E+00
    1.613615E+03    1.0000E-99    9.5285E-14    1.7170E-06    1.0000E+00
    1.712836E+03    1.0000E-99    7.5324E-14    1.5563E-06    1.0000E+00
    1.818158E+03    1.0000E-99    5.6327E-14    1.3831E-06    1.0000E+00
    1.929957E+03    1.0000E-99    3.9931E-14    1.1989E-06    1.0000E+00
    2.048630E+03    1.0000E-99    2.9051E-14    1.0524E-06    1.0000E+00
    2.174600E+03    1.0000E-99    1.9462E-14    8.9070E-07    1.0000E+00
    2.308316E+03    1.0000E-99    1.2699E-14    7.4041E-07    1.0000E+00
    2.450254E+03    1.0000E-99    7.9862E-15    6.0637E-07    1.0000E+00
    2.600920E+03    1.0000E-99    5.2690E-15    5.0798E-07    1.0000E+00
    2.760850E+03    1.0000E-99    3.9505E-15    4.4872E-07    1.0000E+00
    2.930615E+03    1.0000E-99    3.1044E-15    4.0286E-07    1.0000E+00
    3.110818E+03    1.0000E-99    2.4639E-15    3.5984E-07    1.0000E+00
    3.302102E+03    1.0000E-99    2.0529E-15    3.2584E-07    1.0000E+00
    3.505148E+03    1.0000E-99    1.7813E-15    2.9888E-07    1.0000E+00
    3.720679E+03    1.0000E-99    1.5413E-15    2.7217E-07    1.0000E+00
    3.949463E+03    1.0000E-99    1.2735E-15    2.4058E-07    1.0000E+00
    4.192316E+03    1.0000E-99    1.2147E-15    2.2917E-07    1.0000E+00
    4.450101E+03    1.0000E-99    1.2738E-15    2.3355E-07    1.0000E+00
    4.723737E+03    1.0000E-99    1.1045E-15    2.1984E-07    1.0000E+00
    5.014199E+03    1.0000E-99    7.8882E-16    1.8674E-07    1.0000E+00
    5.322522E+03    1.0000E-99    6.3933E-16    1.6872E-07    1.0000E+00
    5.649804E+03    1.0000E-99    5.8477E-16    1.6132E-07    1.0000E+00
    5.997210E+03    1.0000E-99    5.4337E-16    1.5450E-07    1.0000E+00
    6.365978E+03    1.0000E-99    5.0577E-16    1.4761E-07    1.0000E+00
    6.757421E+03    1.0000E-99    4.8830E-16    1.4383E-07    1.0000E+00
    7.172935E+03    1.0000E-99    4.6975E-16    1.3945E-07    1.0000E+00
    7.613998E+03    1.0000E-99    4.3214E-16    1.3109E-07    1.0000E+00
    8.082182E+03    1.0000E-99    4.1511E-16    1.2591E-07    1.0000E+00
    8.579155E+03    1.0000E-99    4.2704E-16    1.2525E-07    1.0000E+00
    9.106686E+03    1.0000E-99    4.5372E-16    1.2523E-07    1.0000E+00
    9.666656E+03    1.0000E-99    5.4333E-16    1.3117E-07    1.0000E+00
    1.026106E+04    1.0000E-99    8.0232E-16    1.5113E-07    1.0000E+00
    1.089201E+04    1.0000E-99    1.5536E-15    1.9619E-07    1.0000E+00
    1.156176E+04    1.0000E-99    4.4483E-15    3.1214E-07    1.0000E+00
    1.227269E+04    1.0000E-99    1.9360E-14    6.6009E-07    1.0000E+00
    1.302734E+04    1.0000E-99    9.0673E-14    1.6079E-06    1.0000E+00
    1.382861E+04    1.0000E-99    4.5900E-13    4.4628E-06    1.0000E+00
    1.462901E+04    1.0000E-99    7.6330E-12    2.8269E-05    9.9997E-01
    1.525056E+04    1.0000E-99    9.0427E-10    6.9866E-04    9.9930E-01
    1.570852E+04    1.0000E-99    3.1585E-07    3.1796E-02    9.6820E-01
    1.603933E+04    1.0000E-99    3.3927E-05    5.2030E-01    4.7966E-01
    1.626493E+04    1.0000E-99    5.4250E-04    9.8484E-01    1.4613E-02
    1.642900E+04    1.0000E-99    4.3232E-03    9.9544E-01    2.3858E-04
    1.655927E+04    1.0000E-99    2.7096E-02    9.7290E-01    4.6306E-06
    1.666808E+04    1.0000E-99    1.3271E-01    8.6729E-01    1.0903E-07
    1.676387E+04    1.0000E-99    3.9209E-01    6.0791E-01    3.2791E-09
    1.685344E+04    1.0000E-99    6.5375E-01    3.4625E-01    1.5376E-10
    1.694048E+04    1.0000E-99    8.0743E-01    1.9257E-01    1.2624E-11
    1.702877E+04    1.0000E-99    8.8966E-01    1.1034E-01    1.5189E-12
    1.712364E+04    1.0000E-99    9.3575E-01    6.4247E-02    2.2061E-13
    1.723140E+04    1.0000E-99    9.6317E-01    3.6832E-02    3.2877E-14
    1.736849E+04    1.0000E-99    9.8065E-01    1.9351E-02    3.8683E-15
    1.764428E+04    1.0000E-99    9.9382E-01    6.1816E-03    9.5523E-17
    1.825185E+04    1.0000E-99    9.9931E-01    6.8879E-04    9.7470E-20
    1.898577E+04    1.0000E-99    9.9992E-01    8.0749E-05    1.1435E-22
    1.978625E+04    1.0000E-99    9.9999E-01    1.3866E-05    4.0842E-25
    2.065037E+04    1.0000E-99    1.0000E+00    3.4556E-06    3.9035E-26
    2.155095E+04    1.0000E-99    1.0000E+00    1.0733E-06    1.0548E-25
    2.245768E+04    1.0000E-99    1.0000E+00    6.1481E-07    5.4790E-25
    2.340027E+04    1.0000E-99    1.0000E+00    7.9761E-07    3.3521E-24
    2.441765E+04    1.0000E-99    1.0000E+00    1.7302E-06    1.7425E-23
    2.552663E+04    1.0000E-99    1.0000E+00    4.8526E-06    7.9570E-23
    2.678810E+04    1.0000E-99    9.9998E-01    2.0828E-05    4.2393E-22
    2.832661E+04    1.0000E-99    9.9990E-01    1.0056E-04    3.0538E-21
    3.001704E+04    1.0000E-99    9.9983E-01    1.6545E-04    2.6730E-21
    3.165601E+04    1.0000E-99    9.9972E-01    2.8193E-04    5.5165E-21
    3.325288E+04    1.0000E-99    9.9945E-01    5.5205E-04    1.7192E-20
    3.484169E+04    1.0000E-99    9.9902E-01    9.7570E-04    5.5047E-20
    3.639765E+04    1.0000E-99    9.9846E-01    1.5376E-03    1.5729E-19
    3.790349E+04    1.0000E-99    9.9766E-01    2.3393E-03    4.6566E-19
    3.933015E+04    1.0000E-99    9.9696E-01    3.0424E-03    9.9465E-19
    4.064946E+04    1.0000E-99    9.9645E-01    3.5462E-03    1.6458E-18
    4.183748E+04    1.0000E-99    9.9552E-01    4.4844E-03    3.4112E-18
    4.295471E+04    1.0000E-99    9.9388E-01    6.1188E-03    8.0767E-18
    4.404536E+04    1.0000E-99    9.9151E-01    8.4876E-03    1.8312E-17
    4.514998E+04    1.0000E-99    9.8864E-01    1.1358E-02    3.6333E-17
    4.627877E+04    1.0000E-99    9.8597E-01    1.4034E-02    6.0398E-17
    4.742914E+04    1.0000E-99    9.8378E-01    1.6216E-02    8.9445E-17
    4.859884E+04    1.0000E-99    9.8236E-01    1.7639E-02    1.2009E-16
    4.979054E+04    1.0000E-99    9.8179E-01    1.8210E-02    1.4712E-16
    5.100851E+04    1.0000E-99    9.8191E-01    1.8087E-02    1.6654E-16
    5.225617E+04    1.0000E-99    9.8242E-01    1.7582E-02    1.7780E-16
    5.353554E+04    1.0000E-99    9.8297E-01    1.7032E-02    1.8374E-16
    5.484601E+04    1.0000E-99    9.8337E-01    1.6635E-02    1.8780E-16
    5.618429E+04    1.0000E-99    9.8346E-01    1.6539E-02    1.9353E-16
    5.754205E+04    1.0000E-99    9.8317E-01    1.6828E-02    2.0355E-16
    5.891132E+04    1.0000E-99    9.8256E-01    1.7441E-02    2.1754E-16
    6.027604E+04    1.0000E-99    9.8177E-01    1.8225E-02    2.3286E-16
    6.162485E+04    1.0000E-99    9.8111E-01    1.8889E-02    2.4475E-16
    6.293682E+04    1.0000E-99    9.8060E-01    1.9400E-02    2.5267E-16
    6.419493E+04    1.0000E-99    9.8030E-01    1.9698E-02    2.5633E-16
    6.537955E+04    1.0000E-99    9.8009E-01    1.9911E-02    2.5804E-16
    6.646379E+04    1.0000E-99    9.8006E-01    1.9938E-02    2.5623E-16
    6.743920E+04    1.0000E-99    9.8012E-01    1.9882E-02    2.5162E-16
    6.827833E+04    1.0000E-99    9.8040E-01    1.9602E-02    2.4417E-16
    6.898935E+04    1.0000E-99    9.8076E-01    1.9244E-02    2.3588E-16
    6.955810E+04    1.0000E-99    9.8170E-01    1.8302E-02    2.1890E-16
    6.978582E+04    1.0000E-99    9.8294E-01    1.7064E-02    1.9509E-16
    6.989995E+04    1.0000E-99    9.8450E-01    1.5496E-02    1.6557E-16
    6.995709E+04    1.0000E-99    9.8613E-01    1.3869E-02    1.3050E-16
    6.998568E+04    1.0000E-99    9.8736E-01    1.2640E-02    9.7226E-17
    6.999926E+04    1.0000E-99    9.8860E-01    1.1396E-02    6.7426E-17
    6.999997E+04    1.0000E-99    9.8878E-01    1.1218E-02    6.3233E-17
#TIME:     0.733
#NVEL: 115
#vel_mid[km/s]           ti1           ti2           ti3           ti4
    8.772128E+02    1.0000E-99    2.6850E-13    2.5465E-06    1.0000E+00
    8.821279E+02    1.0000E-99    2.6850E-13    2.5465E-06    1.0000E+00
    8.970391E+02    1.0000E-99    2.6850E-13    2.5465E-06    1.0000E+00
    9.276219E+02    1.0000E-99    2.6851E-13    2.5466E-06    1.0000E+00
    9.834559E+02    1.0000E-99    2.6851E-13    2.5466E-06    1.0000E+00
    1.043937E+03    1.0000E-99    2.6846E-13    2.5464E-06    1.0000E+00
    1.108129E+03    1.0000E-99    2.6826E-13    2.5456E-06    1.0000E+00
    1.176267E+03    1.0000E-99    2.6804E-13    2.5452E-06    1.0000E+00
    1.248596E+03    1.0000E-99    2.6786E-13    2.5460E-06    1.0000E+00
    1.325372E+03    1.0000E-99    2.5848E-13    2.5096E-06    1.0000E+00
    1.406869E+03    1.0000E-99    1.9228E-13    2.2136E-06    1.0000E+00
    1.493377E+03    1.0000E-99    1.2033E-13    1.8164E-06    1.0000E+00
    1.585205E+03    1.0000E-99    8.4160E-14    1.5593E-06    1.0000E+00
    1.682679E+03    1.0000E-99    6.4316E-14    1.3903E-06    1.0000E+00
    1.786147E+03    1.0000E-99    4.8489E-14    1.2377E-06    1.0000E+00
    1.895977E+03    1.0000E-99    3.4575E-14    1.0752E-06    1.0000E+00
    2.012561E+03    1.0000E-99    2.4759E-14    9.3658E-07    1.0000E+00
    2.136313E+03    1.0000E-99    1.6831E-14    7.9799E-07    1.0000E+00
    2.267674E+03    1.0000E-99    1.0971E-14    6.6395E-07    1.0000E+00
    2.407114E+03    1.0000E-99    6.8741E-15    5.4257E-07    1.0000E+00
    2.555127E+03    1.0000E-99    4.4286E-15    4.4974E-07    1.0000E+00
    2.712241E+03    1.0000E-99    3.2022E-15    3.9150E-07    1.0000E+00
    2.879017E+03    1.0000E-99    2.4860E-15    3.5029E-07    1.0000E+00
    3.056048E+03    1.0000E-99    1.9643E-15    3.1317E-07    1.0000E+00
    3.243964E+03    1.0000E-99    1.6186E-15    2.8273E-07    1.0000E+00
    3.443435E+03    1.0000E-99    1.3939E-15    2.5883E-07    1.0000E+00
    3.655171E+03    1.0000E-99    1.2215E-15    2.3745E-07    1.0000E+00
    3.879927E+03    1.0000E-99    1.0206E-15    2.1115E-07    1.0000E+00
    4.118504E+03    1.0000E-99    9.1215E-16    1.9419E-07    1.0000E+00
    4.371751E+03    1.0000E-99    9.7792E-16    1.9894E-07    1.0000E+00
    4.640569E+03    1.0000E-99    8.9548E-16    1.9162E-07    1.0000E+00
    4.925917E+03    1.0000E-99    6.8047E-16    1.6816E-07    1.0000E+00
    5.228812E+03    1.0000E-99    5.2366E-16    1.4809E-07    1.0000E+00
    5.550331E+03    1.0000E-99    4.6549E-16    1.3978E-07    1.0000E+00
    5.891620E+03    1.0000E-99    4.3201E-16    1.3403E-07    1.0000E+00
    6.253896E+03    1.0000E-99    4.0086E-16    1.2794E-07    1.0000E+00
    6.638447E+03    1.0000E-99    3.8485E-16    1.2426E-07    1.0000E+00
    7.046645E+03    1.0000E-99    3.7508E-16    1.2137E-07    1.0000E+00
    7.479943E+03    1.0000E-99    3.4914E-16    1.1500E-07    1.0000E+00
    7.939884E+03    1.0000E-99    3.3195E-16    1.0984E-07    1.0000E+00
    8.428107E+03    1.0000E-99    3.4035E-16    1.0904E-07    1.0000E+00
    8.946351E+03    1.0000E-99    3.6172E-16    1.0941E-07    1.0000E+00
    9.496461E+03    1.0000E-99    4.1991E-16    1.1334E-07    1.0000E+00
    1.008040E+04    1.0000E-99    5.9421E-16    1.2842E-07    1.0000E+00
    1.070024E+04    1.0000E-99    1.0740E-15    1.6250E-07    1.0000E+00
    1.135820E+04    1.0000E-99    2.7709E-15    2.4673E-07    1.0000E+00
    1.205661E+04    1.0000E-99    1.1295E-14    5.0173E-07    1.0000E+00
    1.279797E+04    1.0000E-99    6.0198E-14    1.3110E-06    1.0000E+00
    1.358477E+04    1.0000E-99    3.2963E-13    3.8097E-06    1.0000E+00
    1.437244E+04    1.0000E-99    3.4984E-12    1.8095E-05    9.9998E-01
    1.500937E+04    1.0000E-99    1.4265E-10    2.1947E-04    9.9978E-01
    1.552878E+04    1.0000E-99    3.5526E-08    8.4658E-03    9.9153E-01
    1.591273E+04    1.0000E-99    5.7755E-06    2.1485E-01    7.8514E-01
    1.617011E+04    1.0000E-99    1.8586E-04    9.2537E-01    7.4448E-02
    1.634952E+04    1.0000E-99    1.6501E-03    9.9707E-01    1.2754E-03
    1.648696E+04    1.0000E-99    1.4773E-02    9.8521E-01    1.4045E-05
    1.659878E+04    1.0000E-99    1.0563E-01    8.9437E-01    1.6018E-07
    1.669545E+04    1.0000E-99    3.7748E-01    6.2252E-01    3.1309E-09
    1.678508E+04    1.0000E-99    6.5477E-01    3.4523E-01    1.2287E-10
    1.687250E+04    1.0000E-99    8.1116E-01    1.8884E-01    9.5073E-12
    1.696111E+04    1.0000E-99    8.9265E-01    1.0735E-01    1.1198E-12
    1.705636E+04    1.0000E-99    9.3810E-01    6.1895E-02    1.5810E-13
    1.716416E+04    1.0000E-99    9.6478E-01    3.5217E-02    2.3022E-14
    1.730537E+04    1.0000E-99    9.8198E-01    1.8020E-02    2.4853E-15
    1.760745E+04    1.0000E-99    9.9487E-01    5.1275E-03    4.2153E-17
    1.821538E+04    1.0000E-99    9.9944E-01    5.5551E-04    3.9126E-20
    1.893451E+04    1.0000E-99    9.9994E-01    6.1580E-05    3.8621E-23
    1.971244E+04    1.0000E-99    9.9999E-01    8.7098E-06    7.3580E-26
    2.054375E+04    1.0000E-99    1.0000E+00    1.5704E-06    3.0316E-28
    2.140728E+04    1.0000E-99    1.0000E+00    3.1057E-07    6.9513E-29
    2.226561E+04    1.0000E-99    1.0000E+00    8.0478E-08    4.1942E-28
    2.313428E+04    1.0000E-99    1.0000E+00    4.0389E-08    3.3044E-27
    2.404497E+04    1.0000E-99    1.0000E+00    6.4048E-08    2.3232E-26
    2.500523E+04    1.0000E-99    1.0000E+00    1.8945E-07    1.3906E-25
    2.604263E+04    1.0000E-99    1.0000E+00    8.1201E-07    8.8892E-25
    2.724271E+04    1.0000E-99    9.9999E-01    5.4422E-06    8.9367E-24
    2.880103E+04    1.0000E-99    9.9997E-01    3.2349E-05    7.7567E-23
    3.057189E+04    1.0000E-99    9.9994E-01    6.4940E-05    1.2236E-22
    3.239972E+04    1.0000E-99    9.9984E-01    1.6100E-04    4.0633E-22
    3.417455E+04    1.0000E-99    9.9963E-01    3.6666E-04    2.0173E-21
    3.587716E+04    1.0000E-99    9.9933E-01    6.6955E-04    8.4276E-21
    3.749452E+04    1.0000E-99    9.9889E-01    1.1127E-03    3.4840E-20
    3.901907E+04    1.0000E-99    9.9842E-01    1.5809E-03    1.0514E-19
    4.041392E+04    1.0000E-99    9.9809E-01    1.9140E-03    2.1415E-19
    4.166067E+04    1.0000E-99    9.9755E-01    2.4533E-03    5.3250E-19
    4.282033E+04    1.0000E-99    9.9655E-01    3.4513E-03    1.6200E-18
    4.393802E+04    1.0000E-99    9.9497E-01    5.0332E-03    4.8174E-18
    4.506444E+04    1.0000E-99    9.9279E-01    7.2087E-03    1.2364E-17
    4.621047E+04    1.0000E-99    9.9040E-01    9.6021E-03    2.5615E-17
    4.737662E+04    1.0000E-99    9.8804E-01    1.1955E-02    4.5555E-17
    4.855943E+04    1.0000E-99    9.8608E-01    1.3919E-02    7.1538E-17
    4.976293E+04    1.0000E-99    9.8478E-01    1.5216E-02    9.9484E-17
    5.099069E+04    1.0000E-99    9.8418E-01    1.5819E-02    1.2447E-16
    5.224631E+04    1.0000E-99    9.8407E-01    1.5931E-02    1.4353E-16
    5.353171E+04    1.0000E-99    9.8415E-01    1.5852E-02    1.5722E-16
    5.484612E+04    1.0000E-99    9.8420E-01    1.5797E-02    1.6784E-16
    5.618687E+04    1.0000E-99    9.8406E-01    1.5943E-02    1.7859E-16
    5.754538E+04    1.0000E-99    9.8360E-01    1.6398E-02    1.9223E-16
    5.891516E+04    1.0000E-99    9.8287E-01    1.7126E-02    2.0888E-16
    6.027894E+04    1.0000E-99    9.8201E-01    1.7992E-02    2.2619E-16
    6.162742E+04    1.0000E-99    9.8128E-01    1.8717E-02    2.3967E-16
    6.293850E+04    1.0000E-99    9.8073E-01    1.9271E-02    2.4882E-16
    6.419616E+04    1.0000E-99    9.8040E-01    1.9601E-02    2.5341E-16
    6.537984E+04    1.0000E-99    9.8016E-01    1.9836E-02    2.5580E-16
    6.646444E+04    1.0000E-99    9.8012E-01    1.9879E-02    2.5449E-16
    6.743912E+04    1.0000E-99    9.8016E-01    1.9836E-02    2.5024E-16
    6.827867E+04    1.0000E-99    9.8044E-01    1.9563E-02    2.4305E-16
    6.898947E+04    1.0000E-99    9.8079E-01    1.9211E-02    2.3496E-16
    6.955800E+04    1.0000E-99    9.8172E-01    1.8275E-02    2.1816E-16
    6.978577E+04    1.0000E-99    9.8296E-01    1.7040E-02    1.9447E-16
    6.989993E+04    1.0000E-99    9.8452E-01    1.5475E-02    1.6506E-16
    6.995708E+04    1.0000E-99    9.8615E-01    1.3850E-02    1.3011E-16
    6.998567E+04    1.0000E-99    9.8738E-01    1.2623E-02    9.6935E-17
    6.999926E+04    1.0000E-99    9.8862E-01    1.1381E-02    6.7221E-17
    6.999997E+04    1.0000E-99    9.8880E-01    1.1204E-02    6.3043E-17
#TIME:     0.806
#NVEL: 115
#vel_mid[km/s]           ti1           ti2           ti3           ti4
    8.772128E+02    1.0000E-99    2.2341E-13    2.2785E-06    1.0000E+00
    8.817035E+02    1.0000E-99    2.2341E-13    2.2785E-06    1.0000E+00
    8.953142E+02    1.0000E-99    2.2341E-13    2.2785E-06    1.0000E+00
    9.231691E+02    1.0000E-99    2.2341E-13    2.2785E-06    1.0000E+00
    9.772176E+02    1.0000E-99    2.2341E-13    2.2785E-06    1.0000E+00
    1.037326E+03    1.0000E-99    2.2335E-13    2.2782E-06    1.0000E+00
    1.101111E+03    1.0000E-99    2.2314E-13    2.2773E-06    1.0000E+00
    1.168818E+03    1.0000E-99    2.2277E-13    2.2759E-06    1.0000E+00
    1.240689E+03    1.0000E-99    2.2160E-13    2.2716E-06    1.0000E+00
    1.316978E+03    1.0000E-99    2.1097E-13    2.2243E-06    1.0000E+00
    1.397959E+03    1.0000E-99    1.6140E-13    1.9811E-06    1.0000E+00
    1.483920E+03    1.0000E-99    1.0406E-13    1.6414E-06    1.0000E+00
    1.575166E+03    1.0000E-99    7.1543E-14    1.3963E-06    1.0000E+00
    1.672023E+03    1.0000E-99    5.3256E-14    1.2292E-06    1.0000E+00
    1.774835E+03    1.0000E-99    3.9894E-14    1.0897E-06    1.0000E+00
    1.883970E+03    1.0000E-99    2.8348E-14    9.4420E-07    1.0000E+00
    1.999815E+03    1.0000E-99    2.0061E-14    8.1755E-07    1.0000E+00
    2.122784E+03    1.0000E-99    1.3613E-14    6.9567E-07    1.0000E+00
    2.253313E+03    1.0000E-99    8.8136E-15    5.7722E-07    1.0000E+00
    2.391869E+03    1.0000E-99    5.4931E-15    4.7047E-07    1.0000E+00
    2.538945E+03    1.0000E-99    3.5161E-15    3.8875E-07    1.0000E+00
    2.695065E+03    1.0000E-99    2.5059E-15    3.3639E-07    1.0000E+00
    2.860784E+03    1.0000E-99    1.9306E-15    3.0018E-07    1.0000E+00
    3.036693E+03    1.0000E-99    1.5228E-15    2.6842E-07    1.0000E+00
    3.223420E+03    1.0000E-99    1.2497E-15    2.4208E-07    1.0000E+00
    3.421628E+03    1.0000E-99    1.0755E-15    2.2165E-07    1.0000E+00
    3.632023E+03    1.0000E-99    9.5032E-16    2.0420E-07    1.0000E+00
    3.855356E+03    1.0000E-99    8.0284E-16    1.8252E-07    1.0000E+00
    4.092421E+03    1.0000E-99    7.0316E-16    1.6603E-07    1.0000E+00
    4.344064E+03    1.0000E-99    7.5564E-16    1.7006E-07    1.0000E+00
    4.611180E+03    1.0000E-99    7.1209E-16    1.6573E-07    1.0000E+00
    4.894722E+03    1.0000E-99    5.5379E-16    1.4710E-07    1.0000E+00
    5.195698E+03    1.0000E-99    4.2359E-16    1.2915E-07    1.0000E+00
    5.515181E+03    1.0000E-99    3.7227E-16    1.2126E-07    1.0000E+00
    5.854309E+03    1.0000E-99    3.4421E-16    1.1614E-07    1.0000E+00
    6.214290E+03    1.0000E-99    3.1884E-16    1.1081E-07    1.0000E+00
    6.596406E+03    1.0000E-99    3.0627E-16    1.0764E-07    1.0000E+00
    7.002019E+03    1.0000E-99    3.0090E-16    1.0556E-07    1.0000E+00
    7.432572E+03    1.0000E-99    2.8231E-16    1.0046E-07    1.0000E+00
    7.889601E+03    1.0000E-99    2.6893E-16    9.6047E-08    1.0000E+00
    8.374732E+03    1.0000E-99    2.7771E-16    9.5668E-08    1.0000E+00
    8.889693E+03    1.0000E-99    2.9849E-16    9.6603E-08    1.0000E+00
    9.436320E+03    1.0000E-99    3.4691E-16    1.0033E-07    1.0000E+00
    1.001656E+04    1.0000E-99    4.9030E-16    1.1399E-07    1.0000E+00
    1.063248E+04    1.0000E-99    8.8350E-16    1.4495E-07    1.0000E+00
    1.128627E+04    1.0000E-99    2.2377E-15    2.2049E-07    1.0000E+00
    1.198026E+04    1.0000E-99    9.2618E-15    4.5893E-07    1.0000E+00
    1.271692E+04    1.0000E-99    5.3925E-14    1.2822E-06    1.0000E+00
    1.349805E+04    1.0000E-99    3.3443E-13    4.0750E-06    1.0000E+00
    1.425822E+04    1.0000E-99    3.2929E-12    1.8602E-05    9.9998E-01
    1.486986E+04    1.0000E-99    8.0483E-11    1.6306E-04    9.9984E-01
    1.537519E+04    1.0000E-99    7.8606E-09    3.4388E-03    9.9656E-01
    1.578064E+04    1.0000E-99    1.0440E-06    8.1632E-02    9.1837E-01
    1.606880E+04    1.0000E-99    6.1060E-05    7.4572E-01    2.5422E-01
    1.627147E+04    1.0000E-99    6.3035E-04    9.9296E-01    6.4064E-03
    1.642133E+04    1.0000E-99    6.2840E-03    9.9365E-01    6.5678E-05
    1.653799E+04    1.0000E-99    5.9345E-02    9.4065E-01    5.0931E-07
    1.663728E+04    1.0000E-99    2.9879E-01    7.0121E-01    6.1935E-09
    1.672867E+04    1.0000E-99    6.0959E-01    3.9041E-01    1.7414E-10
    1.681726E+04    1.0000E-99    7.8962E-01    2.1038E-01    1.1548E-11
    1.690746E+04    1.0000E-99    8.8199E-01    1.1801E-01    1.2508E-12
    1.700408E+04    1.0000E-99    9.3251E-01    6.7493E-02    1.6838E-13
    1.711406E+04    1.0000E-99    9.6202E-01    3.7984E-02    2.3324E-14
    1.726274E+04    1.0000E-99    9.8116E-01    1.8838E-02    2.2459E-15
    1.762026E+04    1.0000E-99    9.9561E-01    4.3900E-03    1.9782E-17
    1.824949E+04    1.0000E-99    9.9953E-01    4.7344E-04    1.7919E-20
    1.897008E+04    1.0000E-99    9.9994E-01    5.5703E-05    2.0977E-23
    1.974151E+04    1.0000E-99    9.9999E-01    7.9708E-06    4.1241E-26
    2.056198E+04    1.0000E-99    1.0000E+00    1.3823E-06    1.4022E-28
    2.140466E+04    1.0000E-99    1.0000E+00    2.5386E-07    7.0223E-31
    2.223509E+04    1.0000E-99    1.0000E+00    5.3522E-08    5.2185E-31
    2.306880E+04    1.0000E-99    1.0000E+00    1.3840E-08    5.4062E-30
