#NTIMES: 50
#NSTAGES 3
#TIMES[d]: 199.16 202.03 204.93 207.87 210.86 213.89 216.97 220.09 223.25 226.46 229.71 233.01 236.36 239.76 243.21 246.70 250.25 253.85 257.50 261.20 264.95 268.76 272.62 276.54 280.51 284.55 288.64 292.79 296.99 301.26 305.59 309.99 314.44 318.96 323.55 328.19 332.91 337.70 342.55 347.48 352.47 357.54 362.68 367.89 373.18 378.54 383.98 389.50 395.10 400.78
#
#TIME: 199.16
#NVEL 78
#vel_mid[km/s] ne0 ne1 ne2
440.10 1.1333e-01 6.1973e-01 2.6694e-01
886.22 1.2327e-01 6.2698e-01 2.4976e-01
906.14 1.0831e-01 6.1432e-01 2.7737e-01
944.43 1.1481e-01 6.1397e-01 2.7122e-01
999.11 1.2320e-01 6.2369e-01 2.5311e-01
1060.83 1.1347e-01 6.1882e-01 2.6771e-01
1125.62 1.0488e-01 6.1778e-01 2.7734e-01
1194.38 1.2024e-01 6.2707e-01 2.5268e-01
1267.34 1.1216e-01 6.2213e-01 2.6572e-01
1344.75 1.1544e-01 6.2203e-01 2.6253e-01
1426.89 1.2064e-01 6.3007e-01 2.4929e-01
1514.05 1.2692e-01 6.2519e-01 2.4789e-01
1606.54 1.2403e-01 6.2947e-01 2.4650e-01
1704.67 1.2375e-01 6.2794e-01 2.4830e-01
1808.80 1.2605e-01 6.2721e-01 2.4673e-01
1919.29 1.2747e-01 6.2525e-01 2.4727e-01
2036.53 1.2925e-01 6.2894e-01 2.4181e-01
2160.92 1.2287e-01 6.2446e-01 2.5267e-01
2292.92 1.1145e-01 6.1864e-01 2.6990e-01
2432.98 9.6392e-02 6.0810e-01 2.9550e-01
2581.60 8.5680e-02 5.9483e-01 3.1949e-01
2739.29 7.3707e-02 5.7777e-01 3.4852e-01
2906.62 5.6032e-02 5.4594e-01 3.9803e-01
3084.17 4.1637e-02 5.1400e-01 4.4436e-01
3272.56 2.5646e-02 4.6143e-01 5.1292e-01
3472.46 1.5509e-02 4.1014e-01 5.7435e-01
3684.57 8.1926e-03 3.5491e-01 6.3690e-01
3909.64 5.3501e-03 3.3080e-01 6.6385e-01
4148.46 5.5343e-03 3.2533e-01 6.6914e-01
4401.86 7.0401e-03 3.4159e-01 6.5137e-01
4670.75 6.4671e-03 3.3971e-01 6.5382e-01
4956.05 3.4993e-03 2.8154e-01 7.1497e-01
5258.79 1.1578e-03 2.1710e-01 7.8174e-01
5580.02 2.4994e-04 1.5989e-01 8.3986e-01
5920.87 1.1090e-04 1.2937e-01 8.7052e-01
6282.54 7.2521e-05 1.1309e-01 8.8684e-01
6666.30 6.0480e-05 1.0209e-01 8.9785e-01
7073.50 5.9773e-05 1.0506e-01 8.9488e-01
7505.58 6.8889e-05 1.0589e-01 8.9404e-01
7964.05 8.3175e-05 1.1026e-01 8.8966e-01
8450.53 1.7308e-04 1.3578e-01 8.6404e-01
8966.72 4.8895e-04 1.7008e-01 8.2943e-01
9514.44 1.3215e-03 2.1159e-01 7.8709e-01
10095.62 2.6927e-03 2.6217e-01 7.3513e-01
10712.30 4.4798e-03 2.9856e-01 6.9696e-01
11366.65 7.2774e-03 3.4248e-01 6.5024e-01
12061.10 8.0068e-03 3.5722e-01 6.3478e-01
12793.43 9.0431e-03 3.6284e-01 6.2811e-01
13528.61 8.5440e-03 3.6706e-01 6.2440e-01
14194.74 7.4028e-03 3.5231e-01 6.4029e-01
14757.77 4.6774e-03 3.3951e-01 6.5582e-01
15240.48 4.6436e-03 3.8838e-01 6.0697e-01
15646.99 7.0517e-03 4.7450e-01 5.1845e-01
15960.30 8.5872e-03 5.9288e-01 3.9854e-01
16187.41 7.5563e-03 6.3229e-01 3.6015e-01
16354.17 7.4720e-03 6.4280e-01 3.4973e-01
16484.18 5.2410e-03 6.2440e-01 3.7036e-01
16593.12 3.3435e-03 6.0142e-01 3.9524e-01
16691.99 2.5268e-03 5.6755e-01 4.2993e-01
16788.59 3.1928e-03 5.4910e-01 4.4771e-01
16888.37 2.1882e-03 5.3770e-01 4.6011e-01
16998.79 2.1141e-03 5.1293e-01 4.8495e-01
17146.37 1.0634e-03 5.1657e-01 4.8237e-01
17415.23 7.9582e-04 4.6945e-01 5.2975e-01
17888.12 5.6411e-04 4.5205e-01 5.4739e-01
18532.37 4.1004e-04 3.8327e-01 6.1632e-01
19260.76 2.9796e-04 3.4475e-01 6.5495e-01
20034.10 2.8180e-04 2.9097e-01 7.0875e-01
20838.00 1.2204e-04 2.5472e-01 7.4516e-01
21647.97 1.6411e-04 2.1385e-01 7.8599e-01
22447.94 5.0553e-04 1.8466e-01 8.1484e-01
23245.88 8.3388e-05 1.4588e-01 8.5404e-01
24052.47 1.1096e-04 1.2800e-01 8.7189e-01
24867.72 3.0563e-05 6.2565e-02 9.3740e-01
25698.86 4.4702e-05 7.6046e-02 9.2391e-01
26587.16 2.6560e-05 7.2520e-02 9.2745e-01
27637.54 3.6595e-05 6.2178e-02 9.3779e-01
28986.97 3.4669e-05 4.7156e-02 9.5281e-01
#TIME: 202.03
#NVEL 78
#vel_mid[km/s] ne0 ne1 ne2
440.10 1.0698e-01 6.1600e-01 2.7702e-01
886.22 1.1500e-01 6.2361e-01 2.6138e-01
906.14 1.0487e-01 6.2103e-01 2.7410e-01
944.43 1.3216e-01 6.2315e-01 2.4469e-01
999.11 1.1676e-01 6.2103e-01 2.6221e-01
1060.83 1.1414e-01 6.3074e-01 2.5513e-01
1125.62 1.0714e-01 6.1090e-01 2.8196e-01
1194.38 1.1655e-01 6.1717e-01 2.6628e-01
1267.34 1.2588e-01 6.2411e-01 2.5002e-01
1344.75 1.1607e-01 6.2271e-01 2.6121e-01
1426.89 1.1712e-01 6.2279e-01 2.6009e-01
1514.05 1.2817e-01 6.2743e-01 2.4441e-01
1606.54 1.3064e-01 6.2628e-01 2.4308e-01
1704.67 1.2985e-01 6.2703e-01 2.4312e-01
1808.80 1.3198e-01 6.2901e-01 2.3901e-01
1919.29 1.3644e-01 6.2967e-01 2.3389e-01
2036.53 1.2600e-01 6.2878e-01 2.4522e-01
2160.92 1.2066e-01 6.2376e-01 2.5558e-01
2292.92 1.0877e-01 6.1478e-01 2.7644e-01
2432.98 9.5342e-02 6.0669e-01 2.9797e-01
2581.60 8.3110e-02 5.9132e-01 3.2557e-01
2739.29 7.0469e-02 5.7190e-01 3.5763e-01
2906.62 5.7140e-02 5.5103e-01 3.9183e-01
3084.17 4.1445e-02 5.1282e-01 4.4574e-01
3272.56 2.4759e-02 4.5759e-01 5.1765e-01
3472.46 1.5070e-02 4.0659e-01 5.7834e-01
3684.57 8.6925e-03 3.5636e-01 6.3495e-01
3909.64 5.5925e-03 3.2760e-01 6.6680e-01
4148.46 5.7034e-03 3.2650e-01 6.6780e-01
4401.86 7.5442e-03 3.5230e-01 6.4015e-01
4670.75 6.4941e-03 3.4033e-01 6.5318e-01
4956.05 3.7392e-03 2.9354e-01 7.0272e-01
5258.79 1.1351e-03 2.1687e-01 7.8200e-01
5580.02 2.6596e-04 1.6477e-01 8.3496e-01
5920.87 1.1156e-04 1.3121e-01 8.6867e-01
6282.54 7.1000e-05 1.1254e-01 8.8739e-01
6666.30 6.5476e-05 1.0789e-01 8.9204e-01
7073.50 6.0435e-05 1.0398e-01 8.9596e-01
7505.58 6.3443e-05 1.0058e-01 8.9936e-01
7964.05 8.9303e-05 1.1421e-01 8.8570e-01
8450.53 1.7340e-04 1.3807e-01 8.6176e-01
8966.72 4.6625e-04 1.6710e-01 8.3244e-01
9514.44 1.2128e-03 2.0854e-01 7.9025e-01
10095.62 2.9048e-03 2.7108e-01 7.2602e-01
10712.30 4.5107e-03 3.0020e-01 6.9529e-01
11366.65 7.4454e-03 3.5365e-01 6.3891e-01
12061.10 8.4494e-03 3.6282e-01 6.2873e-01
12793.43 9.4751e-03 3.6607e-01 6.2446e-01
13528.61 9.0088e-03 3.6649e-01 6.2450e-01
14194.74 7.5547e-03 3.5357e-01 6.3888e-01
14757.77 4.4855e-03 3.3832e-01 6.5719e-01
15240.48 5.8478e-03 3.8924e-01 6.0491e-01
15646.99 5.8264e-03 4.7701e-01 5.1716e-01
15960.30 7.6968e-03 5.9397e-01 3.9833e-01
16187.41 7.3750e-03 6.3937e-01 3.5325e-01
16354.17 6.4607e-03 6.4607e-01 3.4747e-01
16484.18 5.6466e-03 6.2424e-01 3.7011e-01
16593.12 2.7998e-03 6.1161e-01 3.8559e-01
16691.99 3.4116e-03 5.6557e-01 4.3101e-01
16788.59 2.4676e-03 5.7132e-01 4.2621e-01
16888.37 2.7750e-03 5.3937e-01 4.5785e-01
16998.79 1.8214e-03 5.1927e-01 4.7891e-01
17146.37 1.1538e-03 5.0335e-01 4.9550e-01
17415.23 9.8112e-04 4.8462e-01 5.1440e-01
17888.12 4.7600e-04 4.2745e-01 5.7207e-01
18532.37 3.5569e-04 3.9415e-01 6.0549e-01
19260.76 3.9076e-04 3.5522e-01 6.4439e-01
20034.10 2.1192e-04 2.9146e-01 7.0833e-01
20838.00 1.0678e-04 2.3755e-01 7.6235e-01
21647.97 1.1921e-04 2.3133e-01 7.6855e-01
22447.94 1.3988e-04 1.8879e-01 8.1107e-01
23245.88 1.0153e-04 1.5923e-01 8.4067e-01
24052.47 8.6194e-05 1.1035e-01 8.8956e-01
24867.72 3.3745e-05 6.6566e-02 9.3340e-01
25698.86 2.9740e-05 9.1778e-02 9.0819e-01
26587.16 3.9020e-05 5.9717e-02 9.4024e-01
27637.54 1.9276e-05 2.7772e-02 9.7221e-01
28986.97 6.5149e-05 5.1511e-02 9.4842e-01
#TIME: 204.93
#NVEL 78
#vel_mid[km/s] ne0 ne1 ne2
440.10 1.1570e-01 6.2343e-01 2.6087e-01
886.22 1.4137e-01 6.3516e-01 2.2347e-01
906.14 1.2995e-01 6.2439e-01 2.4566e-01
944.43 1.1327e-01 6.1053e-01 2.7620e-01
999.11 1.1890e-01 6.1947e-01 2.6163e-01
1060.83 1.0770e-01 6.2587e-01 2.6643e-01
1125.62 1.1853e-01 6.2789e-01 2.5358e-01
1194.38 1.1823e-01 6.2898e-01 2.5279e-01
1267.34 1.2257e-01 6.2272e-01 2.5471e-01
1344.75 1.1446e-01 6.1808e-01 2.6746e-01
1426.89 1.2242e-01 6.2297e-01 2.5461e-01
1514.05 1.3307e-01 6.3385e-01 2.3308e-01
1606.54 1.3417e-01 6.2810e-01 2.3772e-01
1704.67 1.2834e-01 6.2922e-01 2.4244e-01
1808.80 1.3783e-01 6.2939e-01 2.3278e-01
1919.29 1.2935e-01 6.2770e-01 2.4295e-01
2036.53 1.3491e-01 6.2827e-01 2.3682e-01
2160.92 1.2785e-01 6.2689e-01 2.4526e-01
2292.92 1.1647e-01 6.1970e-01 2.6382e-01
2432.98 1.0281e-01 6.0915e-01 2.8804e-01
2581.60 8.6756e-02 5.9481e-01 3.1844e-01
2739.29 7.2637e-02 5.7625e-01 3.5111e-01
2906.62 5.8303e-02 5.5310e-01 3.8860e-01
3084.17 3.9789e-02 5.0934e-01 4.5087e-01
3272.56 2.4852e-02 4.6467e-01 5.1048e-01
3472.46 1.5558e-02 4.1559e-01 5.6885e-01
3684.57 8.5862e-03 3.5831e-01 6.3310e-01
3909.64 5.3683e-03 3.2892e-01 6.6571e-01
4148.46 5.4404e-03 3.1740e-01 6.7716e-01
4401.86 7.8940e-03 3.6062e-01 6.3148e-01
4670.75 6.6114e-03 3.4000e-01 6.5339e-01
4956.05 3.5757e-03 2.9208e-01 7.0435e-01
5258.79 1.0619e-03 2.1455e-01 7.8438e-01
5580.02 2.7287e-04 1.6304e-01 8.3668e-01
5920.87 1.2014e-04 1.3462e-01 8.6526e-01
6282.54 7.2807e-05 1.1508e-01 8.8484e-01
6666.30 6.4683e-05 1.1096e-01 8.8898e-01
7073.50 6.5552e-05 1.0673e-01 8.9321e-01
7505.58 6.3615e-05 1.0115e-01 8.9879e-01
7964.05 8.9691e-05 1.1320e-01 8.8671e-01
8450.53 1.6174e-04 1.3016e-01 8.6968e-01
8966.72 4.6079e-04 1.6618e-01 8.3336e-01
9514.44 1.1516e-03 2.0201e-01 7.9684e-01
10095.62 2.5373e-03 2.5973e-01 7.3774e-01
10712.30 4.5371e-03 3.0269e-01 6.9277e-01
11366.65 7.0529e-03 3.4013e-01 6.5282e-01
12061.10 8.4083e-03 3.6069e-01 6.3090e-01
12793.43 8.8317e-03 3.5248e-01 6.3869e-01
13528.61 8.4654e-03 3.6013e-01 6.3141e-01
14194.74 6.5870e-03 3.4612e-01 6.4729e-01
14757.77 5.2033e-03 3.4557e-01 6.4923e-01
15240.48 5.4155e-03 3.8427e-01 6.1031e-01
15646.99 7.6733e-03 4.7013e-01 5.2219e-01
15960.30 8.3256e-03 5.9587e-01 3.9581e-01
16187.41 6.6022e-03 6.4078e-01 3.5262e-01
16354.17 7.0639e-03 6.4737e-01 3.4557e-01
16484.18 4.2417e-03 6.2046e-01 3.7529e-01
16593.12 3.2587e-03 6.0191e-01 3.9484e-01
16691.99 3.4109e-03 5.6171e-01 4.3488e-01
16788.59 2.4021e-03 5.5332e-01 4.4428e-01
16888.37 1.5915e-03 5.4632e-01 4.5209e-01
16998.79 1.3728e-03 5.2463e-01 4.7399e-01
17146.37 1.3138e-03 4.9518e-01 5.0350e-01
17415.23 1.1881e-03 4.7215e-01 5.2667e-01
17888.12 5.7527e-04 4.3046e-01 5.6896e-01
18532.37 4.5840e-04 3.9307e-01 6.0647e-01
19260.76 2.8571e-04 3.4362e-01 6.5610e-01
20034.10 1.9131e-04 2.9716e-01 7.0265e-01
20838.00 1.5778e-04 2.4902e-01 7.5083e-01
21647.97 1.0100e-04 2.3337e-01 7.6653e-01
22447.94 1.0910e-04 1.7889e-01 8.2100e-01
23245.88 1.3028e-04 1.4426e-01 8.5561e-01
24052.47 1.1262e-04 1.4091e-01 8.5897e-01
24867.72 1.1889e-04 1.0823e-01 8.9165e-01
25698.86 2.6631e-05 5.3270e-02 9.4670e-01
26587.16 3.6227e-05 4.2953e-02 9.5701e-01
27637.54 1.3905e-04 5.9222e-02 9.4064e-01
28986.97 2.5064e-05 2.0266e-02 9.7971e-01
#TIME: 207.87
#NVEL 78
#vel_mid[km/s] ne0 ne1 ne2
440.10 1.2107e-01 6.3320e-01 2.4573e-01
886.22 1.1067e-01 6.0979e-01 2.7954e-01
906.14 1.0987e-01 6.1809e-01 2.7204e-01
944.43 1.1233e-01 6.3145e-01 2.5622e-01
999.11 1.2403e-01 6.1814e-01 2.5783e-01
1060.83 1.2195e-01 6.2811e-01 2.4994e-01
1125.62 1.1665e-01 6.2384e-01 2.5952e-01
1194.38 1.0953e-01 6.2344e-01 2.6702e-01
1267.34 1.2895e-01 6.2363e-01 2.4742e-01
1344.75 1.2429e-01 6.2900e-01 2.4671e-01
1426.89 1.2734e-01 6.2450e-01 2.4816e-01
1514.05 1.3702e-01 6.2887e-01 2.3411e-01
1606.54 1.2632e-01 6.2927e-01 2.4440e-01
1704.67 1.3607e-01 6.2952e-01 2.3441e-01
1808.80 1.3691e-01 6.2865e-01 2.3444e-01
1919.29 1.3023e-01 6.2985e-01 2.3991e-01
2036.53 1.3629e-01 6.2833e-01 2.3538e-01
2160.92 1.2440e-01 6.2751e-01 2.4810e-01
2292.92 1.0977e-01 6.1755e-01 2.7268e-01
2432.98 9.8278e-02 6.0681e-01 2.9491e-01
2581.60 8.5311e-02 5.9466e-01 3.2003e-01
2739.29 7.2341e-02 5.7997e-01 3.4769e-01
2906.62 5.8439e-02 5.5577e-01 3.8579e-01
3084.17 4.1146e-02 5.1535e-01 4.4351e-01
3272.56 2.5539e-02 4.6039e-01 5.1407e-01
3472.46 1.4865e-02 4.1412e-01 5.7101e-01
3684.57 8.8835e-03 3.6753e-01 6.2359e-01
3909.64 5.1848e-03 3.2249e-01 6.7232e-01
4148.46 5.6466e-03 3.2202e-01 6.7233e-01
4401.86 7.4169e-03 3.4946e-01 6.4313e-01
4670.75 6.6661e-03 3.4254e-01 6.5079e-01
4956.05 3.6150e-03 2.9537e-01 7.0102e-01
5258.79 1.1897e-03 2.2191e-01 7.7690e-01
5580.02 2.7950e-04 1.6569e-01 8.3403e-01
5920.87 1.0307e-04 1.2407e-01 8.7582e-01
6282.54 7.0956e-05 1.1228e-01 8.8765e-01
6666.30 6.2113e-05 1.0452e-01 8.9542e-01
7073.50 6.2864e-05 1.0964e-01 8.9029e-01
7505.58 6.4820e-05 1.0462e-01 8.9531e-01
7964.05 9.1342e-05 1.1707e-01 8.8284e-01
8450.53 1.6154e-04 1.3814e-01 8.6170e-01
8966.72 4.8493e-04 1.7217e-01 8.2734e-01
9514.44 1.0881e-03 2.0372e-01 7.9519e-01
10095.62 2.8403e-03 2.7012e-01 7.2704e-01
10712.30 4.7037e-03 3.0340e-01 6.9189e-01
11366.65 6.5250e-03 3.4403e-01 6.4944e-01
12061.10 8.1144e-03 3.5621e-01 6.3567e-01
12793.43 8.9604e-03 3.6495e-01 6.2609e-01
13528.61 8.7984e-03 3.6493e-01 6.2627e-01
14194.74 8.1581e-03 3.5923e-01 6.3261e-01
14757.77 5.6254e-03 3.4394e-01 6.5043e-01
15240.48 5.7290e-03 3.9013e-01 6.0414e-01
15646.99 5.1007e-03 4.9375e-01 5.0115e-01
15960.30 8.9613e-03 5.9330e-01 3.9774e-01
16187.41 7.9257e-03 6.3794e-01 3.5414e-01
16354.17 5.3871e-03 6.5469e-01 3.3992e-01
16484.18 5.5231e-03 6.3189e-01 3.6258e-01
16593.12 4.4830e-03 5.8969e-01 4.0583e-01
16691.99 2.6667e-03 5.7600e-01 4.2134e-01
16788.59 2.2126e-03 5.7498e-01 4.2281e-01
16888.37 2.1085e-03 5.5192e-01 4.4597e-01
16998.79 1.8500e-03 5.2281e-01 4.7534e-01
17146.37 1.7651e-03 5.0043e-01 4.9781e-01
17415.23 1.2507e-03 4.8131e-01 5.1744e-01
17888.12 6.4735e-04 4.2749e-01 5.7187e-01
18532.37 3.6025e-04 3.9402e-01 6.0562e-01
19260.76 2.6556e-04 3.4012e-01 6.5962e-01
20034.10 2.1421e-04 2.9572e-01 7.0407e-01
20838.00 2.3286e-04 2.5592e-01 7.4384e-01
21647.97 1.1848e-04 2.1069e-01 7.8919e-01
22447.94 1.5695e-04 1.8449e-01 8.1535e-01
23245.88 9.9998e-05 1.4660e-01 8.5330e-01
24052.47 6.6825e-05 1.0876e-01 8.9118e-01
24867.72 1.0138e-04 9.8153e-02 9.0175e-01
25698.86 3.8470e-05 7.0112e-02 9.2985e-01
26587.16 1.4800e-05 4.7677e-02 9.5231e-01
27637.54 2.7391e-05 4.8304e-02 9.5167e-01
28986.97 1.6913e-05 4.1276e-02 9.5871e-01
#TIME: 210.86
#NVEL 78
#vel_mid[km/s] ne0 ne1 ne2
440.10 1.1882e-01 6.3068e-01 2.5050e-01
886.22 1.2771e-01 6.4053e-01 2.3176e-01
906.14 1.3294e-01 6.2933e-01 2.3774e-01
944.43 1.0655e-01 6.3406e-01 2.5940e-01
999.11 1.2479e-01 6.2164e-01 2.5357e-01
1060.83 1.0762e-01 6.1824e-01 2.7415e-01
1125.62 1.2374e-01 6.2531e-01 2.5095e-01
1194.38 1.1971e-01 6.2409e-01 2.5620e-01
1267.34 1.1355e-01 6.1671e-01 2.6974e-01
1344.75 1.2507e-01 6.3983e-01 2.3511e-01
1426.89 1.2068e-01 6.2408e-01 2.5524e-01
1514.05 1.3309e-01 6.2907e-01 2.3784e-01
1606.54 1.3813e-01 6.3242e-01 2.2945e-01
1704.67 1.3209e-01 6.2983e-01 2.3807e-01
1808.80 1.3507e-01 6.2776e-01 2.3718e-01
1919.29 1.3819e-01 6.3156e-01 2.3025e-01
2036.53 1.3051e-01 6.2615e-01 2.4334e-01
2160.92 1.3077e-01 6.2796e-01 2.4127e-01
2292.92 1.2161e-01 6.2171e-01 2.5668e-01
2432.98 1.0362e-01 6.1309e-01 2.8329e-01
2581.60 8.9016e-02 5.9901e-01 3.1197e-01
2739.29 7.3449e-02 5.7877e-01 3.4778e-01
2906.62 5.7415e-02 5.5129e-01 3.9130e-01
3084.17 4.1461e-02 5.0984e-01 4.4870e-01
3272.56 2.6435e-02 4.6594e-01 5.0763e-01
3472.46 1.5250e-02 4.1458e-01 5.7017e-01
3684.57 8.6608e-03 3.5797e-01 6.3337e-01
3909.64 5.3589e-03 3.1980e-01 6.7484e-01
4148.46 5.5968e-03 3.2776e-01 6.6664e-01
4401.86 7.5181e-03 3.5183e-01 6.4065e-01
4670.75 6.6154e-03 3.4860e-01 6.4478e-01
4956.05 3.5535e-03 2.9269e-01 7.0376e-01
5258.79 1.1156e-03 2.1508e-01 7.8380e-01
5580.02 2.7373e-04 1.6401e-01 8.3572e-01
5920.87 1.0282e-04 1.2410e-01 8.7580e-01
6282.54 7.2033e-05 1.1171e-01 8.8822e-01
6666.30 5.7580e-05 1.0275e-01 8.9720e-01
7073.50 6.1941e-05 1.0378e-01 8.9615e-01
7505.58 6.4686e-05 1.0334e-01 8.9659e-01
7964.05 8.1088e-05 1.1129e-01 8.8863e-01
8450.53 1.6155e-04 1.3342e-01 8.6642e-01
8966.72 4.8657e-04 1.7071e-01 8.2880e-01
9514.44 1.0560e-03 2.0563e-01 7.9332e-01
10095.62 2.6730e-03 2.5830e-01 7.3903e-01
10712.30 4.8925e-03 3.1187e-01 6.8324e-01
11366.65 6.6840e-03 3.4522e-01 6.4809e-01
12061.10 8.2362e-03 3.6564e-01 6.2612e-01
12793.43 1.0467e-02 3.7774e-01 6.1179e-01
13528.61 7.8892e-03 3.6510e-01 6.2701e-01
14194.74 7.0172e-03 3.5834e-01 6.3465e-01
14757.77 6.8614e-03 3.5317e-01 6.3997e-01
15240.48 5.4601e-03 3.8783e-01 6.0671e-01
15646.99 6.1656e-03 4.8858e-01 5.0526e-01
15960.30 8.9758e-03 6.0001e-01 3.9101e-01
16187.41 8.0237e-03 6.4630e-01 3.4568e-01
16354.17 6.0208e-03 6.5540e-01 3.3858e-01
16484.18 5.4525e-03 6.3870e-01 3.5584e-01
16593.12 4.0899e-03 5.9809e-01 3.9782e-01
16691.99 3.4871e-03 5.8333e-01 4.1318e-01
16788.59 2.3137e-03 5.6570e-01 4.3199e-01
16888.37 3.0785e-03 5.3634e-01 4.6058e-01
16998.79 2.4752e-03 5.5440e-01 4.4313e-01
17146.37 2.0104e-03 5.0209e-01 4.9590e-01
17415.23 1.2436e-03 4.8812e-01 5.1064e-01
17888.12 6.1217e-04 4.2357e-01 5.7582e-01
18532.37 4.7374e-04 3.8511e-01 6.1442e-01
19260.76 2.5536e-04 3.5034e-01 6.4941e-01
20034.10 2.9943e-04 3.0555e-01 6.9415e-01
20838.00 1.6439e-04 2.3660e-01 7.6323e-01
21647.97 1.2703e-04 2.1334e-01 7.8653e-01
22447.94 1.4234e-04 1.9457e-01 8.0529e-01
23245.88 1.1967e-04 1.2685e-01 8.7303e-01
24052.47 5.0319e-05 1.0203e-01 8.9792e-01
24867.72 4.8908e-05 1.0253e-01 8.9742e-01
25698.86 3.5801e-05 6.4239e-02 9.3573e-01
26587.16 1.6738e-05 6.0436e-02 9.3955e-01
27637.54 2.5546e-05 7.3386e-02 9.2659e-01
28986.97 2.8870e-05 5.2983e-02 9.4699e-01
#TIME: 213.89
#NVEL 78
#vel_mid[km/s] ne0 ne1 ne2
440.10 1.2445e-01 6.2873e-01 2.4682e-01
886.22 1.1216e-01 6.5391e-01 2.3393e-01
906.14 1.2635e-01 6.2856e-01 2.4509e-01
944.43 1.0688e-01 6.3243e-01 2.6070e-01
999.11 1.2810e-01 6.2429e-01 2.4762e-01
1060.83 1.2169e-01 6.2255e-01 2.5576e-01
1125.62 1.2819e-01 6.2884e-01 2.4297e-01
1194.38 1.1483e-01 6.2424e-01 2.6092e-01
1267.34 1.1432e-01 6.2410e-01 2.6158e-01
1344.75 1.2364e-01 6.2336e-01 2.5300e-01
1426.89 1.3164e-01 6.3167e-01 2.3669e-01
1514.05 1.4069e-01 6.2960e-01 2.2971e-01
1606.54 1.3534e-01 6.3196e-01 2.3270e-01
1704.67 1.2980e-01 6.2922e-01 2.4098e-01
1808.80 1.4041e-01 6.3224e-01 2.2735e-01
1919.29 1.3446e-01 6.3135e-01 2.3418e-01
2036.53 1.3089e-01 6.2846e-01 2.4065e-01
2160.92 1.3398e-01 6.2799e-01 2.3804e-01
2292.92 1.1342e-01 6.1709e-01 2.6950e-01
2432.98 1.0107e-01 6.0874e-01 2.9019e-01
2581.60 8.7382e-02 5.9635e-01 3.1627e-01
2739.29 7.4592e-02 5.8067e-01 3.4474e-01
2906.62 5.7222e-02 5.5282e-01 3.8996e-01
3084.17 4.2738e-02 5.1743e-01 4.3983e-01
3272.56 2.6197e-02 4.6655e-01 5.0725e-01
3472.46 1.5606e-02 4.1728e-01 5.6712e-01
3684.57 8.8170e-03 3.6392e-01 6.2726e-01
3909.64 5.7860e-03 3.3038e-01 6.6384e-01
4148.46 5.7103e-03 3.2702e-01 6.6727e-01
4401.86 7.0906e-03 3.4296e-01 6.4995e-01
4670.75 6.5724e-03 3.3960e-01 6.5382e-01
4956.05 3.5001e-03 2.9144e-01 7.0506e-01
5258.79 1.1257e-03 2.1723e-01 7.8164e-01
5580.02 2.6095e-04 1.6545e-01 8.3429e-01
5920.87 1.1239e-04 1.3173e-01 8.6816e-01
6282.54 6.8883e-05 1.0996e-01 8.8998e-01
6666.30 5.8145e-05 1.0411e-01 8.9583e-01
7073.50 6.0630e-05 1.0113e-01 8.9881e-01
7505.58 6.9381e-05 1.0818e-01 8.9175e-01
7964.05 7.9753e-05 1.1039e-01 8.8953e-01
8450.53 1.5378e-04 1.3484e-01 8.6500e-01
8966.72 5.0169e-04 1.7015e-01 8.2935e-01
9514.44 1.0936e-03 2.0791e-01 7.9099e-01
10095.62 2.7035e-03 2.6262e-01 7.3467e-01
10712.30 4.8573e-03 3.0818e-01 6.8696e-01
11366.65 7.2270e-03 3.4848e-01 6.4429e-01
12061.10 8.8089e-03 3.6493e-01 6.2626e-01
12793.43 9.0419e-03 3.6954e-01 6.2141e-01
13528.61 8.4158e-03 3.6617e-01 6.2541e-01
14194.74 7.9860e-03 3.5793e-01 6.3409e-01
14757.77 5.1862e-03 3.5888e-01 6.3594e-01
15240.48 3.4791e-03 4.1244e-01 5.8408e-01
15646.99 6.3846e-03 4.9498e-01 4.9864e-01
15960.30 7.6423e-03 6.0948e-01 3.8288e-01
16187.41 9.6953e-03 6.4121e-01 3.4909e-01
16354.17 7.3828e-03 6.5347e-01 3.3915e-01
16484.18 4.5277e-03 6.4215e-01 3.5332e-01
16593.12 4.6770e-03 6.0386e-01 3.9146e-01
16691.99 3.0695e-03 5.8554e-01 4.1139e-01
16788.59 2.7877e-03 5.5834e-01 4.3887e-01
16888.37 1.9898e-03 5.6234e-01 4.3567e-01
16998.79 1.9364e-03 5.2278e-01 4.7529e-01
17146.37 2.0593e-03 5.3998e-01 4.5797e-01
17415.23 9.9778e-04 4.7956e-01 5.1944e-01
17888.12 6.2886e-04 4.3243e-01 5.6694e-01
18532.37 4.2489e-04 3.9660e-01 6.0297e-01
19260.76 2.7522e-04 3.4440e-01 6.5532e-01
20034.10 2.8632e-04 3.2666e-01 6.7305e-01
20838.00 1.6178e-04 2.4146e-01 7.5838e-01
21647.97 1.6556e-04 2.2632e-01 7.7351e-01
22447.94 1.4878e-04 2.0280e-01 7.9705e-01
23245.88 8.4048e-05 1.5195e-01 8.4796e-01
24052.47 2.3111e-04 1.1255e-01 8.8721e-01
24867.72 1.0099e-04 1.2430e-01 8.7560e-01
25698.86 3.4527e-05 7.2762e-02 9.2720e-01
26587.16 3.9249e-05 8.0045e-02 9.1992e-01
27637.54 2.1879e-05 6.5763e-02 9.3421e-01
28986.97 6.7384e-06 2.6923e-02 9.7307e-01
#TIME: 216.97
#NVEL 78
#vel_mid[km/s] ne0 ne1 ne2
440.10 1.2194e-01 6.2560e-01 2.5246e-01
886.22 1.3804e-01 6.2276e-01 2.3920e-01
906.14 1.2873e-01 6.1987e-01 2.5140e-01
944.43 1.3379e-01 6.3171e-01 2.3450e-01
999.11 1.1417e-01 6.2909e-01 2.5673e-01
1060.83 1.2421e-01 6.2466e-01 2.5113e-01
1125.62 1.1582e-01 6.2625e-01 2.5793e-01
1194.38 1.2725e-01 6.3140e-01 2.4135e-01
1267.34 1.1396e-01 6.2832e-01 2.5772e-01
1344.75 1.2217e-01 6.2769e-01 2.5014e-01
1426.89 1.3555e-01 6.3559e-01 2.2886e-01
1514.05 1.3462e-01 6.3767e-01 2.2772e-01
1606.54 1.4630e-01 6.3181e-01 2.2189e-01
1704.67 1.4177e-01 6.3332e-01 2.2491e-01
1808.80 1.4175e-01 6.3136e-01 2.2689e-01
1919.29 1.3656e-01 6.3089e-01 2.3255e-01
2036.53 1.3065e-01 6.3112e-01 2.3823e-01
2160.92 1.2930e-01 6.2991e-01 2.4079e-01
2292.92 1.2019e-01 6.2420e-01 2.5561e-01
2432.98 1.0783e-01 6.1366e-01 2.7850e-01
2581.60 9.3350e-02 6.0183e-01 3.0482e-01
2739.29 7.5429e-02 5.8363e-01 3.4094e-01
2906.62 5.9554e-02 5.5404e-01 3.8640e-01
3084.17 4.3674e-02 5.1935e-01 4.3697e-01
3272.56 2.6796e-02 4.7211e-01 5.0109e-01
3472.46 1.5278e-02 4.1759e-01 5.6713e-01
3684.57 9.2342e-03 3.7653e-01 6.1424e-01
3909.64 5.6518e-03 3.2777e-01 6.6658e-01
4148.46 5.7499e-03 3.3285e-01 6.6140e-01
4401.86 7.6472e-03 3.5393e-01 6.3842e-01
4670.75 6.9148e-03 3.4581e-01 6.4728e-01
4956.05 3.4870e-03 2.8589e-01 7.1062e-01
5258.79 1.1641e-03 2.2672e-01 7.7212e-01
5580.02 2.6480e-04 1.7137e-01 8.2837e-01
5920.87 1.0805e-04 1.3312e-01 8.6677e-01
6282.54 6.5325e-05 1.0803e-01 8.9191e-01
6666.30 6.0884e-05 1.0634e-01 8.9360e-01
7073.50 5.9576e-05 1.0064e-01 8.9930e-01
7505.58 6.8880e-05 1.0694e-01 8.9299e-01
7964.05 7.9458e-05 1.0705e-01 8.9287e-01
8450.53 1.5526e-04 1.2846e-01 8.7138e-01
8966.72 4.9716e-04 1.6862e-01 8.3089e-01
9514.44 1.2051e-03 2.1198e-01 7.8682e-01
10095.62 2.5861e-03 2.5702e-01 7.4039e-01
10712.30 4.6981e-03 3.0677e-01 6.8853e-01
11366.65 7.5791e-03 3.4861e-01 6.4381e-01
12061.10 8.8608e-03 3.6356e-01 6.2758e-01
12793.43 8.5914e-03 3.7345e-01 6.1796e-01
13528.61 9.4318e-03 3.7695e-01 6.1362e-01
14194.74 7.1809e-03 3.7361e-01 6.1921e-01
14757.77 6.5787e-03 3.6315e-01 6.3027e-01
15240.48 5.2514e-03 4.1067e-01 5.8408e-01
15646.99 7.0146e-03 4.9429e-01 4.9869e-01
15960.30 8.0502e-03 6.0515e-01 3.8680e-01
16187.41 8.1211e-03 6.5209e-01 3.3979e-01
16354.17 8.3549e-03 6.5628e-01 3.3536e-01
16484.18 6.0527e-03 6.3584e-01 3.5811e-01
16593.12 5.0158e-03 6.0863e-01 3.8636e-01
16691.99 4.4702e-03 5.7243e-01 4.2310e-01
16788.59 3.7846e-03 5.6161e-01 4.3461e-01
16888.37 1.7214e-03 5.5682e-01 4.4146e-01
16998.79 2.2860e-03 5.2157e-01 4.7614e-01
17146.37 1.6052e-03 5.1009e-01 4.8830e-01
17415.23 1.6281e-03 4.7819e-01 5.2018e-01
17888.12 5.4926e-04 4.3800e-01 5.6146e-01
18532.37 5.1016e-04 3.9784e-01 6.0165e-01
19260.76 3.3646e-04 3.4332e-01 6.5634e-01
20034.10 2.2907e-04 3.0719e-01 6.9258e-01
20838.00 1.7503e-04 2.5020e-01 7.4962e-01
21647.97 1.5958e-04 2.2105e-01 7.7879e-01
22447.94 1.8020e-04 1.8098e-01 8.1884e-01
23245.88 1.5859e-04 1.4131e-01 8.5853e-01
24052.47 9.4522e-05 1.1441e-01 8.8549e-01
24867.72 1.2066e-04 8.5068e-02 9.1481e-01
25698.86 2.4123e-05 6.7565e-02 9.3241e-01
26587.16 4.8379e-05 6.1315e-02 9.3864e-01
27637.54 4.1102e-05 6.3680e-02 9.3628e-01
28986.97 1.5667e-05 4.9028e-02 9.5096e-01
#TIME: 220.09
#NVEL 78
#vel_mid[km/s] ne0 ne1 ne2
440.10 1.3105e-01 6.2959e-01 2.3936e-01
886.22 1.2086e-01 6.1110e-01 2.6804e-01
906.14 1.3850e-01 6.2846e-01 2.3304e-01
944.43 1.2672e-01 6.3286e-01 2.4042e-01
999.11 1.2822e-01 6.3081e-01 2.4097e-01
1060.83 1.2104e-01 6.3377e-01 2.4519e-01
1125.62 1.2504e-01 6.3357e-01 2.4140e-01
1194.38 1.3631e-01 6.3095e-01 2.3274e-01
1267.34 1.2210e-01 6.3098e-01 2.4692e-01
1344.75 1.2580e-01 6.2832e-01 2.4588e-01
1426.89 1.3187e-01 6.3570e-01 2.3242e-01
1514.05 1.3744e-01 6.3470e-01 2.2786e-01
1606.54 1.4213e-01 6.3544e-01 2.2243e-01
1704.67 1.3724e-01 6.3431e-01 2.2845e-01
1808.80 1.3848e-01 6.3182e-01 2.2970e-01
1919.29 1.4375e-01 6.3273e-01 2.2352e-01
2036.53 1.3503e-01 6.3127e-01 2.3370e-01
2160.92 1.2796e-01 6.2889e-01 2.4314e-01
2292.92 1.1672e-01 6.2259e-01 2.6069e-01
2432.98 1.0329e-01 6.1364e-01 2.8307e-01
2581.60 8.8948e-02 5.9834e-01 3.1271e-01
2739.29 7.5455e-02 5.8042e-01 3.4412e-01
2906.62 5.9403e-02 5.5798e-01 3.8262e-01
3084.17 4.2878e-02 5.1890e-01 4.3823e-01
3272.56 2.6773e-02 4.7277e-01 5.0046e-01
3472.46 1.5696e-02 4.2208e-01 5.6223e-01
3684.57 9.0739e-03 3.6472e-01 6.2621e-01
3909.64 5.4093e-03 3.2400e-01 6.7059e-01
4148.46 5.5403e-03 3.1892e-01 6.7554e-01
4401.86 8.1550e-03 3.6656e-01 6.2529e-01
4670.75 7.6906e-03 3.6210e-01 6.3021e-01
4956.05 3.5124e-03 2.8634e-01 7.1015e-01
5258.79 1.0536e-03 2.1379e-01 7.8516e-01
5580.02 2.5508e-04 1.6697e-01 8.3277e-01
5920.87 1.0677e-04 1.2593e-01 8.7396e-01
6282.54 6.5720e-05 1.0923e-01 8.9070e-01
6666.30 6.1333e-05 1.0745e-01 8.9249e-01
7073.50 5.9092e-05 1.0281e-01 8.9713e-01
7505.58 6.6814e-05 1.0022e-01 8.9971e-01
7964.05 8.0050e-05 1.1021e-01 8.8971e-01
8450.53 1.5468e-04 1.2618e-01 8.7367e-01
8966.72 4.5865e-04 1.6393e-01 8.3561e-01
9514.44 1.1524e-03 2.0772e-01 7.9113e-01
10095.62 2.7058e-03 2.6282e-01 7.3447e-01
10712.30 4.4872e-03 3.0278e-01 6.9274e-01
11366.65 7.5326e-03 3.5799e-01 6.3448e-01
12061.10 9.0679e-03 3.6995e-01 6.2098e-01
12793.43 9.0607e-03 3.7397e-01 6.1697e-01
13528.61 1.0700e-02 3.6711e-01 6.2219e-01
14194.74 7.0047e-03 3.5347e-01 6.3953e-01
14757.77 6.3797e-03 3.5053e-01 6.4309e-01
15240.48 6.0113e-03 4.0154e-01 5.9245e-01
15646.99 7.0305e-03 4.9838e-01 4.9459e-01
15960.30 8.7390e-03 6.1016e-01 3.8110e-01
16187.41 8.2665e-03 6.4968e-01 3.4205e-01
16354.17 7.7156e-03 6.5327e-01 3.3901e-01
16484.18 5.6696e-03 6.4399e-01 3.5034e-01
16593.12 6.7927e-03 5.9860e-01 3.9460e-01
16691.99 9.0691e-03 5.6774e-01 4.2319e-01
16788.59 3.4735e-03 5.6605e-01 4.3048e-01
16888.37 2.4628e-03 5.4962e-01 4.4792e-01
16998.79 1.8776e-03 5.3504e-01 4.6308e-01
17146.37 1.4100e-03 5.1828e-01 4.8031e-01
17415.23 1.2584e-03 4.9994e-01 4.9880e-01
17888.12 7.6936e-04 4.3584e-01 5.6339e-01
18532.37 4.3095e-04 4.0391e-01 5.9566e-01
19260.76 3.3686e-04 3.6463e-01 6.3504e-01
20034.10 2.0338e-04 3.1455e-01 6.8525e-01
20838.00 1.9542e-04 2.4754e-01 7.5227e-01
21647.97 1.3273e-04 2.1320e-01 7.8667e-01
22447.94 1.6919e-04 1.5569e-01 8.4414e-01
23245.88 2.3170e-04 1.5528e-01 8.4449e-01
24052.47 9.6782e-05 1.1197e-01 8.8793e-01
24867.72 5.9771e-05 1.1390e-01 8.8604e-01
25698.86 4.9154e-05 6.6026e-02 9.3393e-01
26587.16 4.8231e-05 7.8591e-02 9.2136e-01
27637.54 8.3946e-05 6.5065e-02 9.3485e-01
28986.97 1.8255e-05 4.5066e-02 9.5492e-01
#TIME: 223.25
#NVEL 78
#vel_mid[km/s] ne0 ne1 ne2
440.10 1.2773e-01 6.2970e-01 2.4256e-01
886.22 1.0960e-01 6.4697e-01 2.4343e-01
906.14 1.1886e-01 6.3181e-01 2.4934e-01
944.43 1.2320e-01 6.2891e-01 2.4788e-01
999.11 1.4319e-01 6.4024e-01 2.1656e-01
1060.83 1.2378e-01 6.2629e-01 2.4993e-01
1125.62 1.2215e-01 6.2461e-01 2.5325e-01
1194.38 1.3038e-01 6.2674e-01 2.4288e-01
1267.34 1.1605e-01 6.2532e-01 2.5863e-01
1344.75 1.2900e-01 6.3047e-01 2.4053e-01
1426.89 1.3806e-01 6.3234e-01 2.2960e-01
1514.05 1.4121e-01 6.3556e-01 2.2323e-01
1606.54 1.3457e-01 6.2979e-01 2.3564e-01
1704.67 1.4627e-01 6.3879e-01 2.1494e-01
1808.80 1.4019e-01 6.3154e-01 2.2827e-01
1919.29 1.4100e-01 6.3489e-01 2.2412e-01
2036.53 1.4362e-01 6.3478e-01 2.2160e-01
2160.92 1.3608e-01 6.3157e-01 2.3236e-01
2292.92 1.2431e-01 6.2621e-01 2.4948e-01
2432.98 1.0534e-01 6.1657e-01 2.7809e-01
2581.60 9.0291e-02 5.9967e-01 3.1003e-01
2739.29 7.8665e-02 5.8588e-01 3.3546e-01
2906.62 6.1313e-02 5.6249e-01 3.7620e-01
3084.17 4.5079e-02 5.2815e-01 4.2677e-01
3272.56 2.7573e-02 4.7699e-01 4.9543e-01
3472.46 1.5571e-02 4.1999e-01 5.6444e-01
3684.57 9.2735e-03 3.7238e-01 6.1835e-01
3909.64 5.2923e-03 3.1250e-01 6.8221e-01
4148.46 5.8124e-03 3.2806e-01 6.6612e-01
4401.86 7.8596e-03 3.5031e-01 6.4183e-01
4670.75 7.8309e-03 3.6388e-01 6.2829e-01
4956.05 3.8241e-03 2.9704e-01 6.9913e-01
5258.79 1.0522e-03 2.2164e-01 7.7731e-01
5580.02 2.7725e-04 1.7514e-01 8.2458e-01
5920.87 1.0277e-04 1.3295e-01 8.6695e-01
6282.54 7.0805e-05 1.1053e-01 8.8940e-01
6666.30 6.2292e-05 1.0541e-01 8.9452e-01
7073.50 5.8281e-05 1.0121e-01 8.9874e-01
7505.58 6.6697e-05 1.0154e-01 8.9839e-01
7964.05 7.7663e-05 1.0543e-01 8.9449e-01
8450.53 1.5500e-04 1.2999e-01 8.6986e-01
8966.72 4.6674e-04 1.6329e-01 8.3625e-01
9514.44 1.1340e-03 2.0244e-01 7.9643e-01
10095.62 2.6205e-03 2.6412e-01 7.3326e-01
10712.30 4.8615e-03 3.1506e-01 6.8008e-01
11366.65 7.0512e-03 3.5325e-01 6.3970e-01
12061.10 9.0868e-03 3.7552e-01 6.1539e-01
12793.43 9.4378e-03 3.6457e-01 6.2599e-01
13528.61 8.1343e-03 3.7552e-01 6.1634e-01
14194.74 7.2088e-03 3.8625e-01 6.0655e-01
14757.77 5.7345e-03 3.7525e-01 6.1901e-01
15240.48 6.2858e-03 4.0465e-01 5.8907e-01
15646.99 6.7405e-03 5.0340e-01 4.8986e-01
15960.30 9.1864e-03 6.1833e-01 3.7248e-01
16187.41 8.6959e-03 6.5283e-01 3.3848e-01
16354.17 7.0731e-03 6.6948e-01 3.2345e-01
16484.18 6.3618e-03 6.4002e-01 3.5362e-01
16593.12 5.9830e-03 6.2450e-01 3.6952e-01
16691.99 5.5145e-03 5.8179e-01 4.1269e-01
16788.59 4.2105e-03 5.6188e-01 4.3391e-01
16888.37 3.6006e-03 5.5783e-01 4.3857e-01
16998.79 2.1397e-03 5.3516e-01 4.6270e-01
17146.37 1.6563e-03 5.1685e-01 4.8149e-01
17415.23 1.1899e-03 4.8287e-01 5.1594e-01
17888.12 8.7557e-04 4.4548e-01 5.5364e-01
18532.37 5.3190e-04 3.9671e-01 6.0276e-01
19260.76 3.5928e-04 3.9010e-01 6.0954e-01
20034.10 2.6775e-04 3.0868e-01 6.9105e-01
20838.00 1.1822e-04 2.6204e-01 7.3784e-01
21647.97 2.4382e-04 2.4005e-01 7.5971e-01
22447.94 1.7713e-04 1.9033e-01 8.0949e-01
23245.88 1.3482e-04 1.4391e-01 8.5596e-01
24052.47 1.9896e-04 9.2499e-02 9.0730e-01
24867.72 1.5588e-04 7.4469e-02 9.2537e-01
25698.86 2.5877e-05 3.8007e-02 9.6197e-01
26587.16 9.0355e-05 7.8043e-02 9.2187e-01
27637.54 6.0072e-05 6.1013e-02 9.3893e-01
28986.97 6.5051e-05 5.3192e-02 9.4674e-01
#TIME: 226.46
#NVEL 78
#vel_mid[km/s] ne0 ne1 ne2
440.10 1.3876e-01 6.2987e-01 2.3137e-01
886.22 1.4462e-01 6.2329e-01 2.3209e-01
906.14 1.1975e-01 6.1712e-01 2.6313e-01
944.43 1.4061e-01 6.2607e-01 2.3332e-01
999.11 1.3115e-01 6.2853e-01 2.4031e-01
1060.83 1.2941e-01 6.3151e-01 2.3908e-01
1125.62 1.3468e-01 6.3129e-01 2.3403e-01
1194.38 1.2851e-01 6.3353e-01 2.3796e-01
1267.34 1.2631e-01 6.3746e-01 2.3623e-01
1344.75 1.3213e-01 6.2752e-01 2.4035e-01
1426.89 1.3663e-01 6.3359e-01 2.2977e-01
1514.05 1.4758e-01 6.2944e-01 2.2298e-01
1606.54 1.4532e-01 6.3510e-01 2.1958e-01
1704.67 1.4987e-01 6.3517e-01 2.1496e-01
1808.80 1.4605e-01 6.3692e-01 2.1703e-01
1919.29 1.4747e-01 6.3854e-01 2.1400e-01
2036.53 1.3734e-01 6.3504e-01 2.2762e-01
2160.92 1.3428e-01 6.2872e-01 2.3700e-01
2292.92 1.2190e-01 6.2835e-01 2.4975e-01
2432.98 1.1023e-01 6.1795e-01 2.7182e-01
2581.60 9.2683e-02 6.0569e-01 3.0163e-01
2739.29 7.8081e-02 5.8360e-01 3.3832e-01
2906.62 5.9397e-02 5.5885e-01 3.8175e-01
3084.17 4.5621e-02 5.2640e-01 4.2798e-01
3272.56 2.6855e-02 4.6769e-01 5.0545e-01
3472.46 1.5786e-02 4.1536e-01 5.6885e-01
3684.57 9.6177e-03 3.7817e-01 6.1222e-01
3909.64 5.8629e-03 3.3337e-01 6.6077e-01
4148.46 5.6882e-03 3.2362e-01 6.7069e-01
4401.86 7.9433e-03 3.5460e-01 6.3746e-01
4670.75 7.4527e-03 3.5546e-01 6.3708e-01
4956.05 3.5349e-03 2.9521e-01 7.0125e-01
5258.79 1.0678e-03 2.2613e-01 7.7280e-01
5580.02 2.5689e-04 1.6605e-01 8.3369e-01
5920.87 1.0346e-04 1.2928e-01 8.7062e-01
6282.54 7.1356e-05 1.1237e-01 8.8756e-01
6666.30 6.1847e-05 1.0341e-01 8.9653e-01
7073.50 6.0328e-05 1.0255e-01 8.9739e-01
7505.58 6.3303e-05 9.9656e-02 9.0028e-01
7964.05 8.3695e-05 1.1154e-01 8.8837e-01
8450.53 1.6780e-04 1.3443e-01 8.6540e-01
8966.72 4.7243e-04 1.7023e-01 8.2930e-01
9514.44 1.1391e-03 2.1539e-01 7.8347e-01
10095.62 2.6620e-03 2.5648e-01 7.4085e-01
10712.30 4.7566e-03 3.1203e-01 6.8322e-01
11366.65 7.2048e-03 3.4741e-01 6.4538e-01
12061.10 9.4922e-03 3.6620e-01 6.2430e-01
12793.43 9.9436e-03 3.8087e-01 6.0919e-01
13528.61 9.3646e-03 3.7130e-01 6.1934e-01
14194.74 6.9477e-03 3.7419e-01 6.1886e-01
14757.77 7.5349e-03 3.6253e-01 6.2994e-01
15240.48 5.4574e-03 4.2044e-01 5.7411e-01
15646.99 7.4247e-03 5.0651e-01 4.8607e-01
15960.30 1.0947e-02 6.0393e-01 3.8512e-01
16187.41 8.1919e-03 6.5484e-01 3.3697e-01
16354.17 9.7490e-03 6.5961e-01 3.3064e-01
16484.18 6.8439e-03 6.4626e-01 3.4689e-01
16593.12 5.0149e-03 6.3543e-01 3.5955e-01
16691.99 4.7681e-03 5.8164e-01 4.1359e-01
16788.59 3.5021e-03 5.9327e-01 4.0323e-01
16888.37 3.5248e-03 5.3616e-01 4.6031e-01
16998.79 2.3484e-03 5.4110e-01 4.5656e-01
17146.37 1.5927e-03 5.3156e-01 4.6685e-01
17415.23 1.4955e-03 5.2860e-01 4.6991e-01
17888.12 8.9566e-04 4.3396e-01 5.6515e-01
18532.37 4.1224e-04 4.1327e-01 5.8632e-01
19260.76 3.5810e-04 3.6207e-01 6.3758e-01
20034.10 2.1621e-04 2.9808e-01 7.0170e-01
20838.00 2.2694e-04 2.6123e-01 7.3855e-01
21647.97 1.6572e-04 2.6588e-01 7.3395e-01
22447.94 1.4938e-04 2.0133e-01 7.9852e-01
23245.88 1.1593e-04 1.4841e-01 8.5147e-01
24052.47 1.2492e-04 1.3785e-01 8.6203e-01
24867.72 6.3759e-05 1.1127e-01 8.8867e-01
25698.86 8.8914e-05 1.1173e-01 8.8818e-01
26587.16 1.7246e-04 7.9115e-02 9.2071e-01
27637.54 3.3874e-05 5.2929e-02 9.4704e-01
28986.97 4.9046e-05 4.4929e-02 9.5502e-01
#TIME: 229.71
#NVEL 78
#vel_mid[km/s] ne0 ne1 ne2
440.10 1.4247e-01 6.2847e-01 2.2905e-01
886.22 1.2692e-01 6.3813e-01 2.3495e-01
906.14 1.2776e-01 6.1650e-01 2.5574e-01
944.43 1.3936e-01 6.3512e-01 2.2551e-01
999.11 1.2606e-01 6.2461e-01 2.4933e-01
1060.83 1.3239e-01 6.3212e-01 2.3549e-01
1125.62 1.2910e-01 6.3146e-01 2.3944e-01
1194.38 1.3519e-01 6.3422e-01 2.3059e-01
1267.34 1.3418e-01 6.3083e-01 2.3499e-01
1344.75 1.3101e-01 6.3164e-01 2.3735e-01
1426.89 1.4392e-01 6.3589e-01 2.2019e-01
1514.05 1.4298e-01 6.3287e-01 2.2415e-01
1606.54 1.3888e-01 6.3538e-01 2.2574e-01
1704.67 1.4471e-01 6.3475e-01 2.2055e-01
1808.80 1.4374e-01 6.3236e-01 2.2391e-01
1919.29 1.5445e-01 6.3399e-01 2.1156e-01
2036.53 1.4888e-01 6.3822e-01 2.1290e-01
2160.92 1.3381e-01 6.3151e-01 2.3468e-01
2292.92 1.2797e-01 6.2783e-01 2.4420e-01
2432.98 1.0576e-01 6.1640e-01 2.7784e-01
2581.60 9.1954e-02 6.0495e-01 3.0309e-01
2739.29 7.6372e-02 5.8524e-01 3.3839e-01
2906.62 6.1943e-02 5.6230e-01 3.7576e-01
3084.17 4.5626e-02 5.2703e-01 4.2735e-01
3272.56 2.7759e-02 4.8062e-01 4.9163e-01
3472.46 1.5493e-02 4.2085e-01 5.6366e-01
3684.57 9.5326e-03 3.7748e-01 6.1298e-01
3909.64 5.7371e-03 3.2998e-01 6.6428e-01
4148.46 5.5361e-03 3.2096e-01 6.7350e-01
4401.86 7.7558e-03 3.5735e-01 6.3489e-01
4670.75 7.0714e-03 3.5080e-01 6.4213e-01
4956.05 3.4432e-03 2.9545e-01 7.0111e-01
5258.79 1.1086e-03 2.2786e-01 7.7103e-01
5580.02 2.6807e-04 1.6768e-01 8.3205e-01
5920.87 1.1511e-04 1.3240e-01 8.6748e-01
6282.54 7.1008e-05 1.1158e-01 8.8834e-01
6666.30 6.3103e-05 1.0549e-01 8.9444e-01
7073.50 5.9202e-05 1.0318e-01 8.9676e-01
7505.58 6.6085e-05 1.0303e-01 8.9691e-01
7964.05 8.2960e-05 1.1450e-01 8.8542e-01
8450.53 1.6253e-04 1.3533e-01 8.6450e-01
8966.72 4.6809e-04 1.6968e-01 8.2985e-01
9514.44 1.1520e-03 2.1021e-01 7.8864e-01
10095.62 2.6468e-03 2.6393e-01 7.3342e-01
10712.30 4.9253e-03 3.1472e-01 6.8035e-01
11366.65 7.0236e-03 3.5549e-01 6.3748e-01
12061.10 9.0767e-03 3.7643e-01 6.1449e-01
12793.43 1.0251e-02 3.7876e-01 6.1099e-01
13528.61 1.0813e-02 3.6499e-01 6.2420e-01
14194.74 6.1672e-03 3.6649e-01 6.2734e-01
14757.77 8.0587e-03 3.6191e-01 6.3003e-01
15240.48 5.1654e-03 4.2090e-01 5.7393e-01
15646.99 6.7563e-03 5.0264e-01 4.9061e-01
15960.30 9.5448e-03 6.1603e-01 3.7443e-01
16187.41 9.0785e-03 6.6389e-01 3.2703e-01
16354.17 7.5884e-03 6.9189e-01 3.0052e-01
16484.18 8.1617e-03 6.4402e-01 3.4781e-01
16593.12 4.7910e-03 6.2150e-01 3.7371e-01
16691.99 3.6561e-03 6.2244e-01 3.7390e-01
16788.59 3.2548e-03 5.7960e-01 4.1715e-01
16888.37 4.5821e-03 5.6034e-01 4.3508e-01
16998.79 2.5810e-03 5.3902e-01 4.5840e-01
17146.37 1.3795e-03 5.2266e-01 4.7596e-01
17415.23 9.0397e-04 5.0451e-01 4.9459e-01
17888.12 9.5257e-04 4.4086e-01 5.5819e-01
18532.37 4.5430e-04 4.0592e-01 5.9362e-01
19260.76 3.0057e-04 3.6209e-01 6.3761e-01
20034.10 3.3294e-04 3.2094e-01 6.7873e-01
20838.00 2.6683e-04 2.6733e-01 7.3241e-01
21647.97 1.8724e-04 2.3881e-01 7.6100e-01
22447.94 1.6472e-04 1.9257e-01 8.0726e-01
23245.88 7.9616e-05 1.4954e-01 8.5038e-01
24052.47 8.5339e-05 1.1762e-01 8.8230e-01
24867.72 1.9062e-04 9.1287e-02 9.0852e-01
25698.86 3.6454e-05 6.9343e-02 9.3062e-01
26587.16 4.1485e-05 8.0832e-02 9.1913e-01
27637.54 7.5816e-05 6.6626e-02 9.3330e-01
28986.97 9.9859e-05 5.8605e-02 9.4130e-01
#TIME: 233.01
#NVEL 78
#vel_mid[km/s] ne0 ne1 ne2
440.10 1.2921e-01 6.2501e-01 2.4577e-01
886.22 1.1690e-01 6.0855e-01 2.7455e-01
906.14 1.5599e-01 6.3270e-01 2.1131e-01
944.43 1.3907e-01 6.3285e-01 2.2808e-01
999.11 1.4188e-01 6.2755e-01 2.3057e-01
1060.83 1.2171e-01 6.2759e-01 2.5070e-01
1125.62 1.2748e-01 6.2776e-01 2.4477e-01
1194.38 1.3775e-01 6.2670e-01 2.3554e-01
1267.34 1.4460e-01 6.3251e-01 2.2289e-01
1344.75 1.4019e-01 6.3497e-01 2.2484e-01
1426.89 1.3823e-01 6.3420e-01 2.2757e-01
1514.05 1.5596e-01 6.3552e-01 2.0852e-01
1606.54 1.4727e-01 6.3695e-01 2.1578e-01
1704.67 1.4829e-01 6.3917e-01 2.1254e-01
1808.80 1.5366e-01 6.3653e-01 2.0982e-01
1919.29 1.4832e-01 6.3424e-01 2.1744e-01
2036.53 1.4295e-01 6.3411e-01 2.2294e-01
2160.92 1.4068e-01 6.3430e-01 2.2502e-01
2292.92 1.2304e-01 6.2737e-01 2.4958e-01
2432.98 1.1264e-01 6.2057e-01 2.6679e-01
2581.60 9.7359e-02 6.0831e-01 2.9433e-01
2739.29 8.1567e-02 5.9205e-01 3.2639e-01
2906.62 6.0896e-02 5.6086e-01 3.7825e-01
3084.17 4.7003e-02 5.3299e-01 4.2001e-01
3272.56 2.9520e-02 4.8494e-01 4.8554e-01
3472.46 1.5771e-02 4.2234e-01 5.6188e-01
3684.57 9.7732e-03 3.8148e-01 6.0875e-01
3909.64 5.6852e-03 3.3100e-01 6.6332e-01
4148.46 6.5566e-03 3.4466e-01 6.4878e-01
4401.86 8.8013e-03 3.7315e-01 6.1805e-01
4670.75 7.4345e-03 3.6288e-01 6.2968e-01
4956.05 3.7165e-03 2.9852e-01 6.9776e-01
5258.79 1.0467e-03 2.1829e-01 7.8066e-01
5580.02 2.7856e-04 1.6918e-01 8.3054e-01
5920.87 1.1629e-04 1.3682e-01 8.6307e-01
6282.54 6.8918e-05 1.1275e-01 8.8718e-01
6666.30 6.2227e-05 1.0421e-01 8.9573e-01
7073.50 6.2530e-05 1.0217e-01 8.9777e-01
7505.58 6.0274e-05 9.9364e-02 9.0058e-01
7964.05 8.4229e-05 1.1164e-01 8.8827e-01
8450.53 1.6102e-04 1.3412e-01 8.6571e-01
8966.72 4.5558e-04 1.6411e-01 8.3544e-01
9514.44 1.1153e-03 2.0415e-01 7.9474e-01
10095.62 2.6746e-03 2.6217e-01 7.3516e-01
10712.30 4.8507e-03 3.0499e-01 6.9016e-01
11366.65 7.0633e-03 3.4847e-01 6.4447e-01
12061.10 8.7889e-03 3.7417e-01 6.1704e-01
12793.43 1.0762e-02 3.7563e-01 6.1361e-01
13528.61 9.9108e-03 3.7224e-01 6.1785e-01
14194.74 7.8299e-03 3.8396e-01 6.0821e-01
14757.77 7.7041e-03 3.7427e-01 6.1803e-01
15240.48 8.7315e-03 4.2993e-01 5.6134e-01
15646.99 7.1490e-03 5.0827e-01 4.8458e-01
15960.30 8.0702e-03 6.2075e-01 3.7118e-01
16187.41 9.3616e-03 6.6023e-01 3.3040e-01
16354.17 1.1244e-02 6.6706e-01 3.2169e-01
16484.18 7.6439e-03 6.4375e-01 3.4861e-01
16593.12 6.1152e-03 6.1034e-01 3.8354e-01
16691.99 4.3773e-03 6.1323e-01 3.8239e-01
16788.59 3.4328e-03 5.7552e-01 4.2104e-01
16888.37 3.1791e-03 5.6063e-01 4.3619e-01
16998.79 3.0063e-03 5.4728e-01 4.4971e-01
17146.37 1.7832e-03 5.4514e-01 4.5308e-01
17415.23 1.2446e-03 5.0557e-01 4.9319e-01
17888.12 8.9251e-04 4.6959e-01 5.2952e-01
18532.37 6.0081e-04 4.1543e-01 5.8397e-01
19260.76 3.9845e-04 3.6995e-01 6.2965e-01
20034.10 3.9346e-04 3.4218e-01 6.5742e-01
20838.00 1.8728e-04 2.7084e-01 7.2897e-01
21647.97 2.8427e-04 2.5467e-01 7.4504e-01
22447.94 1.2430e-04 1.8380e-01 8.1607e-01
23245.88 3.7341e-04 1.6180e-01 8.3783e-01
24052.47 8.6427e-05 1.2989e-01 8.7002e-01
24867.72 1.2874e-04 1.2613e-01 8.7375e-01
25698.86 4.4668e-05 5.2367e-02 9.4759e-01
26587.16 1.1515e-04 4.7300e-02 9.5259e-01
27637.54 7.0387e-05 7.6535e-02 9.2339e-01
28986.97 4.2170e-05 4.5837e-02 9.5412e-01
#TIME: 236.36
#NVEL 78
#vel_mid[km/s] ne0 ne1 ne2
440.10 1.4037e-01 6.3312e-01 2.2651e-01
886.22 1.3721e-01 6.2190e-01 2.4088e-01
906.14 1.5311e-01 6.2669e-01 2.2020e-01
944.43 1.4434e-01 6.3008e-01 2.2557e-01
999.11 1.2820e-01 6.3901e-01 2.3279e-01
