#NTIMES:    65
#NSTAGES:     5
#TIMES[d]:     0.500    0.550    0.666    0.733    0.806    0.887    0.976    1.074    1.181    1.300    1.430    1.573    1.730    1.900    2.090    2.300    2.530    2.783    3.061    3.367    3.704    4.074    4.481    4.929    5.422    5.964    6.560    7.216    7.938    8.732    9.600   10.560   11.620   12.780   14.060   15.470   17.020   18.720   20.590   22.650   24.910   27.400   30.140   33.150   36.460   40.110   44.120   48.530   53.380   58.720   64.590   71.050   78.200   86.000   94.600  104.100  114.500  126.000  138.600  152.500  167.800  184.600  203.100  223.400  245.800
#
#TIME:     0.500
#NVEL: 115
#vel_mid[km/s]           ca0           ca1           ca2           ca3           ca4
    8.772128E+02   1.0000E-099   1.1992E-016   2.9456E-011   2.5193E-005   9.9997E-001
    8.826573E+02   1.0000E-099   1.1992E-016   2.9456E-011   2.5193E-005   9.9997E-001
    8.991942E+02   1.0000E-099   1.1992E-016   2.9456E-011   2.5193E-005   9.9997E-001
    9.332033E+02   1.0000E-099   1.1992E-016   2.9456E-011   2.5193E-005   9.9997E-001
    9.912889E+02   1.0000E-099   1.1992E-016   2.9456E-011   2.5193E-005   9.9997E-001
    1.052238E+03   1.0000E-099   1.1992E-016   2.9456E-011   2.5193E-005   9.9997E-001
    1.116940E+03   1.0000E-099   1.1986E-016   2.9446E-011   2.5188E-005   9.9997E-001
    1.185621E+03   1.0000E-099   1.1929E-016   2.9346E-011   2.5140E-005   9.9997E-001
    1.258525E+03   1.0000E-099   1.1810E-016   2.9137E-011   2.5041E-005   9.9997E-001
    1.335911E+03   1.0000E-099   1.1700E-016   2.8955E-011   2.4947E-005   9.9998E-001
    1.418056E+03   1.0000E-099   1.1082E-016   2.7850E-011   2.4425E-005   9.9998E-001
    1.505253E+03   1.0000E-099   8.7305E-018   4.3686E-012   9.5667E-006   9.9999E-001
    1.597810E+03   1.0000E-099   8.0187E-018   4.1051E-012   9.2757E-006   9.9999E-001
    1.696060E+03   1.0000E-099   3.3326E-018   2.1739E-012   6.7917E-006   9.9999E-001
    1.800350E+03   1.0000E-099   2.7302E-018   1.8942E-012   6.3618E-006   9.9999E-001
    1.911054E+03   1.0000E-099   8.1379E-019   7.9420E-013   4.1895E-006   1.0000E+000
    2.028564E+03   1.0000E-099   5.7091E-019   6.1791E-013   3.7213E-006   1.0000E+000
    2.153300E+03   1.0000E-099   2.1751E-019   3.1073E-013   2.6918E-006   1.0000E+000
    2.285707E+03   1.0000E-099   9.0776E-020   1.6606E-013   2.0035E-006   1.0000E+000
    2.426255E+03   1.0000E-099   4.5022E-020   1.0019E-013   1.5782E-006   1.0000E+000
    2.575445E+03   1.0000E-099   1.5345E-020   4.6677E-014   1.1080E-006   1.0000E+000
    2.733809E+03   1.0000E-099   9.4092E-021   3.2862E-014   9.4028E-007   1.0000E+000
    2.901910E+03   1.0000E-099   5.9847E-021   2.3772E-014   8.0865E-007   1.0000E+000
    3.080349E+03   1.0000E-099   4.1146E-021   1.7960E-014   7.0548E-007   1.0000E+000
    3.269759E+03   1.0000E-099   3.3932E-021   1.5317E-014   6.4840E-007   1.0000E+000
    3.470816E+03   1.0000E-099   3.2512E-021   1.4461E-014   6.2347E-007   1.0000E+000
    3.684237E+03   1.0000E-099   3.2638E-021   1.4007E-014   6.0485E-007   1.0000E+000
    3.910780E+03   1.0000E-099   3.0727E-021   1.2862E-014   5.7159E-007   1.0000E+000
    4.151254E+03   1.0000E-099   3.8971E-021   1.4432E-014   5.9127E-007   1.0000E+000
    4.406514E+03   1.0000E-099   4.6113E-021   1.6162E-014   6.2413E-007   1.0000E+000
    4.677470E+03   1.0000E-099   3.2320E-021   1.2649E-014   5.5831E-007   1.0000E+000
    4.965088E+03   1.0000E-099   1.8883E-021   8.4924E-015   4.5782E-007   1.0000E+000
    5.270391E+03   1.0000E-099   1.3505E-021   6.7026E-015   4.0850E-007   1.0000E+000
    5.594466E+03   1.0000E-099   1.1806E-021   6.0825E-015   3.8905E-007   1.0000E+000
    5.938470E+03   1.0000E-099   1.1258E-021   5.8454E-015   3.8017E-007   1.0000E+000
    6.303626E+03   1.0000E-099   1.1399E-021   5.8144E-015   3.7639E-007   1.0000E+000
    6.691235E+03   1.0000E-099   1.1526E-021   5.8035E-015   3.7434E-007   1.0000E+000
    7.102679E+03   1.0000E-099   1.1792E-021   5.8376E-015   3.7376E-007   1.0000E+000
    7.539422E+03   1.0000E-099   1.3008E-021   6.1003E-015   3.7733E-007   1.0000E+000
    8.003021E+03   1.0000E-099   1.4728E-021   6.5111E-015   3.8563E-007   1.0000E+000
    8.495126E+03   1.0000E-099   1.7252E-021   7.1677E-015   4.0162E-007   1.0000E+000
    9.017491E+03   1.0000E-099   2.4444E-021   8.9718E-015   4.4367E-007   1.0000E+000
    9.571975E+03   1.0000E-099   4.7309E-021   1.3989E-014   5.4542E-007   1.0000E+000
    1.016056E+04   1.0000E-099   1.3076E-020   2.8642E-014   7.7363E-007   1.0000E+000
    1.078533E+04   1.0000E-099   8.3400E-020   1.0943E-013   1.5324E-006   1.0000E+000
    1.144852E+04   1.0000E-099   1.5287E-018   9.8450E-013   5.0360E-006   9.9999E-001
    1.215249E+04   1.0000E-099   1.0683E-016   3.0838E-011   3.7119E-005   9.9996E-001
    1.289974E+04   1.0000E-099   4.8161E-015   8.6539E-010   2.6179E-004   9.9974E-001
    1.369294E+04   1.0000E-099   2.7158E-013   3.7405E-008   2.3422E-003   9.9766E-001
    1.453492E+04   1.0000E-099   3.1108E-010   3.2571E-005   1.0673E-001   8.9324E-001
    1.542867E+04   1.0000E-099   1.3903E-005   8.2123E-001   1.7875E-001   5.1432E-006
    1.626717E+04   1.0000E-099   2.5281E-004   9.9975E-001   2.6882E-009   4.5081E-024
    1.668676E+04   1.0000E-099   2.4848E-003   9.9752E-001   9.1578E-015   9.4471E-037
    1.713874E+04   1.0000E-099   1.8687E-001   8.1313E-001   4.0561E-025   3.2500E-052
    1.771854E+04   1.0000E-099   9.0790E-001   9.2097E-002   1.8581E-034   7.4605E-053
    1.838692E+04   1.0000E-099   8.8673E-001   1.1327E-001   2.7534E-034   9.8963E-053
    1.903533E+04   1.0000E-099   8.4376E-001   1.5624E-001   5.3768E-034   1.4331E-052
    1.976116E+04   1.0000E-099   8.0867E-001   1.9133E-001   8.2153E-034   1.8312E-052
    2.046516E+04   1.0000E-099   7.5905E-001   2.4095E-001   1.3553E-033   2.3695E-052
    2.125594E+04   1.0000E-099   7.0499E-001   2.9501E-001   2.1308E-033   2.9749E-052
    2.202587E+04   1.0000E-099   6.7493E-001   3.2507E-001   2.6532E-033   3.3499E-052
    2.285981E+04   1.0000E-099   5.9892E-001   4.0108E-001   4.4272E-033   4.2014E-052
    2.372435E+04   1.0000E-099   6.0672E-001   3.9328E-001   4.1474E-033   4.3285E-052
    2.455466E+04   1.0000E-099   5.0872E-001   4.9128E-001   7.2704E-033   5.5529E-052
    2.552174E+04   1.0000E-099   5.0218E-001   4.9782E-001   7.2777E-033   6.2512E-052
    2.640440E+04   1.0000E-099   4.5989E-001   5.4011E-001   8.9440E-033   6.9688E-052
    2.741295E+04   1.0000E-099   4.5074E-001   5.4926E-001   9.6313E-033   6.7169E-052
    2.838201E+04   1.0000E-099   5.3070E-001   4.6930E-001   6.8351E-033   5.0150E-052
    2.923203E+04   1.0000E-099   5.1959E-001   4.8041E-001   8.0151E-033   4.1753E-052
    3.013295E+04   1.0000E-099   5.9505E-001   4.0495E-001   5.4587E-033   3.2546E-052
    3.094669E+04   1.0000E-099   5.8494E-001   4.1506E-001   6.0082E-033   3.0076E-052
    3.176516E+04   1.0000E-099   5.9465E-001   4.0535E-001   5.7129E-033   2.8276E-052
    3.259805E+04   1.0000E-099   5.7794E-001   4.2206E-001   6.2865E-033   2.8897E-052
    3.345740E+04   1.0000E-099   5.4354E-001   4.5646E-001   7.4762E-033   3.0887E-052
    3.438030E+04   1.0000E-099   5.4103E-001   4.5897E-001   7.3973E-033   3.1318E-052
    3.533529E+04   1.0000E-099   4.9266E-001   5.0734E-001   9.1406E-033   3.4275E-052
    3.634323E+04   1.0000E-099   4.8151E-001   5.1849E-001   9.3206E-033   3.5308E-052
    3.736894E+04   1.0000E-099   4.4457E-001   5.5543E-001   1.0562E-032   3.7811E-052
    3.839518E+04   1.0000E-099   4.0491E-001   5.9509E-001   1.1989E-032   4.0509E-052
    3.939114E+04   1.0000E-099   3.9121E-001   6.0879E-001   1.2243E-032   4.1759E-052
    4.037465E+04   1.0000E-099   3.8637E-001   6.1363E-001   1.2127E-032   4.2479E-052
    4.133441E+04   1.0000E-099   3.7048E-001   6.2952E-001   1.2579E-032   4.3801E-052
    4.215976E+04   1.0000E-099   3.4770E-001   6.5230E-001   1.3429E-032   4.5458E-052
    4.290657E+04   1.0000E-099   3.2781E-001   6.7219E-001   1.4186E-032   4.6911E-052
    4.365819E+04   1.0000E-099   3.1324E-001   6.8676E-001   1.4685E-032   4.8043E-052
    4.442297E+04   1.0000E-099   3.0593E-001   6.9407E-001   1.4799E-032   4.8739E-052
    4.520034E+04   1.0000E-099   3.0699E-001   6.9301E-001   1.4474E-032   4.8928E-052
    4.600555E+04   1.0000E-099   3.1653E-001   6.8347E-001   1.3735E-032   4.8601E-052
    4.686215E+04   1.0000E-099   3.3181E-001   6.6819E-001   1.2771E-032   4.7914E-052
    4.776422E+04   1.0000E-099   3.5223E-001   6.4777E-001   1.1676E-032   4.6881E-052
    4.868597E+04   1.0000E-099   3.7642E-001   6.2358E-001   1.0547E-032   4.5569E-052
    4.962544E+04   1.0000E-099   4.0313E-001   5.9687E-001   9.4429E-033   4.4055E-052
    5.058305E+04   1.0000E-099   4.2998E-001   5.7002E-001   8.4269E-033   4.2504E-052
    5.155912E+04   1.0000E-099   4.5350E-001   5.4650E-001   7.5637E-033   4.1166E-052
    5.255403E+04   1.0000E-099   4.7144E-001   5.2856E-001   6.8821E-033   4.0205E-052
    5.356816E+04   1.0000E-099   4.8306E-001   5.1694E-001   6.3813E-033   3.9676E-052
    5.460189E+04   1.0000E-099   4.8713E-001   5.1287E-001   6.0581E-033   3.9675E-052
    5.565558E+04   1.0000E-099   4.8209E-001   5.1791E-001   5.9149E-033   4.0324E-052
    5.672959E+04   1.0000E-099   4.6784E-001   5.3216E-001   5.9381E-033   4.1638E-052
    5.782432E+04   1.0000E-099   4.4689E-001   5.5311E-001   6.0874E-033   4.3426E-052
    5.894013E+04   1.0000E-099   4.2367E-001   5.7633E-001   6.2960E-033   4.5362E-052
    6.007747E+04   1.0000E-099   4.0109E-001   5.9891E-001   6.4975E-033   4.7253E-052
    6.123675E+04   1.0000E-099   3.8044E-001   6.1956E-001   6.6607E-033   4.9042E-052
    6.241838E+04   1.0000E-099   3.6661E-001   6.3339E-001   6.7154E-033   5.0379E-052
    6.362274E+04   1.0000E-099   3.6257E-001   6.3743E-001   6.6433E-033   5.1056E-052
    6.485024E+04   1.0000E-099   3.7178E-001   6.2822E-001   6.3881E-033   5.0807E-052
    6.610128E+04   1.0000E-099   3.9324E-001   6.0676E-001   5.9813E-033   4.9674E-052
    6.737631E+04   1.0000E-099   4.2453E-001   5.7547E-001   5.4777E-033   4.7792E-052
    6.867574E+04   1.0000E-099   4.7178E-001   5.2822E-001   4.7622E-033   4.4066E-052
    6.935606E+04   1.0000E-099   4.9729E-001   5.0271E-001   4.4122E-033   4.0612E-052
    6.969874E+04   1.0000E-099   5.2459E-001   4.7541E-001   4.0282E-033   3.6321E-052
    6.987071E+04   1.0000E-099   5.3649E-001   4.6351E-001   3.6544E-033   3.3340E-052
    6.995686E+04   1.0000E-099   5.5138E-001   4.4862E-001   3.0758E-033   3.0676E-052
    6.999782E+04   1.0000E-099   5.6306E-001   4.3694E-001   2.0510E-033   2.8774E-052
    6.999997E+04   1.0000E-099   5.6499E-001   4.3501E-001   1.8188E-033   2.8588E-052
#TIME:     0.550
#NVEL: 115
#vel_mid[km/s]           ca0           ca1           ca2           ca3           ca4
    8.772128E+02   1.0000E-099   1.4271E-016   3.3152E-011   2.7186E-005   9.9997E-001
    8.825108E+02   1.0000E-099   1.4271E-016   3.3152E-011   2.7186E-005   9.9997E-001
    8.985975E+02   1.0000E-099   1.4271E-016   3.3152E-011   2.7186E-005   9.9997E-001
    9.316560E+02   1.0000E-099   1.4271E-016   3.3153E-011   2.7186E-005   9.9997E-001
    9.893707E+02   1.0000E-099   1.4271E-016   3.3153E-011   2.7186E-005   9.9997E-001
    1.050609E+03   1.0000E-099   1.4269E-016   3.3149E-011   2.7184E-005   9.9997E-001
    1.115637E+03   1.0000E-099   1.4252E-016   3.3120E-011   2.7171E-005   9.9997E-001
    1.184691E+03   1.0000E-099   1.4174E-016   3.2988E-011   2.7109E-005   9.9997E-001
    1.258018E+03   1.0000E-099   1.4004E-016   3.2696E-011   2.6973E-005   9.9997E-001
    1.335885E+03   1.0000E-099   1.3638E-016   3.2069E-011   2.6677E-005   9.9997E-001
    1.418571E+03   1.0000E-099   1.0620E-016   2.6623E-011   2.4154E-005   9.9998E-001
    1.506375E+03   1.0000E-099   1.0038E-017   4.7116E-012   9.9166E-006   9.9999E-001
    1.599613E+03   1.0000E-099   8.0116E-018   3.9948E-012   9.1310E-006   9.9999E-001
    1.698623E+03   1.0000E-099   3.4322E-018   2.1556E-012   6.7227E-006   9.9999E-001
    1.803761E+03   1.0000E-099   2.5406E-018   1.7430E-012   6.0624E-006   9.9999E-001
    1.915407E+03   1.0000E-099   7.9123E-019   7.5134E-013   4.0290E-006   1.0000E+000
    2.033963E+03   1.0000E-099   5.0636E-019   5.4662E-013   3.4613E-006   1.0000E+000
    2.159857E+03   1.0000E-099   1.9058E-019   2.7172E-013   2.4833E-006   1.0000E+000
    2.293544E+03   1.0000E-099   7.8047E-020   1.4296E-013   1.8315E-006   1.0000E+000
    2.435505E+03   1.0000E-099   3.6238E-020   8.2216E-014   1.4095E-006   1.0000E+000
    2.586253E+03   1.0000E-099   1.2698E-020   3.8981E-014   9.9603E-007   1.0000E+000
    2.746332E+03   1.0000E-099   7.6468E-021   2.7076E-014   8.3964E-007   1.0000E+000
    2.916319E+03   1.0000E-099   4.8536E-021   1.9533E-014   7.2071E-007   1.0000E+000
    3.096828E+03   1.0000E-099   3.3802E-021   1.4876E-014   6.3073E-007   1.0000E+000
    3.288509E+03   1.0000E-099   2.8308E-021   1.2822E-014   5.8247E-007   1.0000E+000
    3.492055E+03   1.0000E-099   2.7561E-021   1.2242E-014   5.6304E-007   1.0000E+000
    3.708199E+03   1.0000E-099   2.7999E-021   1.1956E-014   5.4853E-007   1.0000E+000
    3.937722E+03   1.0000E-099   2.7673E-021   1.1355E-014   5.2662E-007   1.0000E+000
    4.181452E+03   1.0000E-099   3.5807E-021   1.3019E-014   5.5254E-007   1.0000E+000
    4.440267E+03   1.0000E-099   4.0749E-021   1.4210E-014   5.7654E-007   1.0000E+000
    4.715102E+03   1.0000E-099   2.8478E-021   1.1081E-014   5.1398E-007   1.0000E+000
    5.006948E+03   1.0000E-099   1.6149E-021   7.2752E-015   4.1688E-007   1.0000E+000
    5.316859E+03   1.0000E-099   1.1956E-021   5.8853E-015   3.7631E-007   1.0000E+000
    5.645951E+03   1.0000E-099   1.0606E-021   5.3943E-015   3.6005E-007   1.0000E+000
    5.995413E+03   1.0000E-099   1.0276E-021   5.2390E-015   3.5351E-007   1.0000E+000
    6.366506E+03   1.0000E-099   1.0426E-021   5.2227E-015   3.5062E-007   1.0000E+000
    6.760567E+03   1.0000E-099   1.0676E-021   5.2640E-015   3.5053E-007   1.0000E+000
    7.179019E+03   1.0000E-099   1.1198E-021   5.3816E-015   3.5252E-007   1.0000E+000
    7.623372E+03   1.0000E-099   1.2587E-021   5.7041E-015   3.5871E-007   1.0000E+000
    8.095229E+03   1.0000E-099   1.4611E-021   6.2136E-015   3.7096E-007   1.0000E+000
    8.596292E+03   1.0000E-099   1.8042E-021   7.1077E-015   3.9393E-007   1.0000E+000
    9.128368E+03   1.0000E-099   2.7794E-021   9.4605E-015   4.4940E-007   1.0000E+000
    9.693378E+03   1.0000E-099   6.0656E-021   1.6205E-014   5.8237E-007   1.0000E+000
    1.029336E+04   1.0000E-099   2.0256E-020   3.8418E-014   8.9771E-007   1.0000E+000
    1.093048E+04   1.0000E-099   1.7746E-019   1.9082E-013   2.0898E-006   1.0000E+000
    1.160703E+04   1.0000E-099   4.8594E-018   2.4929E-012   8.8139E-006   9.9999E-001
    1.232546E+04   1.0000E-099   5.0626E-016   1.2547E-010   8.7730E-005   9.9991E-001
    1.308836E+04   1.0000E-099   2.8523E-014   4.8780E-009   7.4097E-004   9.9926E-001
    1.389955E+04   1.0000E-099   3.2957E-012   4.5714E-007   1.0114E-002   9.8989E-001
    1.474312E+04   1.0000E-099   1.1629E-008   1.2445E-003   6.0755E-001   3.9121E-001
    1.540367E+04   1.0000E-099   1.2550E-005   8.8638E-001   1.1361E-001   1.5059E-006
    1.581332E+04   1.0000E-099   3.1132E-005   9.9977E-001   1.9443E-004   5.9977E-013
    1.611284E+04   1.0000E-099   8.7760E-005   9.9991E-001   2.1065E-007   9.3290E-020
    1.636570E+04   1.0000E-099   4.6230E-004   9.9954E-001   3.8553E-011   2.2960E-028
    1.654730E+04   1.0000E-099   1.5126E-003   9.9849E-001   6.6235E-014   8.8819E-035
    1.669441E+04   1.0000E-099   4.5789E-003   9.9542E-001   2.1074E-016   1.4315E-040
    1.681682E+04   1.0000E-099   1.6371E-002   9.8363E-001   3.8430E-019   7.5911E-047
    1.692241E+04   1.0000E-099   5.4752E-002   9.4525E-001   6.3455E-022   6.0321E-052
    1.702116E+04   1.0000E-099   1.3086E-001   8.6914E-001   2.5159E-024   2.8734E-052
    1.711664E+04   1.0000E-099   2.2787E-001   7.7213E-001   4.0277E-026   3.4452E-052
    1.721561E+04   1.0000E-099   3.3700E-001   6.6300E-001   1.4052E-027   3.6213E-052
    1.732334E+04   1.0000E-099   4.6364E-001   5.3636E-001   5.9062E-029   3.3848E-052
    1.744562E+04   1.0000E-099   5.9292E-001   4.0708E-001   2.7373E-030   2.8467E-052
    1.759425E+04   1.0000E-099   7.1088E-001   2.8912E-001   1.2503E-031   2.1884E-052
    1.788224E+04   1.0000E-099   8.4435E-001   1.5565E-001   1.2714E-033   1.2781E-052
    1.867332E+04   1.0000E-099   9.5359E-001   4.6411E-002   4.9953E-037   4.2012E-053
    1.962851E+04   1.0000E-099   9.7586E-001   2.4144E-002   6.2420E-038   2.3482E-053
    2.067444E+04   1.0000E-099   9.7978E-001   2.0220E-002   1.9107E-037   2.0822E-053
    2.182447E+04   1.0000E-099   9.8138E-001   1.8623E-002   4.4082E-037   2.0278E-053
    2.306690E+04   1.0000E-099   9.7679E-001   2.3215E-002   1.4160E-036   2.7146E-053
    2.438107E+04   1.0000E-099   9.6841E-001   3.1591E-002   3.5179E-036   4.1281E-053
    2.587845E+04   1.0000E-099   9.5722E-001   4.2780E-002   6.8422E-036   7.2098E-053
    2.749199E+04   1.0000E-099   9.3279E-001   6.7212E-002   1.4504E-035   1.2372E-052
    2.896661E+04   1.0000E-099   9.2666E-001   7.3337E-002   1.5415E-035   1.1609E-052
    3.023928E+04   1.0000E-099   9.3767E-001   6.2331E-002   1.1199E-035   9.0030E-053
    3.138852E+04   1.0000E-099   9.2759E-001   7.2407E-002   1.6165E-035   8.6888E-053
    3.250795E+04   1.0000E-099   9.1586E-001   8.4135E-002   2.1954E-035   9.1354E-053
    3.365620E+04   1.0000E-099   8.8701E-001   1.1299E-001   3.7495E-035   1.1009E-052
    3.486705E+04   1.0000E-099   8.5736E-001   1.4264E-001   5.5139E-035   1.3016E-052
    3.613166E+04   1.0000E-099   8.1847E-001   1.8153E-001   8.3655E-035   1.5673E-052
    3.742115E+04   1.0000E-099   7.6676E-001   2.3324E-001   1.3128E-034   1.9200E-052
    3.871394E+04   1.0000E-099   7.0816E-001   2.9184E-001   2.0321E-034   2.3181E-052
    3.997047E+04   1.0000E-099   6.7571E-001   3.2429E-001   2.5122E-034   2.5547E-052
    4.112379E+04   1.0000E-099   6.3744E-001   3.6256E-001   3.2433E-034   2.8243E-052
    4.218343E+04   1.0000E-099   5.8150E-001   4.1850E-001   4.6911E-034   3.1994E-052
    4.320753E+04   1.0000E-099   5.2178E-001   4.7822E-001   6.9641E-034   3.5938E-052
    4.423621E+04   1.0000E-099   4.7076E-001   5.2924E-001   1.0046E-033   3.9312E-052
    4.529664E+04   1.0000E-099   4.3504E-001   5.6496E-001   1.3627E-033   4.1745E-052
    4.639486E+04   1.0000E-099   4.1622E-001   5.8378E-001   1.7199E-033   4.3145E-052
    4.752261E+04   1.0000E-099   4.0957E-001   5.9043E-001   2.0860E-033   4.3756E-052
    4.867617E+04   1.0000E-099   4.1423E-001   5.8577E-001   2.4381E-033   4.3591E-052
    4.985675E+04   1.0000E-099   4.2799E-001   5.7201E-001   2.7490E-033   4.2771E-052
    5.106564E+04   1.0000E-099   4.4620E-001   5.5380E-001   3.0147E-033   4.1616E-052
    5.230378E+04   1.0000E-099   4.6310E-001   5.3690E-001   3.2632E-033   4.0566E-052
    5.357136E+04   1.0000E-099   4.7460E-001   5.2540E-001   3.5246E-033   3.9932E-052
    5.486695E+04   1.0000E-099   4.7731E-001   5.2269E-001   3.8327E-033   3.9987E-052
    5.618695E+04   1.0000E-099   4.6802E-001   5.3198E-001   4.2301E-033   4.1000E-052
    5.752536E+04   1.0000E-099   4.4757E-001   5.5243E-001   4.7244E-033   4.2895E-052
    5.887450E+04   1.0000E-099   4.2224E-001   5.7776E-001   5.2531E-033   4.5153E-052
    6.022291E+04   1.0000E-099   3.9748E-001   6.0252E-001   5.7235E-033   4.7357E-052
    6.155592E+04   1.0000E-099   3.7634E-001   6.2366E-001   6.0792E-033   4.9316E-052
    6.285824E+04   1.0000E-099   3.6488E-001   6.3512E-001   6.2515E-033   5.0579E-052
    6.411280E+04   1.0000E-099   3.6592E-001   6.3408E-001   6.2261E-033   5.0939E-052
    6.529403E+04   1.0000E-099   3.7920E-001   6.2080E-001   6.0129E-033   5.0384E-052
    6.638404E+04   1.0000E-099   4.0015E-001   5.9985E-001   5.6992E-033   4.9231E-052
    6.736672E+04   1.0000E-099   4.2499E-001   5.7501E-001   5.3470E-033   4.7700E-052
    6.821143E+04   1.0000E-099   4.5470E-001   5.4530E-001   4.9173E-033   4.5656E-052
    6.893337E+04   1.0000E-099   4.8019E-001   5.1981E-001   4.5738E-033   4.3024E-052
    6.953439E+04   1.0000E-099   5.1164E-001   4.8836E-001   4.1903E-033   3.8507E-052
    6.977430E+04   1.0000E-099   5.2922E-001   4.7078E-001   3.8660E-033   3.5111E-052
    6.989457E+04   1.0000E-099   5.4002E-001   4.5998E-001   3.5013E-033   3.2642E-052
    6.995478E+04   1.0000E-099   5.5118E-001   4.4882E-001   3.0596E-033   3.0705E-052
    6.998490E+04   1.0000E-099   5.5782E-001   4.4218E-001   2.4800E-033   2.9542E-052
    6.999922E+04   1.0000E-099   5.6451E-001   4.3549E-001   1.8844E-033   2.8619E-052
    6.999997E+04   1.0000E-099   5.6525E-001   4.3475E-001   1.7945E-033   2.8552E-052
#TIME:     0.666
#NVEL: 115
#vel_mid[km/s]           ca0           ca1           ca2           ca3           ca4
    8.772128E+02   1.0000E-099   2.2254E-016   4.6140E-011   3.3942E-005   9.9997E-001
    8.833155E+02   1.0000E-099   2.2254E-016   4.6140E-011   3.3942E-005   9.9997E-001
    9.018795E+02   1.0000E-099   2.2255E-016   4.6141E-011   3.3942E-005   9.9997E-001
    9.401862E+02   1.0000E-099   2.2256E-016   4.6143E-011   3.3943E-005   9.9997E-001
    1.001110E+03   1.0000E-099   2.2255E-016   4.6142E-011   3.3943E-005   9.9997E-001
    1.062646E+03   1.0000E-099   2.2243E-016   4.6122E-011   3.3935E-005   9.9997E-001
    1.127988E+03   1.0000E-099   2.2165E-016   4.5997E-011   3.3882E-005   9.9997E-001
    1.197348E+03   1.0000E-099   2.1991E-016   4.5720E-011   3.3761E-005   9.9997E-001
    1.270973E+03   1.0000E-099   2.1638E-016   4.5153E-011   3.3509E-005   9.9997E-001
    1.349125E+03   1.0000E-099   1.8562E-016   4.0152E-011   3.1381E-005   9.9997E-001
    1.432083E+03   1.0000E-099   5.8846E-017   1.6836E-011   1.9566E-005   9.9998E-001
    1.520141E+03   1.0000E-099   1.5984E-017   6.3757E-012   1.1712E-005   9.9999E-001
    1.613615E+03   1.0000E-099   7.5005E-018   3.6443E-012   8.7778E-006   9.9999E-001
    1.712836E+03   1.0000E-099   4.1636E-018   2.3652E-012   7.0407E-006   9.9999E-001
    1.818158E+03   1.0000E-099   1.9510E-018   1.3606E-012   5.3288E-006   9.9999E-001
    1.929957E+03   1.0000E-099   8.4817E-019   7.4238E-013   3.9448E-006   1.0000E+000
    2.048630E+03   1.0000E-099   3.8961E-019   4.2313E-013   2.9959E-006   1.0000E+000
    2.174600E+03   1.0000E-099   1.5418E-019   2.1673E-013   2.1675E-006   1.0000E+000
    2.308316E+03   1.0000E-099   6.3245E-020   1.1363E-013   1.5886E-006   1.0000E+000
    2.450254E+03   1.0000E-099   2.3994E-020   5.6450E-014   1.1382E-006   1.0000E+000
    2.600920E+03   1.0000E-099   9.9317E-021   2.9972E-014   8.4442E-007   1.0000E+000
    2.760850E+03   1.0000E-099   5.5019E-021   1.9610E-014   6.9174E-007   1.0000E+000
    2.930615E+03   1.0000E-099   3.5105E-021   1.4151E-014   5.9260E-007   1.0000E+000
    3.110818E+03   1.0000E-099   2.5297E-021   1.1039E-014   5.2433E-007   1.0000E+000
    3.302102E+03   1.0000E-099   2.1760E-021   9.7034E-015   4.8893E-007   1.0000E+000
    3.505148E+03   1.0000E-099   2.1413E-021   9.3440E-015   4.7498E-007   1.0000E+000
    3.720679E+03   1.0000E-099   2.2495E-021   9.3625E-015   4.6924E-007   1.0000E+000
    3.949463E+03   1.0000E-099   2.4184E-021   9.4335E-015   4.6364E-007   1.0000E+000
    4.192316E+03   1.0000E-099   3.0587E-021   1.0806E-014   4.9007E-007   1.0000E+000
    4.450101E+03   1.0000E-099   3.4685E-021   1.1750E-014   5.0989E-007   1.0000E+000
    4.723737E+03   1.0000E-099   2.5355E-021   9.3985E-015   4.5834E-007   1.0000E+000
    5.014199E+03   1.0000E-099   1.5234E-021   6.4648E-015   3.8108E-007   1.0000E+000
    5.322522E+03   1.0000E-099   1.0985E-021   5.1041E-015   3.3922E-007   1.0000E+000
    5.649804E+03   1.0000E-099   9.7324E-022   4.6801E-015   3.2478E-007   1.0000E+000
    5.997210E+03   1.0000E-099   9.4732E-022   4.5622E-015   3.1963E-007   1.0000E+000
    6.365978E+03   1.0000E-099   9.6227E-022   4.5664E-015   3.1830E-007   1.0000E+000
    6.757421E+03   1.0000E-099   1.0122E-021   4.6960E-015   3.2157E-007   1.0000E+000
    7.172935E+03   1.0000E-099   1.1027E-021   4.9361E-015   3.2808E-007   1.0000E+000
    7.613998E+03   1.0000E-099   1.2565E-021   5.3138E-015   3.3786E-007   1.0000E+000
    8.082182E+03   1.0000E-099   1.5290E-021   6.0107E-015   3.5713E-007   1.0000E+000
    8.579155E+03   1.0000E-099   2.0355E-021   7.2810E-015   3.9131E-007   1.0000E+000
    9.106686E+03   1.0000E-099   3.2871E-021   1.0113E-014   4.5949E-007   1.0000E+000
    9.666656E+03   1.0000E-099   7.6586E-021   1.8428E-014   6.2234E-007   1.0000E+000
    1.026106E+04   1.0000E-099   2.9142E-020   4.9039E-014   1.0383E-006   1.0000E+000
    1.089201E+04   1.0000E-099   2.6283E-019   2.6002E-013   2.5886E-006   1.0000E+000
    1.156176E+04   1.0000E-099   8.2974E-018   4.1480E-012   1.2730E-005   9.9999E-001
    1.227269E+04   1.0000E-099   1.0615E-015   2.8629E-010   1.5264E-004   9.9985E-001
    1.302734E+04   1.0000E-099   1.5146E-013   2.9553E-008   2.2287E-003   9.9777E-001
    1.382861E+04   1.0000E-099   2.8196E-011   4.7485E-006   4.0128E-002   9.5987E-001
    1.462901E+04   1.0000E-099   2.8479E-008   4.1073E-003   8.4423E-001   1.5167E-001
    1.525056E+04   1.0000E-099   6.1745E-006   7.0714E-001   2.9284E-001   1.5384E-005
    1.570852E+04   1.0000E-099   1.7362E-005   9.9961E-001   3.7551E-004   2.2563E-012
    1.603933E+04   1.0000E-099   4.5113E-005   9.9995E-001   7.0172E-007   1.2453E-018
    1.626493E+04   1.0000E-099   1.8514E-004   9.9981E-001   3.6632E-010   3.4603E-026
    1.642900E+04   1.0000E-099   9.2098E-004   9.9908E-001   1.7267E-013   7.2364E-034
    1.655927E+04   1.0000E-099   4.1040E-003   9.9590E-001   1.0070E-016   2.3214E-041
    1.666808E+04   1.0000E-099   1.6382E-002   9.8362E-001   9.7665E-020   2.7151E-048
    1.676387E+04   1.0000E-099   5.1408E-002   9.4859E-001   2.1993E-022   2.1571E-052
    1.685344E+04   1.0000E-099   1.1413E-001   8.8587E-001   1.5054E-024   2.7121E-052
    1.694048E+04   1.0000E-099   1.9617E-001   8.0383E-001   3.0330E-026   3.2387E-052
    1.702877E+04   1.0000E-099   2.9252E-001   7.0748E-001   1.2016E-027   3.5146E-052
    1.712364E+04   1.0000E-099   4.0106E-001   5.9894E-001   6.5595E-029   3.4780E-052
    1.723140E+04   1.0000E-099   5.2038E-001   4.7962E-001   3.7496E-030   3.1194E-052
    1.736849E+04   1.0000E-099   6.5323E-001   3.4677E-001   1.4750E-031   2.4672E-052
    1.764428E+04   1.0000E-099   8.3355E-001   1.6645E-001   5.0746E-034   1.3166E-052
    1.825185E+04   1.0000E-099   9.7178E-001   2.8221E-002   1.1934E-038   2.4609E-053
    1.898577E+04   1.0000E-099   9.9574E-001   4.2647E-003   3.0339E-043   3.9662E-054
    1.978625E+04   1.0000E-099   9.9912E-001   8.7608E-004   7.4539E-046   8.5764E-055
    2.065037E+04   1.0000E-099   9.9976E-001   2.4393E-004   3.9712E-045   2.4931E-055
    2.155095E+04   1.0000E-099   9.9992E-001   7.8030E-005   1.3230E-044   8.3111E-056
    2.245768E+04   1.0000E-099   9.9996E-001   3.8074E-005   6.5220E-044   4.2735E-056
    2.340027E+04   1.0000E-099   9.9996E-001   3.9271E-005   3.1661E-043   4.7596E-056
    2.441765E+04   1.0000E-099   9.9991E-001   9.0646E-005   1.4204E-042   1.2645E-055
    2.552663E+04   1.0000E-099   9.9968E-001   3.1575E-004   6.4134E-042   5.5462E-055
    2.678810E+04   1.0000E-099   9.9844E-001   1.5648E-003   3.5640E-041   3.8313E-054
    2.832661E+04   1.0000E-099   9.9319E-001   6.8119E-003   2.1351E-040   2.2291E-053
    3.001704E+04   1.0000E-099   9.8943E-001   1.0574E-002   2.9142E-040   3.6026E-053
    3.165601E+04   1.0000E-099   9.8441E-001   1.5587E-002   6.9250E-040   3.9270E-053
    3.325288E+04   1.0000E-099   9.7468E-001   2.5317E-002   2.2659E-039   4.6295E-053
    3.484169E+04   1.0000E-099   9.5980E-001   4.0204E-002   7.5238E-039   5.8322E-053
    3.639765E+04   1.0000E-099   9.3912E-001   6.0879E-002   2.2656E-038   7.4834E-053
    3.790349E+04   1.0000E-099   9.0797E-001   9.2029E-002   7.1736E-038   9.8906E-053
    3.933015E+04   1.0000E-099   8.7803E-001   1.2197E-001   1.6712E-037   1.2150E-052
    4.064946E+04   1.0000E-099   8.5278E-001   1.4722E-001   3.2405E-037   1.4009E-052
    4.183748E+04   1.0000E-099   8.1485E-001   1.8515E-001   7.7902E-037   1.6667E-052
    4.295471E+04   1.0000E-099   7.6309E-001   2.3691E-001   2.2209E-036   2.0187E-052
    4.404536E+04   1.0000E-099   7.0527E-001   2.9473E-001   6.3443E-036   2.4050E-052
    4.514998E+04   1.0000E-099   6.4765E-001   3.5235E-001   1.6785E-035   2.7902E-052
    4.627877E+04   1.0000E-099   5.9600E-001   4.0400E-001   3.8905E-035   3.1409E-052
    4.742914E+04   1.0000E-099   5.5021E-001   4.4979E-001   8.3265E-035   3.4550E-052
    4.859884E+04   1.0000E-099   5.1286E-001   4.8714E-001   1.6482E-034   3.7107E-052
    4.979054E+04   1.0000E-099   4.8632E-001   5.1368E-001   3.0154E-034   3.8868E-052
    5.100851E+04   1.0000E-099   4.7013E-001   5.2987E-001   5.0733E-034   3.9831E-052
    5.225617E+04   1.0000E-099   4.6219E-001   5.3781E-001   7.9863E-034   4.0158E-052
    5.353554E+04   1.0000E-099   4.5948E-001   5.4052E-001   1.1870E-033   4.0145E-052
    5.484601E+04   1.0000E-099   4.5797E-001   5.4203E-001   1.6821E-033   4.0224E-052
    5.618429E+04   1.0000E-099   4.5231E-001   5.4769E-001   2.2968E-033   4.0928E-052
    5.754205E+04   1.0000E-099   4.3923E-001   5.6077E-001   3.0249E-033   4.2489E-052
    5.891132E+04   1.0000E-099   4.2070E-001   5.7930E-001   3.8070E-033   4.4584E-052
    6.027604E+04   1.0000E-099   4.0025E-001   5.9975E-001   4.5377E-033   4.6786E-052
    6.162485E+04   1.0000E-099   3.8123E-001   6.1877E-001   5.1363E-033   4.8811E-052
    6.293682E+04   1.0000E-099   3.7049E-001   6.2951E-001   5.5180E-033   5.0136E-052
    6.419493E+04   1.0000E-099   3.7155E-001   6.2845E-001   5.6614E-033   5.0528E-052
    6.537955E+04   1.0000E-099   3.8455E-001   6.1545E-001   5.5796E-033   4.9985E-052
    6.646379E+04   1.0000E-099   4.0502E-001   5.9498E-001   5.3651E-033   4.8837E-052
    6.743920E+04   1.0000E-099   4.2959E-001   5.7041E-001   5.0812E-033   4.7285E-052
    6.827833E+04   1.0000E-099   4.5881E-001   5.4119E-001   4.7063E-033   4.5177E-052
    6.898935E+04   1.0000E-099   4.8410E-001   5.1590E-001   4.4008E-033   4.2440E-052
    6.955810E+04   1.0000E-099   5.1434E-001   4.8566E-001   4.0484E-033   3.8003E-052
    6.978582E+04   1.0000E-099   5.3113E-001   4.6887E-001   3.7372E-033   3.4745E-052
    6.989995E+04   1.0000E-099   5.4165E-001   4.5835E-001   3.3818E-033   3.2384E-052
    6.995709E+04   1.0000E-099   5.5243E-001   4.4757E-001   2.9515E-033   3.0547E-052
    6.998568E+04   1.0000E-099   5.5882E-001   4.4118E-001   2.3931E-033   2.9446E-052
    6.999926E+04   1.0000E-099   5.6523E-001   4.3477E-001   1.8355E-033   2.8578E-052
    6.999997E+04   1.0000E-099   5.6593E-001   4.3407E-001   1.7509E-033   2.8516E-052
#TIME:     0.733
#NVEL: 115
#vel_mid[km/s]           ca0           ca1           ca2           ca3           ca4
    8.772128E+02   1.0000E-099   2.9114E-016   5.7165E-011   3.9356E-005   9.9996E-001
    8.821279E+02   1.0000E-099   2.9114E-016   5.7165E-011   3.9356E-005   9.9996E-001
    8.970391E+02   1.0000E-099   2.9114E-016   5.7165E-011   3.9356E-005   9.9996E-001
    9.276219E+02   1.0000E-099   2.9116E-016   5.7167E-011   3.9357E-005   9.9996E-001
    9.834559E+02   1.0000E-099   2.9116E-016   5.7168E-011   3.9357E-005   9.9996E-001
    1.043937E+03   1.0000E-099   2.9101E-016   5.7145E-011   3.9348E-005   9.9996E-001
    1.108129E+03   1.0000E-099   2.9016E-016   5.7015E-011   3.9297E-005   9.9996E-001
    1.176267E+03   1.0000E-099   2.8798E-016   5.6677E-011   3.9159E-005   9.9996E-001
    1.248596E+03   1.0000E-099   2.8304E-016   5.5911E-011   3.8839E-005   9.9996E-001
    1.325372E+03   1.0000E-099   2.4810E-016   5.0464E-011   3.6637E-005   9.9996E-001
    1.406869E+03   1.0000E-099   1.0118E-016   2.5330E-011   2.4971E-005   9.9997E-001
    1.493377E+03   1.0000E-099   2.6997E-017   9.3243E-012   1.4526E-005   9.9999E-001
    1.585205E+03   1.0000E-099   1.0825E-017   4.7109E-012   1.0130E-005   9.9999E-001
    1.682679E+03   1.0000E-099   5.5629E-018   2.8742E-012   7.8351E-006   9.9999E-001
    1.786147E+03   1.0000E-099   2.6501E-018   1.6646E-012   5.9166E-006   9.9999E-001
    1.895977E+03   1.0000E-099   1.1415E-018   8.9797E-013   4.3297E-006   1.0000E+000
    2.012561E+03   1.0000E-099   5.0185E-019   4.9350E-013   3.2130E-006   1.0000E+000
    2.136313E+03   1.0000E-099   1.9990E-019   2.5309E-013   2.3147E-006   1.0000E+000
    2.267674E+03   1.0000E-099   7.9313E-020   1.2928E-013   1.6696E-006   1.0000E+000
    2.407114E+03   1.0000E-099   2.9686E-020   6.3384E-014   1.1843E-006   1.0000E+000
    2.555127E+03   1.0000E-099   1.1618E-020   3.2224E-014   8.5807E-007   1.0000E+000
    2.712241E+03   1.0000E-099   5.8755E-021   1.9728E-014   6.8036E-007   1.0000E+000
    2.879017E+03   1.0000E-099   3.5750E-021   1.3769E-014   5.7370E-007   1.0000E+000
    3.056048E+03   1.0000E-099   2.4737E-021   1.0459E-014   5.0183E-007   1.0000E+000
    3.243964E+03   1.0000E-099   2.0425E-021   8.9477E-015   4.6256E-007   1.0000E+000
    3.443435E+03   1.0000E-099   1.9550E-021   8.4668E-015   4.4624E-007   1.0000E+000
    3.655171E+03   1.0000E-099   2.0692E-021   8.5602E-015   4.4352E-007   1.0000E+000
    3.879927E+03   1.0000E-099   2.2547E-021   8.7412E-015   4.4184E-007   1.0000E+000
    4.118504E+03   1.0000E-099   2.7115E-021   9.6204E-015   4.5791E-007   1.0000E+000
    4.371751E+03   1.0000E-099   3.3992E-021   1.1204E-014   4.9213E-007   1.0000E+000
    4.640569E+03   1.0000E-099   2.8053E-021   9.7495E-015   4.6022E-007   1.0000E+000
    4.925917E+03   1.0000E-099   1.7955E-021   7.0361E-015   3.9201E-007   1.0000E+000
    5.228812E+03   1.0000E-099   1.2045E-021   5.2574E-015   3.3940E-007   1.0000E+000
    5.550331E+03   1.0000E-099   1.0103E-021   4.6352E-015   3.1884E-007   1.0000E+000
    5.891620E+03   1.0000E-099   9.6246E-022   4.4605E-015   3.1216E-007   1.0000E+000
    6.253896E+03   1.0000E-099   9.6847E-022   4.4420E-015   3.1039E-007   1.0000E+000
    6.638447E+03   1.0000E-099   1.0188E-021   4.5707E-015   3.1383E-007   1.0000E+000
    7.046645E+03   1.0000E-099   1.1204E-021   4.8504E-015   3.2213E-007   1.0000E+000
    7.479943E+03   1.0000E-099   1.2738E-021   5.2333E-015   3.3289E-007   1.0000E+000
    7.939884E+03   1.0000E-099   1.5502E-021   5.9291E-015   3.5279E-007   1.0000E+000
    8.428107E+03   1.0000E-099   2.0764E-021   7.2308E-015   3.8867E-007   1.0000E+000
    8.946351E+03   1.0000E-099   3.2530E-021   9.8746E-015   4.5416E-007   1.0000E+000
    9.496461E+03   1.0000E-099   6.9960E-021   1.7062E-014   6.0168E-007   1.0000E+000
    1.008040E+04   1.0000E-099   2.4184E-020   4.2553E-014   9.7623E-007   1.0000E+000
    1.070024E+04   1.0000E-099   1.7524E-019   1.9244E-013   2.2423E-006   1.0000E+000
    1.135820E+04   1.0000E-099   4.0154E-018   2.3777E-012   9.5319E-006   9.9999E-001
    1.205661E+04   1.0000E-099   4.1456E-016   1.3418E-010   1.0164E-004   9.9990E-001
    1.279797E+04   1.0000E-099   8.7590E-014   1.9882E-008   1.8310E-003   9.9817E-001
    1.358477E+04   1.0000E-099   1.9581E-011   3.8113E-006   3.6421E-002   9.6358E-001
    1.437244E+04   1.0000E-099   1.0114E-008   1.7803E-003   7.1213E-001   2.8609E-001
    1.500937E+04   1.0000E-099   1.6134E-006   2.4761E-001   7.5189E-001   4.9797E-004
    1.552878E+04   1.0000E-099   1.0426E-005   9.9665E-001   3.3359E-003   3.1076E-010
    1.591273E+04   1.0000E-099   2.4080E-005   9.9997E-001   6.4778E-006   1.8595E-016
    1.617011E+04   1.0000E-099   8.2993E-005   9.9992E-001   6.4012E-009   2.3063E-023
    1.634952E+04   1.0000E-099   4.0456E-004   9.9960E-001   3.1118E-012   5.3052E-031
    1.648696E+04   1.0000E-099   2.3969E-003   9.9760E-001   6.8335E-016   1.8431E-039
    1.659878E+04   1.0000E-099   1.2877E-002   9.8712E-001   1.6413E-019   7.6796E-048
    1.669545E+04   1.0000E-099   4.7581E-002   9.5242E-001   1.6439E-022   2.1019E-052
    1.678508E+04   1.0000E-099   1.1144E-001   8.8856E-001   8.3626E-025   2.6853E-052
    1.687250E+04   1.0000E-099   1.9463E-001   8.0537E-001   1.5516E-026   3.2069E-052
    1.696111E+04   1.0000E-099   2.9184E-001   7.0816E-001   5.9974E-028   3.4631E-052
    1.705636E+04   1.0000E-099   4.0230E-001   5.9770E-001   3.1542E-029   3.4152E-052
    1.716416E+04   1.0000E-099   5.2331E-001   4.7669E-001   1.7430E-030   3.0638E-052
    1.730537E+04   1.0000E-099   6.6115E-001   3.3885E-001   6.0113E-032   2.3921E-052
    1.760745E+04   1.0000E-099   8.5199E-001   1.4801E-001   1.1458E-034   1.1690E-052
    1.821538E+04   1.0000E-099   9.7639E-001   2.3609E-002   2.2658E-039   2.0557E-053
    1.893451E+04   1.0000E-099   9.9665E-001   3.3481E-003   4.3602E-044   3.1083E-054
    1.971244E+04   1.0000E-099   9.9942E-001   5.8411E-004   2.1782E-048   5.7015E-055
    2.054375E+04   1.0000E-099   9.9987E-001   1.2605E-004   5.8630E-049   1.2818E-055
    2.140728E+04   1.0000E-099   9.9997E-001   2.9109E-005   2.4835E-048   3.0725E-056
    2.226561E+04   1.0000E-099   9.9999E-001   8.3525E-006   1.4782E-047   9.2125E-057
    2.313428E+04   1.0000E-099   1.0000E+000   3.6106E-006   9.5021E-047   4.2399E-057
    2.404497E+04   1.0000E-099   1.0000E+000   4.7181E-006   5.6025E-046   6.1814E-057
    2.500523E+04   1.0000E-099   9.9998E-001   1.7360E-005   3.1427E-045   2.7013E-056
    2.604263E+04   1.0000E-099   9.9990E-001   9.9209E-005   2.0874E-044   1.9898E-055
    2.724271E+04   1.0000E-099   9.9924E-001   7.6271E-004   2.0901E-043   2.1930E-054
    2.880103E+04   1.0000E-099   9.9600E-001   3.9968E-003   1.7085E-042   1.5846E-053
    3.057189E+04   1.0000E-099   9.9333E-001   6.6651E-003   3.5339E-042   2.7332E-053
    3.239972E+04   1.0000E-099   9.8779E-001   1.2208E-002   1.4943E-041   3.2695E-053
    3.417455E+04   1.0000E-099   9.7836E-001   2.1644E-002   7.7203E-041   4.0739E-053
    3.587716E+04   1.0000E-099   9.6459E-001   3.5414E-002   3.4286E-040   5.2544E-053
    3.749452E+04   1.0000E-099   9.4255E-001   5.7449E-002   1.5490E-039   7.0936E-053
    3.901907E+04   1.0000E-099   9.1688E-001   8.3115E-002   5.2008E-039   9.1577E-053
    4.041392E+04   1.0000E-099   8.9594E-001   1.0406E-001   1.2641E-038   1.0753E-052
    4.166067E+04   1.0000E-099   8.6795E-001   1.3205E-001   3.7932E-038   1.2724E-052
    4.282033E+04   1.0000E-099   8.2874E-001   1.7126E-001   1.4585E-037   1.5367E-052
    4.393802E+04   1.0000E-099   7.8164E-001   2.1836E-001   5.7919E-037   1.8492E-052
    4.506444E+04   1.0000E-099   7.2963E-001   2.7037E-001   2.1248E-036   2.1971E-052
    4.621047E+04   1.0000E-099   6.7834E-001   3.2166E-001   6.6317E-036   2.5472E-052
    4.737662E+04   1.0000E-099   6.2769E-001   3.7231E-001   1.8710E-035   2.8995E-052
    4.855943E+04   1.0000E-099   5.8095E-001   4.1905E-001   4.7807E-035   3.2280E-052
    4.976293E+04   1.0000E-099   5.4249E-001   4.5751E-001   1.1021E-034   3.4980E-052
    5.099069E+04   1.0000E-099   5.1399E-001   4.8601E-001   2.2726E-034   3.6928E-052
    5.224631E+04   1.0000E-099   4.9487E-001   5.0513E-001   4.2600E-034   3.8135E-052
    5.353171E+04   1.0000E-099   4.8312E-001   5.1688E-001   7.3279E-034   3.8778E-052
    5.484612E+04   1.0000E-099   4.7518E-001   5.2482E-001   1.1695E-033   3.9251E-052
    5.618687E+04   1.0000E-099   4.6559E-001   5.3441E-001   1.7548E-033   4.0125E-052
    5.754538E+04   1.0000E-099   4.5026E-001   5.4974E-001   2.4840E-033   4.1747E-052
    5.891516E+04   1.0000E-099   4.3014E-001   5.6986E-001   3.3001E-033   4.3905E-052
    6.027894E+04   1.0000E-099   4.0827E-001   5.9173E-001   4.0911E-033   4.6201E-052
    6.162742E+04   1.0000E-099   3.8787E-001   6.1213E-001   4.7632E-033   4.8333E-052
    6.293850E+04   1.0000E-099   3.7577E-001   6.2423E-001   5.2199E-033   4.9758E-052
