#NTIMES 50
#NSTAGES 4
#TIMES[d] 199.16 202.02 204.93 207.87 210.86 213.89 216.97 220.09 223.25 226.46 229.71 233.01 236.36 239.76 243.21 246.70 250.25 253.85 257.49 261.20 264.95 268.76 272.62 276.54 280.51 284.55 288.64 292.79 296.99 301.26 305.59 309.99 314.44 318.96 323.54 328.20 332.91 337.70 342.55 347.48 352.47 357.54 362.67 367.89 373.18 378.54 383.98 389.50 395.10 400.78
#
#TIME: 199.16
#NVEL 78
#vel_mid[km/s] o0 o1 o2 o3
1060.83 9.2414e-03 8.3125e-01 1.5563e-01 3.8807e-03
1919.29 8.2546e-03 8.5147e-01 1.3717e-01 3.0961e-03
2581.60 6.5274e-03 8.0062e-01 1.8742e-01 5.4287e-03
3084.17 4.4708e-03 6.9839e-01 2.8681e-01 1.0326e-02
3472.46 2.3330e-03 5.7708e-01 4.0273e-01 1.7851e-02
3909.64 1.1836e-03 4.4944e-01 5.1966e-01 2.9720e-02
4148.46 1.2293e-03 4.7140e-01 4.9752e-01 2.9846e-02
4670.75 1.3928e-03 4.7738e-01 4.9207e-01 2.9164e-02
4956.05 8.5911e-04 4.1494e-01 5.4933e-01 3.4871e-02
5258.79 3.4374e-04 3.2428e-01 6.2981e-01 4.5562e-02
5580.02 1.2120e-04 2.3849e-01 7.0657e-01 5.4811e-02
5920.87 5.7223e-05 2.0450e-01 7.3150e-01 6.3936e-02
6282.54 3.3462e-05 1.6731e-01 7.6487e-01 6.7784e-02
6666.30 3.2068e-05 1.6589e-01 7.6139e-01 7.2684e-02
7073.50 2.9327e-05 1.5990e-01 7.6564e-01 7.4435e-02
7505.58 2.6958e-05 1.4479e-01 7.7610e-01 7.9089e-02
7964.05 3.7932e-05 1.6734e-01 7.5274e-01 7.9882e-02
8450.53 7.8618e-05 1.9678e-01 7.2808e-01 7.5056e-02
8966.72 1.8877e-04 2.4527e-01 6.8636e-01 6.8180e-02
9514.44 3.4486e-04 2.9271e-01 6.4288e-01 6.4057e-02
10095.62 6.9274e-04 3.7385e-01 5.7230e-01 5.3159e-02
10712.30 1.3517e-03 4.6772e-01 4.8827e-01 4.2662e-02
11366.65 2.1197e-03 5.3287e-01 4.2791e-01 3.7096e-02
12061.10 2.3110e-03 5.6872e-01 3.9510e-01 3.3865e-02
12793.43 2.2118e-03 5.5657e-01 4.0596e-01 3.5261e-02
13528.61 2.9300e-03 5.6758e-01 3.9220e-01 3.7297e-02
14194.74 2.5761e-03 4.9868e-01 4.5169e-01 4.7059e-02
14757.77 2.1271e-03 5.3326e-01 4.2349e-01 4.1119e-02
15240.48 2.8321e-03 6.0928e-01 3.5860e-01 2.9289e-02
15646.99 3.3494e-03 6.8224e-01 2.9698e-01 1.7436e-02
15960.30 4.7418e-03 7.5679e-01 2.2869e-01 9.7816e-03
16187.41 4.6536e-03 8.1516e-01 1.7456e-01 5.6279e-03
16354.17 2.9241e-03 8.1379e-01 1.7804e-01 5.2461e-03
16484.18 2.8371e-03 7.9308e-01 1.9790e-01 6.1804e-03
16593.12 2.6699e-03 7.7968e-01 2.0930e-01 8.3440e-03
16691.99 1.9823e-03 7.5796e-01 2.3035e-01 9.7069e-03
16788.59 1.5180e-03 7.4463e-01 2.4365e-01 1.0201e-02
16888.37 2.7706e-03 6.8349e-01 3.0012e-01 1.3625e-02
16998.79 1.3070e-03 6.9647e-01 2.8766e-01 1.4556e-02
17146.37 1.1734e-03 6.7409e-01 3.0896e-01 1.5779e-02
17415.23 9.7496e-04 6.6775e-01 3.1222e-01 1.9052e-02
17888.12 4.0728e-04 5.2946e-01 4.3912e-01 3.1011e-02
18532.37 3.7152e-04 4.9778e-01 4.6359e-01 3.8256e-02
19260.76 2.4096e-04 4.8661e-01 4.6926e-01 4.3889e-02
20034.10 1.7503e-04 3.7558e-01 5.5426e-01 6.9990e-02
20838.00 1.2250e-04 2.8491e-01 6.0902e-01 1.0594e-01
21647.97 2.1161e-04 2.3122e-01 6.3911e-01 1.2946e-01
22447.94 4.7082e-04 3.2651e-01 5.3858e-01 1.3444e-01
23245.88 7.9119e-05 8.2017e-02 7.4341e-01 1.7449e-01
24052.47 1.4901e-04 2.0148e-01 5.4085e-01 2.5753e-01
24867.72 2.9709e-04 1.2701e-01 6.2961e-01 2.4308e-01
25698.86 6.1395e-05 1.2571e-01 5.9790e-01 2.7633e-01
26587.16 4.0929e-05 1.4533e-01 5.5502e-01 2.9961e-01
27637.54 6.9447e-06 2.3078e-02 4.7537e-01 5.0154e-01
28986.97 4.6710e-06 1.1269e-02 5.8088e-01 4.0785e-01
#TIME: 202.02
#NVEL 78
#vel_mid[km/s] o0 o1 o2 o3
1060.83 8.0565e-03 8.3557e-01 1.5276e-01 3.6132e-03
1919.29 9.1011e-03 8.4937e-01 1.3843e-01 3.0972e-03
2581.60 7.0957e-03 8.0164e-01 1.8589e-01 5.3734e-03
3084.17 4.5377e-03 7.0052e-01 2.8465e-01 1.0297e-02
3472.46 2.5291e-03 5.7923e-01 4.0053e-01 1.7711e-02
3909.64 1.2430e-03 4.5383e-01 5.1563e-01 2.9297e-02
4148.46 1.1750e-03 4.7700e-01 4.9262e-01 2.9197e-02
4670.75 1.3243e-03 4.9113e-01 4.7975e-01 2.7796e-02
4956.05 6.5317e-04 4.0209e-01 5.6092e-01 3.6337e-02
5258.79 3.7662e-04 3.2516e-01 6.2813e-01 4.6333e-02
5580.02 1.2681e-04 2.4257e-01 7.0200e-01 5.5302e-02
5920.87 6.0445e-05 2.0485e-01 7.3341e-01 6.1680e-02
6282.54 3.3497e-05 1.6773e-01 7.6309e-01 6.9149e-02
6666.30 2.9788e-05 1.5834e-01 7.6917e-01 7.2451e-02
7073.50 3.0231e-05 1.6172e-01 7.6397e-01 7.4285e-02
7505.58 2.7739e-05 1.4601e-01 7.7412e-01 7.9835e-02
7964.05 3.7921e-05 1.6268e-01 7.5596e-01 8.1323e-02
8450.53 7.4396e-05 1.9191e-01 7.3200e-01 7.6012e-02
8966.72 1.6957e-04 2.3301e-01 6.9507e-01 7.1749e-02
9514.44 3.2511e-04 2.9802e-01 6.3769e-01 6.3962e-02
10095.62 6.5569e-04 3.7332e-01 5.7217e-01 5.3858e-02
10712.30 1.2416e-03 4.5686e-01 4.9742e-01 4.4475e-02
11366.65 1.9615e-03 5.3459e-01 4.2762e-01 3.5826e-02
12061.10 2.5159e-03 5.7240e-01 3.9146e-01 3.3619e-02
12793.43 2.7322e-03 5.8573e-01 3.7806e-01 3.3470e-02
13528.61 2.4550e-03 5.9784e-01 3.6673e-01 3.2978e-02
14194.74 2.2126e-03 5.6832e-01 3.9218e-01 3.7288e-02
14757.77 2.9807e-03 5.6274e-01 3.9611e-01 3.8168e-02
15240.48 2.2364e-03 6.0683e-01 3.5662e-01 3.4312e-02
15646.99 2.5347e-03 6.8496e-01 2.9499e-01 1.7515e-02
15960.30 6.2214e-03 7.7796e-01 2.0804e-01 7.7768e-03
16187.41 6.1637e-03 7.9579e-01 1.9188e-01 6.1721e-03
16354.17 4.1636e-03 7.9811e-01 1.9158e-01 6.1430e-03
16484.18 3.9103e-03 8.0208e-01 1.8792e-01 6.0863e-03
16593.12 3.4215e-03 7.6770e-01 2.2083e-01 8.0496e-03
16691.99 3.8946e-03 7.7382e-01 2.1312e-01 9.1664e-03
16788.59 1.3031e-03 7.3409e-01 2.5349e-01 1.1116e-02
16888.37 2.4045e-03 7.3118e-01 2.5403e-01 1.2387e-02
16998.79 1.3642e-03 6.9086e-01 2.9423e-01 1.3546e-02
17146.37 8.8426e-04 6.6586e-01 3.1704e-01 1.6218e-02
17415.23 1.3237e-03 6.3646e-01 3.4217e-01 2.0042e-02
17888.12 4.8790e-04 5.6947e-01 3.9856e-01 3.1484e-02
18532.37 4.8387e-04 5.5187e-01 4.0969e-01 3.7962e-02
19260.76 3.6800e-04 5.0010e-01 4.4990e-01 4.9632e-02
20034.10 3.9483e-04 4.4564e-01 4.8941e-01 6.4560e-02
20838.00 1.1412e-04 2.8114e-01 6.3248e-01 8.6267e-02
21647.97 1.3165e-04 2.0359e-01 6.9334e-01 1.0294e-01
22447.94 1.9351e-04 2.8832e-01 5.9320e-01 1.1829e-01
23245.88 4.1250e-04 2.9651e-01 5.5254e-01 1.5054e-01
24052.47 2.0863e-04 2.4193e-01 5.6309e-01 1.9478e-01
24867.72 4.5753e-05 1.0886e-01 6.5269e-01 2.3841e-01
25698.86 2.0210e-04 1.3836e-01 5.3891e-01 3.2253e-01
26587.16 2.8062e-05 4.0710e-02 5.7205e-01 3.8721e-01
27637.54 4.1383e-05 7.8563e-02 5.7056e-01 3.5084e-01
28986.97 1.9700e-05 5.6749e-02 4.2275e-01 5.2048e-01
#TIME: 204.93
#NVEL 78
#vel_mid[km/s] o0 o1 o2 o3
1060.83 8.3933e-03 8.3701e-01 1.5092e-01 3.6755e-03
1919.29 8.3322e-03 8.5440e-01 1.3429e-01 2.9829e-03
2581.60 6.8800e-03 8.0232e-01 1.8544e-01 5.3598e-03
3084.17 4.5398e-03 7.0016e-01 2.8499e-01 1.0309e-02
3472.46 2.5687e-03 5.8353e-01 3.9652e-01 1.7385e-02
3909.64 1.0890e-03 4.6240e-01 5.0857e-01 2.7931e-02
4148.46 1.3179e-03 4.7192e-01 4.9651e-01 3.0255e-02
4670.75 1.3219e-03 4.9748e-01 4.7323e-01 2.7970e-02
4956.05 8.5741e-04 3.9570e-01 5.6656e-01 3.6883e-02
5258.79 3.4619e-04 3.1101e-01 6.4281e-01 4.5831e-02
5580.02 1.3329e-04 2.4584e-01 6.9913e-01 5.4896e-02
5920.87 5.6041e-05 1.9821e-01 7.3862e-01 6.3105e-02
6282.54 3.4943e-05 1.7086e-01 7.5928e-01 6.9830e-02
6666.30 3.0512e-05 1.5709e-01 7.6997e-01 7.2918e-02
7073.50 2.9638e-05 1.5566e-01 7.6821e-01 7.6099e-02
7505.58 2.7369e-05 1.4916e-01 7.6912e-01 8.1692e-02
7964.05 3.7042e-05 1.6355e-01 7.5612e-01 8.0302e-02
8450.53 7.4727e-05 1.9118e-01 7.3341e-01 7.5339e-02
8966.72 1.7353e-04 2.4780e-01 6.8328e-01 6.8749e-02
9514.44 3.4541e-04 2.9555e-01 6.4000e-01 6.4101e-02
10095.62 6.4643e-04 3.6447e-01 5.8222e-01 5.2669e-02
10712.30 1.3110e-03 4.7135e-01 4.8506e-01 4.2277e-02
11366.65 1.9490e-03 5.1866e-01 4.4100e-01 3.8390e-02
12061.10 2.4128e-03 5.4545e-01 4.1660e-01 3.5529e-02
12793.43 2.6729e-03 5.8272e-01 3.8142e-01 3.3192e-02
13528.61 2.7241e-03 5.7196e-01 3.8998e-01 3.5336e-02
14194.74 2.4095e-03 5.0478e-01 4.4617e-01 4.6646e-02
14757.77 2.1744e-03 5.5122e-01 4.0518e-01 4.1429e-02
15240.48 1.8799e-03 5.9461e-01 3.7358e-01 2.9927e-02
15646.99 3.4549e-03 6.8741e-01 2.9246e-01 1.6675e-02
15960.30 5.0839e-03 7.7405e-01 2.1262e-01 8.2433e-03
16187.41 6.9130e-03 7.8867e-01 1.9790e-01 6.5172e-03
16354.17 4.5226e-03 8.1873e-01 1.7180e-01 4.9536e-03
16484.18 2.5484e-03 8.1368e-01 1.7859e-01 5.1830e-03
16593.12 2.5684e-03 7.5885e-01 2.2888e-01 9.7042e-03
16691.99 4.5461e-03 7.7013e-01 2.1674e-01 8.5863e-03
16788.59 2.4385e-03 7.3059e-01 2.5629e-01 1.0677e-02
16888.37 1.2642e-03 7.3545e-01 2.5076e-01 1.2526e-02
16998.79 1.7677e-03 6.8661e-01 2.9658e-01 1.5042e-02
17146.37 1.2608e-03 6.7198e-01 3.1094e-01 1.5818e-02
17415.23 1.1299e-03 6.5657e-01 3.2307e-01 1.9232e-02
17888.12 4.7891e-04 5.9087e-01 3.8160e-01 2.7054e-02
18532.37 6.7648e-04 5.2019e-01 4.4512e-01 3.4015e-02
19260.76 3.1430e-04 5.1398e-01 4.3836e-01 4.7342e-02
20034.10 2.6045e-04 4.2195e-01 5.1994e-01 5.7852e-02
20838.00 1.9859e-04 3.0076e-01 6.0948e-01 8.9566e-02
21647.97 1.3036e-04 2.3646e-01 6.5088e-01 1.1253e-01
22447.94 1.2611e-04 2.7053e-01 5.9540e-01 1.3394e-01
23245.88 1.4508e-04 1.6436e-01 5.8794e-01 2.4755e-01
24052.47 5.8534e-05 1.5762e-01 6.4223e-01 2.0009e-01
24867.72 1.9275e-05 7.2322e-02 6.9231e-01 2.3535e-01
25698.86 7.8781e-05 1.7373e-01 5.6302e-01 2.6317e-01
26587.16 4.3168e-05 8.6554e-02 5.9109e-01 3.2232e-01
27637.54 9.3749e-05 4.4954e-02 5.9988e-01 3.5507e-01
28986.97 1.1874e-05 1.5091e-02 5.9969e-01 3.8521e-01
#TIME: 207.87
#NVEL 78
#vel_mid[km/s] o0 o1 o2 o3
1060.83 8.7436e-03 8.3333e-01 1.5424e-01 3.6887e-03
1919.29 9.0915e-03 8.5381e-01 1.3411e-01 2.9914e-03
2581.60 6.6106e-03 8.0287e-01 1.8522e-01 5.3006e-03
3084.17 4.5521e-03 7.0631e-01 2.7913e-01 1.0005e-02
3472.46 2.5822e-03 5.8223e-01 3.9743e-01 1.7760e-02
3909.64 1.2330e-03 4.8350e-01 4.8792e-01 2.7343e-02
4148.46 1.1765e-03 4.7437e-01 4.9542e-01 2.9039e-02
4670.75 1.3838e-03 4.8936e-01 4.8047e-01 2.8790e-02
4956.05 8.9628e-04 4.1491e-01 5.4984e-01 3.4352e-02
5258.79 3.6126e-04 3.1561e-01 6.3693e-01 4.7103e-02
5580.02 1.3740e-04 2.4775e-01 6.9679e-01 5.5321e-02
5920.87 5.8414e-05 1.9850e-01 7.3858e-01 6.2863e-02
6282.54 3.6288e-05 1.6754e-01 7.6279e-01 6.9628e-02
6666.30 3.0648e-05 1.5837e-01 7.6867e-01 7.2937e-02
7073.50 3.0695e-05 1.5933e-01 7.6451e-01 7.6133e-02
7505.58 2.9934e-05 1.5765e-01 7.6256e-01 7.9766e-02
7964.05 3.7912e-05 1.6299e-01 7.5727e-01 7.9701e-02
8450.53 7.7324e-05 1.9771e-01 7.2900e-01 7.3213e-02
8966.72 1.8032e-04 2.4621e-01 6.8422e-01 6.9388e-02
9514.44 3.6243e-04 3.0140e-01 6.3390e-01 6.4335e-02
10095.62 7.3546e-04 3.8862e-01 5.5864e-01 5.2010e-02
10712.30 1.1168e-03 4.5618e-01 4.9846e-01 4.4236e-02
11366.65 1.8825e-03 5.1049e-01 4.4841e-01 3.9220e-02
12061.10 2.5446e-03 5.4678e-01 4.1519e-01 3.5477e-02
12793.43 3.2934e-03 5.7291e-01 3.8984e-01 3.3961e-02
13528.61 3.3803e-03 5.8894e-01 3.7382e-01 3.3856e-02
14194.74 2.3931e-03 5.7471e-01 3.8804e-01 3.4853e-02
14757.77 2.4982e-03 5.1922e-01 4.3106e-01 4.7221e-02
15240.48 3.1552e-03 5.8881e-01 3.7716e-01 3.0879e-02
15646.99 3.9855e-03 6.9923e-01 2.7919e-01 1.7594e-02
15960.30 6.7109e-03 7.6660e-01 2.1884e-01 7.8529e-03
16187.41 7.1593e-03 7.9249e-01 1.9414e-01 6.2097e-03
16354.17 4.1804e-03 8.1460e-01 1.7592e-01 5.2974e-03
16484.18 3.1071e-03 8.1681e-01 1.7427e-01 5.8130e-03
16593.12 1.7792e-03 7.8438e-01 2.0604e-01 7.8046e-03
16691.99 6.5633e-03 7.6064e-01 2.2360e-01 9.2009e-03
16788.59 1.2754e-03 6.2240e-01 3.6187e-01 1.4453e-02
16888.37 2.2576e-03 7.4174e-01 2.4488e-01 1.1123e-02
16998.79 1.8554e-03 7.0341e-01 2.8087e-01 1.3867e-02
17146.37 9.9059e-04 6.6908e-01 3.1557e-01 1.4355e-02
17415.23 1.3716e-03 6.4520e-01 3.3616e-01 1.7264e-02
17888.12 4.6006e-04 6.0253e-01 3.7003e-01 2.6988e-02
18532.37 4.5110e-04 5.4046e-01 4.2539e-01 3.3695e-02
19260.76 6.0104e-04 4.7853e-01 4.7113e-01 4.9744e-02
20034.10 2.2427e-04 4.1888e-01 5.1999e-01 6.0910e-02
20838.00 1.6262e-04 2.9656e-01 6.1202e-01 9.1261e-02
21647.97 1.6386e-04 3.0522e-01 5.9344e-01 1.0118e-01
22447.94 9.8731e-05 1.8412e-01 6.6094e-01 1.5485e-01
23245.88 3.7903e-05 8.9858e-02 7.3514e-01 1.7496e-01
24052.47 9.4357e-05 1.7840e-01 6.1905e-01 2.0246e-01
24867.72 8.9269e-05 1.0420e-01 5.8037e-01 3.1534e-01
25698.86 1.5181e-04 1.7482e-01 5.6319e-01 2.6184e-01
26587.16 9.5055e-05 9.0188e-02 5.9375e-01 3.1596e-01
27637.54 3.2028e-05 1.5075e-02 6.3584e-01 3.4905e-01
28986.97 3.2780e-04 6.8996e-02 5.3348e-01 3.9720e-01
#TIME: 210.86
#NVEL 78
#vel_mid[km/s] o0 o1 o2 o3
1060.83 7.9847e-03 8.3755e-01 1.5093e-01 3.5329e-03
1919.29 8.3342e-03 8.5714e-01 1.3166e-01 2.8725e-03
2581.60 6.6406e-03 8.0572e-01 1.8248e-01 5.1609e-03
3084.17 5.0842e-03 7.0170e-01 2.8299e-01 1.0225e-02
3472.46 2.5162e-03 5.9240e-01 3.8813e-01 1.6952e-02
3909.64 1.2827e-03 4.7452e-01 4.9602e-01 2.8183e-02
4148.46 1.2893e-03 4.7703e-01 4.9268e-01 2.9004e-02
4670.75 1.4250e-03 4.9824e-01 4.7293e-01 2.7403e-02
4956.05 1.0343e-03 4.0771e-01 5.5458e-01 3.6672e-02
5258.79 3.4669e-04 3.1640e-01 6.3809e-01 4.5162e-02
5580.02 1.3730e-04 2.3441e-01 7.0960e-01 5.5858e-02
5920.87 6.1600e-05 2.0740e-01 7.2888e-01 6.3652e-02
6282.54 3.5982e-05 1.6613e-01 7.6446e-01 6.9375e-02
6666.30 3.1355e-05 1.5709e-01 7.6958e-01 7.3296e-02
7073.50 3.2072e-05 1.6233e-01 7.6424e-01 7.3402e-02
7505.58 2.7957e-05 1.5164e-01 7.6984e-01 7.8497e-02
7964.05 3.6944e-05 1.6018e-01 7.5852e-01 8.1262e-02
8450.53 7.3193e-05 1.9402e-01 7.3206e-01 7.3847e-02
8966.72 1.7296e-04 2.4116e-01 6.8914e-01 6.9521e-02
9514.44 3.3328e-04 2.9737e-01 6.3805e-01 6.4244e-02
10095.62 7.4846e-04 3.9602e-01 5.5011e-01 5.3119e-02
10712.30 1.2227e-03 4.6385e-01 4.9271e-01 4.2221e-02
11366.65 1.7346e-03 5.2827e-01 4.3351e-01 3.6487e-02
12061.10 2.6477e-03 5.7119e-01 3.9302e-01 3.3147e-02
12793.43 2.5357e-03 5.7738e-01 3.8696e-01 3.3123e-02
13528.61 2.6436e-03 6.0299e-01 3.6227e-01 3.2100e-02
14194.74 3.0093e-03 5.7629e-01 3.8491e-01 3.5785e-02
14757.77 3.0677e-03 5.0014e-01 4.5280e-01 4.3991e-02
15240.48 2.3884e-03 6.0641e-01 3.6241e-01 2.8795e-02
15646.99 3.8152e-03 6.6560e-01 3.1362e-01 1.6961e-02
15960.30 4.6145e-03 7.7262e-01 2.1502e-01 7.7455e-03
16187.41 5.5048e-03 7.9835e-01 1.9019e-01 5.9552e-03
16354.17 4.7508e-03 8.1907e-01 1.7126e-01 4.9174e-03
16484.18 2.6462e-03 8.1600e-01 1.7602e-01 5.3386e-03
16593.12 1.8552e-03 7.6436e-01 2.2676e-01 7.0277e-03
16691.99 3.5647e-03 7.7038e-01 2.1815e-01 7.9013e-03
16788.59 1.7760e-03 7.3242e-01 2.5059e-01 1.5211e-02
16888.37 1.5567e-03 6.9701e-01 2.8498e-01 1.6458e-02
16998.79 1.8108e-03 7.1928e-01 2.6568e-01 1.3227e-02
17146.37 2.8537e-03 6.5917e-01 3.2210e-01 1.5871e-02
17415.23 1.1268e-03 6.3940e-01 3.4062e-01 1.8861e-02
17888.12 6.3284e-04 6.0045e-01 3.7298e-01 2.5937e-02
18532.37 4.5078e-04 5.3800e-01 4.2522e-01 3.6325e-02
19260.76 3.0826e-04 5.0197e-01 4.5134e-01 4.6379e-02
20034.10 1.7149e-04 4.0705e-01 5.3347e-01 5.9314e-02
20838.00 1.8314e-04 2.8819e-01 6.3105e-01 8.0578e-02
21647.97 1.1885e-04 2.6729e-01 6.3975e-01 9.2839e-02
22447.94 1.0763e-04 1.4863e-01 6.7430e-01 1.7696e-01
23245.88 1.6928e-04 1.8413e-01 6.5225e-01 1.6345e-01
24052.47 7.4838e-05 1.9809e-01 6.0266e-01 1.9917e-01
24867.72 4.1678e-05 1.2465e-01 6.3426e-01 2.4105e-01
25698.86 8.1104e-05 1.1811e-01 6.1997e-01 2.6184e-01
26587.16 5.6282e-04 9.0403e-02 5.9846e-01 3.1058e-01
27637.54 1.0166e-04 5.0954e-02 5.8919e-01 3.5975e-01
28986.97 2.1662e-05 5.7004e-02 5.6635e-01 3.7663e-01
#TIME: 213.89
#NVEL 78
#vel_mid[km/s] o0 o1 o2 o3
1060.83 1.1724e-02 8.4101e-01 1.4400e-01 3.2582e-03
1919.29 9.3406e-03 8.6082e-01 1.2717e-01 2.6723e-03
2581.60 7.2381e-03 8.0480e-01 1.8267e-01 5.2884e-03
3084.17 4.5206e-03 7.0729e-01 2.7822e-01 9.9692e-03
3472.46 2.5785e-03 5.8025e-01 3.9945e-01 1.7716e-02
3909.64 1.1872e-03 4.6119e-01 5.0967e-01 2.7948e-02
4148.46 1.3791e-03 4.8023e-01 4.8934e-01 2.9049e-02
4670.75 1.3937e-03 4.9068e-01 4.8012e-01 2.7809e-02
4956.05 9.3201e-04 4.3806e-01 5.2715e-01 3.3854e-02
5258.79 3.6362e-04 3.3009e-01 6.2371e-01 4.5838e-02
5580.02 1.3900e-04 2.4738e-01 6.9667e-01 5.5809e-02
5920.87 6.2169e-05 2.0184e-01 7.3328e-01 6.4818e-02
6282.54 3.6875e-05 1.7516e-01 7.5592e-01 6.8883e-02
6666.30 3.1350e-05 1.5825e-01 7.6885e-01 7.2860e-02
7073.50 3.2201e-05 1.6189e-01 7.6212e-01 7.5953e-02
7505.58 2.7050e-05 1.4576e-01 7.7507e-01 7.9150e-02
7964.05 3.5401e-05 1.5170e-01 7.6510e-01 8.3160e-02
8450.53 6.9908e-05 1.9306e-01 7.3243e-01 7.4439e-02
8966.72 1.5281e-04 2.2691e-01 7.0271e-01 7.0236e-02
9514.44 3.4733e-04 2.9693e-01 6.3837e-01 6.4352e-02
10095.62 7.8149e-04 3.8069e-01 5.6486e-01 5.3664e-02
10712.30 1.2775e-03 4.5400e-01 5.0041e-01 4.4310e-02
11366.65 1.9822e-03 5.2449e-01 4.3680e-01 3.6728e-02
12061.10 2.7308e-03 5.5332e-01 4.0914e-01 3.4807e-02
12793.43 3.1649e-03 5.6654e-01 3.9634e-01 3.3955e-02
13528.61 2.7935e-03 5.6240e-01 3.9700e-01 3.7808e-02
14194.74 3.3787e-03 5.5933e-01 4.0090e-01 3.6388e-02
14757.77 2.7353e-03 5.3870e-01 4.1687e-01 4.1697e-02
15240.48 3.1506e-03 5.6537e-01 3.9770e-01 3.3772e-02
15646.99 2.7915e-03 6.7955e-01 2.9940e-01 1.8254e-02
15960.30 5.4497e-03 7.6806e-01 2.1806e-01 8.4358e-03
16187.41 7.2942e-03 8.0158e-01 1.8465e-01 6.4724e-03
16354.17 5.1175e-03 8.2022e-01 1.6966e-01 5.0036e-03
16484.18 3.6341e-03 8.2267e-01 1.6837e-01 5.3261e-03
16593.12 2.7633e-03 7.8246e-01 2.0623e-01 8.5469e-03
16691.99 1.8041e-03 7.7147e-01 2.1877e-01 7.9616e-03
16788.59 1.4377e-03 7.0215e-01 2.8657e-01 9.8401e-03
16888.37 4.7745e-03 6.8119e-01 3.0044e-01 1.3600e-02
16998.79 1.6576e-03 7.2807e-01 2.5762e-01 1.2646e-02
17146.37 2.5194e-03 7.0596e-01 2.7718e-01 1.4342e-02
17415.23 9.1616e-04 6.6585e-01 3.1467e-01 1.8560e-02
17888.12 1.0072e-03 5.8401e-01 3.8627e-01 2.8714e-02
18532.37 4.6520e-04 5.2623e-01 4.3952e-01 3.3781e-02
19260.76 2.9142e-04 4.7921e-01 4.7428e-01 4.6219e-02
20034.10 2.8670e-04 4.2387e-01 5.1540e-01 6.0444e-02
20838.00 1.4279e-04 2.8808e-01 6.1593e-01 9.5847e-02
21647.97 1.9139e-04 2.7900e-01 6.0399e-01 1.1681e-01
22447.94 1.6496e-04 2.4484e-01 6.3226e-01 1.2273e-01
23245.88 1.7184e-04 1.5782e-01 6.8745e-01 1.5456e-01
24052.47 2.9172e-05 6.7354e-02 7.2289e-01 2.0973e-01
24867.72 9.7909e-05 1.7910e-01 5.9520e-01 2.2560e-01
25698.86 3.2069e-05 1.0625e-01 6.4125e-01 2.5246e-01
26587.16 2.8265e-05 7.6892e-02 6.3372e-01 2.8936e-01
27637.54 3.7463e-05 1.0692e-01 5.5585e-01 3.3719e-01
28986.97 2.2938e-06 6.6796e-03 3.6242e-01 6.3089e-01
#TIME: 216.97
#NVEL 78
#vel_mid[km/s] o0 o1 o2 o3
1060.83 9.0927e-03 8.4340e-01 1.4418e-01 3.3317e-03
1919.29 8.2421e-03 8.6062e-01 1.2835e-01 2.7913e-03
2581.60 5.8849e-03 8.0923e-01 1.7979e-01 5.0933e-03
3084.17 4.7016e-03 7.0262e-01 2.8255e-01 1.0130e-02
3472.46 2.5609e-03 5.9650e-01 3.8406e-01 1.6880e-02
3909.64 1.2663e-03 4.5557e-01 5.1372e-01 2.9435e-02
4148.46 1.3977e-03 4.9629e-01 4.7400e-01 2.8319e-02
4670.75 1.4558e-03 4.8773e-01 4.8252e-01 2.8290e-02
4956.05 1.0565e-03 4.3624e-01 5.2848e-01 3.4220e-02
5258.79 3.5895e-04 3.2328e-01 6.3140e-01 4.4952e-02
5580.02 1.3458e-04 2.4052e-01 7.0359e-01 5.5754e-02
5920.87 5.8415e-05 1.9445e-01 7.4210e-01 6.3386e-02
6282.54 3.1636e-05 1.5897e-01 7.6989e-01 7.1106e-02
6666.30 3.0376e-05 1.5587e-01 7.7003e-01 7.4078e-02
7073.50 2.9903e-05 1.5028e-01 7.7351e-01 7.6178e-02
7505.58 2.8142e-05 1.5244e-01 7.6647e-01 8.1066e-02
7964.05 3.5710e-05 1.5849e-01 7.5916e-01 8.2312e-02
8450.53 7.1226e-05 1.9698e-01 7.2734e-01 7.5612e-02
8966.72 1.6236e-04 2.4033e-01 6.8900e-01 7.0508e-02
9514.44 3.1508e-04 2.9173e-01 6.4365e-01 6.4305e-02
10095.62 7.5392e-04 3.8782e-01 5.5909e-01 5.2336e-02
10712.30 1.1965e-03 4.6462e-01 4.9137e-01 4.2812e-02
11366.65 1.9807e-03 5.0488e-01 4.5508e-01 3.8050e-02
12061.10 3.1398e-03 5.9053e-01 3.7431e-01 3.2025e-02
12793.43 3.1502e-03 5.9718e-01 3.6801e-01 3.1664e-02
13528.61 3.7151e-03 5.9348e-01 3.7027e-01 3.2540e-02
14194.74 3.5462e-03 6.0014e-01 3.6199e-01 3.4329e-02
14757.77 2.7334e-03 5.8682e-01 3.7586e-01 3.4591e-02
15240.48 3.8644e-03 5.9983e-01 3.6248e-01 3.3826e-02
15646.99 3.1373e-03 6.9696e-01 2.8390e-01 1.5996e-02
15960.30 4.9798e-03 7.8345e-01 2.0409e-01 7.4726e-03
16187.41 5.8534e-03 8.0762e-01 1.8114e-01 5.3853e-03
16354.17 4.5082e-03 8.0932e-01 1.8097e-01 5.2035e-03
16484.18 2.5782e-03 8.1627e-01 1.7598e-01 5.1676e-03
16593.12 2.7263e-03 7.8064e-01 2.0999e-01 6.6447e-03
16691.99 2.8125e-03 7.2964e-01 2.5663e-01 1.0919e-02
16788.59 1.8792e-03 7.5863e-01 2.3058e-01 8.9052e-03
16888.37 3.7718e-03 7.3358e-01 2.4959e-01 1.3066e-02
16998.79 1.6898e-03 7.2595e-01 2.6025e-01 1.2116e-02
17146.37 1.5178e-03 7.0060e-01 2.8337e-01 1.4513e-02
17415.23 1.7922e-03 6.7722e-01 3.0247e-01 1.8516e-02
17888.12 9.2113e-04 5.9716e-01 3.7449e-01 2.7425e-02
18532.37 5.5772e-04 5.3580e-01 4.2899e-01 3.4646e-02
19260.76 3.2378e-04 4.0035e-01 5.4455e-01 5.4782e-02
20034.10 2.3000e-04 4.6220e-01 4.7784e-01 5.9727e-02
20838.00 2.3877e-04 2.6392e-01 6.5134e-01 8.4505e-02
21647.97 1.3993e-04 2.5611e-01 6.4342e-01 1.0033e-01
22447.94 7.9619e-05 1.5544e-01 7.1893e-01 1.2554e-01
23245.88 5.6177e-05 1.1394e-01 7.2206e-01 1.6394e-01
24052.47 2.7319e-05 5.0091e-02 7.4875e-01 2.0113e-01
24867.72 9.7540e-05 1.5953e-01 6.2691e-01 2.1347e-01
25698.86 7.3090e-05 9.9320e-02 6.1504e-01 2.8557e-01
26587.16 6.3510e-06 2.4825e-02 6.4660e-01 3.2857e-01
27637.54 1.6456e-05 3.9942e-02 6.2692e-01 3.3312e-01
28986.97 5.7595e-06 1.0707e-02 3.8250e-01 6.0679e-01
#TIME: 220.09
#NVEL 78
#vel_mid[km/s] o0 o1 o2 o3
1060.83 1.0528e-02 8.3864e-01 1.4746e-01 3.3753e-03
1919.29 8.6687e-03 8.5891e-01 1.2962e-01 2.7973e-03
2581.60 6.8699e-03 8.0858e-01 1.7952e-01 5.0290e-03
3084.17 4.7678e-03 7.1224e-01 2.7331e-01 9.6873e-03
3472.46 2.6953e-03 5.9670e-01 3.8368e-01 1.6928e-02
3909.64 1.4030e-03 4.6897e-01 5.0172e-01 2.7907e-02
4148.46 1.2933e-03 4.6156e-01 5.0707e-01 3.0078e-02
4670.75 1.5203e-03 4.9100e-01 4.7950e-01 2.7980e-02
4956.05 7.9327e-04 4.0991e-01 5.5418e-01 3.5117e-02
5258.79 3.7888e-04 3.1393e-01 6.3907e-01 4.6628e-02
5580.02 1.3600e-04 2.4807e-01 6.9680e-01 5.4997e-02
5920.87 5.4461e-05 1.9003e-01 7.4692e-01 6.2995e-02
6282.54 3.4089e-05 1.6438e-01 7.6463e-01 7.0956e-02
6666.30 2.9054e-05 1.4474e-01 7.8117e-01 7.4064e-02
7073.50 2.8387e-05 1.4926e-01 7.7406e-01 7.6653e-02
7505.58 2.5017e-05 1.4197e-01 7.7403e-01 8.3977e-02
7964.05 3.6335e-05 1.4972e-01 7.6657e-01 8.3674e-02
8450.53 6.9496e-05 1.9102e-01 7.2959e-01 7.9326e-02
8966.72 1.6209e-04 2.4235e-01 6.8902e-01 6.8473e-02
9514.44 3.5344e-04 3.0069e-01 6.3592e-01 6.3031e-02
10095.62 7.4888e-04 3.9039e-01 5.5676e-01 5.2103e-02
10712.30 1.1378e-03 4.5612e-01 4.9932e-01 4.3424e-02
11366.65 2.0821e-03 5.3369e-01 4.2750e-01 3.6727e-02
12061.10 2.3695e-03 5.6077e-01 4.0139e-01 3.5473e-02
12793.43 3.1871e-03 6.1417e-01 3.5227e-01 3.0371e-02
13528.61 4.0822e-03 6.0791e-01 3.5651e-01 3.1496e-02
14194.74 2.8590e-03 5.8118e-01 3.7951e-01 3.6450e-02
14757.77 2.3279e-03 5.9700e-01 3.6660e-01 3.4066e-02
15240.48 2.4012e-03 6.0743e-01 3.6192e-01 2.8251e-02
15646.99 3.5266e-03 7.1047e-01 2.7056e-01 1.5442e-02
15960.30 4.8510e-03 7.8847e-01 1.9940e-01 7.2729e-03
16187.41 5.6336e-03 8.2184e-01 1.6750e-01 5.0304e-03
16354.17 4.9952e-03 8.2066e-01 1.6899e-01 5.3456e-03
16484.18 5.1884e-03 8.0558e-01 1.8368e-01 5.5467e-03
16593.12 2.8412e-03 7.5668e-01 2.3121e-01 9.2757e-03
16691.99 3.5729e-03 7.7136e-01 2.1670e-01 8.3679e-03
16788.59 2.1039e-03 7.5605e-01 2.3252e-01 9.3310e-03
16888.37 2.9848e-03 7.3186e-01 2.5409e-01 1.1064e-02
16998.79 1.6830e-03 7.1252e-01 2.7459e-01 1.1208e-02
17146.37 1.7721e-03 6.7603e-01 3.0785e-01 1.4351e-02
17415.23 8.6475e-04 6.4887e-01 3.3171e-01 1.8558e-02
17888.12 6.8819e-04 6.0642e-01 3.6949e-01 2.3406e-02
18532.37 4.2428e-04 5.3035e-01 4.3518e-01 3.4048e-02
19260.76 4.6384e-04 4.7355e-01 4.8145e-01 4.4540e-02
20034.10 2.7833e-04 4.3805e-01 5.1013e-01 5.1548e-02
20838.00 2.0727e-04 3.5042e-01 5.7388e-01 7.5490e-02
21647.97 4.0207e-04 3.8486e-01 5.2950e-01 8.5232e-02
22447.94 1.3154e-04 3.2467e-01 5.5180e-01 1.2339e-01
23245.88 4.9957e-05 9.5745e-02 7.4949e-01 1.5472e-01
24052.47 6.5892e-05 1.3760e-01 6.6691e-01 1.9542e-01
24867.72 1.8810e-05 3.1054e-02 6.5367e-01 3.1525e-01
25698.86 4.9367e-05 8.3909e-02 4.6931e-01 4.4673e-01
26587.16 1.8049e-05 1.1614e-01 5.9687e-01 2.8697e-01
27637.54 2.2506e-05 5.6362e-02 5.9893e-01 3.4469e-01
28986.97 3.1686e-05 1.3992e-02 3.6404e-01 6.2193e-01
#TIME: 223.25
#NVEL 78
#vel_mid[km/s] o0 o1 o2 o3
1060.83 1.0105e-02 8.4683e-01 1.3999e-01 3.0674e-03
1919.29 9.6008e-03 8.5999e-01 1.2771e-01 2.6929e-03
2581.60 6.4473e-03 8.0698e-01 1.8153e-01 5.0379e-03
3084.17 4.5058e-03 7.0574e-01 2.7958e-01 1.0174e-02
3472.46 2.6215e-03 5.9274e-01 3.8769e-01 1.6948e-02
3909.64 1.3399e-03 4.6426e-01 5.0572e-01 2.8685e-02
4148.46 1.4143e-03 4.7928e-01 4.9071e-01 2.8593e-02
4670.75 1.5553e-03 5.0563e-01 4.6524e-01 2.7574e-02
4956.05 8.6522e-04 4.4776e-01 5.1692e-01 3.4448e-02
5258.79 4.0409e-04 3.2004e-01 6.3437e-01 4.5184e-02
5580.02 1.3288e-04 2.4226e-01 7.0306e-01 5.4551e-02
5920.87 5.3900e-05 1.8872e-01 7.4794e-01 6.3290e-02
6282.54 3.3115e-05 1.5680e-01 7.7206e-01 7.1103e-02
6666.30 3.0555e-05 1.5767e-01 7.6952e-01 7.2780e-02
7073.50 2.9027e-05 1.5506e-01 7.6917e-01 7.5738e-02
7505.58 2.7206e-05 1.4754e-01 7.7059e-01 8.1837e-02
7964.05 3.8876e-05 1.6216e-01 7.5398e-01 8.3816e-02
8450.53 7.6613e-05 1.9818e-01 7.2461e-01 7.7135e-02
8966.72 1.7093e-04 2.3952e-01 6.8792e-01 7.2391e-02
9514.44 3.8249e-04 3.0587e-01 6.3053e-01 6.3222e-02
10095.62 6.7919e-04 3.7979e-01 5.6525e-01 5.4279e-02
10712.30 1.2448e-03 4.5692e-01 4.9846e-01 4.3369e-02
11366.65 1.9671e-03 5.2030e-01 4.3991e-01 3.7816e-02
12061.10 2.6938e-03 5.6647e-01 3.9640e-01 3.4435e-02
12793.43 2.9780e-03 5.8582e-01 3.7880e-01 3.2402e-02
13528.61 2.7705e-03 5.8760e-01 3.7665e-01 3.2979e-02
14194.74 2.1616e-03 5.2433e-01 4.3231e-01 4.1195e-02
14757.77 4.2214e-03 5.7539e-01 3.8476e-01 3.5633e-02
15240.48 3.5196e-03 5.9220e-01 3.7519e-01 2.9086e-02
15646.99 3.2027e-03 7.0960e-01 2.7269e-01 1.4504e-02
15960.30 6.3819e-03 7.8638e-01 1.9984e-01 7.3982e-03
16187.41 4.4539e-03 8.2763e-01 1.6315e-01 4.7607e-03
16354.17 3.9856e-03 8.0132e-01 1.8979e-01 4.9026e-03
16484.18 3.9890e-03 8.1055e-01 1.8009e-01 5.3734e-03
16593.12 2.3903e-03 7.7817e-01 2.1191e-01 7.5369e-03
16691.99 2.0803e-03 8.0842e-01 1.8334e-01 6.1568e-03
16788.59 2.9577e-03 7.5021e-01 2.3417e-01 1.2668e-02
16888.37 1.4497e-03 7.1132e-01 2.7514e-01 1.2093e-02
16998.79 1.1769e-03 7.2028e-01 2.6427e-01 1.4276e-02
17146.37 1.8315e-03 6.9923e-01 2.8450e-01 1.4433e-02
17415.23 1.2373e-03 6.6583e-01 3.1537e-01 1.7559e-02
17888.12 7.2477e-04 6.0742e-01 3.6486e-01 2.6993e-02
18532.37 4.0196e-04 5.2938e-01 4.3002e-01 4.0196e-02
19260.76 3.1085e-04 4.7855e-01 4.7804e-01 4.3094e-02
20034.10 2.8941e-04 4.5089e-01 4.9250e-01 5.6323e-02
20838.00 4.8583e-04 4.0689e-01 5.0549e-01 8.7133e-02
21647.97 3.0397e-04 3.3642e-01 5.7643e-01 8.6847e-02
22447.94 4.5179e-04 3.4621e-01 5.4102e-01 1.1232e-01
23245.88 6.2817e-05 1.5929e-01 6.8331e-01 1.5734e-01
24052.47 8.5557e-05 1.5894e-01 6.0679e-01 2.3418e-01
24867.72 1.1202e-05 3.3970e-02 7.2870e-01 2.3732e-01
25698.86 1.3398e-04 1.1027e-01 6.2343e-01 2.6617e-01
26587.16 2.3813e-05 1.2481e-01 5.8844e-01 2.8673e-01
27637.54 1.2589e-05 4.6679e-02 6.2225e-01 3.3105e-01
28986.97 1.2019e-05 4.3088e-02 5.5837e-01 3.9853e-01
#TIME: 226.46
#NVEL 78
#vel_mid[km/s] o0 o1 o2 o3
1060.83 8.6524e-03 8.4964e-01 1.3856e-01 3.1458e-03
1919.29 9.3530e-03 8.6513e-01 1.2302e-01 2.5033e-03
2581.60 7.1368e-03 8.1931e-01 1.6906e-01 4.4961e-03
3084.17 4.6127e-03 7.1043e-01 2.7525e-01 9.7133e-03
3472.46 2.5566e-03 5.7664e-01 4.0323e-01 1.7577e-02
3909.64 1.5886e-03 4.7534e-01 4.9498e-01 2.8096e-02
4148.46 1.4840e-03 4.8238e-01 4.8797e-01 2.8171e-02
4670.75 1.5368e-03 5.0601e-01 4.6491e-01 2.7546e-02
4956.05 8.7488e-04 4.2833e-01 5.3593e-01 3.4870e-02
5258.79 4.0076e-04 3.2724e-01 6.2738e-01 4.4974e-02
5580.02 1.4291e-04 2.4371e-01 7.0226e-01 5.3889e-02
5920.87 6.1073e-05 1.9894e-01 7.3849e-01 6.2511e-02
6282.54 3.5188e-05 1.6095e-01 7.6863e-01 7.0387e-02
6666.30 3.2564e-05 1.5668e-01 7.7162e-01 7.1659e-02
7073.50 3.0590e-05 1.5698e-01 7.6617e-01 7.6822e-02
7505.58 2.7963e-05 1.3904e-01 7.7847e-01 8.2459e-02
7964.05 3.9117e-05 1.6692e-01 7.5181e-01 8.1237e-02
8450.53 7.5450e-05 1.9611e-01 7.2784e-01 7.5980e-02
8966.72 1.7253e-04 2.4533e-01 6.8503e-01 6.9467e-02
9514.44 3.6442e-04 3.0188e-01 6.3439e-01 6.3364e-02
10095.62 7.5409e-04 3.8705e-01 5.6023e-01 5.1962e-02
10712.30 1.1707e-03 4.8147e-01 4.7489e-01 4.2475e-02
11366.65 2.2175e-03 5.3563e-01 4.2636e-01 3.5798e-02
12061.10 2.7550e-03 5.6439e-01 3.9904e-01 3.3821e-02
12793.43 2.6751e-03 5.9341e-01 3.7247e-01 3.1447e-02
13528.61 3.7619e-03 5.9506e-01 3.6922e-01 3.1956e-02
14194.74 3.2455e-03 5.5938e-01 4.0160e-01 3.5766e-02
14757.77 3.0857e-03 5.5413e-01 4.0611e-01 3.6674e-02
15240.48 4.1760e-03 6.0636e-01 3.5852e-01 3.0951e-02
15646.99 4.9028e-03 7.1887e-01 2.6159e-01 1.4642e-02
15960.30 4.6190e-03 7.8679e-01 2.0141e-01 7.1788e-03
16187.41 4.8201e-03 8.2348e-01 1.6682e-01 4.8875e-03
16354.17 5.1980e-03 8.1942e-01 1.7040e-01 4.9788e-03
16484.18 3.7085e-03 8.1928e-01 1.7162e-01 5.3902e-03
16593.12 2.0633e-03 8.0046e-01 1.9102e-01 6.4534e-03
16691.99 3.0948e-03 7.9763e-01 1.9202e-01 7.2634e-03
16788.59 2.7426e-03 7.6379e-01 2.2374e-01 9.7246e-03
16888.37 1.1915e-03 7.4076e-01 2.4614e-01 1.1901e-02
16998.79 1.8048e-03 7.3326e-01 2.5362e-01 1.1315e-02
17146.37 2.5967e-03 6.9645e-01 2.8569e-01 1.5260e-02
17415.23 1.4710e-03 6.5724e-01 3.2360e-01 1.7687e-02
17888.12 6.2180e-04 5.7499e-01 4.0025e-01 2.4136e-02
18532.37 3.8642e-04 5.4253e-01 4.2382e-01 3.3260e-02
19260.76 2.9586e-04 5.1751e-01 4.3719e-01 4.5000e-02
20034.10 3.0171e-04 4.4182e-01 4.9311e-01 6.4767e-02
20838.00 2.1599e-04 3.7181e-01 5.4592e-01 8.2048e-02
21647.97 3.8677e-04 3.8355e-01 5.0725e-01 1.0881e-01
22447.94 4.0116e-04 3.3921e-01 5.4038e-01 1.2002e-01
23245.88 2.1408e-04 1.5938e-01 6.5398e-01 1.8643e-01
24052.47 1.5638e-04 2.5739e-01 5.6679e-01 1.7566e-01
24867.72 1.0451e-04 2.0014e-01 5.9047e-01 2.0929e-01
25698.86 8.8981e-06 2.3776e-02 5.9983e-01 3.7638e-01
26587.16 6.1979e-06 2.8620e-02 6.8045e-01 2.9092e-01
27637.54 3.3244e-06 1.5032e-02 6.5877e-01 3.2619e-01
28986.97 4.2232e-04 8.4158e-02 5.2403e-01 3.9139e-01
#TIME: 229.71
#NVEL 78
#vel_mid[km/s] o0 o1 o2 o3
1060.83 8.4514e-03 8.4759e-01 1.4078e-01 3.1860e-03
1919.29 6.6452e-03 8.3384e-01 1.5586e-01 3.6518e-03
2581.60 7.1985e-03 8.1610e-01 1.7191e-01 4.7904e-03
3084.17 4.4625e-03 7.1333e-01 2.7249e-01 9.7210e-03
3472.46 2.5556e-03 5.8961e-01 3.9056e-01 1.7276e-02
3909.64 1.3135e-03 4.7764e-01 4.9244e-01 2.8608e-02
4148.46 1.4673e-03 4.8872e-01 4.8172e-01 2.8090e-02
4670.75 1.5532e-03 4.9071e-01 4.7981e-01 2.7923e-02
4956.05 8.7552e-04 4.2813e-01 5.3756e-01 3.3429e-02
5258.79 3.8336e-04 3.1286e-01 6.4084e-01 4.5920e-02
5580.02 1.4605e-04 2.4260e-01 7.0084e-01 5.6419e-02
5920.87 6.1015e-05 1.9027e-01 7.4628e-01 6.3388e-02
6282.54 3.4579e-05 1.6051e-01 7.6737e-01 7.2083e-02
6666.30 3.3418e-05 1.5841e-01 7.6683e-01 7.4726e-02
7073.50 3.0327e-05 1.5482e-01 7.7036e-01 7.4788e-02
7505.58 2.9860e-05 1.4979e-01 7.6969e-01 8.0491e-02
7964.05 3.8445e-05 1.6002e-01 7.5854e-01 8.1398e-02
8450.53 7.2665e-05 1.8756e-01 7.3463e-01 7.7741e-02
8966.72 1.6408e-04 2.3414e-01 6.9605e-01 6.9648e-02
9514.44 3.8367e-04 3.0310e-01 6.3341e-01 6.3107e-02
10095.62 8.3708e-04 3.8704e-01 5.5834e-01 5.3781e-02
10712.30 1.3606e-03 4.7834e-01 4.7813e-01 4.2171e-02
11366.65 1.7101e-03 5.2744e-01 4.3423e-01 3.6628e-02
12061.10 2.3885e-03 5.5767e-01 4.0558e-01 3.4364e-02
12793.43 2.9951e-03 5.8473e-01 3.8009e-01 3.2189e-02
13528.61 3.1004e-03 5.8072e-01 3.8189e-01 3.4289e-02
14194.74 3.1270e-03 5.9448e-01 3.6646e-01 3.5942e-02
14757.77 2.9160e-03 5.3557e-01 4.2586e-01 3.5651e-02
15240.48 3.1970e-03 5.7129e-01 3.9515e-01 3.0371e-02
15646.99 2.9288e-03 6.9696e-01 2.8564e-01 1.4474e-02
15960.30 7.2538e-03 7.8996e-01 1.9583e-01 6.9572e-03
16187.41 5.5183e-03 8.0902e-01 1.8053e-01 4.9266e-03
16354.17 4.8868e-03 8.2208e-01 1.6823e-01 4.7991e-03
16484.18 3.6977e-03 8.0498e-01 1.8653e-01 4.7873e-03
16593.12 4.1020e-03 8.0598e-01 1.8330e-01 6.6232e-03
16691.99 3.8116e-03 7.5412e-01 2.3194e-01 1.0120e-02
16788.59 3.1813e-03 7.6657e-01 2.2063e-01 9.6204e-03
16888.37 1.7511e-03 7.5497e-01 2.3240e-01 1.0877e-02
16998.79 1.8662e-03 7.2225e-01 2.6261e-01 1.3275e-02
17146.37 2.2904e-03 7.1429e-01 2.6969e-01 1.3735e-02
17415.23 1.3337e-03 6.2781e-01 3.5062e-01 2.0231e-02
17888.12 7.9123e-04 5.8914e-01 3.8451e-01 2.5561e-02
18532.37 5.6706e-04 5.6665e-01 4.0046e-01 3.2326e-02
19260.76 3.8816e-04 4.9906e-01 4.4824e-01 5.2308e-02
20034.10 4.0784e-04 4.3808e-01 5.0441e-01 5.7098e-02
20838.00 2.3113e-04 3.6528e-01 5.5569e-01 7.8804e-02
21647.97 2.9489e-04 3.0496e-01 6.0262e-01 9.2117e-02
22447.94 4.1598e-04 3.1142e-01 5.7210e-01 1.1606e-01
23245.88 6.5321e-04 2.5006e-01 5.9873e-01 1.5055e-01
24052.47 2.7166e-04 2.4440e-01 5.7257e-01 1.8276e-01
24867.72 1.4553e-04 7.0505e-02 7.0003e-01 2.2932e-01
25698.86 3.4604e-05 5.6591e-02 6.7692e-01 2.6645e-01
26587.16 1.1996e-05 2.6322e-02 6.9485e-01 2.7882e-01
27637.54 1.3859e-04 1.3616e-01 5.5150e-01 3.1220e-01
28986.97 9.2928e-05 6.8355e-02 5.7057e-01 3.6098e-01
#TIME: 233.01
#NVEL 78
#vel_mid[km/s] o0 o1 o2 o3
1060.83 1.1668e-02 8.5128e-01 1.3411e-01 2.9433e-03
1919.29 4.9028e-02 8.0875e-01 1.3914e-01 3.0860e-03
2581.60 6.7234e-03 8.2033e-01 1.6833e-01 4.6235e-03
3084.17 5.0210e-03 7.1713e-01 2.6841e-01 9.4474e-03
3472.46 2.3747e-03 5.9894e-01 3.8206e-01 1.6630e-02
3909.64 1.4725e-03 4.6507e-01 5.0475e-01 2.8709e-02
4148.46 1.4107e-03 4.9663e-01 4.7389e-01 2.8072e-02
4670.75 1.5787e-03 5.1903e-01 4.5339e-01 2.5993e-02
4956.05 9.8575e-04 4.1656e-01 5.4710e-01 3.5355e-02
5258.79 3.7021e-04 3.2336e-01 6.3092e-01 4.5350e-02
5580.02 1.4750e-04 2.4460e-01 6.9979e-01 5.5464e-02
5920.87 6.5455e-05 2.0927e-01 7.2671e-01 6.3961e-02
6282.54 3.6667e-05 1.6402e-01 7.6515e-01 7.0790e-02
6666.30 3.2467e-05 1.5742e-01 7.6966e-01 7.2881e-02
7073.50 3.0799e-05 1.4925e-01 7.7445e-01 7.6272e-02
7505.58 3.1286e-05 1.5255e-01 7.6355e-01 8.3872e-02
7964.05 3.6063e-05 1.5117e-01 7.6531e-01 8.3479e-02
8450.53 7.1750e-05 1.8545e-01 7.3771e-01 7.6776e-02
8966.72 1.6814e-04 2.3994e-01 6.8773e-01 7.2159e-02
9514.44 3.8373e-04 3.0318e-01 6.3195e-01 6.4482e-02
10095.62 7.5069e-04 3.7836e-01 5.6689e-01 5.3999e-02
10712.30 1.3717e-03 4.7008e-01 4.8620e-01 4.2352e-02
11366.65 2.1164e-03 5.3281e-01 4.2804e-01 3.7027e-02
12061.10 2.4384e-03 5.7113e-01 3.9412e-01 3.2307e-02
12793.43 3.7619e-03 6.0133e-01 3.6374e-01 3.1168e-02
13528.61 3.5228e-03 6.0243e-01 3.6316e-01 3.0891e-02
14194.74 3.6868e-03 5.7661e-01 3.8092e-01 3.8782e-02
14757.77 2.8449e-03 5.2712e-01 4.3195e-01 3.8082e-02
15240.48 3.2590e-03 6.2494e-01 3.4547e-01 2.6328e-02
15646.99 4.7122e-03 7.0625e-01 2.7444e-01 1.4593e-02
15960.30 7.0917e-03 7.8394e-01 2.0206e-01 6.9036e-03
16187.41 7.2758e-03 8.1537e-01 1.7256e-01 4.7966e-03
16354.17 7.0751e-03 8.2977e-01 1.5887e-01 4.2827e-03
16484.18 3.1733e-03 8.1797e-01 1.7365e-01 5.2136e-03
16593.12 4.7702e-03 7.9344e-01 1.9532e-01 6.4701e-03
16691.99 2.3723e-03 7.4730e-01 2.4036e-01 9.9650e-03
16788.59 2.8514e-03 7.3990e-01 2.4778e-01 9.4688e-03
16888.37 1.8788e-03 7.2764e-01 2.5937e-01 1.1110e-02
16998.79 2.4565e-03 7.5005e-01 2.3606e-01 1.1438e-02
17146.37 3.3675e-03 7.2020e-01 2.6352e-01 1.2907e-02
17415.23 9.7884e-04 6.7543e-01 3.0365e-01 1.9942e-02
17888.12 7.8915e-04 6.6033e-01 3.1788e-01 2.1005e-02
18532.37 4.1040e-04 5.7649e-01 3.9143e-01 3.1666e-02
19260.76 4.1205e-04 5.0024e-01 4.5809e-01 4.1257e-02
20034.10 3.8191e-04 4.4307e-01 4.9969e-01 5.6867e-02
20838.00 4.0683e-04 4.0081e-01 5.2009e-01 7.8691e-02
21647.97 4.8084e-04 2.6756e-01 6.4046e-01 9.1503e-02
22447.94 2.3838e-04 2.4202e-01 6.2886e-01 1.2889e-01
23245.88 1.7446e-04 2.0203e-01 6.5120e-01 1.4659e-01
24052.47 1.7764e-04 1.4065e-01 6.4545e-01 2.1373e-01
24867.72 8.0171e-05 1.8627e-01 5.9604e-01 2.1761e-01
25698.86 9.8412e-06 3.8780e-02 5.5845e-01 4.0276e-01
26587.16 4.1950e-05 3.6841e-02 6.7053e-01 2.9259e-01
27637.54 2.7280e-05 2.3382e-02 6.4843e-01 3.2816e-01
28986.97 4.3973e-05 1.0104e-01 5.2729e-01 3.7162e-01
#TIME: 236.36
#NVEL 78
#vel_mid[km/s] o0 o1 o2 o3
1060.83 1.2183e-02 8.5716e-01 1.2795e-01 2.7072e-03
1919.29 1.9170e-02 8.4970e-01 1.2827e-01 2.8622e-03
2581.60 6.7436e-03 8.1800e-01 1.7059e-01 4.6614e-03
3084.17 4.9480e-03 7.1966e-01 2.6608e-01 9.3094e-03
3472.46 2.6571e-03 5.9801e-01 3.8275e-01 1.6578e-02
3909.64 1.4217e-03 4.7221e-01 4.9909e-01 2.7272e-02
4148.46 1.3287e-03 4.9560e-01 4.7610e-01 2.6976e-02
4670.75 1.5659e-03 5.1762e-01 4.5465e-01 2.6162e-02
4956.05 9.6875e-04 4.1187e-01 5.5331e-01 3.3858e-02
5258.79 4.3457e-04 3.3568e-01 6.1900e-01 4.4890e-02
5580.02 1.4577e-04 2.4285e-01 7.0102e-01 5.5992e-02
5920.87 6.3939e-05 1.9566e-01 7.4247e-01 6.1809e-02
6282.54 3.8944e-05 1.7306e-01 7.5667e-01 7.0236e-02
6666.30 3.3525e-05 1.5704e-01 7.6936e-01 7.3567e-02
7073.50 3.2594e-05 1.5766e-01 7.6499e-01 7.7315e-02
7505.58 2.7697e-05 1.3657e-01 7.8026e-01 8.3143e-02
7964.05 4.0353e-05 1.6474e-01 7.5316e-01 8.2060e-02
8450.53 7.3111e-05 1.8965e-01 7.3253e-01 7.7755e-02
8966.72 1.7030e-04 2.3703e-01 6.9136e-01 7.1434e-02
9514.44 3.6546e-04 3.0563e-01 6.3063e-01 6.3372e-02
10095.62 7.9923e-04 3.7277e-01 5.7217e-01 5.4266e-02
10712.30 1.3338e-03 4.6804e-01 4.8697e-01 4.3650e-02
11366.65 2.1711e-03 5.2276e-01 4.3721e-01 3.7859e-02
12061.10 2.6146e-03 5.8511e-01 3.8073e-01 3.1540e-02
12793.43 2.9289e-03 5.8136e-01 3.8138e-01 3.4329e-02
13528.61 3.5241e-03 5.4837e-01 4.1297e-01 3.5141e-02
14194.74 2.1066e-03 6.1379e-01 3.5628e-01 2.7819e-02
14757.77 3.0140e-03 6.1140e-01 3.5356e-01 3.2035e-02
15240.48 2.6942e-03 5.8967e-01 3.7375e-01 3.3891e-02
15646.99 3.7468e-03 7.2142e-01 2.6097e-01 1.3867e-02
15960.30 9.0085e-03 7.7176e-01 2.1196e-01 7.2632e-03
16187.41 6.1986e-03 8.1303e-01 1.7615e-01 4.6196e-03
16354.17 8.2117e-03 8.2034e-01 1.6698e-01 4.4755e-03
16484.18 3.8008e-03 8.3872e-01 1.5299e-01 4.4833e-03
16593.12 3.5087e-03 8.1111e-01 1.7962e-01 5.7550e-03
16691.99 2.0705e-03 7.6871e-01 2.1984e-01 9.3753e-03
16788.59 2.2553e-03 7.8022e-01 2.0938e-01 8.1482e-03
16888.37 2.2260e-03 7.3445e-01 2.5301e-01 1.0313e-02
16998.79 3.0260e-03 7.4284e-01 2.4351e-01 1.0631e-02
17146.37 1.9071e-03 7.1263e-01 2.7338e-01 1.2081e-02
17415.23 1.3663e-03 6.5939e-01 3.2195e-01 1.7296e-02
17888.12 7.6595e-04 6.3633e-01 3.4201e-01 2.0891e-02
18532.37 5.1656e-04 5.8316e-01 3.8477e-01 3.1556e-02
19260.76 3.1561e-04 4.9958e-01 4.5751e-01 4.2591e-02
20034.10 4.0014e-04 4.6912e-01 4.7772e-01 5.2753e-02
20838.00 3.0868e-04 4.5323e-01 4.8066e-01 6.5797e-02
21647.97 2.8832e-04 4.0877e-01 5.0869e-01 8.2247e-02
22447.94 1.9687e-04 2.3235e-01 6.4486e-01 1.2260e-01
23245.88 1.5298e-04 1.6453e-01 6.8904e-01 1.4628e-01
24052.47 2.4788e-04 2.7830e-01 5.5479e-01 1.6666e-01
24867.72 1.2487e-04 7.0217e-02 6.4320e-01 2.8646e-01
25698.86 6.6876e-05 1.3387e-01 6.1525e-01 2.5082e-01
26587.16 3.7010e-05 1.4978e-01 5.7577e-01 2.7441e-01
27637.54 2.8057e-05 4.8640e-02 5.7132e-01 3.8002e-01
28986.97 4.1232e-05 3.6650e-02 4.6085e-01 5.0246e-01
#TIME: 239.76
#NVEL 78
#vel_mid[km/s] o0 o1 o2 o3
1060.83 9.9653e-03 8.5325e-01 1.3392e-01 2.8627e-03
1919.29 1.6744e-02 8.5324e-01 1.2725e-01 2.7724e-03
2581.60 7.9387e-03 8.2305e-01 1.6468e-01 4.3341e-03
3084.17 5.2007e-03 7.1982e-01 2.6571e-01 9.2690e-03
3472.46 2.5253e-03 6.0065e-01 3.8047e-01 1.6363e-02
3909.64 1.3716e-03 4.7697e-01 4.9464e-01 2.7015e-02
4148.46 1.4409e-03 5.0079e-01 4.7071e-01 2.7061e-02
4670.75 1.6198e-03 5.1511e-01 4.5682e-01 2.6442e-02
4956.05 8.6682e-04 4.5101e-01 5.1623e-01 3.1893e-02
5258.79 4.2087e-04 3.2979e-01 6.2574e-01 4.4044e-02
5580.02 1.4813e-04 2.4244e-01 7.0243e-01 5.4981e-02
5920.87 6.6413e-05 1.9777e-01 7.3877e-01 6.3396e-02
6282.54 3.7710e-05 1.6446e-01 7.6654e-01 6.8969e-02
6666.30 3.5811e-05 1.6574e-01 7.6015e-01 7.4077e-02
7073.50 3.4458e-05 1.5978e-01 7.6513e-01 7.5052e-02
7505.58 3.1180e-05 1.4864e-01 7.6904e-01 8.2289e-02
7964.05 3.9554e-05 1.5321e-01 7.6222e-01 8.4528e-02
8450.53 7.5231e-05 1.9145e-01 7.3122e-01 7.7247e-02
8966.72 1.6751e-04 2.4210e-01 6.8461e-01 7.3124e-02
9514.44 3.7027e-04 3.0258e-01 6.3337e-01 6.3676e-02
10095.62 7.7265e-04 3.9919e-01 5.4707e-01 5.2967e-02
10712.30 1.3514e-03 4.4892e-01 5.0476e-01 4.4965e-02
11366.65 2.3133e-03 5.3474e-01 4.2799e-01 3.4958e-02
12061.10 2.6833e-03 5.6192e-01 4.0161e-01 3.3787e-02
