#NTIMES:     65
#NSTAGES:     5
#TIMES[d]:     0.500    0.550    0.666    0.733    0.806    0.887    0.976    1.074    1.181    1.300    1.430    1.573    1.730    1.900    2.090    2.300    2.530    2.783    3.061    3.367    3.704    4.074    4.481    4.929    5.422    5.964    6.560    7.216    7.938    8.732    9.600   10.560   11.620   12.780   14.060   15.470   17.020   18.720   20.590   22.650   24.910   27.400   30.140   33.150   36.460   40.110   44.120   48.530   53.380   58.720   64.590   71.050   78.200   86.000   94.600  104.100  114.500  126.000  138.600  152.500  167.800  184.600  203.100  223.400  245.800
#
#TIME:     0.500
#NVEL: 115
#vel_mid[km/s]           o0           o1           o2           o3           o4
    8.772128E+02    3.4915E-22    3.9343E-15    4.6256E-09    6.4294E-04    9.9936E-01
    8.826573E+02    3.4915E-22    3.9343E-15    4.6256E-09    6.4294E-04    9.9936E-01
    8.991942E+02    3.4915E-22    3.9343E-15    4.6256E-09    6.4294E-04    9.9936E-01
    9.332033E+02    3.4915E-22    3.9343E-15    4.6256E-09    6.4294E-04    9.9936E-01
    9.912889E+02    3.4915E-22    3.9343E-15    4.6256E-09    6.4294E-04    9.9936E-01
    1.052238E+03    3.4915E-22    3.9343E-15    4.6256E-09    6.4294E-04    9.9936E-01
    1.116940E+03    3.4895E-22    3.9320E-15    4.6231E-09    6.4272E-04    9.9936E-01
    1.185621E+03    3.4691E-22    3.9087E-15    4.5969E-09    6.4051E-04    9.9936E-01
    1.258525E+03    3.4271E-22    3.8606E-15    4.5428E-09    6.3592E-04    9.9936E-01
    1.335911E+03    3.3968E-22    3.8133E-15    4.4774E-09    6.2993E-04    9.9937E-01
    1.418056E+03    3.1724E-22    3.5691E-15    4.2138E-09    6.0753E-04    9.9939E-01
    1.505253E+03    9.3050E-24    1.8508E-16    4.1348E-10    1.6842E-04    9.9983E-01
    1.597810E+03    8.2344E-24    1.6812E-16    3.8592E-10    1.6244E-04    9.9984E-01
    1.696060E+03    2.4013E-24    6.1388E-17    1.7995E-10    1.0761E-04    9.9989E-01
    1.800350E+03    1.8490E-24    4.8874E-17    1.4932E-10    9.6950E-05    9.9990E-01
    1.911054E+03    3.3995E-25    1.2307E-17    5.3078E-11    5.5899E-05    9.9994E-01
    2.028564E+03    2.0847E-25    8.2408E-18    3.9221E-11    4.7630E-05    9.9995E-01
    2.153300E+03    5.4248E-26    2.7680E-18    1.7488E-11    3.1297E-05    9.9997E-01
    2.285707E+03    1.5797E-26    1.0325E-18    8.5579E-12    2.1754E-05    9.9998E-01
    2.426255E+03    5.8222E-27    4.6820E-19    4.8629E-12    1.6385E-05    9.9998E-01
    2.575445E+03    1.2892E-27    1.4027E-19    2.0438E-12    1.0701E-05    9.9999E-01
    2.733809E+03    6.4330E-28    8.1032E-20    1.3870E-12    8.8682E-06    9.9999E-01
    2.901910E+03    3.3863E-28    4.8817E-20    9.7010E-13    7.4714E-06    9.9999E-01
    3.080349E+03    1.9365E-28    3.1838E-20    7.2505E-13    6.4774E-06    9.9999E-01
    3.269759E+03    1.4052E-28    2.5299E-20    6.2705E-13    6.0028E-06    9.9999E-01
    3.470816E+03    1.2458E-28    2.3676E-20    6.1124E-13    5.8865E-06    9.9999E-01
    3.684237E+03    1.1588E-28    2.3221E-20    6.2053E-13    5.8887E-06    9.9999E-01
    3.910780E+03    9.6800E-29    2.1036E-20    5.9884E-13    5.7597E-06    9.9999E-01
    4.151254E+03    1.1950E-28    2.6386E-20    7.4014E-13    6.3978E-06    9.9999E-01
    4.406514E+03    1.4949E-28    3.1457E-20    8.3819E-13    6.8115E-06    9.9999E-01
    4.677470E+03    9.2504E-29    2.1216E-20    6.2511E-13    5.8754E-06    9.9999E-01
    4.965088E+03    4.1720E-29    1.1649E-20    4.1829E-13    4.8062E-06    1.0000E+00
    5.270391E+03    2.6079E-29    8.0871E-21    3.2433E-13    4.2327E-06    1.0000E+00
    5.594466E+03    2.1471E-29    6.9950E-21    2.9461E-13    4.0341E-06    1.0000E+00
    5.938470E+03    1.9777E-29    6.6383E-21    2.8686E-13    3.9802E-06    1.0000E+00
    6.303626E+03    1.9442E-29    6.6987E-21    2.9433E-13    4.0331E-06    1.0000E+00
    6.691235E+03    1.9285E-29    6.7523E-21    2.9972E-13    4.0726E-06    1.0000E+00
    7.102679E+03    1.9431E-29    6.8890E-21    3.0782E-13    4.1315E-06    1.0000E+00
    7.539422E+03    2.0927E-29    7.6043E-21    3.4248E-13    4.3797E-06    1.0000E+00
    8.003021E+03    2.3500E-29    8.6487E-21    3.8866E-13    4.6994E-06    1.0000E+00
    8.495126E+03    2.8159E-29    1.0226E-20    4.4864E-13    5.0837E-06    9.9999E-01
    9.017491E+03    4.3077E-29    1.4987E-20    6.1777E-13    6.0647E-06    9.9999E-01
    9.571975E+03    9.9995E-29    3.1477E-20    1.1397E-12    8.5334E-06    9.9999E-01
    1.016056E+04    3.9300E-28    1.0065E-19    2.8726E-12    1.4242E-05    9.9999E-01
    1.078533E+04    4.8821E-27    8.8387E-19    1.6770E-11    3.8457E-05    9.9996E-01
    1.144852E+04    2.7736E-25    2.9472E-17    2.8911E-10    1.9108E-04    9.9981E-01
    1.215249E+04    1.0500E-22    6.2852E-15    2.3817E-08    2.3446E-03    9.9766E-01
    1.289974E+04    2.3054E-20    8.8971E-13    1.3046E-06    2.2705E-02    9.7729E-01
    1.369294E+04    5.9446E-18    1.6096E-10    8.2675E-05    2.2364E-01    7.7628E-01
    1.453492E+04    9.7743E-15    1.3161E-07    9.3186E-03    9.5246E-01    3.8217E-02
    1.542867E+04    9.2130E-09    9.1338E-03    9.8762E-01    3.2507E-03    7.4521E-11
    1.626717E+04    3.4280E-04    9.9932E-01    3.4112E-04    4.0362E-15    1.7227E-34
    1.668676E+04    8.7696E-03    9.9123E-01    6.6365E-08    1.0359E-24    2.0229E-52
    1.713874E+04    7.3087E-01    2.6913E-01    2.0315E-15    2.6964E-43    7.7161E-68
    1.771854E+04    9.9615E-01    3.8501E-03    6.1800E-23    3.2686E-54    4.1989E-75
    1.838692E+04    9.9536E-01    4.6380E-03    8.9247E-23    4.2094E-54    6.4770E-75
    1.903533E+04    9.9344E-01    6.5563E-03    1.7823E-22    6.2387E-54    1.3544E-74
    1.976116E+04    9.9183E-01    8.1735E-03    2.7668E-22    8.1176E-54    2.1949E-74
    2.046516E+04    9.8931E-01    1.0692E-02    4.7312E-22    1.0922E-53    3.8631E-74
    2.125594E+04    9.8629E-01    1.3714E-02    7.7735E-22    1.4381E-53    6.5244E-74
    2.202587E+04    9.8450E-01    1.5505E-02    9.9065E-22    1.6595E-53    8.4968E-74
    2.285981E+04    9.7903E-01    2.0968E-02    1.8068E-21    2.2740E-53    1.5732E-73
    2.372435E+04    9.7980E-01    2.0205E-02    1.6552E-21    2.2884E-53    1.5050E-73
    2.455466E+04    9.7137E-01    2.8635E-02    3.2783E-21    3.3045E-53    3.0410E-73
    2.552174E+04    9.7075E-01    2.9247E-02    3.2679E-21    3.7271E-53    3.3417E-73
    2.640440E+04    9.6596E-01    3.4039E-02    4.2724E-21    4.4963E-53    4.5270E-73
    2.741295E+04    9.6318E-01    3.6817E-02    4.8566E-21    4.7617E-53    5.0405E-73
    2.838201E+04    9.6952E-01    3.0477E-02    3.3105E-21    3.6592E-53    3.1968E-73
    2.923203E+04    9.6538E-01    3.4617E-02    4.3378E-21    3.5743E-53    3.6139E-73
    3.013295E+04    9.7237E-01    2.7632E-02    2.7863E-21    2.7351E-53    2.2320E-73
    3.094669E+04    9.7033E-01    2.9670E-02    3.2264E-21    2.7332E-53    2.4098E-73
    3.176516E+04    9.7115E-01    2.8852E-02    3.0464E-21    2.6052E-53    2.2330E-73
    3.259805E+04    9.6912E-01    3.0880E-02    3.4485E-21    2.7559E-53    2.4980E-73
    3.345740E+04    9.6550E-01    3.4502E-02    4.2445E-21    3.0513E-53    3.0454E-73
    3.438030E+04    9.6566E-01    3.4339E-02    4.1475E-21    3.0678E-53    3.0061E-73
    3.533529E+04    9.6105E-01    3.8947E-02    5.2575E-21    3.4509E-53    3.7804E-73
    3.634323E+04    9.6081E-01    3.9190E-02    5.2514E-21    3.5038E-53    3.8125E-73
    3.736894E+04    9.5825E-01    4.1751E-02    5.8795E-21    3.7354E-53    4.2752E-73
    3.839518E+04    9.5563E-01    4.4367E-02    6.5527E-21    3.9725E-53    4.7731E-73
    3.939114E+04    9.5560E-01    4.4397E-02    6.4801E-21    4.0077E-53    4.7625E-73
    4.037465E+04    9.5627E-01    4.3726E-02    6.2100E-21    3.9853E-53    4.6114E-73
    4.133441E+04    9.5575E-01    4.4248E-02    6.2788E-21    4.0550E-53    4.6915E-73
    4.215976E+04    9.5439E-01    4.5605E-02    6.5903E-21    4.1874E-53    4.9368E-73
    4.290657E+04    9.5313E-01    4.6865E-02    6.8831E-21    4.3104E-53    5.1677E-73
    4.365819E+04    9.5220E-01    4.7797E-02    7.0850E-21    4.4080E-53    5.3363E-73
    4.442297E+04    9.5177E-01    4.8231E-02    7.1460E-21    4.4666E-53    5.4069E-73
    4.520034E+04    9.5194E-01    4.8056E-02    7.0370E-21    4.4769E-53    5.3574E-73
    4.600555E+04    9.5275E-01    4.7252E-02    6.7565E-21    4.4366E-53    5.1845E-73
    4.686215E+04    9.5387E-01    4.6129E-02    6.4003E-21    4.3717E-53    4.9559E-73
    4.776422E+04    9.5518E-01    4.4821E-02    6.0107E-21    4.2926E-53    4.7003E-73
    4.868597E+04    9.5656E-01    4.3436E-02    5.6189E-21    4.2071E-53    4.4390E-73
    4.962544E+04    9.5798E-01    4.2016E-02    5.2341E-21    4.1177E-53    4.1785E-73
    5.058305E+04    9.5940E-01    4.0604E-02    4.8655E-21    4.0273E-53    3.9257E-73
    5.155912E+04    9.6073E-01    3.9268E-02    4.5264E-21    3.9409E-53    3.6908E-73
    5.255403E+04    9.6191E-01    3.8093E-02    4.2322E-21    3.8657E-53    3.4860E-73
    5.356816E+04    9.6283E-01    3.7167E-02    3.9970E-21    3.8098E-53    3.3230E-73
    5.460189E+04    9.6345E-01    3.6545E-02    3.8265E-21    3.7784E-53    3.2070E-73
    5.565558E+04    9.6372E-01    3.6280E-02    3.7266E-21    3.7773E-53    3.1440E-73
    5.672959E+04    9.6361E-01    3.6390E-02    3.6974E-21    3.8085E-53    3.1349E-73
    5.782432E+04    9.6312E-01    3.6880E-02    3.7387E-21    3.8735E-53    3.1807E-73
    5.894013E+04    9.6236E-01    3.7639E-02    3.8294E-21    3.9631E-53    3.2657E-73
    6.007747E+04    9.6150E-01    3.8504E-02    3.9383E-21    4.0636E-53    3.3665E-73
    6.123675E+04    9.6070E-01    3.9303E-02    4.0332E-21    4.1611E-53    3.4591E-73
    6.241838E+04    9.6004E-01    3.9955E-02    4.0993E-21    4.2504E-53    3.5341E-73
    6.362274E+04    9.5958E-01    4.0416E-02    4.1297E-21    4.3303E-53    3.5885E-73
    6.485024E+04    9.5932E-01    4.0684E-02    4.1252E-21    4.4027E-53    3.6252E-73
    6.610128E+04    9.5915E-01    4.0847E-02    4.1047E-21    4.4763E-53    3.6596E-73
    6.737631E+04    9.5942E-01    4.0579E-02    4.0040E-21    4.5110E-53    3.6296E-73
    6.867574E+04    9.5999E-01    4.0012E-02    3.8514E-21    4.4603E-53    3.5065E-73
    6.935606E+04    9.6067E-01    3.9326E-02    3.7026E-21    4.2421E-53    3.2609E-73
    6.969874E+04    9.6189E-01    3.8113E-02    3.4771E-21    3.8965E-53    2.9063E-73
    6.987071E+04    9.6446E-01    3.5545E-02    3.0350E-21    3.4346E-53    2.4065E-73
    6.995686E+04    9.6950E-01    3.0504E-02    2.2250E-21    2.8143E-53    1.6927E-73
    6.999782E+04    9.7647E-01    2.3529E-02    1.1696E-21    2.0995E-53    8.6494E-74
    6.999997E+04    9.7837E-01    2.1625E-02    9.7055E-22    1.9265E-53    7.1710E-74
#TIME:     0.550
#NVEL: 115
#vel_mid[km/s]           o0           o1           o2           o3           o4
    8.772128E+02    4.0820E-22    4.9852E-15    6.1771E-09    7.7828E-04    9.9922E-01
    8.825108E+02    4.0820E-22    4.9852E-15    6.1771E-09    7.7828E-04    9.9922E-01
    8.985975E+02    4.0820E-22    4.9853E-15    6.1771E-09    7.7828E-04    9.9922E-01
    9.316560E+02    4.0821E-22    4.9853E-15    6.1772E-09    7.7828E-04    9.9922E-01
    9.893707E+02    4.0821E-22    4.9853E-15    6.1772E-09    7.7828E-04    9.9922E-01
    1.050609E+03    4.0813E-22    4.9845E-15    6.1763E-09    7.7823E-04    9.9922E-01
    1.115637E+03    4.0747E-22    4.9772E-15    6.1686E-09    7.7766E-04    9.9922E-01
    1.184691E+03    4.0472E-22    4.9435E-15    6.1293E-09    7.7467E-04    9.9923E-01
    1.258018E+03    3.9862E-22    4.8695E-15    6.0435E-09    7.6814E-04    9.9923E-01
    1.335885E+03    3.8568E-22    4.7111E-15    5.8586E-09    7.5388E-04    9.9925E-01
    1.418571E+03    2.7347E-22    3.4920E-15    4.5847E-09    6.5628E-04    9.9934E-01
    1.506375E+03    1.0306E-23    2.1991E-16    5.1613E-10    1.9525E-04    9.9980E-01
    1.599613E+03    7.4879E-24    1.6963E-16    4.2450E-10    1.7570E-04    9.9982E-01
    1.698623E+03    2.2749E-24    6.3819E-17    2.0149E-10    1.1722E-04    9.9988E-01
    1.803761E+03    1.5190E-24    4.5113E-17    1.5234E-10    1.0028E-04    9.9990E-01
    1.915407E+03    2.9621E-25    1.1869E-17    5.5585E-11    5.8350E-05    9.9994E-01
    2.033963E+03    1.5965E-25    7.1413E-18    3.7804E-11    4.7477E-05    9.9995E-01
    2.159857E+03    4.0735E-26    2.3547E-18    1.6542E-11    3.0738E-05    9.9997E-01
    2.293544E+03    1.1529E-26    8.5670E-19    7.9164E-12    2.1026E-05    9.9998E-01
    2.435505E+03    3.8727E-27    3.5984E-19    4.2399E-12    1.5314E-05    9.9998E-01
    2.586253E+03    8.8954E-28    1.1075E-19    1.8084E-12    1.0010E-05    9.9999E-01
    2.746332E+03    4.3254E-28    6.2607E-20    1.2060E-12    8.2034E-06    9.9999E-01
    2.916319E+03    2.2658E-28    3.7562E-20    8.3996E-13    6.8795E-06    9.9999E-01
    3.096828E+03    1.3164E-28    2.4827E-20    6.3394E-13    5.9859E-06    9.9999E-01
    3.288509E+03    9.7486E-29    2.0073E-20    5.5579E-13    5.5894E-06    9.9999E-01
    3.492055E+03    8.8275E-29    1.9141E-20    5.5045E-13    5.5373E-06    9.9999E-01
    3.708199E+03    8.3352E-29    1.9044E-20    5.6661E-13    5.5977E-06    9.9999E-01
    3.937722E+03    7.4249E-29    1.8232E-20    5.7186E-13    5.6208E-06    9.9999E-01
    4.181452E+03    9.5604E-29    2.3559E-20    7.2189E-13    6.3508E-06    9.9999E-01
    4.440267E+03    1.1373E-28    2.6958E-20    7.9317E-13    6.6612E-06    9.9999E-01
    4.715102E+03    6.9893E-29    1.8106E-20    5.8967E-13    5.7213E-06    9.9999E-01
    5.006948E+03    3.0157E-29    9.6069E-21    3.8527E-13    4.6232E-06    1.0000E+00
    5.316859E+03    1.9806E-29    6.9269E-21    3.0643E-13    4.1193E-06    1.0000E+00
    5.645951E+03    1.6628E-29    6.0875E-21    2.8167E-13    3.9500E-06    1.0000E+00
    5.995413E+03    1.5623E-29    5.8808E-21    2.7839E-13    3.9309E-06    1.0000E+00
    6.366506E+03    1.5413E-29    5.9547E-21    2.8677E-13    3.9995E-06    1.0000E+00
    6.760567E+03    1.5580E-29    6.0935E-21    2.9541E-13    4.0675E-06    1.0000E+00
    7.179019E+03    1.6174E-29    6.3948E-21    3.1110E-13    4.1876E-06    1.0000E+00
    7.623372E+03    1.7864E-29    7.2290E-21    3.5406E-13    4.5106E-06    1.0000E+00
    8.095229E+03    2.0855E-29    8.4812E-21    4.1174E-13    4.9168E-06    1.0000E+00
    8.596292E+03    2.6872E-29    1.0669E-20    4.9982E-13    5.4776E-06    9.9999E-01
    9.128368E+03    4.6063E-29    1.7289E-20    7.4970E-13    6.8788E-06    9.9999E-01
    9.693378E+03    1.2737E-28    4.2107E-20    1.5602E-12    1.0391E-05    9.9999E-01
    1.029336E+04    6.5334E-28    1.7033E-19    4.7955E-12    1.9475E-05    9.9998E-01
    1.093048E+04    1.2835E-26    2.2551E-18    3.9464E-11    6.4026E-05    9.9994E-01
    1.160703E+04    1.2979E-24    1.3172E-16    1.0937E-09    4.1813E-04    9.9958E-01
    1.232546E+04    9.0091E-22    5.1763E-14    1.4426E-07    6.7121E-03    9.9329E-01
    1.308836E+04    2.6857E-19    1.0155E-11    9.9869E-06    7.3387E-02    9.2660E-01
    1.389955E+04    1.0963E-16    2.7347E-09    7.4818E-04    6.1118E-01    3.8808E-01
    1.474312E+04    3.5073E-13    3.4361E-06    7.2567E-02    9.2548E-01    1.9522E-03
    1.540367E+04    1.1607E-08    1.1964E-02    9.8623E-01    1.8067E-03    1.6342E-11
    1.581332E+04    4.4597E-06    5.2954E-01    4.7046E-01    8.5185E-07    5.4082E-19
    1.611284E+04    7.2459E-05    9.9225E-01    7.6752E-03    9.4463E-12    2.3396E-28
    1.636570E+04    9.3555E-04    9.9904E-01    2.0145E-05    2.4626E-18    1.5125E-40
    1.654730E+04    4.7851E-03    9.9521E-01    2.6720E-07    3.4708E-23    1.2885E-49
    1.669441E+04    2.0043E-02    9.7996E-01    5.3200E-09    1.4207E-27    8.7893E-58
    1.681682E+04    9.3311E-02    9.0669E-01    6.7057E-11    2.0415E-32    3.4121E-63
    1.692241E+04    3.2916E-01    6.7084E-01    6.5929E-13    2.1147E-37    1.5769E-65
    1.702116E+04    6.2409E-01    3.7591E-01    9.5635E-15    1.2221E-41    3.0732E-67
    1.711664E+04    7.9743E-01    2.0257E-01    3.5134E-16    1.1085E-44    1.4771E-68
    1.721561E+04    8.8692E-01    1.1308E-01    2.3430E-17    8.3520E-48    1.1792E-69
    1.732334E+04    9.3825E-01    6.1745E-02    1.7604E-18    2.5607E-50    1.0029E-70
    1.744562E+04    9.6652E-01    3.3484E-02    1.4535E-19    1.2888E-52    8.9879E-72
    1.759425E+04    9.8203E-01    1.7975E-02    1.2253E-20    1.5261E-53    8.0246E-73
    1.788224E+04    9.9297E-01    7.0255E-03    3.2500E-22    6.0817E-54    2.2441E-74
    1.867332E+04    9.9854E-01    1.4559E-03    7.5205E-25    1.3273E-54    5.5096E-77
    1.962851E+04    9.9934E-01    6.6495E-04    7.0509E-26    6.3670E-55    5.7316E-78
    2.067444E+04    9.9940E-01    5.9600E-04    1.6885E-25    5.9887E-55    1.4755E-77
    2.182447E+04    9.9934E-01    6.5659E-04    3.9971E-25    6.9365E-55    3.6783E-77
    2.306690E+04    9.9890E-01    1.0953E-03    1.3540E-24    1.2330E-54    1.3254E-76
    2.438107E+04    9.9812E-01    1.8791E-03    3.6939E-24    2.3347E-54    3.9768E-76
    2.587845E+04    9.9715E-01    2.8451E-03    7.5171E-24    4.5347E-54    1.0266E-75
    2.749199E+04    9.9515E-01    4.8471E-03    1.7350E-23    8.8293E-54    2.6830E-75
    2.896661E+04    9.9482E-01    5.1797E-03    1.8906E-23    8.9073E-54    2.7568E-75
    3.023928E+04    9.9575E-01    4.2526E-03    1.3365E-23    7.0026E-54    1.8722E-75
    3.138852E+04    9.9466E-01    5.3369E-03    2.0420E-23    7.5415E-54    2.4663E-75
    3.250795E+04    9.9345E-01    6.5455E-03    2.8467E-23    8.4615E-54    3.1568E-75
    3.365620E+04    9.9059E-01    9.4113E-03    5.0170E-23    1.0987E-53    5.0429E-75
    3.486705E+04    9.8779E-01    1.2212E-02    7.3613E-23    1.3405E-53    6.9822E-75
    3.613166E+04    9.8415E-01    1.5849E-02    1.1105E-22    1.6519E-53    1.0036E-74
    3.742115E+04    9.7957E-01    2.0431E-02    1.7059E-22    2.0373E-53    1.4800E-74
    3.871394E+04    9.7459E-01    2.5411E-02    2.5579E-22    2.4496E-53    2.1519E-74
    3.997047E+04    9.7253E-01    2.7473E-02    3.0113E-22    2.6242E-53    2.5157E-74
    4.112379E+04    9.6994E-01    3.0062E-02    3.7293E-22    2.8363E-53    3.0836E-74
    4.218343E+04    9.6578E-01    3.4221E-02    5.2098E-22    3.1671E-53    4.2335E-74
    4.320753E+04    9.6148E-01    3.8524E-02    7.4885E-22    3.5053E-53    5.9899E-74
    4.423621E+04    9.5813E-01    4.1866E-02    1.0500E-21    3.7699E-53    8.3100E-74
    4.529664E+04    9.5637E-01    4.3629E-02    1.3890E-21    3.9191E-53    1.0944E-73
    4.639486E+04    9.5620E-01    4.3800E-02    1.7124E-21    3.9541E-53    1.3499E-73
    4.752261E+04    9.5682E-01    4.3178E-02    2.0330E-21    3.9367E-53    1.6071E-73
    4.867617E+04    9.5790E-01    4.2096E-02    2.3312E-21    3.8911E-53    1.8501E-73
    4.985675E+04    9.5926E-01    4.0742E-02    2.5804E-21    3.8291E-53    2.0574E-73
    5.106564E+04    9.6072E-01    3.9284E-02    2.7637E-21    3.7617E-53    2.2153E-73
    5.230378E+04    9.6208E-01    3.7920E-02    2.8866E-21    3.7029E-53    2.3289E-73
    5.357136E+04    9.6314E-01    3.6856E-02    2.9759E-21    3.6678E-53    2.4194E-73
    5.486695E+04    9.6377E-01    3.6230E-02    3.0611E-21    3.6668E-53    2.5103E-73
    5.618695E+04    9.6386E-01    3.6139E-02    3.1722E-21    3.7075E-53    2.6240E-73
    5.752536E+04    9.6339E-01    3.6614E-02    3.3312E-21    3.7931E-53    2.7765E-73
    5.887450E+04    9.6248E-01    3.7518E-02    3.5316E-21    3.9131E-53    2.9622E-73
    6.022291E+04    9.6144E-01    3.8557E-02    3.7322E-21    4.0433E-53    3.1494E-73
    6.155592E+04    9.6054E-01    3.9460E-02    3.8905E-21    4.1619E-53    3.3056E-73
    6.285824E+04    9.5988E-01    4.0121E-02    3.9923E-21    4.2625E-53    3.4213E-73
    6.411280E+04    9.5948E-01    4.0523E-02    4.0395E-21    4.3458E-53    3.4993E-73
    6.529403E+04    9.5925E-01    4.0753E-02    4.0527E-21    4.4193E-53    3.5558E-73
    6.638404E+04    9.5919E-01    4.0811E-02    4.0346E-21    4.4792E-53    3.5888E-73
    6.736672E+04    9.5943E-01    4.0573E-02    3.9626E-21    4.5032E-53    3.5694E-73
    6.821143E+04    9.5971E-01    4.0294E-02    3.8871E-21    4.5120E-53    3.5335E-73
    6.893337E+04    9.6013E-01    3.9872E-02    3.7889E-21    4.4104E-53    3.4007E-73
    6.953439E+04    9.6092E-01    3.9083E-02    3.6299E-21    4.1216E-53    3.1080E-73
    6.977430E+04    9.6252E-01    3.7484E-02    3.3336E-21    3.7619E-53    2.7235E-73
    6.989457E+04    9.6529E-01    3.4713E-02    2.8835E-21    3.3118E-53    2.2504E-73
    6.995478E+04    9.6926E-01    3.0735E-02    2.2457E-21    2.8393E-53    1.7047E-73
    6.998490E+04    9.7326E-01    2.6737E-02    1.6036E-21    2.4192E-53    1.1964E-73
    6.999922E+04    9.7762E-01    2.2382E-02    1.0409E-21    1.9932E-53    7.6693E-74
    6.999997E+04    9.7838E-01    2.1622E-02    9.6501E-22    1.9248E-53    7.1091E-74
#TIME:     0.666
#NVEL: 115
#vel_mid[km/s]           o0           o1           o2           o3           o4
    8.772128E+02    6.4085E-22    9.2180E-15    1.2479E-08    1.2265E-03    9.9877E-01
    8.833155E+02    6.4085E-22    9.2180E-15    1.2479E-08    1.2265E-03    9.9877E-01
    9.018795E+02    6.4086E-22    9.2181E-15    1.2479E-08    1.2265E-03    9.9877E-01
    9.401862E+02    6.4091E-22    9.2187E-15    1.2480E-08    1.2265E-03    9.9877E-01
    1.001110E+03    6.4089E-22    9.2185E-15    1.2480E-08    1.2265E-03    9.9877E-01
    1.062646E+03    6.4040E-22    9.2122E-15    1.2473E-08    1.2261E-03    9.9877E-01
    1.127988E+03    6.3734E-22    9.1722E-15    1.2427E-08    1.2235E-03    9.9878E-01
    1.197348E+03    6.3089E-22    9.0811E-15    1.2314E-08    1.2169E-03    9.9878E-01
    1.270973E+03    6.1803E-22    8.8948E-15    1.2079E-08    1.2030E-03    9.9880E-01
    1.349125E+03    5.0051E-22    7.3740E-15    1.0341E-08    1.1012E-03    9.9890E-01
    1.432083E+03    1.0111E-22    1.8534E-15    3.3985E-09    5.9012E-04    9.9941E-01
    1.520141E+03    1.6430E-23    3.9505E-16    9.9263E-10    2.9717E-04    9.9970E-01
    1.613615E+03    5.6729E-24    1.6279E-16    4.9791E-10    2.0323E-04    9.9980E-01
    1.712836E+03    2.4887E-24    8.1859E-17    2.9130E-10    1.5124E-04    9.9985E-01
    1.818158E+03    8.6555E-25    3.3861E-17    1.4613E-10    1.0337E-04    9.9990E-01
    1.929957E+03    2.6951E-25    1.2921E-17    6.9686E-11    6.9008E-05    9.9993E-01
    2.048630E+03    9.0927E-26    5.2778E-18    3.5122E-11    4.7574E-05    9.9995E-01
    2.174600E+03    2.4761E-26    1.8250E-18    1.5770E-11    3.0976E-05    9.9997E-01
    2.308316E+03    6.9949E-27    6.6013E-19    7.4520E-12    2.0878E-05    9.9998E-01
    2.450254E+03    1.7725E-27    2.1926E-19    3.3225E-12    1.3714E-05    9.9999E-01
    2.600920E+03    5.1066E-28    8.0756E-20    1.6031E-12    9.4362E-06    9.9999E-01
    2.760850E+03    2.2134E-28    4.1429E-20    9.8976E-13    7.3949E-06    9.9999E-01
    2.930615E+03    1.1609E-28    2.4903E-20    6.8932E-13    6.1700E-06    9.9999E-01
    3.110818E+03    7.0759E-29    1.7091E-20    5.3397E-13    5.4310E-06    9.9999E-01
    3.302102E+03    5.4424E-29    1.4259E-20    4.7984E-13    5.1476E-06    9.9999E-01
    3.505148E+03    5.0008E-29    1.3800E-20    4.8273E-13    5.1684E-06    9.9999E-01
    3.720679E+03    4.9518E-29    1.4311E-20    5.1525E-13    5.3618E-06    9.9999E-01
    3.949463E+03    4.9257E-29    1.5137E-20    5.6712E-13    5.6820E-06    9.9999E-01
    4.192316E+03    6.3311E-29    1.9335E-20    7.0677E-13    6.4269E-06    9.9999E-01
    4.450101E+03    7.4536E-29    2.2101E-20    7.8170E-13    6.7791E-06    9.9999E-01
    4.723737E+03    4.8141E-29    1.5528E-20    6.0211E-13    5.9113E-06    9.9999E-01
    5.014199E+03    2.2874E-29    8.7838E-21    4.0700E-13    4.8465E-06    1.0000E+00
    5.322522E+03    1.4299E-29    6.1254E-21    3.1745E-13    4.2723E-06    1.0000E+00
    5.649804E+03    1.2017E-29    5.3803E-21    2.9137E-13    4.0937E-06    1.0000E+00
    5.997210E+03    1.1355E-29    5.2331E-21    2.9032E-13    4.1005E-06    1.0000E+00
    6.365978E+03    1.1278E-29    5.3251E-21    3.0054E-13    4.1959E-06    1.0000E+00
    6.757421E+03    1.1837E-29    5.6314E-21    3.1837E-13    4.3417E-06    1.0000E+00
    7.172935E+03    1.2933E-29    6.1884E-21    3.4903E-13    4.5826E-06    1.0000E+00
    7.613998E+03    1.4680E-29    7.1543E-21    4.0540E-13    5.0169E-06    1.0000E+00
    8.082182E+03    1.8354E-29    8.9175E-21    4.9706E-13    5.6558E-06    9.9999E-01
    8.579155E+03    2.6275E-29    1.2314E-20    6.5362E-13    6.6122E-06    9.9999E-01
    9.106686E+03    4.8488E-29    2.1327E-20    1.0412E-12    8.6335E-06    9.9999E-01
    9.666656E+03    1.4873E-28    5.7147E-20    2.3623E-12    1.3766E-05    9.9999E-01
    1.026106E+04    9.2164E-28    2.7760E-19    8.5777E-12    2.8515E-05    9.9997E-01
    1.089201E+04    1.9315E-26    3.9977E-18    7.6360E-11    9.8235E-05    9.9990E-01
    1.156176E+04    2.4360E-24    3.0341E-16    2.6455E-09    7.3213E-04    9.9927E-01
    1.227269E+04    2.3768E-21    1.6982E-13    4.4840E-07    1.3558E-02    9.8644E-01
    1.302734E+04    2.3927E-18    1.0485E-10    7.3595E-05    2.2743E-01    7.7249E-01
    1.382861E+04    7.3384E-16    1.9939E-08    3.2735E-03    8.8876E-01    1.0797E-01
    1.462901E+04    1.1249E-12    1.2427E-05    1.7103E-01    8.2857E-01    3.8175E-04
    1.525056E+04    2.2206E-09    4.6061E-03    9.8926E-01    6.1359E-03    2.5023E-10
    1.570852E+04    1.6449E-06    3.7016E-01    6.2984E-01    2.2071E-06    2.7439E-18
    1.603933E+04    3.2913E-05    9.7909E-01    2.0874E-02    8.9332E-11    9.9817E-27
    1.626493E+04    3.2418E-04    9.9956E-01    1.1396E-04    1.4932E-16    2.0273E-37
    1.642900E+04    2.8118E-03    9.9719E-01    5.8104E-07    2.0512E-22    2.6765E-48
    1.655927E+04    1.9042E-02    9.8096E-01    3.5686E-09    4.1914E-28    6.6457E-59
    1.666808E+04    1.0092E-01    8.9908E-01    2.9199E-11    2.0646E-33    5.5503E-64
    1.676387E+04    3.2941E-01    6.7059E-01    3.5748E-13    4.3919E-38    8.1977E-66
    1.685344E+04    5.9662E-01    4.0338E-01    7.9656E-15    4.7782E-42    2.4095E-67
    1.694048E+04    7.7023E-01    2.2977E-01    3.5839E-16    3.0238E-45    1.3868E-68
    1.702877E+04    8.6744E-01    1.3256E-01    2.6120E-17    7.3060E-48    1.2135E-69
    1.712364E+04    9.2287E-01    7.7131E-02    2.4266E-18    3.4557E-50    1.2858E-70
    1.723140E+04    9.5598E-01    4.4019E-02    2.3511E-19    2.2395E-52    1.3657E-71
    1.736849E+04    9.7704E-01    2.2963E-02    1.7234E-20    1.8603E-53    1.0714E-72
    1.764428E+04    9.9277E-01    7.2276E-03    1.9172E-22    6.0427E-54    1.2776E-74
    1.825185E+04    9.9923E-01    7.6789E-04    4.6912E-26    6.6655E-55    3.2742E-78
    1.898577E+04    9.9992E-01    8.1383E-05    1.2781E-29    7.1798E-56    9.1414E-82
    1.978625E+04    9.9999E-01    1.2441E-05    1.7025E-32    1.1149E-56    1.2806E-84
    2.065037E+04    1.0000E+00    2.9517E-06    2.0956E-32    2.6897E-57    1.7118E-84
    2.155095E+04    1.0000E+00    1.0578E-06    6.9479E-32    9.8653E-58    5.8142E-84
    2.245768E+04    1.0000E+00    1.1045E-06    3.4229E-31    1.0703E-57    2.9651E-83
    2.340027E+04    1.0000E+00    2.4033E-06    1.8551E-30    2.4724E-57    1.7028E-82
    2.441765E+04    9.9999E-01    6.3659E-06    8.6837E-30    7.4460E-57    9.0356E-82
    2.552663E+04    9.9998E-01    1.7610E-05    3.8920E-29    2.6033E-56    5.0871E-81
    2.678810E+04    9.9994E-01    6.4816E-05    2.3227E-28    1.3886E-55    4.3548E-80
    2.832661E+04    9.9975E-01    2.5039E-04    1.3989E-27    7.8270E-55    3.7949E-79
    3.001704E+04    9.9965E-01    3.4674E-04    2.0396E-27    1.2230E-54    6.2614E-79
    3.165601E+04    9.9947E-01    5.3191E-04    4.7239E-27    1.4516E-54    1.1300E-78
    3.325288E+04    9.9891E-01    1.0884E-03    1.6758E-26    2.2034E-54    2.9784E-78
    3.484169E+04    9.9783E-01    2.1698E-03    5.4773E-26    3.5237E-54    7.8224E-78
    3.639765E+04    9.9600E-01    3.9969E-03    1.6134E-25    5.5450E-54    1.9710E-77
    3.790349E+04    9.9288E-01    7.1245E-03    4.8615E-25    8.7031E-54    5.2364E-77
    3.933015E+04    9.8963E-01    1.0368E-02    1.0763E-24    1.1762E-53    1.0786E-76
    4.064946E+04    9.8683E-01    1.3174E-02    1.9302E-24    1.4253E-53    1.8481E-76
    4.183748E+04    9.8226E-01    1.7740E-02    4.3747E-24    1.8099E-53    3.9574E-76
    4.295471E+04    9.7603E-01    2.3967E-02    1.1480E-23    2.3032E-53    9.7998E-76
    4.404536E+04    9.6975E-01    3.0248E-02    3.0195E-23    2.7669E-53    2.4549E-75
    4.514998E+04    9.6492E-01    3.5081E-02    7.1923E-23    3.0985E-53    5.6366E-75
    4.627877E+04    9.6222E-01    3.7781E-02    1.4874E-22    3.2677E-53    1.1360E-74
    4.742914E+04    9.6099E-01    3.9010E-02    2.7885E-22    3.3373E-53    2.0887E-74
    4.859884E+04    9.6076E-01    3.9242E-02    4.8034E-22    3.3501E-53    3.5416E-74
    4.979054E+04    9.6121E-01    3.8794E-02    7.4901E-22    3.3331E-53    5.4538E-74
    5.100851E+04    9.6205E-01    3.7949E-02    1.0687E-21    3.3091E-53    7.7040E-74
    5.225617E+04    9.6300E-01    3.6996E-02    1.4094E-21    3.2990E-53    1.0090E-73
    5.353554E+04    9.6379E-01    3.6206E-02    1.7484E-21    3.3195E-53    1.2490E-73
    5.484601E+04    9.6423E-01    3.5767E-02    2.0760E-21    3.3780E-53    1.4891E-73
    5.618429E+04    9.6419E-01    3.5811E-02    2.3983E-21    3.4772E-53    1.7393E-73
    5.754205E+04    9.6361E-01    3.6391E-02    2.7291E-21    3.6151E-53    2.0123E-73
    5.891132E+04    9.6262E-01    3.7380E-02    3.0669E-21    3.7795E-53    2.3089E-73
    6.027604E+04    9.6152E-01    3.8478E-02    3.3768E-21    3.9449E-53    2.6015E-73
    6.162485E+04    9.6058E-01    3.9415E-02    3.6214E-21    4.0901E-53    2.8568E-73
    6.293682E+04    9.5991E-01    4.0090E-02    3.7882E-21    4.2097E-53    3.0586E-73
    6.419493E+04    9.5950E-01    4.0498E-02    3.8836E-21    4.3062E-53    3.2069E-73
    6.537955E+04    9.5927E-01    4.0728E-02    3.9316E-21    4.3889E-53    3.3173E-73
    6.646379E+04    9.5923E-01    4.0774E-02    3.9365E-21    4.4534E-53    3.3874E-73
    6.743920E+04    9.5947E-01    4.0530E-02    3.8823E-21    4.4802E-53    3.3956E-73
    6.827833E+04    9.5976E-01    4.0245E-02    3.8189E-21    4.4856E-53    3.3734E-73
    6.898935E+04    9.6019E-01    3.9811E-02    3.7287E-21    4.3744E-53    3.2516E-73
    6.955810E+04    9.6104E-01    3.8956E-02    3.5657E-21    4.0781E-53    2.9738E-73
    6.978582E+04    9.6273E-01    3.7274E-02    3.2631E-21    3.7145E-53    2.6049E-73
    6.989995E+04    9.6557E-01    3.4427E-02    2.8128E-21    3.2659E-53    2.1511E-73
    6.995709E+04    9.6953E-01    3.0467E-02    2.1796E-21    2.8037E-53    1.6274E-73
    6.998568E+04    9.7346E-01    2.6538E-02    1.5599E-21    2.3933E-53    1.1473E-73
    6.999926E+04    9.7765E-01    2.2351E-02    1.0276E-21    1.9860E-53    7.4780E-74
    6.999997E+04    9.7839E-01    2.1614E-02    9.5503E-22    1.9200E-53    6.9501E-74
#TIME:     0.733
#NVEL: 115
#vel_mid[km/s]           o0           o1           o2           o3           o4
    8.772128E+02    8.5790E-22    1.3455E-14    1.8872E-08    1.5964E-03    9.9840E-01
    8.821279E+02    8.5790E-22    1.3455E-14    1.8872E-08    1.5964E-03    9.9840E-01
    8.970391E+02    8.5791E-22    1.3455E-14    1.8872E-08    1.5964E-03    9.9840E-01
    9.276219E+02    8.5797E-22    1.3456E-14    1.8873E-08    1.5964E-03    9.9840E-01
    9.834559E+02    8.5800E-22    1.3456E-14    1.8874E-08    1.5965E-03    9.9840E-01
    1.043937E+03    8.5737E-22    1.3447E-14    1.8864E-08    1.5960E-03    9.9840E-01
    1.108129E+03    8.5395E-22    1.3399E-14    1.8807E-08    1.5933E-03    9.9841E-01
    1.176267E+03    8.4539E-22    1.3271E-14    1.8649E-08    1.5854E-03    9.9841E-01
    1.248596E+03    8.2649E-22    1.2981E-14    1.8282E-08    1.5669E-03    9.9843E-01
    1.325372E+03    6.8936E-22    1.1032E-14    1.5973E-08    1.4510E-03    9.9855E-01
    1.406869E+03    1.9795E-22    3.7072E-15    6.5934E-09    8.8201E-04    9.9912E-01
    1.493377E+03    3.1324E-23    7.5926E-16    1.8473E-09    4.3286E-04    9.9957E-01
    1.585205E+03    8.6910E-24    2.5723E-16    7.8689E-10    2.6967E-04    9.9973E-01
    1.682679E+03    3.4104E-24    1.1751E-16    4.2632E-10    1.9224E-04    9.9981E-01
    1.786147E+03    1.2108E-24    4.9200E-17    2.1486E-10    1.3150E-04    9.9987E-01
    1.895977E+03    3.7206E-25    1.8427E-17    1.0014E-10    8.6409E-05    9.9991E-01
    2.012561E+03    1.1774E-25    7.1063E-18    4.7999E-11    5.7779E-05    9.9994E-01
    2.136313E+03    3.2378E-26    2.4582E-18    2.1343E-11    3.7224E-05    9.9996E-01
    2.267674E+03    8.7446E-27    8.5118E-19    9.6673E-12    2.4391E-05    9.9998E-01
    2.407114E+03    2.1685E-27    2.7683E-19    4.2153E-12    1.5741E-05    9.9998E-01
    2.555127E+03    5.7575E-28    9.5170E-20    1.9213E-12    1.0447E-05    9.9999E-01
    2.712241E+03    2.1953E-28    4.3909E-20    1.0923E-12    7.8112E-06    9.9999E-01
    2.879017E+03    1.0803E-28    2.4988E-20    7.2793E-13    6.3542E-06    9.9999E-01
    3.056048E+03    6.2565E-29    1.6396E-20    5.4373E-13    5.4868E-06    9.9999E-01
    3.243964E+03    4.5632E-29    1.3086E-20    4.7268E-13    5.1202E-06    9.9999E-01
    3.443435E+03    4.0494E-29    1.2306E-20    4.6590E-13    5.0986E-06    9.9999E-01
    3.655171E+03    4.0796E-29    1.2921E-20    5.0185E-13    5.3276E-06    9.9999E-01
    3.879927E+03    4.1607E-29    1.3947E-20    5.6164E-13    5.7120E-06    9.9999E-01
    4.118504E+03    4.9138E-29    1.6864E-20    6.8194E-13    6.4079E-06    9.9999E-01
    4.371751E+03    6.5935E-29    2.1584E-20    8.2650E-13    7.1117E-06    9.9999E-01
    4.640569E+03    5.0260E-29    1.7325E-20    7.0171E-13    6.5200E-06    9.9999E-01
    4.925917E+03    2.6349E-29    1.0501E-20    4.9401E-13    5.4438E-06    9.9999E-01
    5.228812E+03    1.4763E-29    6.7376E-21    3.6393E-13    4.6598E-06    1.0000E+00
    5.550331E+03    1.1485E-29    5.5664E-21    3.1954E-13    4.3631E-06    1.0000E+00
    5.891620E+03    1.0585E-29    5.2956E-21    3.1278E-13    4.3310E-06    1.0000E+00
    6.253896E+03    1.0400E-29    5.3439E-21    3.2214E-13    4.4251E-06    1.0000E+00
    6.638447E+03    1.0909E-29    5.6624E-21    3.4275E-13    4.5962E-06    1.0000E+00
    7.046645E+03    1.2143E-29    6.3060E-21    3.7918E-13    4.8780E-06    1.0000E+00
    7.479943E+03    1.3837E-29    7.2959E-21    4.4012E-13    5.3431E-06    9.9999E-01
    7.939884E+03    1.7288E-29    9.1345E-21    5.4470E-13    6.0705E-06    9.9999E-01
    8.428107E+03    2.4988E-29    1.2762E-20    7.2600E-13    7.1643E-06    9.9999E-01
    8.946351E+03    4.4552E-29    2.1451E-20    1.1293E-12    9.2379E-06    9.9999E-01
    9.496461E+03    1.2270E-28    5.2739E-20    2.4051E-12    1.4246E-05    9.9999E-01
    1.008040E+04    6.6629E-28    2.3083E-19    8.0874E-12    2.8324E-05    9.9997E-01
    1.070024E+04    1.0338E-26    2.5698E-18    5.8448E-11    8.6776E-05    9.9991E-01
    1.135820E+04    8.3286E-25    1.3103E-16    1.4665E-09    5.3910E-04    9.9946E-01
    1.205661E+04    6.0307E-22    5.5402E-14    1.9894E-07    8.8039E-03    9.9120E-01
    1.279797E+04    1.1174E-18    6.0166E-11    5.1710E-05    1.9493E-01    8.0502E-01
    1.358477E+04    4.6920E-16    1.5195E-08    2.8858E-03    8.8029E-01    1.1682E-01
    1.437244E+04    2.6066E-13    4.0196E-06    9.2867E-02    9.0611E-01    1.0147E-03
    1.500937E+04    2.4787E-10    1.0692E-03    9.4998E-01    4.8950E-02    3.5379E-08
    1.552878E+04    1.8790E-07    1.0503E-01    8.9494E-01    3.1716E-05    8.7241E-16
    1.591273E+04    1.1992E-05    9.0041E-01    9.9580E-02    4.4794E-09    1.1633E-23
    1.617011E+04    1.1345E-04    9.9899E-01    9.0115E-04    2.4784E-14    2.1272E-33
    1.634952E+04    1.0416E-03    9.9895E-01    4.6227E-06    3.5679E-20    3.2083E-44
    1.648696E+04    1.0194E-02    9.8981E-01    1.4105E-08    1.2780E-26    3.3146E-56
    1.659878E+04    7.9569E-02    9.2043E-01    4.4916E-11    5.2725E-33    8.3533E-64
    1.669545E+04    3.1654E-01    6.8346E-01    3.1540E-13    2.3784E-38    7.1044E-66
    1.678508E+04    5.9876E-01    4.0124E-01    5.6208E-15    1.5283E-42    1.6855E-67
    1.687250E+04    7.7529E-01    2.2471E-01    2.3523E-16    9.0575E-46    9.0306E-69
    1.696111E+04    8.7147E-01    1.2853E-01    1.6715E-17    2.1450E-48    7.6751E-70
    1.705636E+04    9.2598E-01    7.4018E-02    1.5010E-18    9.5549E-51    7.8488E-71
    1.716416E+04    9.5809E-01    4.1905E-02    1.4138E-19    8.0224E-53    8.1186E-72
    1.730537E+04    9.7873E-01    2.1268E-02    9.3280E-21    1.6636E-53    5.7447E-73
    1.760745E+04    9.9407E-01    5.9315E-03    6.5611E-23    4.9202E-54    4.3430E-75
    1.821538E+04    9.9940E-01    6.0218E-04    1.4098E-26    5.1794E-55    9.7649E-79
    1.893451E+04    9.9994E-01    5.9433E-05    3.0682E-30    5.1877E-56    2.1743E-82
    1.971244E+04    9.9999E-01    7.4190E-06    1.4005E-33    6.5473E-57    1.0107E-85
    2.054375E+04    1.0000E+00    1.2143E-06    1.0173E-35    1.0814E-57    8.0571E-88
    2.140728E+04    1.0000E+00    2.3146E-07    3.0849E-35    2.0860E-58    2.5156E-87
    2.226561E+04    1.0000E+00    7.7308E-08    1.8613E-34    7.1515E-59    1.5552E-86
    2.313428E+04    1.0000E+00    9.3268E-08    1.3036E-33    9.0702E-59    1.1355E-85
    2.404497E+04    1.0000E+00    2.6250E-07    8.1529E-33    2.8023E-58    7.7621E-85
    2.500523E+04    1.0000E+00    8.3925E-07    4.5702E-32    1.0577E-57    5.1154E-84
    2.604263E+04    1.0000E+00    3.3295E-06    3.0965E-31    5.4944E-57    4.5166E-83
    2.724271E+04    9.9998E-01    1.9668E-05    3.3017E-30    4.9023E-56    7.2352E-82
    2.880103E+04    9.9991E-01    9.1540E-05    2.4532E-29    3.4243E-55    8.0622E-81
    3.057189E+04    9.9984E-01    1.5996E-04    6.1673E-29    6.6582E-55    2.2581E-80
    3.239972E+04    9.9966E-01    3.3535E-04    2.4924E-28    9.4775E-55    6.2291E-80
    3.417455E+04    9.9918E-01    8.2175E-04    1.3180E-27    1.6653E-54    2.3641E-79
    3.587716E+04    9.9818E-01    1.8197E-03    5.6747E-27    2.9397E-54    8.1141E-79
    3.749452E+04    9.9617E-01    3.8263E-03    2.4250E-26    5.1931E-54    2.9153E-78
    3.901907E+04    9.9347E-01    6.5287E-03    7.6477E-26    7.9518E-54    8.2568E-78
    4.041392E+04    9.9098E-01    9.0233E-03    1.7014E-25    1.0300E-53    1.7236E-77
    4.166067E+04    9.8701E-01    1.2986E-02    4.7256E-25    1.3760E-53    4.4493E-77
    4.282033E+04    9.8100E-01    1.9004E-02    1.6337E-24    1.8602E-53    1.4219E-76
    4.393802E+04    9.7425E-01    2.5751E-02    5.7781E-24    2.3551E-53    4.6952E-76
    4.506444E+04    9.6850E-01    3.1500E-02    1.8306E-23    2.7386E-53    1.4092E-75
    4.621047E+04    9.6486E-01    3.5139E-02    4.8513E-23    2.9558E-53    3.5899E-75
    4.737662E+04    9.6286E-01    3.7137E-02    1.1313E-22    3.0619E-53    8.1213E-75
    4.855943E+04    9.6205E-01    3.7946E-02    2.3561E-22    3.1020E-53    1.6518E-74
    4.976293E+04    9.6210E-01    3.7904E-02    4.3188E-22    3.1061E-53    2.9713E-74
    5.099069E+04    9.6266E-01    3.7337E-02    7.0214E-22    3.1005E-53    4.7593E-74
    5.224631E+04    9.6343E-01    3.6571E-02    1.0292E-21    3.1090E-53    6.8980E-74
    5.353171E+04    9.6409E-01    3.5909E-02    1.3860E-21    3.1502E-53    9.2314E-74
    5.484612E+04    9.6444E-01    3.5559E-02    1.7523E-21    3.2322E-53    1.1683E-73
    5.618687E+04    9.6433E-01    3.5666E-02    2.1222E-21    3.3559E-53    1.4290E-73
    5.754538E+04    9.6371E-01    3.6290E-02    2.5000E-21    3.5173E-53    1.7149E-73
    5.891516E+04    9.6269E-01    3.7310E-02    2.8808E-21    3.7028E-53    2.0287E-73
    6.027894E+04    9.6157E-01    3.8427E-02    3.2286E-21    3.8857E-53    2.3452E-73
    6.162742E+04    9.6062E-01    3.9378E-02    3.5059E-21    4.0450E-53    2.6312E-73
    6.293850E+04    9.5994E-01    4.0063E-02    3.6994E-21    4.1751E-53    2.8660E-73
