#NTIMES:     65
#NSTAGES:     5
#TIMES[d]:     0.500    0.550    0.666    0.733    0.806    0.887    0.976    1.074    1.181    1.300    1.430    1.573    1.730    1.900    2.090    2.300    2.530    2.783    3.061    3.367    3.704    4.074    4.481    4.929    5.422    5.964    6.560    7.216    7.938    8.732    9.600   10.560   11.620   12.780   14.060   15.470   17.020   18.720   20.590   22.650   24.910   27.400   30.140   33.150   36.460   40.110   44.120   48.530   53.380   58.720   64.590   71.050   78.200   86.000   94.600  104.100  114.500  126.000  138.600  152.500  167.800  184.600  203.100  223.400  245.800
#
#TIME:     0.500
#NVEL: 115
#vel_mid[km/s]           ca1           ca2           ca3           ca4           ca5
    8.772128E+02    1.0000E-99    1.1992E-16    2.9456E-11    2.5193E-05    9.9997E-01
    8.826573E+02    1.0000E-99    1.1992E-16    2.9456E-11    2.5193E-05    9.9997E-01
    8.991942E+02    1.0000E-99    1.1992E-16    2.9456E-11    2.5193E-05    9.9997E-01
    9.332033E+02    1.0000E-99    1.1992E-16    2.9456E-11    2.5193E-05    9.9997E-01
    9.912889E+02    1.0000E-99    1.1992E-16    2.9456E-11    2.5193E-05    9.9997E-01
    1.052238E+03    1.0000E-99    1.1992E-16    2.9456E-11    2.5193E-05    9.9997E-01
    1.116940E+03    1.0000E-99    1.1986E-16    2.9446E-11    2.5188E-05    9.9997E-01
    1.185621E+03    1.0000E-99    1.1929E-16    2.9346E-11    2.5140E-05    9.9997E-01
    1.258525E+03    1.0000E-99    1.1810E-16    2.9137E-11    2.5041E-05    9.9997E-01
    1.335911E+03    1.0000E-99    1.1700E-16    2.8955E-11    2.4947E-05    9.9998E-01
    1.418056E+03    1.0000E-99    1.1082E-16    2.7850E-11    2.4425E-05    9.9998E-01
    1.505253E+03    1.0000E-99    8.7305E-18    4.3686E-12    9.5667E-06    9.9999E-01
    1.597810E+03    1.0000E-99    8.0187E-18    4.1051E-12    9.2757E-06    9.9999E-01
    1.696060E+03    1.0000E-99    3.3326E-18    2.1739E-12    6.7917E-06    9.9999E-01
    1.800350E+03    1.0000E-99    2.7302E-18    1.8942E-12    6.3618E-06    9.9999E-01
    1.911054E+03    1.0000E-99    8.1379E-19    7.9420E-13    4.1895E-06    1.0000E+00
    2.028564E+03    1.0000E-99    5.7091E-19    6.1791E-13    3.7213E-06    1.0000E+00
    2.153300E+03    1.0000E-99    2.1751E-19    3.1073E-13    2.6918E-06    1.0000E+00
    2.285707E+03    1.0000E-99    9.0776E-20    1.6606E-13    2.0035E-06    1.0000E+00
    2.426255E+03    1.0000E-99    4.5022E-20    1.0019E-13    1.5782E-06    1.0000E+00
    2.575445E+03    1.0000E-99    1.5345E-20    4.6677E-14    1.1080E-06    1.0000E+00
    2.733809E+03    1.0000E-99    9.4092E-21    3.2862E-14    9.4028E-07    1.0000E+00
    2.901910E+03    1.0000E-99    5.9847E-21    2.3772E-14    8.0865E-07    1.0000E+00
    3.080349E+03    1.0000E-99    4.1146E-21    1.7960E-14    7.0548E-07    1.0000E+00
    3.269759E+03    1.0000E-99    3.3932E-21    1.5317E-14    6.4840E-07    1.0000E+00
    3.470816E+03    1.0000E-99    3.2512E-21    1.4461E-14    6.2347E-07    1.0000E+00
    3.684237E+03    1.0000E-99    3.2638E-21    1.4007E-14    6.0485E-07    1.0000E+00
    3.910780E+03    1.0000E-99    3.0727E-21    1.2862E-14    5.7159E-07    1.0000E+00
    4.151254E+03    1.0000E-99    3.8971E-21    1.4432E-14    5.9127E-07    1.0000E+00
    4.406514E+03    1.0000E-99    4.6113E-21    1.6162E-14    6.2413E-07    1.0000E+00
    4.677470E+03    1.0000E-99    3.2320E-21    1.2649E-14    5.5831E-07    1.0000E+00
    4.965088E+03    1.0000E-99    1.8883E-21    8.4924E-15    4.5782E-07    1.0000E+00
    5.270391E+03    1.0000E-99    1.3505E-21    6.7026E-15    4.0850E-07    1.0000E+00
    5.594466E+03    1.0000E-99    1.1806E-21    6.0825E-15    3.8905E-07    1.0000E+00
    5.938470E+03    1.0000E-99    1.1258E-21    5.8454E-15    3.8017E-07    1.0000E+00
    6.303626E+03    1.0000E-99    1.1399E-21    5.8144E-15    3.7639E-07    1.0000E+00
    6.691235E+03    1.0000E-99    1.1526E-21    5.8035E-15    3.7434E-07    1.0000E+00
    7.102679E+03    1.0000E-99    1.1792E-21    5.8376E-15    3.7376E-07    1.0000E+00
    7.539422E+03    1.0000E-99    1.3008E-21    6.1003E-15    3.7733E-07    1.0000E+00
    8.003021E+03    1.0000E-99    1.4728E-21    6.5111E-15    3.8563E-07    1.0000E+00
    8.495126E+03    1.0000E-99    1.7252E-21    7.1677E-15    4.0162E-07    1.0000E+00
    9.017491E+03    1.0000E-99    2.4444E-21    8.9718E-15    4.4367E-07    1.0000E+00
    9.571975E+03    1.0000E-99    4.7309E-21    1.3989E-14    5.4542E-07    1.0000E+00
    1.016056E+04    1.0000E-99    1.3076E-20    2.8642E-14    7.7363E-07    1.0000E+00
    1.078533E+04    1.0000E-99    8.3400E-20    1.0943E-13    1.5324E-06    1.0000E+00
    1.144852E+04    1.0000E-99    1.5287E-18    9.8450E-13    5.0360E-06    9.9999E-01
    1.215249E+04    1.0000E-99    1.0683E-16    3.0838E-11    3.7119E-05    9.9996E-01
    1.289974E+04    1.0000E-99    4.8161E-15    8.6539E-10    2.6179E-04    9.9974E-01
    1.369294E+04    1.0000E-99    2.7158E-13    3.7405E-08    2.3422E-03    9.9766E-01
    1.453492E+04    1.0000E-99    3.1108E-10    3.2571E-05    1.0673E-01    8.9324E-01
    1.542867E+04    1.0000E-99    1.3903E-05    8.2123E-01    1.7875E-01    5.1432E-06
    1.626717E+04    1.0000E-99    2.5281E-04    9.9975E-01    2.6882E-09    4.5081E-24
    1.668676E+04    1.0000E-99    2.4848E-03    9.9752E-01    9.1578E-15    9.4471E-37
    1.713874E+04    1.0000E-99    1.8687E-01    8.1313E-01    4.0561E-25    3.2500E-52
    1.771854E+04    1.0000E-99    9.0790E-01    9.2097E-02    1.8581E-34    7.4605E-53
    1.838692E+04    1.0000E-99    8.8673E-01    1.1327E-01    2.7534E-34    9.8963E-53
    1.903533E+04    1.0000E-99    8.4376E-01    1.5624E-01    5.3768E-34    1.4331E-52
    1.976116E+04    1.0000E-99    8.0867E-01    1.9133E-01    8.2153E-34    1.8312E-52
    2.046516E+04    1.0000E-99    7.5905E-01    2.4095E-01    1.3553E-33    2.3695E-52
    2.125594E+04    1.0000E-99    7.0499E-01    2.9501E-01    2.1308E-33    2.9749E-52
    2.202587E+04    1.0000E-99    6.7493E-01    3.2507E-01    2.6532E-33    3.3499E-52
    2.285981E+04    1.0000E-99    5.9892E-01    4.0108E-01    4.4272E-33    4.2014E-52
    2.372435E+04    1.0000E-99    6.0672E-01    3.9328E-01    4.1474E-33    4.3285E-52
    2.455466E+04    1.0000E-99    5.0872E-01    4.9128E-01    7.2704E-33    5.5529E-52
    2.552174E+04    1.0000E-99    5.0218E-01    4.9782E-01    7.2777E-33    6.2512E-52
    2.640440E+04    1.0000E-99    4.5989E-01    5.4011E-01    8.9440E-33    6.9688E-52
    2.741295E+04    1.0000E-99    4.5074E-01    5.4926E-01    9.6313E-33    6.7169E-52
    2.838201E+04    1.0000E-99    5.3070E-01    4.6930E-01    6.8351E-33    5.0150E-52
    2.923203E+04    1.0000E-99    5.1959E-01    4.8041E-01    8.0151E-33    4.1753E-52
    3.013295E+04    1.0000E-99    5.9505E-01    4.0495E-01    5.4587E-33    3.2546E-52
    3.094669E+04    1.0000E-99    5.8494E-01    4.1506E-01    6.0082E-33    3.0076E-52
    3.176516E+04    1.0000E-99    5.9465E-01    4.0535E-01    5.7129E-33    2.8276E-52
    3.259805E+04    1.0000E-99    5.7794E-01    4.2206E-01    6.2865E-33    2.8897E-52
    3.345740E+04    1.0000E-99    5.4354E-01    4.5646E-01    7.4762E-33    3.0887E-52
    3.438030E+04    1.0000E-99    5.4103E-01    4.5897E-01    7.3973E-33    3.1318E-52
    3.533529E+04    1.0000E-99    4.9266E-01    5.0734E-01    9.1406E-33    3.4275E-52
    3.634323E+04    1.0000E-99    4.8151E-01    5.1849E-01    9.3206E-33    3.5308E-52
    3.736894E+04    1.0000E-99    4.4457E-01    5.5543E-01    1.0562E-32    3.7811E-52
    3.839518E+04    1.0000E-99    4.0491E-01    5.9509E-01    1.1989E-32    4.0509E-52
    3.939114E+04    1.0000E-99    3.9121E-01    6.0879E-01    1.2243E-32    4.1759E-52
    4.037465E+04    1.0000E-99    3.8637E-01    6.1363E-01    1.2127E-32    4.2479E-52
    4.133441E+04    1.0000E-99    3.7048E-01    6.2952E-01    1.2579E-32    4.3801E-52
    4.215976E+04    1.0000E-99    3.4770E-01    6.5230E-01    1.3429E-32    4.5458E-52
    4.290657E+04    1.0000E-99    3.2781E-01    6.7219E-01    1.4186E-32    4.6911E-52
    4.365819E+04    1.0000E-99    3.1324E-01    6.8676E-01    1.4685E-32    4.8043E-52
    4.442297E+04    1.0000E-99    3.0593E-01    6.9407E-01    1.4799E-32    4.8739E-52
    4.520034E+04    1.0000E-99    3.0699E-01    6.9301E-01    1.4474E-32    4.8928E-52
    4.600555E+04    1.0000E-99    3.1653E-01    6.8347E-01    1.3735E-32    4.8601E-52
    4.686215E+04    1.0000E-99    3.3181E-01    6.6819E-01    1.2771E-32    4.7914E-52
    4.776422E+04    1.0000E-99    3.5223E-01    6.4777E-01    1.1676E-32    4.6881E-52
    4.868597E+04    1.0000E-99    3.7642E-01    6.2358E-01    1.0547E-32    4.5569E-52
    4.962544E+04    1.0000E-99    4.0313E-01    5.9687E-01    9.4429E-33    4.4055E-52
    5.058305E+04    1.0000E-99    4.2998E-01    5.7002E-01    8.4269E-33    4.2504E-52
    5.155912E+04    1.0000E-99    4.5350E-01    5.4650E-01    7.5637E-33    4.1166E-52
    5.255403E+04    1.0000E-99    4.7144E-01    5.2856E-01    6.8821E-33    4.0205E-52
    5.356816E+04    1.0000E-99    4.8306E-01    5.1694E-01    6.3813E-33    3.9676E-52
    5.460189E+04    1.0000E-99    4.8713E-01    5.1287E-01    6.0581E-33    3.9675E-52
    5.565558E+04    1.0000E-99    4.8209E-01    5.1791E-01    5.9149E-33    4.0324E-52
    5.672959E+04    1.0000E-99    4.6784E-01    5.3216E-01    5.9381E-33    4.1638E-52
    5.782432E+04    1.0000E-99    4.4689E-01    5.5311E-01    6.0874E-33    4.3426E-52
    5.894013E+04    1.0000E-99    4.2367E-01    5.7633E-01    6.2960E-33    4.5362E-52
    6.007747E+04    1.0000E-99    4.0109E-01    5.9891E-01    6.4975E-33    4.7253E-52
    6.123675E+04    1.0000E-99    3.8044E-01    6.1956E-01    6.6607E-33    4.9042E-52
    6.241838E+04    1.0000E-99    3.6661E-01    6.3339E-01    6.7154E-33    5.0379E-52
    6.362274E+04    1.0000E-99    3.6257E-01    6.3743E-01    6.6433E-33    5.1056E-52
    6.485024E+04    1.0000E-99    3.7178E-01    6.2822E-01    6.3881E-33    5.0807E-52
    6.610128E+04    1.0000E-99    3.9324E-01    6.0676E-01    5.9813E-33    4.9674E-52
    6.737631E+04    1.0000E-99    4.2453E-01    5.7547E-01    5.4777E-33    4.7792E-52
    6.867574E+04    1.0000E-99    4.7178E-01    5.2822E-01    4.7622E-33    4.4066E-52
    6.935606E+04    1.0000E-99    4.9729E-01    5.0271E-01    4.4122E-33    4.0612E-52
    6.969874E+04    1.0000E-99    5.2459E-01    4.7541E-01    4.0282E-33    3.6321E-52
    6.987071E+04    1.0000E-99    5.3649E-01    4.6351E-01    3.6544E-33    3.3340E-52
    6.995686E+04    1.0000E-99    5.5138E-01    4.4862E-01    3.0758E-33    3.0676E-52
    6.999782E+04    1.0000E-99    5.6306E-01    4.3694E-01    2.0510E-33    2.8774E-52
    6.999997E+04    1.0000E-99    5.6499E-01    4.3501E-01    1.8188E-33    2.8588E-52
#TIME:     0.550
#NVEL: 115
#vel_mid[km/s]           ca1           ca2           ca3           ca4           ca5
    8.772128E+02    1.0000E-99    1.4271E-16    3.3152E-11    2.7186E-05    9.9997E-01
    8.825108E+02    1.0000E-99    1.4271E-16    3.3152E-11    2.7186E-05    9.9997E-01
    8.985975E+02    1.0000E-99    1.4271E-16    3.3152E-11    2.7186E-05    9.9997E-01
    9.316560E+02    1.0000E-99    1.4271E-16    3.3153E-11    2.7186E-05    9.9997E-01
    9.893707E+02    1.0000E-99    1.4271E-16    3.3153E-11    2.7186E-05    9.9997E-01
    1.050609E+03    1.0000E-99    1.4269E-16    3.3149E-11    2.7184E-05    9.9997E-01
    1.115637E+03    1.0000E-99    1.4252E-16    3.3120E-11    2.7171E-05    9.9997E-01
    1.184691E+03    1.0000E-99    1.4174E-16    3.2988E-11    2.7109E-05    9.9997E-01
    1.258018E+03    1.0000E-99    1.4004E-16    3.2696E-11    2.6973E-05    9.9997E-01
    1.335885E+03    1.0000E-99    1.3638E-16    3.2069E-11    2.6677E-05    9.9997E-01
    1.418571E+03    1.0000E-99    1.0620E-16    2.6623E-11    2.4154E-05    9.9998E-01
    1.506375E+03    1.0000E-99    1.0038E-17    4.7116E-12    9.9166E-06    9.9999E-01
    1.599613E+03    1.0000E-99    8.0116E-18    3.9948E-12    9.1310E-06    9.9999E-01
    1.698623E+03    1.0000E-99    3.4322E-18    2.1556E-12    6.7227E-06    9.9999E-01
    1.803761E+03    1.0000E-99    2.5406E-18    1.7430E-12    6.0624E-06    9.9999E-01
    1.915407E+03    1.0000E-99    7.9123E-19    7.5134E-13    4.0290E-06    1.0000E+00
    2.033963E+03    1.0000E-99    5.0636E-19    5.4662E-13    3.4613E-06    1.0000E+00
    2.159857E+03    1.0000E-99    1.9058E-19    2.7172E-13    2.4833E-06    1.0000E+00
    2.293544E+03    1.0000E-99    7.8047E-20    1.4296E-13    1.8315E-06    1.0000E+00
    2.435505E+03    1.0000E-99    3.6238E-20    8.2216E-14    1.4095E-06    1.0000E+00
    2.586253E+03    1.0000E-99    1.2698E-20    3.8981E-14    9.9603E-07    1.0000E+00
    2.746332E+03    1.0000E-99    7.6468E-21    2.7076E-14    8.3964E-07    1.0000E+00
    2.916319E+03    1.0000E-99    4.8536E-21    1.9533E-14    7.2071E-07    1.0000E+00
    3.096828E+03    1.0000E-99    3.3802E-21    1.4876E-14    6.3073E-07    1.0000E+00
    3.288509E+03    1.0000E-99    2.8308E-21    1.2822E-14    5.8247E-07    1.0000E+00
    3.492055E+03    1.0000E-99    2.7561E-21    1.2242E-14    5.6304E-07    1.0000E+00
    3.708199E+03    1.0000E-99    2.7999E-21    1.1956E-14    5.4853E-07    1.0000E+00
    3.937722E+03    1.0000E-99    2.7673E-21    1.1355E-14    5.2662E-07    1.0000E+00
    4.181452E+03    1.0000E-99    3.5807E-21    1.3019E-14    5.5254E-07    1.0000E+00
    4.440267E+03    1.0000E-99    4.0749E-21    1.4210E-14    5.7654E-07    1.0000E+00
    4.715102E+03    1.0000E-99    2.8478E-21    1.1081E-14    5.1398E-07    1.0000E+00
    5.006948E+03    1.0000E-99    1.6149E-21    7.2752E-15    4.1688E-07    1.0000E+00
    5.316859E+03    1.0000E-99    1.1956E-21    5.8853E-15    3.7631E-07    1.0000E+00
    5.645951E+03    1.0000E-99    1.0606E-21    5.3943E-15    3.6005E-07    1.0000E+00
    5.995413E+03    1.0000E-99    1.0276E-21    5.2390E-15    3.5351E-07    1.0000E+00
    6.366506E+03    1.0000E-99    1.0426E-21    5.2227E-15    3.5062E-07    1.0000E+00
    6.760567E+03    1.0000E-99    1.0676E-21    5.2640E-15    3.5053E-07    1.0000E+00
    7.179019E+03    1.0000E-99    1.1198E-21    5.3816E-15    3.5252E-07    1.0000E+00
    7.623372E+03    1.0000E-99    1.2587E-21    5.7041E-15    3.5871E-07    1.0000E+00
    8.095229E+03    1.0000E-99    1.4611E-21    6.2136E-15    3.7096E-07    1.0000E+00
    8.596292E+03    1.0000E-99    1.8042E-21    7.1077E-15    3.9393E-07    1.0000E+00
    9.128368E+03    1.0000E-99    2.7794E-21    9.4605E-15    4.4940E-07    1.0000E+00
    9.693378E+03    1.0000E-99    6.0656E-21    1.6205E-14    5.8237E-07    1.0000E+00
    1.029336E+04    1.0000E-99    2.0256E-20    3.8418E-14    8.9771E-07    1.0000E+00
    1.093048E+04    1.0000E-99    1.7746E-19    1.9082E-13    2.0898E-06    1.0000E+00
    1.160703E+04    1.0000E-99    4.8594E-18    2.4929E-12    8.8139E-06    9.9999E-01
    1.232546E+04    1.0000E-99    5.0626E-16    1.2547E-10    8.7730E-05    9.9991E-01
    1.308836E+04    1.0000E-99    2.8523E-14    4.8780E-09    7.4097E-04    9.9926E-01
    1.389955E+04    1.0000E-99    3.2957E-12    4.5714E-07    1.0114E-02    9.8989E-01
    1.474312E+04    1.0000E-99    1.1629E-08    1.2445E-03    6.0755E-01    3.9121E-01
    1.540367E+04    1.0000E-99    1.2550E-05    8.8638E-01    1.1361E-01    1.5059E-06
    1.581332E+04    1.0000E-99    3.1132E-05    9.9977E-01    1.9443E-04    5.9977E-13
    1.611284E+04    1.0000E-99    8.7760E-05    9.9991E-01    2.1065E-07    9.3290E-20
    1.636570E+04    1.0000E-99    4.6230E-04    9.9954E-01    3.8553E-11    2.2960E-28
    1.654730E+04    1.0000E-99    1.5126E-03    9.9849E-01    6.6235E-14    8.8819E-35
    1.669441E+04    1.0000E-99    4.5789E-03    9.9542E-01    2.1074E-16    1.4315E-40
    1.681682E+04    1.0000E-99    1.6371E-02    9.8363E-01    3.8430E-19    7.5911E-47
    1.692241E+04    1.0000E-99    5.4752E-02    9.4525E-01    6.3455E-22    6.0321E-52
    1.702116E+04    1.0000E-99    1.3086E-01    8.6914E-01    2.5159E-24    2.8734E-52
    1.711664E+04    1.0000E-99    2.2787E-01    7.7213E-01    4.0277E-26    3.4452E-52
    1.721561E+04    1.0000E-99    3.3700E-01    6.6300E-01    1.4052E-27    3.6213E-52
    1.732334E+04    1.0000E-99    4.6364E-01    5.3636E-01    5.9062E-29    3.3848E-52
    1.744562E+04    1.0000E-99    5.9292E-01    4.0708E-01    2.7373E-30    2.8467E-52
    1.759425E+04    1.0000E-99    7.1088E-01    2.8912E-01    1.2503E-31    2.1884E-52
    1.788224E+04    1.0000E-99    8.4435E-01    1.5565E-01    1.2714E-33    1.2781E-52
    1.867332E+04    1.0000E-99    9.5359E-01    4.6411E-02    4.9953E-37    4.2012E-53
    1.962851E+04    1.0000E-99    9.7586E-01    2.4144E-02    6.2420E-38    2.3482E-53
    2.067444E+04    1.0000E-99    9.7978E-01    2.0220E-02    1.9107E-37    2.0822E-53
    2.182447E+04    1.0000E-99    9.8138E-01    1.8623E-02    4.4082E-37    2.0278E-53
    2.306690E+04    1.0000E-99    9.7679E-01    2.3215E-02    1.4160E-36    2.7146E-53
    2.438107E+04    1.0000E-99    9.6841E-01    3.1591E-02    3.5179E-36    4.1281E-53
    2.587845E+04    1.0000E-99    9.5722E-01    4.2780E-02    6.8422E-36    7.2098E-53
    2.749199E+04    1.0000E-99    9.3279E-01    6.7212E-02    1.4504E-35    1.2372E-52
    2.896661E+04    1.0000E-99    9.2666E-01    7.3337E-02    1.5415E-35    1.1609E-52
    3.023928E+04    1.0000E-99    9.3767E-01    6.2331E-02    1.1199E-35    9.0030E-53
    3.138852E+04    1.0000E-99    9.2759E-01    7.2407E-02    1.6165E-35    8.6888E-53
    3.250795E+04    1.0000E-99    9.1586E-01    8.4135E-02    2.1954E-35    9.1354E-53
    3.365620E+04    1.0000E-99    8.8701E-01    1.1299E-01    3.7495E-35    1.1009E-52
    3.486705E+04    1.0000E-99    8.5736E-01    1.4264E-01    5.5139E-35    1.3016E-52
    3.613166E+04    1.0000E-99    8.1847E-01    1.8153E-01    8.3655E-35    1.5673E-52
    3.742115E+04    1.0000E-99    7.6676E-01    2.3324E-01    1.3128E-34    1.9200E-52
    3.871394E+04    1.0000E-99    7.0816E-01    2.9184E-01    2.0321E-34    2.3181E-52
    3.997047E+04    1.0000E-99    6.7571E-01    3.2429E-01    2.5122E-34    2.5547E-52
    4.112379E+04    1.0000E-99    6.3744E-01    3.6256E-01    3.2433E-34    2.8243E-52
    4.218343E+04    1.0000E-99    5.8150E-01    4.1850E-01    4.6911E-34    3.1994E-52
    4.320753E+04    1.0000E-99    5.2178E-01    4.7822E-01    6.9641E-34    3.5938E-52
    4.423621E+04    1.0000E-99    4.7076E-01    5.2924E-01    1.0046E-33    3.9312E-52
    4.529664E+04    1.0000E-99    4.3504E-01    5.6496E-01    1.3627E-33    4.1745E-52
    4.639486E+04    1.0000E-99    4.1622E-01    5.8378E-01    1.7199E-33    4.3145E-52
    4.752261E+04    1.0000E-99    4.0957E-01    5.9043E-01    2.0860E-33    4.3756E-52
    4.867617E+04    1.0000E-99    4.1423E-01    5.8577E-01    2.4381E-33    4.3591E-52
    4.985675E+04    1.0000E-99    4.2799E-01    5.7201E-01    2.7490E-33    4.2771E-52
    5.106564E+04    1.0000E-99    4.4620E-01    5.5380E-01    3.0147E-33    4.1616E-52
    5.230378E+04    1.0000E-99    4.6310E-01    5.3690E-01    3.2632E-33    4.0566E-52
    5.357136E+04    1.0000E-99    4.7460E-01    5.2540E-01    3.5246E-33    3.9932E-52
    5.486695E+04    1.0000E-99    4.7731E-01    5.2269E-01    3.8327E-33    3.9987E-52
    5.618695E+04    1.0000E-99    4.6802E-01    5.3198E-01    4.2301E-33    4.1000E-52
    5.752536E+04    1.0000E-99    4.4757E-01    5.5243E-01    4.7244E-33    4.2895E-52
    5.887450E+04    1.0000E-99    4.2224E-01    5.7776E-01    5.2531E-33    4.5153E-52
    6.022291E+04    1.0000E-99    3.9748E-01    6.0252E-01    5.7235E-33    4.7357E-52
    6.155592E+04    1.0000E-99    3.7634E-01    6.2366E-01    6.0792E-33    4.9316E-52
    6.285824E+04    1.0000E-99    3.6488E-01    6.3512E-01    6.2515E-33    5.0579E-52
    6.411280E+04    1.0000E-99    3.6592E-01    6.3408E-01    6.2261E-33    5.0939E-52
    6.529403E+04    1.0000E-99    3.7920E-01    6.2080E-01    6.0129E-33    5.0384E-52
    6.638404E+04    1.0000E-99    4.0015E-01    5.9985E-01    5.6992E-33    4.9231E-52
    6.736672E+04    1.0000E-99    4.2499E-01    5.7501E-01    5.3470E-33    4.7700E-52
    6.821143E+04    1.0000E-99    4.5470E-01    5.4530E-01    4.9173E-33    4.5656E-52
    6.893337E+04    1.0000E-99    4.8019E-01    5.1981E-01    4.5738E-33    4.3024E-52
    6.953439E+04    1.0000E-99    5.1164E-01    4.8836E-01    4.1903E-33    3.8507E-52
    6.977430E+04    1.0000E-99    5.2922E-01    4.7078E-01    3.8660E-33    3.5111E-52
    6.989457E+04    1.0000E-99    5.4002E-01    4.5998E-01    3.5013E-33    3.2642E-52
    6.995478E+04    1.0000E-99    5.5118E-01    4.4882E-01    3.0596E-33    3.0705E-52
    6.998490E+04    1.0000E-99    5.5782E-01    4.4218E-01    2.4800E-33    2.9542E-52
    6.999922E+04    1.0000E-99    5.6451E-01    4.3549E-01    1.8844E-33    2.8619E-52
    6.999997E+04    1.0000E-99    5.6525E-01    4.3475E-01    1.7945E-33    2.8552E-52
#TIME:     0.666
#NVEL: 115
#vel_mid[km/s]           ca1           ca2           ca3           ca4           ca5
    8.772128E+02    1.0000E-99    2.2254E-16    4.6140E-11    3.3942E-05    9.9997E-01
    8.833155E+02    1.0000E-99    2.2254E-16    4.6140E-11    3.3942E-05    9.9997E-01
    9.018795E+02    1.0000E-99    2.2255E-16    4.6141E-11    3.3942E-05    9.9997E-01
    9.401862E+02    1.0000E-99    2.2256E-16    4.6143E-11    3.3943E-05    9.9997E-01
    1.001110E+03    1.0000E-99    2.2255E-16    4.6142E-11    3.3943E-05    9.9997E-01
    1.062646E+03    1.0000E-99    2.2243E-16    4.6122E-11    3.3935E-05    9.9997E-01
    1.127988E+03    1.0000E-99    2.2165E-16    4.5997E-11    3.3882E-05    9.9997E-01
    1.197348E+03    1.0000E-99    2.1991E-16    4.5720E-11    3.3761E-05    9.9997E-01
    1.270973E+03    1.0000E-99    2.1638E-16    4.5153E-11    3.3509E-05    9.9997E-01
    1.349125E+03    1.0000E-99    1.8562E-16    4.0152E-11    3.1381E-05    9.9997E-01
    1.432083E+03    1.0000E-99    5.8846E-17    1.6836E-11    1.9566E-05    9.9998E-01
    1.520141E+03    1.0000E-99    1.5984E-17    6.3757E-12    1.1712E-05    9.9999E-01
    1.613615E+03    1.0000E-99    7.5005E-18    3.6443E-12    8.7778E-06    9.9999E-01
    1.712836E+03    1.0000E-99    4.1636E-18    2.3652E-12    7.0407E-06    9.9999E-01
    1.818158E+03    1.0000E-99    1.9510E-18    1.3606E-12    5.3288E-06    9.9999E-01
    1.929957E+03    1.0000E-99    8.4817E-19    7.4238E-13    3.9448E-06    1.0000E+00
    2.048630E+03    1.0000E-99    3.8961E-19    4.2313E-13    2.9959E-06    1.0000E+00
    2.174600E+03    1.0000E-99    1.5418E-19    2.1673E-13    2.1675E-06    1.0000E+00
    2.308316E+03    1.0000E-99    6.3245E-20    1.1363E-13    1.5886E-06    1.0000E+00
    2.450254E+03    1.0000E-99    2.3994E-20    5.6450E-14    1.1382E-06    1.0000E+00
    2.600920E+03    1.0000E-99    9.9317E-21    2.9972E-14    8.4442E-07    1.0000E+00
    2.760850E+03    1.0000E-99    5.5019E-21    1.9610E-14    6.9174E-07    1.0000E+00
    2.930615E+03    1.0000E-99    3.5105E-21    1.4151E-14    5.9260E-07    1.0000E+00
    3.110818E+03    1.0000E-99    2.5297E-21    1.1039E-14    5.2433E-07    1.0000E+00
    3.302102E+03    1.0000E-99    2.1760E-21    9.7034E-15    4.8893E-07    1.0000E+00
    3.505148E+03    1.0000E-99    2.1413E-21    9.3440E-15    4.7498E-07    1.0000E+00
    3.720679E+03    1.0000E-99    2.2495E-21    9.3625E-15    4.6924E-07    1.0000E+00
    3.949463E+03    1.0000E-99    2.4184E-21    9.4335E-15    4.6364E-07    1.0000E+00
    4.192316E+03    1.0000E-99    3.0587E-21    1.0806E-14    4.9007E-07    1.0000E+00
    4.450101E+03    1.0000E-99    3.4685E-21    1.1750E-14    5.0989E-07    1.0000E+00
    4.723737E+03    1.0000E-99    2.5355E-21    9.3985E-15    4.5834E-07    1.0000E+00
    5.014199E+03    1.0000E-99    1.5234E-21    6.4648E-15    3.8108E-07    1.0000E+00
    5.322522E+03    1.0000E-99    1.0985E-21    5.1041E-15    3.3922E-07    1.0000E+00
    5.649804E+03    1.0000E-99    9.7324E-22    4.6801E-15    3.2478E-07    1.0000E+00
    5.997210E+03    1.0000E-99    9.4732E-22    4.5622E-15    3.1963E-07    1.0000E+00
    6.365978E+03    1.0000E-99    9.6227E-22    4.5664E-15    3.1830E-07    1.0000E+00
    6.757421E+03    1.0000E-99    1.0122E-21    4.6960E-15    3.2157E-07    1.0000E+00
    7.172935E+03    1.0000E-99    1.1027E-21    4.9361E-15    3.2808E-07    1.0000E+00
    7.613998E+03    1.0000E-99    1.2565E-21    5.3138E-15    3.3786E-07    1.0000E+00
    8.082182E+03    1.0000E-99    1.5290E-21    6.0107E-15    3.5713E-07    1.0000E+00
    8.579155E+03    1.0000E-99    2.0355E-21    7.2810E-15    3.9131E-07    1.0000E+00
    9.106686E+03    1.0000E-99    3.2871E-21    1.0113E-14    4.5949E-07    1.0000E+00
    9.666656E+03    1.0000E-99    7.6586E-21    1.8428E-14    6.2234E-07    1.0000E+00
    1.026106E+04    1.0000E-99    2.9142E-20    4.9039E-14    1.0383E-06    1.0000E+00
    1.089201E+04    1.0000E-99    2.6283E-19    2.6002E-13    2.5886E-06    1.0000E+00
    1.156176E+04    1.0000E-99    8.2974E-18    4.1480E-12    1.2730E-05    9.9999E-01
    1.227269E+04    1.0000E-99    1.0615E-15    2.8629E-10    1.5264E-04    9.9985E-01
    1.302734E+04    1.0000E-99    1.5146E-13    2.9553E-08    2.2287E-03    9.9777E-01
    1.382861E+04    1.0000E-99    2.8196E-11    4.7485E-06    4.0128E-02    9.5987E-01
    1.462901E+04    1.0000E-99    2.8479E-08    4.1073E-03    8.4423E-01    1.5167E-01
    1.525056E+04    1.0000E-99    6.1745E-06    7.0714E-01    2.9284E-01    1.5384E-05
    1.570852E+04    1.0000E-99    1.7362E-05    9.9961E-01    3.7551E-04    2.2563E-12
    1.603933E+04    1.0000E-99    4.5113E-05    9.9995E-01    7.0172E-07    1.2453E-18
    1.626493E+04    1.0000E-99    1.8514E-04    9.9981E-01    3.6632E-10    3.4603E-26
    1.642900E+04    1.0000E-99    9.2098E-04    9.9908E-01    1.7267E-13    7.2364E-34
    1.655927E+04    1.0000E-99    4.1040E-03    9.9590E-01    1.0070E-16    2.3214E-41
    1.666808E+04    1.0000E-99    1.6382E-02    9.8362E-01    9.7665E-20    2.7151E-48
    1.676387E+04    1.0000E-99    5.1408E-02    9.4859E-01    2.1993E-22    2.1571E-52
    1.685344E+04    1.0000E-99    1.1413E-01    8.8587E-01    1.5054E-24    2.7121E-52
    1.694048E+04    1.0000E-99    1.9617E-01    8.0383E-01    3.0330E-26    3.2387E-52
    1.702877E+04    1.0000E-99    2.9252E-01    7.0748E-01    1.2016E-27    3.5146E-52
    1.712364E+04    1.0000E-99    4.0106E-01    5.9894E-01    6.5595E-29    3.4780E-52
    1.723140E+04    1.0000E-99    5.2038E-01    4.7962E-01    3.7496E-30    3.1194E-52
    1.736849E+04    1.0000E-99    6.5323E-01    3.4677E-01    1.4750E-31    2.4672E-52
    1.764428E+04    1.0000E-99    8.3355E-01    1.6645E-01    5.0746E-34    1.3166E-52
    1.825185E+04    1.0000E-99    9.7178E-01    2.8221E-02    1.1934E-38    2.4609E-53
    1.898577E+04    1.0000E-99    9.9574E-01    4.2647E-03    3.0339E-43    3.9662E-54
    1.978625E+04    1.0000E-99    9.9912E-01    8.7608E-04    7.4539E-46    8.5764E-55
    2.065037E+04    1.0000E-99    9.9976E-01    2.4393E-04    3.9712E-45    2.4931E-55
    2.155095E+04    1.0000E-99    9.9992E-01    7.8030E-05    1.3230E-44    8.3111E-56
    2.245768E+04    1.0000E-99    9.9996E-01    3.8074E-05    6.5220E-44    4.2735E-56
    2.340027E+04    1.0000E-99    9.9996E-01    3.9271E-05    3.1661E-43    4.7596E-56
    2.441765E+04    1.0000E-99    9.9991E-01    9.0646E-05    1.4204E-42    1.2645E-55
    2.552663E+04    1.0000E-99    9.9968E-01    3.1575E-04    6.4134E-42    5.5462E-55
    2.678810E+04    1.0000E-99    9.9844E-01    1.5648E-03    3.5640E-41    3.8313E-54
    2.832661E+04    1.0000E-99    9.9319E-01    6.8119E-03    2.1351E-40    2.2291E-53
    3.001704E+04    1.0000E-99    9.8943E-01    1.0574E-02    2.9142E-40    3.6026E-53
    3.165601E+04    1.0000E-99    9.8441E-01    1.5587E-02    6.9250E-40    3.9270E-53
    3.325288E+04    1.0000E-99    9.7468E-01    2.5317E-02    2.2659E-39    4.6295E-53
    3.484169E+04    1.0000E-99    9.5980E-01    4.0204E-02    7.5238E-39    5.8322E-53
    3.639765E+04    1.0000E-99    9.3912E-01    6.0879E-02    2.2656E-38    7.4834E-53
    3.790349E+04    1.0000E-99    9.0797E-01    9.2029E-02    7.1736E-38    9.8906E-53
    3.933015E+04    1.0000E-99    8.7803E-01    1.2197E-01    1.6712E-37    1.2150E-52
    4.064946E+04    1.0000E-99    8.5278E-01    1.4722E-01    3.2405E-37    1.4009E-52
    4.183748E+04    1.0000E-99    8.1485E-01    1.8515E-01    7.7902E-37    1.6667E-52
    4.295471E+04    1.0000E-99    7.6309E-01    2.3691E-01    2.2209E-36    2.0187E-52
    4.404536E+04    1.0000E-99    7.0527E-01    2.9473E-01    6.3443E-36    2.4050E-52
    4.514998E+04    1.0000E-99    6.4765E-01    3.5235E-01    1.6785E-35    2.7902E-52
    4.627877E+04    1.0000E-99    5.9600E-01    4.0400E-01    3.8905E-35    3.1409E-52
    4.742914E+04    1.0000E-99    5.5021E-01    4.4979E-01    8.3265E-35    3.4550E-52
    4.859884E+04    1.0000E-99    5.1286E-01    4.8714E-01    1.6482E-34    3.7107E-52
    4.979054E+04    1.0000E-99    4.8632E-01    5.1368E-01    3.0154E-34    3.8868E-52
    5.100851E+04    1.0000E-99    4.7013E-01    5.2987E-01    5.0733E-34    3.9831E-52
    5.225617E+04    1.0000E-99    4.6219E-01    5.3781E-01    7.9863E-34    4.0158E-52
    5.353554E+04    1.0000E-99    4.5948E-01    5.4052E-01    1.1870E-33    4.0145E-52
    5.484601E+04    1.0000E-99    4.5797E-01    5.4203E-01    1.6821E-33    4.0224E-52
    5.618429E+04    1.0000E-99    4.5231E-01    5.4769E-01    2.2968E-33    4.0928E-52
    5.754205E+04    1.0000E-99    4.3923E-01    5.6077E-01    3.0249E-33    4.2489E-52
    5.891132E+04    1.0000E-99    4.2070E-01    5.7930E-01    3.8070E-33    4.4584E-52
    6.027604E+04    1.0000E-99    4.0025E-01    5.9975E-01    4.5377E-33    4.6786E-52
    6.162485E+04    1.0000E-99    3.8123E-01    6.1877E-01    5.1363E-33    4.8811E-52
    6.293682E+04    1.0000E-99    3.7049E-01    6.2951E-01    5.5180E-33    5.0136E-52
    6.419493E+04    1.0000E-99    3.7155E-01    6.2845E-01    5.6614E-33    5.0528E-52
    6.537955E+04    1.0000E-99    3.8455E-01    6.1545E-01    5.5796E-33    4.9985E-52
    6.646379E+04    1.0000E-99    4.0502E-01    5.9498E-01    5.3651E-33    4.8837E-52
    6.743920E+04    1.0000E-99    4.2959E-01    5.7041E-01    5.0812E-33    4.7285E-52
    6.827833E+04    1.0000E-99    4.5881E-01    5.4119E-01    4.7063E-33    4.5177E-52
    6.898935E+04    1.0000E-99    4.8410E-01    5.1590E-01    4.4008E-33    4.2440E-52
    6.955810E+04    1.0000E-99    5.1434E-01    4.8566E-01    4.0484E-33    3.8003E-52
    6.978582E+04    1.0000E-99    5.3113E-01    4.6887E-01    3.7372E-33    3.4745E-52
    6.989995E+04    1.0000E-99    5.4165E-01    4.5835E-01    3.3818E-33    3.2384E-52
    6.995709E+04    1.0000E-99    5.5243E-01    4.4757E-01    2.9515E-33    3.0547E-52
    6.998568E+04    1.0000E-99    5.5882E-01    4.4118E-01    2.3931E-33    2.9446E-52
    6.999926E+04    1.0000E-99    5.6523E-01    4.3477E-01    1.8355E-33    2.8578E-52
    6.999997E+04    1.0000E-99    5.6593E-01    4.3407E-01    1.7509E-33    2.8516E-52
#TIME:     0.733
#NVEL: 115
#vel_mid[km/s]           ca1           ca2           ca3           ca4           ca5
    8.772128E+02    1.0000E-99    2.9114E-16    5.7165E-11    3.9356E-05    9.9996E-01
    8.821279E+02    1.0000E-99    2.9114E-16    5.7165E-11    3.9356E-05    9.9996E-01
    8.970391E+02    1.0000E-99    2.9114E-16    5.7165E-11    3.9356E-05    9.9996E-01
    9.276219E+02    1.0000E-99    2.9116E-16    5.7167E-11    3.9357E-05    9.9996E-01
    9.834559E+02    1.0000E-99    2.9116E-16    5.7168E-11    3.9357E-05    9.9996E-01
    1.043937E+03    1.0000E-99    2.9101E-16    5.7145E-11    3.9348E-05    9.9996E-01
    1.108129E+03    1.0000E-99    2.9016E-16    5.7015E-11    3.9297E-05    9.9996E-01
    1.176267E+03    1.0000E-99    2.8798E-16    5.6677E-11    3.9159E-05    9.9996E-01
    1.248596E+03    1.0000E-99    2.8304E-16    5.5911E-11    3.8839E-05    9.9996E-01
    1.325372E+03    1.0000E-99    2.4810E-16    5.0464E-11    3.6637E-05    9.9996E-01
    1.406869E+03    1.0000E-99    1.0118E-16    2.5330E-11    2.4971E-05    9.9997E-01
    1.493377E+03    1.0000E-99    2.6997E-17    9.3243E-12    1.4526E-05    9.9999E-01
    1.585205E+03    1.0000E-99    1.0825E-17    4.7109E-12    1.0130E-05    9.9999E-01
    1.682679E+03    1.0000E-99    5.5629E-18    2.8742E-12    7.8351E-06    9.9999E-01
    1.786147E+03    1.0000E-99    2.6501E-18    1.6646E-12    5.9166E-06    9.9999E-01
    1.895977E+03    1.0000E-99    1.1415E-18    8.9797E-13    4.3297E-06    1.0000E+00
    2.012561E+03    1.0000E-99    5.0185E-19    4.9350E-13    3.2130E-06    1.0000E+00
    2.136313E+03    1.0000E-99    1.9990E-19    2.5309E-13    2.3147E-06    1.0000E+00
    2.267674E+03    1.0000E-99    7.9313E-20    1.2928E-13    1.6696E-06    1.0000E+00
    2.407114E+03    1.0000E-99    2.9686E-20    6.3384E-14    1.1843E-06    1.0000E+00
    2.555127E+03    1.0000E-99    1.1618E-20    3.2224E-14    8.5807E-07    1.0000E+00
    2.712241E+03    1.0000E-99    5.8755E-21    1.9728E-14    6.8036E-07    1.0000E+00
    2.879017E+03    1.0000E-99    3.5750E-21    1.3769E-14    5.7370E-07    1.0000E+00
    3.056048E+03    1.0000E-99    2.4737E-21    1.0459E-14    5.0183E-07    1.0000E+00
    3.243964E+03    1.0000E-99    2.0425E-21    8.9477E-15    4.6256E-07    1.0000E+00
    3.443435E+03    1.0000E-99    1.9550E-21    8.4668E-15    4.4624E-07    1.0000E+00
    3.655171E+03    1.0000E-99    2.0692E-21    8.5602E-15    4.4352E-07    1.0000E+00
    3.879927E+03    1.0000E-99    2.2547E-21    8.7412E-15    4.4184E-07    1.0000E+00
    4.118504E+03    1.0000E-99    2.7115E-21    9.6204E-15    4.5791E-07    1.0000E+00
    4.371751E+03    1.0000E-99    3.3992E-21    1.1204E-14    4.9213E-07    1.0000E+00
    4.640569E+03    1.0000E-99    2.8053E-21    9.7495E-15    4.6022E-07    1.0000E+00
    4.925917E+03    1.0000E-99    1.7955E-21    7.0361E-15    3.9201E-07    1.0000E+00
    5.228812E+03    1.0000E-99    1.2045E-21    5.2574E-15    3.3940E-07    1.0000E+00
    5.550331E+03    1.0000E-99    1.0103E-21    4.6352E-15    3.1884E-07    1.0000E+00
    5.891620E+03    1.0000E-99    9.6246E-22    4.4605E-15    3.1216E-07    1.0000E+00
    6.253896E+03    1.0000E-99    9.6847E-22    4.4420E-15    3.1039E-07    1.0000E+00
    6.638447E+03    1.0000E-99    1.0188E-21    4.5707E-15    3.1383E-07    1.0000E+00
    7.046645E+03    1.0000E-99    1.1204E-21    4.8504E-15    3.2213E-07    1.0000E+00
    7.479943E+03    1.0000E-99    1.2738E-21    5.2333E-15    3.3289E-07    1.0000E+00
    7.939884E+03    1.0000E-99    1.5502E-21    5.9291E-15    3.5279E-07    1.0000E+00
    8.428107E+03    1.0000E-99    2.0764E-21    7.2308E-15    3.8867E-07    1.0000E+00
    8.946351E+03    1.0000E-99    3.2530E-21    9.8746E-15    4.5416E-07    1.0000E+00
    9.496461E+03    1.0000E-99    6.9960E-21    1.7062E-14    6.0168E-07    1.0000E+00
    1.008040E+04    1.0000E-99    2.4184E-20    4.2553E-14    9.7623E-07    1.0000E+00
    1.070024E+04    1.0000E-99    1.7524E-19    1.9244E-13    2.2423E-06    1.0000E+00
    1.135820E+04    1.0000E-99    4.0154E-18    2.3777E-12    9.5319E-06    9.9999E-01
    1.205661E+04    1.0000E-99    4.1456E-16    1.3418E-10    1.0164E-04    9.9990E-01
    1.279797E+04    1.0000E-99    8.7590E-14    1.9882E-08    1.8310E-03    9.9817E-01
    1.358477E+04    1.0000E-99    1.9581E-11    3.8113E-06    3.6421E-02    9.6358E-01
    1.437244E+04    1.0000E-99    1.0114E-08    1.7803E-03    7.1213E-01    2.8609E-01
    1.500937E+04    1.0000E-99    1.6134E-06    2.4761E-01    7.5189E-01    4.9797E-04
    1.552878E+04    1.0000E-99    1.0426E-05    9.9665E-01    3.3359E-03    3.1076E-10
    1.591273E+04    1.0000E-99    2.4080E-05    9.9997E-01    6.4778E-06    1.8595E-16
    1.617011E+04    1.0000E-99    8.2993E-05    9.9992E-01    6.4012E-09    2.3063E-23
    1.634952E+04    1.0000E-99    4.0456E-04    9.9960E-01    3.1118E-12    5.3052E-31
    1.648696E+04    1.0000E-99    2.3969E-03    9.9760E-01    6.8335E-16    1.8431E-39
    1.659878E+04    1.0000E-99    1.2877E-02    9.8712E-01    1.6413E-19    7.6796E-48
    1.669545E+04    1.0000E-99    4.7581E-02    9.5242E-01    1.6439E-22    2.1019E-52
    1.678508E+04    1.0000E-99    1.1144E-01    8.8856E-01    8.3626E-25    2.6853E-52
    1.687250E+04    1.0000E-99    1.9463E-01    8.0537E-01    1.5516E-26    3.2069E-52
    1.696111E+04    1.0000E-99    2.9184E-01    7.0816E-01    5.9974E-28    3.4631E-52
    1.705636E+04    1.0000E-99    4.0230E-01    5.9770E-01    3.1542E-29    3.4152E-52
    1.716416E+04    1.0000E-99    5.2331E-01    4.7669E-01    1.7430E-30    3.0638E-52
    1.730537E+04    1.0000E-99    6.6115E-01    3.3885E-01    6.0113E-32    2.3921E-52
    1.760745E+04    1.0000E-99    8.5199E-01    1.4801E-01    1.1458E-34    1.1690E-52
    1.821538E+04    1.0000E-99    9.7639E-01    2.3609E-02    2.2658E-39    2.0557E-53
    1.893451E+04    1.0000E-99    9.9665E-01    3.3481E-03    4.3602E-44    3.1083E-54
    1.971244E+04    1.0000E-99    9.9942E-01    5.8411E-04    2.1782E-48    5.7015E-55
    2.054375E+04    1.0000E-99    9.9987E-01    1.2605E-04    5.8630E-49    1.2818E-55
    2.140728E+04    1.0000E-99    9.9997E-01    2.9109E-05    2.4835E-48    3.0725E-56
    2.226561E+04    1.0000E-99    9.9999E-01    8.3525E-06    1.4782E-47    9.2125E-57
    2.313428E+04    1.0000E-99    1.0000E+00    3.6106E-06    9.5021E-47    4.2399E-57
    2.404497E+04    1.0000E-99    1.0000E+00    4.7181E-06    5.6025E-46    6.1814E-57
    2.500523E+04    1.0000E-99    9.9998E-01    1.7360E-05    3.1427E-45    2.7013E-56
    2.604263E+04    1.0000E-99    9.9990E-01    9.9209E-05    2.0874E-44    1.9898E-55
    2.724271E+04    1.0000E-99    9.9924E-01    7.6271E-04    2.0901E-43    2.1930E-54
    2.880103E+04    1.0000E-99    9.9600E-01    3.9968E-03    1.7085E-42    1.5846E-53
    3.057189E+04    1.0000E-99    9.9333E-01    6.6651E-03    3.5339E-42    2.7332E-53
    3.239972E+04    1.0000E-99    9.8779E-01    1.2208E-02    1.4943E-41    3.2695E-53
    3.417455E+04    1.0000E-99    9.7836E-01    2.1644E-02    7.7203E-41    4.0739E-53
    3.587716E+04    1.0000E-99    9.6459E-01    3.5414E-02    3.4286E-40    5.2544E-53
    3.749452E+04    1.0000E-99    9.4255E-01    5.7449E-02    1.5490E-39    7.0936E-53
    3.901907E+04    1.0000E-99    9.1688E-01    8.3115E-02    5.2008E-39    9.1577E-53
    4.041392E+04    1.0000E-99    8.9594E-01    1.0406E-01    1.2641E-38    1.0753E-52
    4.166067E+04    1.0000E-99    8.6795E-01    1.3205E-01    3.7932E-38    1.2724E-52
    4.282033E+04    1.0000E-99    8.2874E-01    1.7126E-01    1.4585E-37    1.5367E-52
    4.393802E+04    1.0000E-99    7.8164E-01    2.1836E-01    5.7919E-37    1.8492E-52
    4.506444E+04    1.0000E-99    7.2963E-01    2.7037E-01    2.1248E-36    2.1971E-52
    4.621047E+04    1.0000E-99    6.7834E-01    3.2166E-01    6.6317E-36    2.5472E-52
    4.737662E+04    1.0000E-99    6.2769E-01    3.7231E-01    1.8710E-35    2.8995E-52
    4.855943E+04    1.0000E-99    5.8095E-01    4.1905E-01    4.7807E-35    3.2280E-52
    4.976293E+04    1.0000E-99    5.4249E-01    4.5751E-01    1.1021E-34    3.4980E-52
    5.099069E+04    1.0000E-99    5.1399E-01    4.8601E-01    2.2726E-34    3.6928E-52
    5.224631E+04    1.0000E-99    4.9487E-01    5.0513E-01    4.2600E-34    3.8135E-52
    5.353171E+04    1.0000E-99    4.8312E-01    5.1688E-01    7.3279E-34    3.8778E-52
    5.484612E+04    1.0000E-99    4.7518E-01    5.2482E-01    1.1695E-33    3.9251E-52
    5.618687E+04    1.0000E-99    4.6559E-01    5.3441E-01    1.7548E-33    4.0125E-52
    5.754538E+04    1.0000E-99    4.5026E-01    5.4974E-01    2.4840E-33    4.1747E-52
    5.891516E+04    1.0000E-99    4.3014E-01    5.6986E-01    3.3001E-33    4.3905E-52
    6.027894E+04    1.0000E-99    4.0827E-01    5.9173E-01    4.0911E-33    4.6201E-52
    6.162742E+04    1.0000E-99    3.8787E-01    6.1213E-01    4.7632E-33    4.8333E-52
    6.293850E+04    1.0000E-99    3.7577E-01    6.2423E-01    5.2199E-33    4.9758E-52
