#NTIMES: 50
#NSTAGES: 4
#TIMES[d]: 199.16 202.03 204.93 207.87 210.86 213.89 216.97 220.09 223.25 226.46 229.71 233.01 236.36 239.76 243.21 246.70 250.25 253.85 257.50 261.20 264.95 268.76 272.62 276.54 280.51 284.55 288.64 292.79 296.99 301.26 305.59 309.99 314.44 318.96 323.55 328.19 332.91 337.70 342.55 347.48 352.47 357.54 362.68 367.89 373.18 378.54 383.98 389.50 395.10 400.78
#
#TIME: 199.16
#NVEL: 78
#vel_mid[km/s] c0 c1 c2 c3
440.10 9.9345e-04 9.3715e-01 6.1534e-02 3.1861e-04
886.22 1.9893e-03 9.3552e-01 6.2188e-02 3.0037e-04
906.14 7.7354e-04 9.3282e-01 6.6047e-02 3.5764e-04
944.43 1.1325e-03 9.3704e-01 6.1502e-02 3.2963e-04
999.11 1.3913e-03 9.3966e-01 5.8661e-02 2.8667e-04
1060.83 2.0352e-03 9.3256e-01 6.5063e-02 3.4240e-04
1125.62 8.7475e-04 9.3347e-01 6.5287e-02 3.6415e-04
1194.38 9.1997e-04 9.3712e-01 6.1658e-02 3.0118e-04
1267.34 6.8209e-04 9.3526e-01 6.3730e-02 3.3033e-04
1344.75 7.5505e-04 9.3419e-01 6.4713e-02 3.3981e-04
1426.89 1.1407e-03 9.3879e-01 5.9784e-02 2.8701e-04
1514.05 8.9670e-04 9.4063e-01 5.8190e-02 2.8354e-04
1606.54 9.9845e-04 9.3822e-01 6.0492e-02 2.8632e-04
1704.67 7.8845e-04 9.4008e-01 5.8846e-02 2.8193e-04
1808.80 8.2414e-04 9.4078e-01 5.8127e-02 2.7318e-04
1919.29 8.3111e-04 9.4097e-01 5.7917e-02 2.7702e-04
2036.53 6.9233e-04 9.4132e-01 5.7719e-02 2.6950e-04
2160.92 7.5048e-04 9.3945e-01 5.9512e-02 2.9057e-04
2292.92 7.7724e-04 9.3464e-01 6.4245e-02 3.3956e-04
2432.98 7.0261e-04 9.2683e-01 7.2053e-02 4.1284e-04
2581.60 6.5125e-04 9.1985e-01 7.8995e-02 5.0358e-04
2739.29 7.9826e-04 9.1050e-01 8.8078e-02 6.2647e-04
2906.62 7.0706e-04 8.9346e-01 1.0496e-01 8.7765e-04
3084.17 6.0397e-04 8.6873e-01 1.2940e-01 1.2670e-03
3272.56 4.6847e-04 8.1818e-01 1.7913e-01 2.2179e-03
3472.46 3.7186e-04 7.5097e-01 2.4490e-01 3.7579e-03
3684.57 2.5647e-04 6.4042e-01 3.5256e-01 6.7634e-03
3909.64 1.9698e-04 5.6452e-01 4.2603e-01 9.2506e-03
4148.46 1.7909e-04 5.9113e-01 3.9993e-01 8.7639e-03
4401.86 2.3285e-04 6.4421e-01 3.4825e-01 7.3058e-03
4670.75 2.1818e-04 6.2280e-01 3.6915e-01 7.8316e-03
4956.05 1.3110e-04 5.0548e-01 4.8059e-01 1.3792e-02
5258.79 4.1703e-05 2.9833e-01 6.7545e-01 2.6179e-02
5580.02 8.1529e-06 1.0739e-01 8.4462e-01 4.7977e-02
5920.87 2.8712e-06 5.7275e-02 8.7823e-01 6.4494e-02
6282.54 1.6825e-06 4.4875e-02 8.8109e-01 7.4030e-02
6666.30 1.4230e-06 4.2269e-02 8.7467e-01 8.3062e-02
7073.50 1.3524e-06 4.1422e-02 8.7843e-01 8.0142e-02
7505.58 1.4522e-06 4.6433e-02 8.7295e-01 8.0618e-02
7964.05 2.0185e-06 5.7755e-02 8.6583e-01 7.6417e-02
8450.53 5.0531e-06 9.7675e-02 8.4358e-01 5.8744e-02
8966.72 1.6525e-05 2.0959e-01 7.4980e-01 4.0590e-02
9514.44 4.4500e-05 3.7442e-01 6.0077e-01 2.4765e-02
10095.62 8.6064e-05 5.2269e-01 4.6251e-01 1.4710e-02
10712.30 1.3355e-04 6.3977e-01 3.5058e-01 9.5172e-03
11366.65 1.9015e-04 7.1997e-01 2.7389e-01 5.9500e-03
12061.10 1.8301e-04 7.4935e-01 2.4531e-01 5.1567e-03
12793.43 1.5325e-04 7.4991e-01 2.4499e-01 4.9485e-03
13528.61 1.0638e-04 7.4523e-01 2.4968e-01 4.9793e-03
14194.74 8.2345e-05 7.2288e-01 2.7131e-01 5.7316e-03
14757.77 6.2808e-05 6.0710e-01 3.8428e-01 8.5534e-03
15240.48 5.3706e-05 5.5185e-01 4.4016e-01 7.9450e-03
15646.99 6.9070e-05 6.0616e-01 3.8885e-01 4.9201e-03
15960.30 8.1177e-05 5.5057e-01 4.4586e-01 3.4839e-03
16187.41 9.6118e-05 5.1884e-01 4.7796e-01 3.1105e-03
16354.17 8.1773e-05 5.3990e-01 4.5714e-01 2.8793e-03
16484.18 6.2181e-05 4.1132e-01 5.8461e-01 4.0103e-03
16593.12 4.1547e-05 3.2830e-01 6.6664e-01 5.0234e-03
16691.99 3.9200e-05 3.3938e-01 6.5483e-01 5.7582e-03
16788.59 3.0930e-05 3.4178e-01 6.5208e-01 6.1160e-03
16888.37 2.1501e-05 2.3874e-01 7.5387e-01 7.3693e-03
16998.79 2.4652e-05 3.0378e-01 6.8900e-01 7.2004e-03
17146.37 1.2455e-05 1.6888e-01 8.2237e-01 8.7357e-03
17415.23 7.8082e-06 1.2155e-01 8.6735e-01 1.1091e-02
17888.12 5.6147e-06 1.0158e-01 8.8623e-01 1.2189e-02
18532.37 4.3734e-06 8.2482e-02 9.0150e-01 1.6018e-02
19260.76 3.1697e-06 6.7858e-02 9.1291e-01 1.9229e-02
20034.10 2.7748e-06 6.8768e-02 9.0589e-01 2.5344e-02
20838.00 1.9446e-06 4.8761e-02 9.2156e-01 2.9676e-02
21647.97 2.5701e-06 6.7881e-02 8.9731e-01 3.4808e-02
22447.94 5.7353e-06 1.6422e-01 7.9750e-01 3.8271e-02
23245.88 1.6306e-06 5.0470e-02 8.9047e-01 5.9059e-02
24052.47 2.0252e-06 8.2007e-02 8.5418e-01 6.3808e-02
24867.72 7.2503e-07 3.4721e-02 8.5676e-01 1.0852e-01
25698.86 9.7976e-07 5.0526e-02 8.6033e-01 8.9144e-02
26587.16 6.6095e-07 3.1667e-02 8.4676e-01 1.2158e-01
27637.54 3.4527e-06 1.8399e-01 7.0307e-01 1.1294e-01
28986.97 2.0519e-06 1.1083e-01 7.3302e-01 1.5615e-01
#TIME: 202.03
#NVEL: 78
#vel_mid[km/s] c0 c1 c2 c3
440.10 6.2675e-04 9.3204e-01 6.6959e-02 3.7251e-04
886.22 1.5132e-03 9.3406e-01 6.4178e-02 2.5258e-04
906.14 1.5280e-03 9.2921e-01 6.8908e-02 3.5429e-04
944.43 1.4909e-03 9.4007e-01 5.8164e-02 2.7735e-04
999.11 1.2022e-03 9.3747e-01 6.1010e-02 3.1506e-04
1060.83 7.1096e-04 9.3289e-01 6.6067e-02 3.2713e-04
1125.62 9.5843e-04 9.3458e-01 6.4092e-02 3.6906e-04
1194.38 1.0454e-03 9.3720e-01 6.1440e-02 3.1743e-04
1267.34 1.2871e-03 9.3849e-01 5.9932e-02 2.8963e-04
1344.75 5.9802e-04 9.3825e-01 6.0847e-02 3.0981e-04
1426.89 1.2438e-03 9.3727e-01 6.1175e-02 3.1200e-04
1514.05 1.0673e-03 9.3972e-01 5.8935e-02 2.7597e-04
1606.54 9.6575e-04 9.4251e-01 5.6258e-02 2.6467e-04
1704.67 9.9346e-04 9.4262e-01 5.6124e-02 2.6496e-04
1808.80 7.3848e-04 9.4404e-01 5.4968e-02 2.5356e-04
1919.29 9.8538e-04 9.4263e-01 5.6136e-02 2.5292e-04
2036.53 7.4793e-04 9.3954e-01 5.9434e-02 2.8068e-04
2160.92 8.5795e-04 9.3781e-01 6.1028e-02 3.0099e-04
2292.92 8.3813e-04 9.3289e-01 6.5915e-02 3.5829e-04
2432.98 8.2645e-04 9.2637e-01 7.2382e-02 4.1938e-04
2581.60 6.7830e-04 9.1861e-01 8.0194e-02 5.1975e-04
2739.29 7.1661e-04 9.0818e-01 9.0445e-02 6.6323e-04
2906.62 6.4108e-04 8.9401e-01 1.0449e-01 8.5625e-04
3084.17 5.6294e-04 8.6752e-01 1.3062e-01 1.2990e-03
3272.56 4.7700e-04 8.1641e-01 1.8087e-01 2.2506e-03
3472.46 3.8976e-04 7.4036e-01 2.5530e-01 3.9482e-03
3684.57 2.5733e-04 6.4975e-01 3.4340e-01 6.5857e-03
3909.64 1.6140e-04 5.7265e-01 4.1779e-01 9.4006e-03
4148.46 1.7095e-04 5.8851e-01 4.0275e-01 8.5778e-03
4401.86 2.2417e-04 6.4296e-01 3.4989e-01 6.9249e-03
4670.75 2.0647e-04 6.2715e-01 3.6488e-01 7.7589e-03
4956.05 1.2817e-04 5.1397e-01 4.7357e-01 1.2331e-02
5258.79 4.4741e-05 2.9309e-01 6.8016e-01 2.6704e-02
5580.02 8.0823e-06 1.0551e-01 8.4718e-01 4.7297e-02
5920.87 2.8454e-06 5.9069e-02 8.7834e-01 6.2590e-02
6282.54 1.6670e-06 4.3717e-02 8.8046e-01 7.5818e-02
6666.30 1.4112e-06 4.1966e-02 8.7872e-01 7.9311e-02
7073.50 1.3590e-06 4.3063e-02 8.7546e-01 8.1481e-02
7505.58 1.4709e-06 4.6898e-02 8.6930e-01 8.3798e-02
7964.05 2.1034e-06 5.9824e-02 8.6523e-01 7.4941e-02
8450.53 4.8820e-06 9.6769e-02 8.4419e-01 5.9040e-02
8966.72 1.6243e-05 2.0297e-01 7.5514e-01 4.1870e-02
9514.44 4.6178e-05 3.6735e-01 6.0703e-01 2.5577e-02
10095.62 9.2492e-05 5.3422e-01 4.5199e-01 1.3693e-02
10712.30 1.4482e-04 6.3282e-01 3.5761e-01 9.4220e-03
11366.65 1.6679e-04 6.9510e-01 2.9848e-01 6.2592e-03
12061.10 1.8674e-04 7.5441e-01 2.4054e-01 4.8630e-03
12793.43 1.5383e-04 7.6633e-01 2.2899e-01 4.5272e-03
13528.61 1.2011e-04 7.3849e-01 2.5628e-01 5.1009e-03
14194.74 9.1487e-05 7.3016e-01 2.6420e-01 5.5453e-03
14757.77 6.1904e-05 6.3530e-01 3.5696e-01 7.6767e-03
15240.48 5.8671e-05 6.0049e-01 3.9243e-01 7.0191e-03
15646.99 6.5879e-05 5.6612e-01 4.2851e-01 5.3078e-03
15960.30 7.8859e-05 5.5056e-01 4.4585e-01 3.5048e-03
16187.41 8.6059e-05 4.9902e-01 4.9770e-01 3.1846e-03
16354.17 9.0742e-05 4.7158e-01 5.2507e-01 3.2605e-03
16484.18 7.6791e-05 4.3651e-01 5.5960e-01 3.8190e-03
16593.12 3.3321e-05 2.8085e-01 7.1395e-01 5.1605e-03
16691.99 2.8933e-05 3.2245e-01 6.7163e-01 5.8873e-03
16788.59 3.0355e-05 3.0251e-01 6.9171e-01 5.7538e-03
16888.37 2.2881e-05 2.6845e-01 7.2446e-01 7.0621e-03
16998.79 1.5823e-05 1.9633e-01 7.9553e-01 8.1299e-03
17146.37 1.4448e-05 1.6477e-01 8.2590e-01 9.3142e-03
17415.23 1.3765e-05 1.6784e-01 8.2232e-01 9.8292e-03
17888.12 6.1490e-06 9.1260e-02 8.9527e-01 1.3464e-02
18532.37 3.4707e-06 6.6331e-02 9.1769e-01 1.5979e-02
19260.76 3.8924e-06 8.6105e-02 8.9566e-01 1.8234e-02
20034.10 2.2703e-06 5.6436e-02 9.1875e-01 2.4807e-02
20838.00 1.7815e-06 4.7980e-02 9.2168e-01 3.0334e-02
21647.97 1.6506e-06 4.5229e-02 9.2165e-01 3.3119e-02
22447.94 2.1114e-06 7.1174e-02 8.8803e-01 4.0797e-02
23245.88 1.4290e-06 5.1087e-02 8.9693e-01 5.1978e-02
24052.47 1.3077e-06 4.8856e-02 8.9072e-01 6.0426e-02
24867.72 5.9763e-07 3.3305e-02 8.4549e-01 1.2121e-01
25698.86 4.3025e-07 1.9277e-02 8.8624e-01 9.4483e-02
26587.16 7.2739e-07 3.8035e-02 8.4927e-01 1.1270e-01
27637.54 1.1378e-06 6.1162e-02 7.6907e-01 1.6977e-01
28986.97 2.1339e-06 1.2106e-01 7.3604e-01 1.4290e-01
#TIME: 204.93
#NVEL: 78
#vel_mid[km/s] c0 c1 c2 c3
440.10 1.0163e-03 9.3624e-01 6.2425e-02 3.2163e-04
886.22 1.2775e-03 9.4913e-01 4.9385e-02 2.0940e-04
906.14 1.0817e-03 9.4405e-01 5.4608e-02 2.6133e-04
944.43 5.5643e-04 9.3801e-01 6.1079e-02 3.5159e-04
999.11 1.7507e-03 9.3722e-01 6.0705e-02 3.2910e-04
1060.83 7.0942e-04 9.3144e-01 6.7514e-02 3.4038e-04
1125.62 8.2898e-04 9.3926e-01 5.9611e-02 2.9738e-04
1194.38 8.3340e-04 9.3754e-01 6.1337e-02 2.9133e-04
1267.34 1.3378e-03 9.3713e-01 6.1229e-02 3.0071e-04
1344.75 9.7073e-04 9.3510e-01 6.3592e-02 3.4160e-04
1426.89 9.1560e-04 9.3830e-01 6.0480e-02 3.0088e-04
1514.05 1.0087e-03 9.4160e-01 5.7136e-02 2.5632e-04
1606.54 1.3461e-03 9.4289e-01 5.5506e-02 2.5297e-04
1704.67 1.0298e-03 9.4224e-01 5.6463e-02 2.6719e-04
1808.80 8.5877e-04 9.4490e-01 5.4001e-02 2.4492e-04
1919.29 8.6573e-04 9.4081e-01 5.8052e-02 2.7298e-04
2036.53 8.6952e-04 9.4296e-01 5.5913e-02 2.5507e-04
2160.92 8.9498e-04 9.4044e-01 5.8388e-02 2.7670e-04
2292.92 8.7676e-04 9.3670e-01 6.2103e-02 3.1851e-04
2432.98 7.2254e-04 9.3008e-01 6.8812e-02 3.9042e-04
2581.60 7.9710e-04 9.2059e-01 7.8119e-02 4.9318e-04
2739.29 6.8111e-04 9.0996e-01 8.8731e-02 6.3220e-04
2906.62 6.4413e-04 8.9542e-01 1.0310e-01 8.3829e-04
3084.17 5.7302e-04 8.6575e-01 1.3236e-01 1.3222e-03
3272.56 4.2856e-04 8.0795e-01 1.8931e-01 2.3064e-03
3472.46 3.7484e-04 7.4506e-01 2.5078e-01 3.7846e-03
3684.57 2.7189e-04 6.4000e-01 3.5278e-01 6.9471e-03
3909.64 1.8065e-04 5.6202e-01 4.2844e-01 9.3584e-03
4148.46 1.6996e-04 5.9600e-01 3.9481e-01 9.0241e-03
4401.86 2.4592e-04 6.5154e-01 3.4158e-01 6.6374e-03
4670.75 2.1737e-04 6.3654e-01 3.5560e-01 7.6368e-03
4956.05 1.2355e-04 5.1126e-01 4.7576e-01 1.2861e-02
5258.79 4.2533e-05 2.8362e-01 6.8870e-01 2.7644e-02
5580.02 8.6247e-06 1.1231e-01 8.4069e-01 4.6993e-02
5920.87 3.0844e-06 6.1823e-02 8.7709e-01 6.1080e-02
6282.54 1.7387e-06 4.5376e-02 8.7923e-01 7.5393e-02
6666.30 1.4479e-06 4.1864e-02 8.8053e-01 7.7605e-02
7073.50 1.4542e-06 4.4221e-02 8.7634e-01 7.9436e-02
7505.58 1.4575e-06 4.4675e-02 8.6859e-01 8.6738e-02
7964.05 2.1458e-06 6.0365e-02 8.6524e-01 7.4392e-02
8450.53 4.6493e-06 9.5221e-02 8.4247e-01 6.2301e-02
8966.72 1.6488e-05 2.0620e-01 7.5188e-01 4.1903e-02
9514.44 4.1901e-05 3.5646e-01 6.1636e-01 2.7138e-02
10095.62 8.5252e-05 5.1018e-01 4.7456e-01 1.5174e-02
10712.30 1.4117e-04 6.5427e-01 3.3676e-01 8.8354e-03
11366.65 1.8909e-04 7.0753e-01 2.8597e-01 6.3055e-03
12061.10 2.0440e-04 7.4226e-01 2.5236e-01 5.1814e-03
12793.43 1.5817e-04 7.5201e-01 2.4265e-01 5.1822e-03
13528.61 1.2412e-04 7.3573e-01 2.5877e-01 5.3833e-03
14194.74 8.4362e-05 7.1098e-01 2.8278e-01 6.1541e-03
14757.77 6.8632e-05 6.4892e-01 3.4371e-01 7.2926e-03
15240.48 6.1420e-05 6.1074e-01 3.8233e-01 6.8698e-03
15646.99 6.5027e-05 5.7772e-01 4.1698e-01 5.2349e-03
15960.30 9.4314e-05 5.4925e-01 4.4720e-01 3.4598e-03
16187.41 8.9863e-05 5.2921e-01 4.6768e-01 3.0123e-03
16354.17 7.9018e-05 4.8967e-01 5.0711e-01 3.1366e-03
16484.18 5.6792e-05 4.1606e-01 5.7978e-01 4.1111e-03
16593.12 4.3744e-05 3.2991e-01 6.6501e-01 5.0328e-03
16691.99 3.5506e-05 3.3489e-01 6.5918e-01 5.8966e-03
16788.59 2.7202e-05 2.5667e-01 7.3668e-01 6.6317e-03
16888.37 1.6500e-05 1.9447e-01 7.9791e-01 7.6039e-03
16998.79 1.5143e-05 1.6621e-01 8.2518e-01 8.6032e-03
17146.37 1.4446e-05 1.6521e-01 8.2499e-01 9.7814e-03
17415.23 1.1320e-05 1.6228e-01 8.2757e-01 1.0147e-02
17888.12 5.9715e-06 9.9797e-02 8.8714e-01 1.3060e-02
18532.37 5.0847e-06 9.5872e-02 8.8876e-01 1.5362e-02
19260.76 3.2603e-06 6.5461e-02 9.1527e-01 1.9266e-02
20034.10 2.3059e-06 5.6915e-02 9.1857e-01 2.4511e-02
20838.00 2.5582e-06 6.4237e-02 9.0510e-01 3.0657e-02
21647.97 1.7961e-06 4.6078e-02 9.2192e-01 3.1997e-02
22447.94 2.3374e-06 7.0862e-02 8.8870e-01 4.0433e-02
23245.88 2.1333e-06 6.8114e-02 8.8291e-01 4.8977e-02
24052.47 1.3503e-06 5.6135e-02 8.8522e-01 5.8643e-02
24867.72 1.2356e-06 6.4853e-02 8.5868e-01 7.6470e-02
25698.86 6.1629e-07 3.2447e-02 8.6599e-01 1.0156e-01
26587.16 1.2144e-06 7.2704e-02 8.1040e-01 1.1689e-01
27637.54 3.4292e-06 1.8686e-01 6.9415e-01 1.1899e-01
28986.97 1.7985e-06 9.5602e-02 5.7351e-01 3.3088e-01
#TIME: 207.87
#NVEL: 78
#vel_mid[km/s] c0 c1 c2 c3
440.10 8.2651e-04 9.3888e-01 6.0011e-02 2.8566e-04
886.22 8.4411e-04 9.3970e-01 5.9116e-02 3.4016e-04
906.14 6.5361e-04 9.4099e-01 5.8036e-02 3.1981e-04
944.43 1.4031e-03 9.3916e-01 5.9145e-02 2.9237e-04
999.11 9.9882e-04 9.4011e-01 5.8593e-02 2.9548e-04
1060.83 2.7395e-03 9.3665e-01 6.0319e-02 2.9572e-04
1125.62 1.3556e-03 9.3763e-01 6.0712e-02 2.9923e-04
1194.38 9.0352e-04 9.3194e-01 6.6802e-02 3.4976e-04
1267.34 1.0255e-03 9.4104e-01 5.7653e-02 2.7816e-04
1344.75 1.1400e-03 9.3758e-01 6.0987e-02 2.9734e-04
1426.89 1.0110e-03 9.4076e-01 5.7939e-02 2.8571e-04
1514.05 1.0123e-03 9.4422e-01 5.4520e-02 2.4487e-04
1606.54 9.5146e-04 9.4121e-01 5.7566e-02 2.7036e-04
1704.67 8.1926e-04 9.4503e-01 5.3912e-02 2.4229e-04
1808.80 1.0473e-03 9.4432e-01 5.4390e-02 2.4646e-04
1919.29 9.2194e-04 9.4100e-01 5.7808e-02 2.6896e-04
2036.53 9.5179e-04 9.4396e-01 5.4841e-02 2.4967e-04
2160.92 9.7388e-04 9.3873e-01 6.0005e-02 2.8733e-04
2292.92 9.1818e-04 9.3347e-01 6.5266e-02 3.4823e-04
2432.98 7.6799e-04 9.2700e-01 7.1811e-02 4.1591e-04
2581.60 8.0301e-04 9.1990e-01 7.8800e-02 5.0218e-04
2739.29 7.3383e-04 9.0932e-01 8.9322e-02 6.2710e-04
2906.62 6.7974e-04 8.9404e-01 1.0444e-01 8.4064e-04
3084.17 5.5235e-04 8.6782e-01 1.3035e-01 1.2729e-03
3272.56 4.6630e-04 8.1827e-01 1.7899e-01 2.2811e-03
3472.46 3.7504e-04 7.3425e-01 2.6132e-01 4.0532e-03
3684.57 2.7661e-04 6.4894e-01 3.4428e-01 6.5042e-03
3909.64 1.9391e-04 5.5915e-01 4.3056e-01 1.0091e-02
4148.46 1.8987e-04 6.0694e-01 3.8369e-01 9.1879e-03
4401.86 2.2682e-04 6.4869e-01 3.4407e-01 7.0142e-03
4670.75 2.1529e-04 6.3036e-01 3.6167e-01 7.7509e-03
4956.05 1.3144e-04 5.0432e-01 4.8298e-01 1.2569e-02
5258.79 4.3114e-05 2.9459e-01 6.7911e-01 2.6259e-02
5580.02 9.0359e-06 1.1060e-01 8.4295e-01 4.6445e-02
5920.87 2.8346e-06 5.8272e-02 8.7436e-01 6.7368e-02
6282.54 1.7346e-06 4.3891e-02 8.7849e-01 7.7615e-02
6666.30 1.4649e-06 4.1526e-02 8.7591e-01 8.2558e-02
7073.50 1.3667e-06 4.1893e-02 8.7964e-01 7.8465e-02
7505.58 1.4988e-06 4.6027e-02 8.7049e-01 8.3484e-02
7964.05 2.1244e-06 5.8385e-02 8.6777e-01 7.3843e-02
8450.53 4.5085e-06 9.1858e-02 8.5052e-01 5.7616e-02
8966.72 1.6745e-05 2.0394e-01 7.5553e-01 4.0512e-02
9514.44 4.0703e-05 3.5376e-01 6.1873e-01 2.7466e-02
10095.62 8.2464e-05 5.2315e-01 4.6248e-01 1.4286e-02
10712.30 1.4425e-04 6.3817e-01 3.5238e-01 9.3028e-03
11366.65 1.7808e-04 7.0245e-01 2.9101e-01 6.3605e-03
12061.10 1.9331e-04 7.3221e-01 2.6205e-01 5.5447e-03
12793.43 2.1798e-04 7.6838e-01 2.2676e-01 4.6364e-03
13528.61 1.3216e-04 7.3989e-01 2.5485e-01 5.1203e-03
14194.74 8.5014e-05 7.2372e-01 2.7065e-01 5.5429e-03
14757.77 6.2626e-05 7.0504e-01 2.8856e-01 6.3349e-03
15240.48 5.4164e-05 5.9748e-01 3.9542e-01 7.0467e-03
15646.99 7.0199e-05 5.7832e-01 4.1665e-01 4.9621e-03
15960.30 9.7327e-05 5.7928e-01 4.1736e-01 3.2579e-03
16187.41 9.0069e-05 5.1252e-01 4.8425e-01 3.1365e-03
16354.17 7.2996e-05 4.0420e-01 5.9215e-01 3.5826e-03
16484.18 7.2326e-05 4.0651e-01 5.8948e-01 3.9379e-03
16593.12 3.8480e-05 3.7179e-01 6.2323e-01 4.9480e-03
16691.99 3.2423e-05 2.7902e-01 7.1493e-01 6.0228e-03
16788.59 2.5036e-05 2.2945e-01 7.6409e-01 6.4365e-03
16888.37 1.5305e-05 2.1260e-01 7.8017e-01 7.2111e-03
16998.79 2.0382e-05 2.0599e-01 7.8580e-01 8.1908e-03
17146.37 2.1875e-05 2.3864e-01 7.5274e-01 8.6027e-03
17415.23 1.1942e-05 1.6081e-01 8.2920e-01 9.9745e-03
17888.12 6.6911e-06 1.0535e-01 8.8113e-01 1.3510e-02
18532.37 4.0667e-06 6.4496e-02 9.1957e-01 1.5933e-02
19260.76 3.2499e-06 6.4859e-02 9.1491e-01 2.0231e-02
20034.10 2.2693e-06 5.2717e-02 9.2221e-01 2.5072e-02
20838.00 3.0768e-06 8.7563e-02 8.8421e-01 2.8226e-02
21647.97 2.4337e-06 5.9105e-02 9.0171e-01 3.9184e-02
22447.94 3.3308e-06 8.9523e-02 8.6702e-01 4.3453e-02
23245.88 1.9138e-06 6.3485e-02 8.7836e-01 5.8148e-02
24052.47 1.8207e-06 7.6080e-02 8.6299e-01 6.0931e-02
24867.72 1.4117e-06 6.9750e-02 8.4519e-01 8.5058e-02
25698.86 7.5784e-07 3.4237e-02 8.6192e-01 1.0384e-01
26587.16 4.4743e-07 2.3971e-02 8.7719e-01 9.8839e-02
27637.54 9.8880e-07 6.5435e-02 8.0970e-01 1.2486e-01
28986.97 7.2557e-07 4.7773e-02 7.4892e-01 2.0330e-01
#TIME: 210.86
#NVEL: 78
#vel_mid[km/s] c0 c1 c2 c3
440.10 7.9361e-04 9.3541e-01 6.3489e-02 3.0957e-04
886.22 1.0180e-03 9.3573e-01 6.2965e-02 2.8898e-04
906.14 2.0485e-03 9.3892e-01 5.8763e-02 2.7000e-04
944.43 2.4282e-03 9.2658e-01 7.0631e-02 3.5885e-04
999.11 9.3010e-04 9.4031e-01 5.8467e-02 2.9038e-04
1060.83 8.1839e-04 9.3335e-01 6.5472e-02 3.6179e-04
1125.62 1.4324e-03 9.4112e-01 5.7173e-02 2.7703e-04
1194.38 1.4606e-03 9.3824e-01 6.0000e-02 2.9636e-04
1267.34 9.0502e-04 9.3535e-01 6.3406e-02 3.4115e-04
1344.75 1.1233e-03 9.3475e-01 6.3840e-02 2.8579e-04
1426.89 1.3595e-03 9.3882e-01 5.9526e-02 2.9617e-04
1514.05 1.1030e-03 9.4239e-01 5.6252e-02 2.5463e-04
1606.54 8.8126e-04 9.4521e-01 5.3669e-02 2.3795e-04
1704.67 9.9174e-04 9.4192e-01 5.6828e-02 2.6111e-04
1808.80 7.9190e-04 9.4423e-01 5.4724e-02 2.5295e-04
1919.29 9.3470e-04 9.4428e-01 5.4543e-02 2.4336e-04
2036.53 9.1480e-04 9.4165e-01 5.7165e-02 2.7000e-04
2160.92 8.9902e-04 9.4168e-01 5.7152e-02 2.6769e-04
2292.92 8.2233e-04 9.3841e-01 6.0469e-02 3.0068e-04
2432.98 8.0016e-04 9.3002e-01 6.8793e-02 3.8231e-04
2581.60 8.2708e-04 9.2171e-01 7.6983e-02 4.7673e-04
2739.29 7.1794e-04 9.1003e-01 8.8627e-02 6.2455e-04
2906.62 6.4808e-04 8.9348e-01 1.0500e-01 8.6823e-04
3084.17 5.1738e-04 8.6949e-01 1.2871e-01 1.2760e-03
3272.56 5.0230e-04 8.2015e-01 1.7714e-01 2.2092e-03
3472.46 4.0690e-04 7.3947e-01 2.5628e-01 3.8464e-03
3684.57 2.7542e-04 6.5489e-01 3.3836e-01 6.4744e-03
3909.64 1.9860e-04 5.7921e-01 4.1124e-01 9.3520e-03
4148.46 1.9935e-04 5.9259e-01 3.9836e-01 8.8525e-03
4401.86 2.3575e-04 6.5421e-01 3.3868e-01 6.8737e-03
4670.75 2.1527e-04 6.1614e-01 3.7575e-01 7.8934e-03
4956.05 1.3109e-04 5.0253e-01 4.8448e-01 1.2856e-02
5258.79 4.5420e-05 2.9878e-01 6.7437e-01 2.6798e-02
5580.02 9.0798e-06 1.1168e-01 8.4075e-01 4.7558e-02
5920.87 2.9645e-06 5.8245e-02 8.7404e-01 6.7710e-02
6282.54 1.7589e-06 4.4684e-02 8.7770e-01 7.7618e-02
6666.30 1.3405e-06 3.8983e-02 8.7751e-01 8.3503e-02
7073.50 1.4317e-06 4.3516e-02 8.7536e-01 8.1122e-02
7505.58 1.6024e-06 4.7444e-02 8.7022e-01 8.2337e-02
7964.05 1.9887e-06 5.5706e-02 8.6717e-01 7.7126e-02
8450.53 4.5551e-06 9.2767e-02 8.4669e-01 6.0541e-02
8966.72 1.6360e-05 2.0739e-01 7.5108e-01 4.1513e-02
9514.44 3.9788e-05 3.4324e-01 6.2919e-01 2.7536e-02
10095.62 9.0837e-05 5.2560e-01 4.5936e-01 1.4947e-02
10712.30 1.4372e-04 6.4115e-01 3.4981e-01 8.8959e-03
11366.65 1.7698e-04 7.0864e-01 2.8490e-01 6.2785e-03
12061.10 1.7854e-04 7.2866e-01 2.6583e-01 5.3225e-03
12793.43 1.7790e-04 7.6451e-01 2.3100e-01 4.3131e-03
13528.61 1.4150e-04 7.5596e-01 2.3897e-01 4.9262e-03
14194.74 1.0172e-04 7.2597e-01 2.6845e-01 5.4829e-03
14757.77 6.5299e-05 6.8581e-01 3.0779e-01 6.3338e-03
15240.48 6.1764e-05 5.9946e-01 3.9358e-01 6.8909e-03
15646.99 7.5705e-05 5.6220e-01 4.3256e-01 5.1641e-03
15960.30 9.5240e-05 5.9968e-01 3.9723e-01 2.9961e-03
16187.41 1.0976e-04 5.3840e-01 4.5863e-01 2.8583e-03
16354.17 8.5914e-05 4.3557e-01 5.6097e-01 3.3764e-03
16484.18 7.9919e-05 4.2401e-01 5.7229e-01 3.6226e-03
16593.12 6.0611e-05 3.7241e-01 6.2270e-01 4.8327e-03
16691.99 4.8327e-05 3.3095e-01 6.6360e-01 5.3967e-03
16788.59 3.0578e-05 2.9344e-01 7.0039e-01 6.1381e-03
16888.37 3.3928e-05 3.5907e-01 6.3464e-01 6.2575e-03
16998.79 2.2305e-05 2.5962e-01 7.3356e-01 6.7977e-03
17146.37 1.8571e-05 2.3838e-01 7.5313e-01 8.4740e-03
17415.23 1.2324e-05 1.6307e-01 8.2712e-01 9.8000e-03
17888.12 7.1493e-06 1.1456e-01 8.7210e-01 1.3333e-02
18532.37 8.2012e-06 1.2729e-01 8.5701e-01 1.5689e-02
19260.76 3.2991e-06 5.7745e-02 9.2358e-01 1.8669e-02
20034.10 3.5052e-06 6.8614e-02 9.0812e-01 2.3258e-02
20838.00 2.1333e-06 4.9154e-02 9.1608e-01 3.4759e-02
21647.97 2.0752e-06 5.2212e-02 9.1499e-01 3.2795e-02
22447.94 2.6737e-06 9.2214e-02 8.6793e-01 3.9858e-02
23245.88 3.2615e-06 9.7899e-02 8.3396e-01 6.8139e-02
24052.47 1.1208e-06 4.3997e-02 8.9956e-01 5.6443e-02
24867.72 2.1996e-06 7.8139e-02 8.5396e-01 6.7900e-02
25698.86 2.0076e-06 8.2453e-02 8.3556e-01 8.1986e-02
26587.16 8.5822e-07 3.3045e-02 8.5993e-01 1.0702e-01
27637.54 4.7267e-07 2.4301e-02 8.5991e-01 1.1579e-01
28986.97 4.8321e-07 3.1633e-02 8.1454e-01 1.5383e-01
#TIME: 213.89
#NVEL: 78
#vel_mid[km/s] c0 c1 c2 c3
440.10 9.5288e-04 9.4039e-01 5.8379e-02 2.7700e-04
886.22 6.3551e-04 9.2144e-01 7.7589e-02 3.3557e-04
906.14 2.7051e-03 9.4311e-01 5.3931e-02 2.5766e-04
944.43 1.3452e-03 9.2886e-01 6.9436e-02 3.6028e-04
999.11 2.8102e-03 9.4040e-01 5.6521e-02 2.6994e-04
1060.83 1.3786e-03 9.3736e-01 6.0968e-02 2.9844e-04
1125.62 6.1539e-03 9.3404e-01 5.9530e-02 2.7586e-04
1194.38 1.0299e-03 9.3518e-01 6.3459e-02 3.2731e-04
1267.34 1.4475e-03 9.3646e-01 6.1777e-02 3.1868e-04
1344.75 1.5017e-03 9.4079e-01 5.7418e-02 2.8750e-04
1426.89 1.2893e-03 9.4240e-01 5.6058e-02 2.5512e-04
1514.05 1.2402e-03 9.4471e-01 5.3805e-02 2.4006e-04
1606.54 1.1411e-03 9.4298e-01 5.5630e-02 2.4933e-04
1704.67 1.1425e-03 9.4239e-01 5.6201e-02 2.6178e-04
1808.80 9.3207e-04 9.4548e-01 5.3359e-02 2.3342e-04
1919.29 9.3020e-04 9.4250e-01 5.6319e-02 2.5484e-04
2036.53 7.5923e-04 9.4203e-01 5.6948e-02 2.6439e-04
2160.92 9.7708e-04 9.4309e-01 5.5676e-02 2.5598e-04
2292.92 9.0679e-04 9.3405e-01 6.4706e-02 3.4125e-04
2432.98 7.5321e-04 9.2990e-01 6.8954e-02 3.9340e-04
2581.60 7.9503e-04 9.2041e-01 7.8304e-02 4.9128e-04
2739.29 6.9705e-04 9.1254e-01 8.6151e-02 6.1063e-04
2906.62 6.2882e-04 8.9418e-01 1.0433e-01 8.5559e-04
3084.17 5.7843e-04 8.6962e-01 1.2854e-01 1.2574e-03
3272.56 5.0579e-04 8.1577e-01 1.8148e-01 2.2381e-03
3472.46 3.7557e-04 7.4214e-01 2.5371e-01 3.7707e-03
3684.57 2.7165e-04 6.4574e-01 3.4727e-01 6.7202e-03
3909.64 1.9385e-04 5.7693e-01 4.1384e-01 9.0331e-03
4148.46 1.9616e-04 5.9778e-01 3.9318e-01 8.8461e-03
4401.86 2.1591e-04 6.3357e-01 3.5841e-01 7.8054e-03
4670.75 1.9997e-04 6.2827e-01 3.6388e-01 7.6530e-03
4956.05 1.1549e-04 5.0208e-01 4.8471e-01 1.3095e-02
5258.79 4.2798e-05 2.9245e-01 6.8049e-01 2.7018e-02
5580.02 8.9575e-06 1.0749e-01 8.4539e-01 4.7115e-02
5920.87 2.8974e-06 5.9223e-02 8.7843e-01 6.2341e-02
6282.54 1.7580e-06 4.3998e-02 8.7729e-01 7.8707e-02
6666.30 1.3446e-06 3.9025e-02 8.7618e-01 8.4796e-02
7073.50 1.4264e-06 4.1617e-02 8.7173e-01 8.6648e-02
7505.58 1.5841e-06 4.7004e-02 8.7215e-01 8.0848e-02
7964.05 2.0097e-06 5.5349e-02 8.6798e-01 7.6672e-02
8450.53 4.2969e-06 8.9675e-02 8.4904e-01 6.1278e-02
8966.72 1.7428e-05 2.1883e-01 7.4063e-01 4.0525e-02
9514.44 4.1854e-05 3.4292e-01 6.2983e-01 2.7208e-02
10095.62 9.5021e-05 5.3804e-01 4.4783e-01 1.4040e-02
10712.30 1.4283e-04 6.5089e-01 3.4011e-01 8.8660e-03
11366.65 1.9178e-04 7.0566e-01 2.8798e-01 6.1750e-03
12061.10 1.9290e-04 7.4954e-01 2.4536e-01 4.9048e-03
12793.43 1.8184e-04 7.5283e-01 2.4214e-01 4.8449e-03
13528.61 1.3647e-04 7.5553e-01 2.3951e-01 4.8197e-03
14194.74 1.0229e-04 7.1755e-01 2.7662e-01 5.7236e-03
14757.77 5.6488e-05 6.1527e-01 3.7688e-01 7.7981e-03
15240.48 5.3797e-05 5.9520e-01 3.9833e-01 6.4197e-03
15646.99 6.8605e-05 5.4718e-01 4.4746e-01 5.2940e-03
15960.30 9.5841e-05 5.1481e-01 4.8156e-01 3.5280e-03
16187.41 1.3104e-04 5.8540e-01 4.1184e-01 2.6230e-03
16354.17 1.0302e-04 5.0150e-01 4.9540e-01 2.9910e-03
16484.18 7.6082e-05 3.9109e-01 6.0498e-01 3.8547e-03
16593.12 6.4047e-05 4.4187e-01 5.5392e-01 4.1394e-03
16691.99 3.9678e-05 2.9188e-01 7.0247e-01 5.6098e-03
16788.59 3.5188e-05 3.0911e-01 6.8470e-01 6.1574e-03
16888.37 2.4092e-05 2.3781e-01 7.5547e-01 6.6963e-03
16998.79 2.7948e-05 2.5344e-01 7.3887e-01 7.6639e-03
17146.37 2.0900e-05 2.1542e-01 7.7700e-01 7.5661e-03
17415.23 1.1915e-05 1.5671e-01 8.3304e-01 1.0237e-02
17888.12 9.4345e-06 1.3936e-01 8.4828e-01 1.2351e-02
18532.37 5.3125e-06 8.7293e-02 8.9726e-01 1.5442e-02
19260.76 2.9705e-06 5.3699e-02 9.2631e-01 1.9987e-02
20034.10 3.9378e-06 6.2665e-02 9.1803e-01 1.9303e-02
20838.00 2.7794e-06 6.3790e-02 9.0788e-01 2.8330e-02
21647.97 2.3687e-06 6.0661e-02 9.0408e-01 3.5254e-02
22447.94 1.6576e-06 4.6597e-02 9.1332e-01 4.0081e-02
23245.88 1.3596e-06 3.7145e-02 9.0586e-01 5.6994e-02
24052.47 4.2356e-06 1.3260e-01 8.1460e-01 5.2795e-02
24867.72 1.3518e-06 4.6646e-02 8.8573e-01 6.7619e-02
25698.86 1.0676e-06 3.8578e-02 8.6866e-01 9.2758e-02
26587.16 1.0773e-06 4.6742e-02 8.4862e-01 1.0463e-01
27637.54 4.9274e-07 2.1575e-02 8.4974e-01 1.2868e-01
28986.97 3.2290e-07 1.4073e-02 8.3982e-01 1.4610e-01
#TIME: 216.97
#NVEL: 78
#vel_mid[km/s] c0 c1 c2 c3
440.10 8.0371e-04 9.4068e-01 5.8221e-02 2.9285e-04
886.22 4.6590e-04 9.4484e-01 5.4440e-02 2.5898e-04
906.14 5.7752e-04 9.4081e-01 5.8324e-02 2.9238e-04
944.43 1.2521e-03 9.3972e-01 5.8760e-02 2.6711e-04
999.11 1.5922e-03 9.3181e-01 6.6263e-02 3.3052e-04
1060.83 8.1195e-04 9.3970e-01 5.9204e-02 2.8566e-04
1125.62 1.6134e-03 9.3679e-01 6.1278e-02 3.1617e-04
1194.38 1.0270e-03 9.3953e-01 5.9160e-02 2.8161e-04
1267.34 1.3423e-03 9.3344e-01 6.4894e-02 3.2227e-04
1344.75 9.3945e-04 9.4003e-01 5.8755e-02 2.7962e-04
1426.89 1.0328e-03 9.4221e-01 5.6506e-02 2.4880e-04
1514.05 1.5007e-03 9.4165e-01 5.6604e-02 2.4460e-04
1606.54 1.0880e-03 9.4723e-01 5.1457e-02 2.2080e-04
1704.67 9.9499e-04 9.4652e-01 5.2258e-02 2.2847e-04
1808.80 8.6589e-04 9.4558e-01 5.3323e-02 2.3312e-04
1919.29 9.4525e-04 9.4444e-01 5.4364e-02 2.4610e-04
2036.53 1.1241e-03 9.4214e-01 5.6471e-02 2.6127e-04
2160.92 8.6790e-04 9.4085e-01 5.8010e-02 2.6737e-04
2292.92 9.8883e-04 9.3824e-01 6.0468e-02 2.9839e-04
2432.98 8.3521e-04 9.3305e-01 6.5750e-02 3.6030e-04
2581.60 7.6833e-04 9.2491e-01 7.3875e-02 4.4652e-04
2739.29 6.9766e-04 9.1202e-01 8.6684e-02 6.0301e-04
2906.62 6.5646e-04 8.9734e-01 1.0117e-01 8.3396e-04
3084.17 5.7830e-04 8.7224e-01 1.2597e-01 1.2111e-03
3272.56 4.9328e-04 8.1705e-01 1.8028e-01 2.1702e-03
3472.46 3.8511e-04 7.3932e-01 2.5638e-01 3.9196e-03
3684.57 2.7888e-04 6.5796e-01 3.3555e-01 6.2101e-03
3909.64 2.0637e-04 5.7854e-01 4.1186e-01 9.3947e-03
4148.46 1.9899e-04 5.9157e-01 3.9941e-01 8.8213e-03
4401.86 2.4153e-04 6.5374e-01 3.3917e-01 6.8457e-03
4670.75 2.1676e-04 6.4259e-01 3.4969e-01 7.5003e-03
4956.05 1.1906e-04 5.1895e-01 4.6787e-01 1.3056e-02
5258.79 3.9946e-05 2.8866e-01 6.8469e-01 2.6614e-02
5580.02 8.7821e-06 1.0704e-01 8.4787e-01 4.5082e-02
5920.87 2.9778e-06 5.6990e-02 8.8034e-01 6.2666e-02
6282.54 1.5946e-06 4.1859e-02 8.7732e-01 8.0815e-02
6666.30 1.2890e-06 3.8796e-02 8.7859e-01 8.2613e-02
7073.50 1.4658e-06 4.2884e-02 8.6977e-01 8.7343e-02
7505.58 1.5993e-06 4.6452e-02 8.7164e-01 8.1902e-02
7964.05 2.0735e-06 5.6477e-02 8.6170e-01 8.1821e-02
8450.53 4.5159e-06 9.2071e-02 8.4268e-01 6.5242e-02
8966.72 1.6424e-05 2.1771e-01 7.4124e-01 4.1031e-02
9514.44 4.4220e-05 3.7820e-01 5.9668e-01 2.5074e-02
10095.62 8.9777e-05 5.2791e-01 4.5668e-01 1.5315e-02
10712.30 1.3134e-04 6.3657e-01 3.5424e-01 9.0646e-03
11366.65 1.8957e-04 7.1259e-01 2.8132e-01 5.8948e-03
12061.10 1.8969e-04 7.4952e-01 2.4546e-01 4.8358e-03
12793.43 1.7460e-04 7.6231e-01 2.3298e-01 4.5337e-03
13528.61 1.5621e-04 7.3825e-01 2.5664e-01 4.9587e-03
14194.74 9.7017e-05 6.9486e-01 2.9941e-01 5.6283e-03
14757.77 7.0690e-05 6.6580e-01 3.2756e-01 6.5717e-03
15240.48 6.4051e-05 6.0739e-01 3.8615e-01 6.3915e-03
15646.99 7.5813e-05 5.7490e-01 4.2009e-01 4.9344e-03
15960.30 8.9352e-05 5.5851e-01 4.3814e-01 3.2565e-03
16187.41 9.7923e-05 5.1441e-01 4.8253e-01 2.9617e-03
16354.17 8.6941e-05 5.2611e-01 4.7101e-01 2.7964e-03
16484.18 6.2538e-05 4.2005e-01 5.7610e-01 3.7824e-03
16593.12 5.4986e-05 4.2597e-01 5.6988e-01 4.0961e-03
16691.99 4.3193e-05 3.6634e-01 6.2825e-01 5.3693e-03
16788.59 3.5737e-05 3.4690e-01 6.4729e-01 5.7688e-03
16888.37 2.3508e-05 2.5883e-01 7.3436e-01 6.7824e-03
16998.79 2.4327e-05 2.7562e-01 7.1685e-01 7.5074e-03
17146.37 2.1949e-05 2.6113e-01 7.3103e-01 7.8155e-03
17415.23 1.5442e-05 2.1626e-01 7.7415e-01 9.5829e-03
17888.12 6.6298e-06 1.0221e-01 8.8523e-01 1.2556e-02
18532.37 5.4985e-06 8.3891e-02 9.0097e-01 1.5138e-02
19260.76 4.8457e-06 9.0180e-02 8.9082e-01 1.9000e-02
20034.10 3.4226e-06 6.4972e-02 9.1168e-01 2.3345e-02
20838.00 2.5527e-06 5.8967e-02 9.1052e-01 3.0513e-02
21647.97 3.0260e-06 6.7464e-02 8.9753e-01 3.5004e-02
22447.94 3.9168e-06 1.1585e-01 8.4072e-01 4.3424e-02
23245.88 2.0707e-06 8.3589e-02 8.5761e-01 5.8798e-02
24052.47 2.3624e-06 8.2475e-02 8.4112e-01 7.6402e-02
24867.72 1.9361e-06 6.8644e-02 8.2679e-01 1.0456e-01
25698.86 7.0741e-07 2.4510e-02 8.7294e-01 1.0255e-01
26587.16 2.3117e-06 7.8905e-02 7.7418e-01 1.4692e-01
27637.54 3.0316e-06 1.3208e-01 7.5027e-01 1.1765e-01
28986.97 4.9389e-07 2.5865e-02 8.0604e-01 1.6809e-01
#TIME: 220.09
#NVEL: 78
#vel_mid[km/s] c0 c1 c2 c3
440.10 1.1403e-03 9.4131e-01 5.7281e-02 2.6505e-04
886.22 3.2915e-04 9.4146e-01 5.7888e-02 3.2241e-04
906.14 1.2381e-03 9.4348e-01 5.5036e-02 2.4791e-04
944.43 1.5044e-03 9.3611e-01 6.2098e-02 2.8365e-04
999.11 7.4268e-04 9.3805e-01 6.0934e-02 2.7233e-04
1060.83 1.0610e-03 9.3463e-01 6.4011e-02 2.9966e-04
1125.62 8.2802e-04 9.3878e-01 6.0120e-02 2.7470e-04
1194.38 8.4843e-04 9.4237e-01 5.6529e-02 2.5608e-04
1267.34 8.1359e-04 9.3972e-01 5.9188e-02 2.7797e-04
1344.75 1.0401e-03 9.3950e-01 5.9180e-02 2.8113e-04
1426.89 1.1365e-03 9.4128e-01 5.7332e-02 2.5641e-04
1514.05 9.1610e-04 9.4302e-01 5.5825e-02 2.4330e-04
1606.54 1.4032e-03 9.4590e-01 5.2470e-02 2.2442e-04
1704.67 9.0083e-04 9.4310e-01 5.5748e-02 2.4656e-04
1808.80 8.6263e-04 9.4560e-01 5.3303e-02 2.3865e-04
1919.29 7.5999e-04 9.4632e-01 5.2692e-02 2.2812e-04
2036.53 8.2680e-04 9.4368e-01 5.5246e-02 2.4970e-04
2160.92 9.1493e-04 9.4047e-01 5.8336e-02 2.7495e-04
2292.92 9.7076e-04 9.3653e-01 6.2188e-02 3.1432e-04
2432.98 7.9894e-04 9.3066e-01 6.8153e-02 3.8308e-04
2581.60 7.7408e-04 9.2229e-01 7.6458e-02 4.7789e-04
2739.29 7.2482e-04 9.1278e-01 8.5890e-02 6.0536e-04
2906.62 6.9696e-04 8.9665e-01 1.0184e-01 8.1462e-04
3084.17 5.5151e-04 8.7192e-01 1.2630e-01 1.2300e-03
3272.56 4.9082e-04 8.1695e-01 1.8035e-01 2.2088e-03
3472.46 3.8856e-04 7.4234e-01 2.5345e-01 3.8285e-03
3684.57 2.5804e-04 6.5336e-01 3.3997e-01 6.4080e-03
3909.64 2.1095e-04 5.7719e-01 4.1287e-01 9.7303e-03
4148.46 2.0300e-04 5.9397e-01 3.9604e-01 9.7837e-03
4401.86 2.3359e-04 6.6192e-01 3.3145e-01 6.3997e-03
4670.75 2.1677e-04 6.4603e-01 3.4694e-01 6.8085e-03
4956.05 1.3141e-04 5.2368e-01 4.6318e-01 1.3003e-02
5258.79 4.0994e-05 2.7731e-01 6.9423e-01 2.8424e-02
5580.02 8.8472e-06 1.0299e-01 8.4991e-01 4.7096e-02
5920.87 3.0477e-06 5.8979e-02 8.7481e-01 6.6209e-02
6282.54 1.6477e-06 4.1713e-02 8.7826e-01 8.0026e-02
6666.30 1.3190e-06 3.9709e-02 8.7911e-01 8.1176e-02
7073.50 1.4091e-06 4.0543e-02 8.7284e-01 8.6616e-02
7505.58 1.6448e-06 4.8583e-02 8.6281e-01 8.8604e-02
7964.05 2.0172e-06 5.4432e-02 8.6595e-01 7.9614e-02
8450.53 4.7182e-06 9.3299e-02 8.4032e-01 6.6374e-02
8966.72 1.6407e-05 2.1298e-01 7.4366e-01 4.3337e-02
9514.44 4.4122e-05 3.8073e-01 5.9367e-01 2.5553e-02
10095.62 8.8274e-05 5.2337e-01 4.6118e-01 1.5360e-02
10712.30 1.3554e-04 6.2580e-01 3.6442e-01 9.6439e-03
11366.65 1.8036e-04 7.0285e-01 2.9095e-01 6.0183e-03
12061.10 1.9113e-04 7.4552e-01 2.4934e-01 4.9433e-03
12793.43 1.7170e-04 7.5114e-01 2.4408e-01 4.6086e-03
13528.61 1.4950e-04 7.6649e-01 2.2890e-01 4.4530e-03
14194.74 9.9916e-05 6.8992e-01 3.0368e-01 6.3022e-03
14757.77 7.0294e-05 6.2745e-01 3.6451e-01 7.9686e-03
15240.48 6.6615e-05 6.3659e-01 3.5730e-01 6.0453e-03
15646.99 8.0809e-05 5.9328e-01 4.0208e-01 4.5593e-03
15960.30 1.2414e-04 5.7908e-01 4.1774e-01 3.0547e-03
16187.41 1.0624e-04 5.1426e-01 4.8268e-01 2.9524e-03
16354.17 9.8497e-05 4.9996e-01 4.9697e-01 2.9685e-03
16484.18 7.3783e-05 3.9626e-01 5.9989e-01 3.7773e-03
16593.12 8.2722e-05 5.8563e-01 4.1116e-01 3.1244e-03
16691.99 7.4020e-05 5.6210e-01 4.3412e-01 3.7034e-03
16788.59 3.2768e-05 2.8478e-01 7.0892e-01 6.2629e-03
16888.37 3.3710e-05 3.5377e-01 6.4019e-01 6.0139e-03
16998.79 2.7551e-05 3.0790e-01 6.8527e-01 6.8043e-03
17146.37 1.5948e-05 1.9559e-01 7.9592e-01 8.4664e-03
17415.23 1.2908e-05 1.6741e-01 8.2321e-01 9.3687e-03
17888.12 8.1233e-06 1.3182e-01 8.5603e-01 1.2140e-02
18532.37 4.4247e-06 8.0358e-02 9.0452e-01 1.5118e-02
19260.76 4.0172e-06 7.1188e-02 9.1094e-01 1.7865e-02
20034.10 3.1835e-06 5.6838e-02 9.2095e-01 2.2205e-02
20838.00 2.3277e-06 5.4609e-02 9.1946e-01 2.5932e-02
21647.97 1.7254e-06 4.1529e-02 9.2314e-01 3.5329e-02
22447.94 3.0599e-06 7.9305e-02 8.6967e-01 5.1024e-02
23245.88 3.2098e-06 1.1154e-01 8.3921e-01 4.9250e-02
24052.47 1.6015e-06 5.8909e-02 8.6123e-01 7.9855e-02
24867.72 2.4501e-06 1.1073e-01 8.2011e-01 6.9153e-02
25698.86 2.1525e-06 8.7800e-02 8.3651e-01 7.5691e-02
26587.16 9.7097e-07 4.3542e-02 8.4911e-01 1.0734e-01
27637.54 1.7086e-06 8.6207e-02 7.9244e-01 1.2135e-01
28986.97 8.8550e-07 3.2978e-02 7.8167e-01 1.8535e-01
#TIME: 223.25
#NVEL: 78
#vel_mid[km/s] c0 c1 c2 c3
440.10 9.7995e-04 9.4151e-01 5.7239e-02 2.7189e-04
886.22 1.5850e-03 9.2285e-01 7.5213e-02 3.4940e-04
906.14 1.0551e-03 9.3255e-01 6.6071e-02 3.2513e-04
944.43 9.8517e-04 9.3739e-01 6.1327e-02 3.0227e-04
999.11 7.2298e-04 9.4319e-01 5.5851e-02 2.3289e-04
1060.83 1.9394e-03 9.3766e-01 6.0110e-02 2.9594e-04
1125.62 8.2155e-04 9.3991e-01 5.8969e-02 3.0353e-04
1194.38 6.3651e-04 9.4234e-01 5.6748e-02 2.7135e-04
1267.34 9.6293e-04 9.3756e-01 6.1156e-02 3.2007e-04
1344.75 1.2137e-03 9.4265e-01 5.5876e-02 2.5848e-04
1426.89 6.5464e-04 9.4347e-01 5.5622e-02 2.4863e-04
1514.05 1.0053e-03 9.4700e-01 5.1763e-02 2.2683e-04
1606.54 1.1019e-03 9.4476e-01 5.3886e-02 2.4928e-04
1704.67 1.0177e-03 9.4609e-01 5.2677e-02 2.1690e-04
1808.80 8.1352e-04 9.4552e-01 5.3428e-02 2.3416e-04
1919.29 9.7179e-04 9.4555e-01 5.3251e-02 2.3057e-04
2036.53 9.1134e-04 9.4669e-01 5.2179e-02 2.2295e-04
2160.92 8.5718e-04 9.4426e-01 5.4642e-02 2.4464e-04
2292.92 9.7145e-04 9.3917e-01 5.9570e-02 2.9006e-04
2432.98 8.0628e-04 9.2981e-01 6.9005e-02 3.7624e-04
2581.60 8.3423e-04 9.2348e-01 7.5217e-02 4.6509e-04
2739.29 6.8910e-04 9.1581e-01 8.2940e-02 5.6461e-04
2906.62 6.7680e-04 8.9797e-01 1.0057e-01 7.8214e-04
3084.17 5.9422e-04 8.7592e-01 1.2234e-01 1.1448e-03
3272.56 4.9540e-04 8.2187e-01 1.7556e-01 2.0710e-03
3472.46 3.6929e-04 7.3987e-01 2.5588e-01 3.8796e-03
3684.57 2.7083e-04 6.5962e-01 3.3377e-01 6.3310e-03
3909.64 2.1213e-04 5.7988e-01 4.1005e-01 9.8585e-03
4148.46 2.0561e-04 5.9840e-01 3.9259e-01 8.8064e-03
4401.86 2.3244e-04 6.6102e-01 3.3187e-01 6.8800e-03
4670.75 2.3553e-04 6.4939e-01 3.4361e-01 6.7697e-03
4956.05 1.2628e-04 5.1746e-01 4.7044e-01 1.1974e-02
5258.79 4.0411e-05 2.8141e-01 6.9155e-01 2.6999e-02
5580.02 9.1154e-06 1.0506e-01 8.4958e-01 4.5356e-02
5920.87 2.7843e-06 5.3765e-02 8.8141e-01 6.4822e-02
6282.54 1.6844e-06 4.4558e-02 8.7631e-01 7.9132e-02
6666.30 1.4191e-06 4.0467e-02 8.7719e-01 8.2340e-02
7073.50 1.3906e-06 4.0374e-02 8.7191e-01 8.7714e-02
7505.58 1.5596e-06 4.6832e-02 8.6442e-01 8.8746e-02
7964.05 1.9670e-06 5.3891e-02 8.6282e-01 8.3287e-02
8450.53 4.6527e-06 9.2531e-02 8.4291e-01 6.4549e-02
8966.72 1.5946e-05 2.1451e-01 7.4094e-01 4.4532e-02
9514.44 4.2031e-05 3.7002e-01 6.0289e-01 2.7050e-02
10095.62 8.4841e-05 5.2186e-01 4.6331e-01 1.4749e-02
10712.30 1.2938e-04 6.3734e-01 3.5353e-01 9.0041e-03
11366.65 1.7644e-04 7.0644e-01 2.8722e-01 6.1633e-03
12061.10 1.7552e-04 7.3695e-01 2.5791e-01 4.9612e-03
12793.43 1.8454e-04 7.5765e-01 2.3750e-01 4.6719e-03
13528.61 1.4505e-04 7.6529e-01 2.3009e-01 4.4744e-03
14194.74 1.0164e-04 6.9196e-01 3.0246e-01 5.4813e-03
14757.77 7.1569e-05 5.8768e-01 4.0457e-01 7.6761e-03
15240.48 7.0040e-05 6.6358e-01 3.3071e-01 5.6389e-03
15646.99 6.5356e-05 5.3447e-01 4.6024e-01 5.2247e-03
15960.30 1.1237e-04 5.6991e-01 4.2697e-01 3.0091e-03
16187.41 1.2661e-04 5.5798e-01 4.3926e-01 2.6385e-03
16354.17 9.0522e-05 4.3978e-01 5.5700e-01 3.1315e-03
16484.18 7.8776e-05 4.5757e-01 5.3895e-01 3.4037e-03
16593.12 6.1608e-05 4.9472e-01 5.0180e-01 3.4150e-03
16691.99 5.2099e-05 4.2965e-01 5.6569e-01 4.6077e-03
16788.59 4.6604e-05 3.8411e-01 6.1040e-01 5.4452e-03
16888.37 3.8634e-05 3.4500e-01 6.4911e-01 5.8552e-03
16998.79 2.7485e-05 2.5332e-01 7.3928e-01 7.3667e-03
17146.37 2.1064e-05 2.0945e-01 7.8224e-01 8.2851e-03
17415.23 1.3797e-05 1.6021e-01 8.2980e-01 9.9736e-03
17888.12 9.4831e-06 1.5283e-01 8.3547e-01 1.1693e-02
18532.37 5.3981e-06 9.5020e-02 8.9055e-01 1.4429e-02
19260.76 4.8231e-06 7.9991e-02 9.0436e-01 1.5640e-02
20034.10 3.0383e-06 7.1569e-02 9.0658e-01 2.1850e-02
20838.00 1.3150e-06 3.3925e-02 9.3875e-01 2.7324e-02
21647.97 2.7165e-06 7.0951e-02 8.9899e-01 3.0052e-02
22447.94 3.5360e-06 8.1168e-02 8.7618e-01 4.2650e-02
23245.88 2.3453e-06 5.9181e-02 8.8222e-01 5.8593e-02
24052.47 4.6301e-06 1.3065e-01 7.7717e-01 9.2169e-02
24867.72 3.0718e-06 1.0364e-01 8.2938e-01 6.6978e-02
25698.86 1.1477e-06 4.3247e-02 8.7321e-01 8.3544e-02
26587.16 5.8387e-06 2.3853e-01 6.8841e-01 7.3055e-02
27637.54 5.3713e-06 3.0504e-01 5.9701e-01 9.7944e-02
28986.97 1.5261e-06 7.0502e-02 7.8226e-01 1.4723e-01
#TIME: 226.46
#NVEL: 78
#vel_mid[km/s] c0 c1 c2 c3
440.10 8.8071e-04 9.4576e-01 5.3124e-02 2.3689e-04
886.22 1.5228e-02 9.3235e-01 5.2183e-02 2.3627e-04
906.14 7.5974e-04 9.4190e-01 5.7034e-02 3.0671e-04
944.43 6.8337e-04 9.4537e-01 5.3701e-02 2.4256e-04
999.11 7.7374e-04 9.4106e-01 5.7895e-02 2.7083e-04
1060.83 1.5365e-03 9.3776e-01 6.0421e-02 2.8660e-04
1125.62 8.3141e-04 9.4446e-01 5.4464e-02 2.4924e-04
1194.38 1.6551e-03 9.3961e-01 5.8473e-02 2.6495e-04
1267.34 1.3584e-03 9.4328e-01 5.5108e-02 2.5282e-04
1344.75 6.8332e-04 9.4108e-01 5.7963e-02 2.7202e-04
1426.89 1.0312e-03 9.4655e-01 5.2180e-02 2.3431e-04
1514.05 8.9124e-04 9.4829e-01 5.0594e-02 2.2048e-04
1606.54 1.0256e-03 9.4750e-01 5.1253e-02 2.2092e-04
1704.67 1.0516e-03 9.4742e-01 5.1316e-02 2.1294e-04
1808.80 1.3146e-03 9.4572e-01 5.2742e-02 2.2072e-04
1919.29 1.2339e-03 9.4730e-01 5.1253e-02 2.1045e-04
2036.53 1.0798e-03 9.4459e-01 5.4086e-02 2.4013e-04
2160.92 1.0111e-03 9.4403e-01 5.4705e-02 2.4992e-04
2292.92 7.5833e-04 9.3803e-01 6.0918e-02 2.9313e-04
2432.98 7.2474e-04 9.3408e-01 6.4849e-02 3.4268e-04
2581.60 7.8683e-04 9.2448e-01 7.4285e-02 4.4633e-04
2739.29 7.5689e-04 9.1475e-01 8.3919e-02 5.7484e-04
2906.62 7.0197e-04 8.9733e-01 1.0116e-01 8.0889e-04
3084.17 5.6907e-04 8.7491e-01 1.2337e-01 1.1525e-03
3272.56 4.8110e-04 8.2280e-01 1.7457e-01 2.1462e-03
3472.46 3.7194e-04 7.4512e-01 2.5067e-01 3.8386e-03
3684.57 2.8400e-04 6.6132e-01 3.3257e-01 5.8335e-03
3909.64 1.9175e-04 5.8166e-01 4.0892e-01 9.2264e-03
4148.46 2.0048e-04 5.9453e-01 3.9629e-01 8.9814e-03
4401.86 2.2934e-04 6.5524e-01 3.3772e-01 6.8110e-03
4670.75 2.5696e-04 6.4716e-01 3.4546e-01 7.1174e-03
4956.05 1.2690e-04 5.0122e-01 4.8554e-01 1.3117e-02
5258.79 3.7086e-05 2.7207e-01 7.0112e-01 2.6775e-02
5580.02 8.5057e-06 1.0446e-01 8.4783e-01 4.7703e-02
5920.87 2.7292e-06 5.4419e-02 8.7781e-01 6.7764e-02
6282.54 1.7839e-06 4.6096e-02 8.7399e-01 7.9908e-02
6666.30 1.4172e-06 4.0445e-02 8.7493e-01 8.4622e-02
7073.50 1.3686e-06 4.1206e-02 8.7345e-01 8.5345e-02
7505.58 1.6324e-06 4.6857e-02 8.6357e-01 8.9574e-02
7964.05 2.0042e-06 5.5306e-02 8.6602e-01 7.8667e-02
8450.53 5.1650e-06 9.8959e-02 8.3945e-01 6.1587e-02
8966.72 1.5718e-05 2.1307e-01 7.4509e-01 4.1820e-02
9514.44 3.8549e-05 3.4942e-01 6.2460e-01 2.5938e-02
10095.62 8.5452e-05 5.1562e-01 4.6861e-01 1.5693e-02
