#NTIMES: 50
#NSTAGES: 5
#TIMES[d]: 199.16 202.03 204.93 207.87 210.86 213.89 216.97 220.09 223.25 226.46 229.71 233.01 236.36 239.76 243.21 246.70 250.25 253.85 257.50 261.20 264.95 268.76 272.62 276.54 280.51 284.55 288.64 292.79 296.99 301.26 305.59 309.99 314.44 318.96 323.55 328.19 332.91 337.70 342.55 347.48 352.47 357.54 362.68 367.89 373.18 378.54 383.98 389.50 395.10 400.78
#
#TIME: 199.16
#NVEL: 78
#vel_mid[km/s] fe0 fe1 fe2 fe3 fe4
440.10 1.5982e-04 4.7939e-01 3.8338e-01 1.1518e-01 2.1899e-02
886.22 3.2106e-04 5.5943e-01 3.1976e-01 1.0189e-01 1.8596e-02
906.14 2.8278e-04 4.8654e-01 3.7715e-01 1.1452e-01 2.1512e-02
944.43 3.7751e-04 4.9834e-01 3.6445e-01 1.1469e-01 2.2135e-02
999.11 2.0535e-04 5.1731e-01 3.5532e-01 1.0722e-01 1.9951e-02
1060.83 2.6568e-04 5.1104e-01 3.5789e-01 1.1018e-01 2.0621e-02
1125.62 2.2626e-04 4.7373e-01 3.8787e-01 1.1600e-01 2.2172e-02
1194.38 1.7266e-04 5.1174e-01 3.5776e-01 1.0977e-01 2.0564e-02
1267.34 1.9701e-04 4.8274e-01 3.7953e-01 1.1551e-01 2.2027e-02
1344.75 2.2929e-04 5.0251e-01 3.7036e-01 1.0717e-01 1.9726e-02
1426.89 2.2618e-04 4.7937e-01 3.8936e-01 1.1047e-01 2.0578e-02
1514.05 2.2873e-04 5.2091e-01 3.5931e-01 1.0133e-01 1.8216e-02
1606.54 2.4176e-04 5.1617e-01 3.6099e-01 1.0376e-01 1.8839e-02
1704.67 1.9770e-04 5.0942e-01 3.6599e-01 1.0518e-01 1.9209e-02
1808.80 1.9022e-04 5.0353e-01 3.7208e-01 1.0508e-01 1.9131e-02
1919.29 1.8442e-04 5.2033e-01 3.5587e-01 1.0450e-01 1.9114e-02
2036.53 2.2346e-04 5.1063e-01 3.6744e-01 1.0303e-01 1.8669e-02
2160.92 1.6043e-04 5.0429e-01 3.6874e-01 1.0708e-01 1.9725e-02
2292.92 1.3779e-04 4.7457e-01 3.8659e-01 1.1646e-01 2.2243e-02
2432.98 1.1122e-04 4.4571e-01 4.0021e-01 1.2839e-01 2.5570e-02
2581.60 1.0488e-04 4.1032e-01 4.1898e-01 1.4118e-01 2.9422e-02
2739.29 8.3834e-05 3.7199e-01 4.4012e-01 1.5449e-01 3.3316e-02
2906.62 5.5959e-05 3.1514e-01 4.6803e-01 1.7654e-01 4.0228e-02
3084.17 3.8050e-05 2.6087e-01 4.9298e-01 1.9862e-01 4.7491e-02
3272.56 2.0129e-05 1.7809e-01 5.3459e-01 2.2989e-01 5.7406e-02
3472.46 1.0311e-05 1.2329e-01 5.4780e-01 2.6022e-01 6.8671e-02
3684.57 4.4533e-06 7.2313e-02 5.5380e-01 2.9256e-01 8.1319e-02
3909.64 1.9297e-06 4.6026e-02 5.3552e-01 3.2159e-01 9.6863e-02
4148.46 1.6862e-06 4.6993e-02 5.1825e-01 3.3053e-01 1.0423e-01
4401.86 1.9392e-06 5.3174e-02 5.2535e-01 3.2121e-01 1.0027e-01
4670.75 1.4836e-06 5.0188e-02 5.2559e-01 3.2328e-01 1.0094e-01
4956.05 5.4090e-07 3.0389e-02 5.0355e-01 3.5104e-01 1.1502e-01
5258.79 1.1616e-07 1.0909e-02 4.7028e-01 3.8618e-01 1.3263e-01
5580.02 2.1108e-08 2.9380e-03 4.2632e-01 4.2230e-01 1.4844e-01
5920.87 7.3126e-09 1.3384e-03 3.8306e-01 4.5073e-01 1.6487e-01
6282.54 4.0993e-09 9.0853e-04 3.5277e-01 4.6622e-01 1.8010e-01
6666.30 3.4866e-09 8.2617e-04 3.3805e-01 4.7408e-01 1.8704e-01
7073.50 3.1555e-09 7.6882e-04 3.3131e-01 4.7606e-01 1.9186e-01
7505.58 3.3406e-09 8.3334e-04 3.2478e-01 4.7245e-01 2.0193e-01
7964.05 4.1110e-09 9.5316e-04 3.2669e-01 4.6591e-01 2.0645e-01
8450.53 9.3139e-09 1.7140e-03 3.5076e-01 4.5102e-01 1.9651e-01
8966.72 3.2865e-08 4.4194e-03 3.7578e-01 4.3116e-01 1.8863e-01
9514.44 1.1124e-07 1.0140e-02 3.9149e-01 4.1465e-01 1.8372e-01
10095.62 2.9695e-07 1.7283e-02 4.0927e-01 3.9985e-01 1.7360e-01
10712.30 7.2901e-07 2.6642e-02 4.2235e-01 3.8703e-01 1.6398e-01
11366.65 1.5438e-06 3.8830e-02 4.2215e-01 3.7819e-01 1.6083e-01
12061.10 2.0413e-06 4.1514e-02 4.1460e-01 3.7931e-01 1.6457e-01
12793.43 2.5646e-06 4.7187e-02 4.0512e-01 3.7942e-01 1.6827e-01
13528.61 2.3983e-06 4.3721e-02 3.9439e-01 3.8557e-01 1.7631e-01
14194.74 1.8314e-06 3.5828e-02 3.7716e-01 3.9603e-01 1.9098e-01
14757.77 1.4391e-06 2.9760e-02 3.7637e-01 4.0338e-01 1.9049e-01
15240.48 1.5682e-06 3.1948e-02 4.0696e-01 3.9351e-01 1.6758e-01
15646.99 2.2177e-06 4.1065e-02 4.9672e-01 3.4772e-01 1.1449e-01
15960.30 3.9662e-06 5.0625e-02 5.8863e-01 2.9081e-01 6.9928e-02
16187.41 4.0911e-06 4.7084e-02 6.1835e-01 2.7607e-01 5.8493e-02
16354.17 4.2444e-06 4.7876e-02 6.3235e-01 2.6504e-01 5.4731e-02
16484.18 2.5486e-06 3.2766e-02 5.8800e-01 3.1601e-01 6.3227e-02
16593.12 1.1812e-06 1.8096e-02 5.7732e-01 3.3390e-01 7.0683e-02
16691.99 7.5444e-07 1.5261e-02 5.4290e-01 3.6082e-01 8.1016e-02
16788.59 1.0468e-06 2.4213e-02 5.4732e-01 3.4247e-01 8.5997e-02
16888.37 6.3182e-07 1.6683e-02 5.0808e-01 3.8082e-01 9.4422e-02
16998.79 4.6467e-07 1.2837e-02 5.3660e-01 3.5485e-01 9.5704e-02
17146.37 1.7690e-07 6.3946e-03 4.4683e-01 4.3887e-01 1.0790e-01
17415.23 9.5733e-08 4.6533e-03 3.9368e-01 4.7478e-01 1.2689e-01
17888.12 3.4608e-08 2.5643e-03 3.2833e-01 5.2800e-01 1.4110e-01
18532.37 2.3017e-08 1.9591e-03 2.7944e-01 5.3909e-01 1.7950e-01
19260.76 2.1015e-08 1.7932e-03 2.7350e-01 5.1553e-01 2.0918e-01
20034.10 2.2078e-08 1.6144e-03 2.4428e-01 5.1669e-01 2.3742e-01
20838.00 6.8396e-09 5.1218e-04 1.9005e-01 5.2037e-01 2.8906e-01
21647.97 9.4281e-09 6.4023e-04 1.8342e-01 4.8175e-01 3.3419e-01
22447.94 3.3382e-08 2.1376e-03 1.7492e-01 4.4729e-01 3.7565e-01
23245.88 8.1506e-09 5.9933e-04 1.0215e-01 4.4526e-01 4.5199e-01
24052.47 9.7690e-09 9.1137e-04 1.1696e-01 3.9600e-01 4.8613e-01
24867.72 2.3832e-09 2.8007e-04 6.2098e-02 3.9498e-01 5.4265e-01
25698.86 1.9464e-09 2.8595e-04 5.3079e-02 3.6998e-01 5.7665e-01
26587.16 1.2112e-09 1.9303e-04 5.3700e-02 3.2156e-01 6.2455e-01
27637.54 1.0965e-09 1.6527e-04 4.1767e-02 2.7959e-01 6.7848e-01
28986.97 2.1100e-09 2.4289e-04 2.9796e-02 2.2902e-01 7.4094e-01
#TIME: 202.03
#NVEL: 78
#vel_mid[km/s] fe0 fe1 fe2 fe3 fe4
440.10 1.6337e-04 4.8186e-01 3.8235e-01 1.1413e-01 2.1493e-02
886.22 3.5992e-04 3.9435e-01 4.6899e-01 1.1534e-01 2.0961e-02
906.14 1.1141e-03 5.1668e-01 3.5274e-01 1.0903e-01 2.0439e-02
944.43 4.7828e-04 5.0862e-01 3.6237e-01 1.0834e-01 2.0198e-02
999.11 1.9787e-04 5.1087e-01 3.5478e-01 1.1270e-01 2.1447e-02
1060.83 3.1677e-04 4.8228e-01 3.8719e-01 1.0985e-01 2.0361e-02
1125.62 2.7476e-04 4.6157e-01 3.9855e-01 1.1735e-01 2.2247e-02
1194.38 2.7542e-04 5.2950e-01 3.4224e-01 1.0794e-01 2.0052e-02
1267.34 2.3176e-04 4.8182e-01 3.8492e-01 1.1200e-01 2.1029e-02
1344.75 2.1463e-04 4.8192e-01 3.8376e-01 1.1283e-01 2.1279e-02
1426.89 3.3190e-04 5.1361e-01 3.6280e-01 1.0433e-01 1.8931e-02
1514.05 2.6397e-04 5.1411e-01 3.6197e-01 1.0456e-01 1.9099e-02
1606.54 2.6596e-04 5.3343e-01 3.4943e-01 9.9199e-02 1.7675e-02
1704.67 2.3723e-04 5.3920e-01 3.4456e-01 9.8523e-02 1.7486e-02
1808.80 1.8510e-04 5.2048e-01 3.6266e-01 9.9080e-02 1.7598e-02
1919.29 2.1143e-04 5.3255e-01 3.5049e-01 9.9068e-02 1.7689e-02
2036.53 1.7986e-04 5.0848e-01 3.6631e-01 1.0565e-01 1.9379e-02
2160.92 1.7071e-04 5.0048e-01 3.6887e-01 1.0995e-01 2.0524e-02
2292.92 1.3674e-04 4.7172e-01 3.8441e-01 1.2035e-01 2.3385e-02
2432.98 1.1353e-04 4.3676e-01 4.0371e-01 1.3253e-01 2.6887e-02
2581.60 9.3950e-05 4.0215e-01 4.2156e-01 1.4547e-01 3.0730e-02
2739.29 7.6678e-05 3.6690e-01 4.3922e-01 1.5899e-01 3.4805e-02
2906.62 5.9525e-05 3.1763e-01 4.6620e-01 1.7596e-01 4.0149e-02
3084.17 4.2941e-05 2.5649e-01 4.9738e-01 1.9871e-01 4.7379e-02
3272.56 2.2039e-05 1.7701e-01 5.3537e-01 2.3014e-01 5.7455e-02
3472.46 1.1262e-05 1.2397e-01 5.4687e-01 2.6074e-01 6.8413e-02
3684.57 4.7562e-06 7.5923e-02 5.5085e-01 2.9200e-01 8.1218e-02
3909.64 2.1080e-06 4.7017e-02 5.3348e-01 3.2229e-01 9.7205e-02
4148.46 1.7129e-06 4.5344e-02 5.2030e-01 3.3049e-01 1.0386e-01
4401.86 2.0710e-06 5.5095e-02 5.2558e-01 3.1951e-01 9.9820e-02
4670.75 1.5034e-06 4.9539e-02 5.2590e-01 3.2367e-01 1.0089e-01
4956.05 5.7179e-07 3.0362e-02 5.0438e-01 3.5039e-01 1.1487e-01
5258.79 1.2650e-07 1.1406e-02 4.6950e-01 3.8590e-01 1.3319e-01
5580.02 2.3316e-08 3.1570e-03 4.2950e-01 4.1936e-01 1.4798e-01
5920.87 7.7301e-09 1.3829e-03 3.8338e-01 4.5036e-01 1.6488e-01
6282.54 4.3406e-09 9.2852e-04 3.5306e-01 4.6615e-01 1.7986e-01
6666.30 3.4165e-09 7.9729e-04 3.4133e-01 4.7102e-01 1.8685e-01
7073.50 3.2199e-09 7.6720e-04 3.3497e-01 4.7241e-01 1.9185e-01
7505.58 3.2479e-09 7.8736e-04 3.2123e-01 4.7472e-01 2.0327e-01
7964.05 4.2545e-09 9.6822e-04 3.2853e-01 4.6447e-01 2.0603e-01
8450.53 9.3158e-09 1.6987e-03 3.5157e-01 4.4874e-01 1.9799e-01
8966.72 3.1897e-08 4.2149e-03 3.7448e-01 4.3230e-01 1.8901e-01
9514.44 1.0290e-07 9.1873e-03 3.9148e-01 4.1601e-01 1.8332e-01
10095.62 3.2131e-07 1.8121e-02 4.0859e-01 3.9873e-01 1.7456e-01
10712.30 7.6883e-07 2.7708e-02 4.2163e-01 3.8711e-01 1.6355e-01
11366.65 1.5548e-06 3.8981e-02 4.2761e-01 3.7538e-01 1.5803e-01
12061.10 2.1395e-06 4.3477e-02 4.1531e-01 3.7761e-01 1.6360e-01
12793.43 2.6669e-06 4.7059e-02 4.0281e-01 3.8029e-01 1.6984e-01
13528.61 2.3915e-06 4.1357e-02 3.9969e-01 3.8541e-01 1.7354e-01
14194.74 2.0277e-06 3.9453e-02 3.8254e-01 3.9254e-01 1.8547e-01
14757.77 1.2440e-06 2.6954e-02 3.7388e-01 4.0699e-01 1.9218e-01
15240.48 1.6253e-06 3.2858e-02 4.1112e-01 3.8908e-01 1.6693e-01
15646.99 2.2201e-06 3.5752e-02 5.0044e-01 3.5063e-01 1.1317e-01
15960.30 3.3061e-06 4.2173e-02 5.9521e-01 2.9223e-01 7.0387e-02
16187.41 3.9261e-06 4.7077e-02 6.1623e-01 2.7913e-01 5.7559e-02
16354.17 3.3094e-06 4.1035e-02 6.1708e-01 2.8599e-01 5.5885e-02
16484.18 2.2078e-06 3.6199e-02 6.1122e-01 2.9247e-01 6.0110e-02
16593.12 1.0309e-06 1.9001e-02 5.7928e-01 3.3286e-01 6.8861e-02
16691.99 1.0250e-06 2.3180e-02 5.3783e-01 3.5877e-01 8.0218e-02
16788.59 5.6669e-07 1.4273e-02 5.4595e-01 3.6186e-01 7.7914e-02
16888.37 7.6063e-07 2.0750e-02 4.9641e-01 3.8909e-01 9.3752e-02
16998.79 4.1778e-07 1.2547e-02 4.5174e-01 4.3529e-01 1.0043e-01
17146.37 1.8965e-07 7.1636e-03 4.2657e-01 4.5327e-01 1.1299e-01
17415.23 1.3124e-07 5.8153e-03 4.2708e-01 4.4725e-01 1.1986e-01
17888.12 4.1794e-08 2.5959e-03 3.3581e-01 5.0761e-01 1.5398e-01
18532.37 2.4482e-08 1.9383e-03 2.9075e-01 5.2985e-01 1.7746e-01
19260.76 2.3675e-08 1.7806e-03 2.8119e-01 5.1442e-01 2.0260e-01
20034.10 1.1595e-08 9.5850e-04 2.2209e-01 5.2228e-01 2.5467e-01
20838.00 6.8719e-09 5.1382e-04 1.6648e-01 5.3954e-01 2.9347e-01
21647.97 8.1142e-09 5.6988e-04 1.8002e-01 5.1465e-01 3.0475e-01
22447.94 8.9874e-09 6.1770e-04 1.5338e-01 4.8268e-01 3.6332e-01
23245.88 6.2137e-09 4.8948e-04 1.1400e-01 4.5050e-01 4.3501e-01
24052.47 8.2985e-09 7.2720e-04 8.8737e-02 4.3309e-01 4.7744e-01
24867.72 3.0198e-09 3.2448e-04 5.5421e-02 4.1755e-01 5.2670e-01
25698.86 1.2435e-09 1.7003e-04 4.4470e-02 3.6399e-01 5.9137e-01
26587.16 1.7841e-09 3.0019e-04 5.4024e-02 3.2993e-01 6.1575e-01
27637.54 2.7438e-09 3.6881e-04 4.0286e-02 3.0705e-01 6.5230e-01
28986.97 4.2322e-09 4.5134e-04 3.3185e-02 2.4467e-01 7.2169e-01
#TIME: 204.93
#NVEL: 78
#vel_mid[km/s] fe0 fe1 fe2 fe3 fe4
440.10 1.4893e-04 4.5930e-01 4.0487e-01 1.1417e-01 2.1507e-02
886.22 1.6815e-04 4.6564e-01 4.0516e-01 1.0881e-01 2.0219e-02
906.14 5.0194e-04 5.6348e-01 3.1592e-01 1.0156e-01 1.8534e-02
944.43 2.3224e-04 4.8447e-01 3.8132e-01 1.1287e-01 2.1118e-02
999.11 2.7246e-04 5.0544e-01 3.6174e-01 1.1154e-01 2.1007e-02
1060.83 2.4531e-04 4.8131e-01 3.8206e-01 1.1465e-01 2.1735e-02
1125.62 2.1708e-04 4.8279e-01 3.8573e-01 1.1067e-01 2.0595e-02
1194.38 3.1865e-04 5.0779e-01 3.6985e-01 1.0337e-01 1.8666e-02
1267.34 3.0832e-04 5.1204e-01 3.5804e-01 1.0924e-01 2.0369e-02
1344.75 2.2140e-04 4.7624e-01 3.8990e-01 1.1248e-01 2.1147e-02
1426.89 2.1842e-04 5.1107e-01 3.6210e-01 1.0689e-01 1.9721e-02
1514.05 2.2122e-04 5.2619e-01 3.5642e-01 9.9435e-02 1.7738e-02
1606.54 2.6473e-04 5.2570e-01 3.5430e-01 1.0144e-01 1.8296e-02
1704.67 2.3784e-04 5.2507e-01 3.5433e-01 1.0193e-01 1.8419e-02
1808.80 1.9978e-04 5.3557e-01 3.4936e-01 9.7538e-02 1.7329e-02
1919.29 2.1194e-04 5.2652e-01 3.5230e-01 1.0243e-01 1.8536e-02
2036.53 1.9041e-04 5.2985e-01 3.5194e-01 1.0008e-01 1.7935e-02
2160.92 1.7881e-04 5.0667e-01 3.6846e-01 1.0540e-01 1.9294e-02
2292.92 1.5923e-04 4.8265e-01 3.8081e-01 1.1460e-01 2.1778e-02
2432.98 1.2346e-04 4.4875e-01 3.9936e-01 1.2663e-01 2.5141e-02
2581.60 1.0617e-04 4.1240e-01 4.1854e-01 1.3997e-01 2.8977e-02
2739.29 8.2587e-05 3.6046e-01 4.4541e-01 1.5920e-01 3.4854e-02
2906.62 6.1214e-05 3.2019e-01 4.6446e-01 1.7534e-01 3.9942e-02
3084.17 4.2882e-05 2.5280e-01 5.0071e-01 1.9920e-01 4.7245e-02
3272.56 2.1774e-05 1.8029e-01 5.3263e-01 2.2977e-01 5.7288e-02
3472.46 1.1383e-05 1.2000e-01 5.5141e-01 2.6049e-01 6.8084e-02
3684.57 4.9518e-06 7.6994e-02 5.5003e-01 2.9212e-01 8.0851e-02
3909.64 2.1527e-06 4.6518e-02 5.3588e-01 3.2133e-01 9.6267e-02
4148.46 1.8399e-06 4.5595e-02 5.1978e-01 3.3115e-01 1.0348e-01
4401.86 2.1964e-06 5.7009e-02 5.2444e-01 3.1905e-01 9.9497e-02
4670.75 1.6008e-06 5.0550e-02 5.2463e-01 3.2353e-01 1.0128e-01
4956.05 5.8478e-07 3.0001e-02 5.0560e-01 3.4963e-01 1.1477e-01
5258.79 1.2789e-07 1.1046e-02 4.6778e-01 3.8854e-01 1.3263e-01
5580.02 2.4261e-08 3.1732e-03 4.2795e-01 4.2045e-01 1.4842e-01
5920.87 8.3077e-09 1.4267e-03 3.8585e-01 4.4802e-01 1.6471e-01
6282.54 4.4405e-09 9.2378e-04 3.5603e-01 4.6307e-01 1.7998e-01
6666.30 3.4932e-09 7.8119e-04 3.4277e-01 4.6918e-01 1.8727e-01
7073.50 3.4353e-09 7.8619e-04 3.3559e-01 4.7164e-01 1.9198e-01
7505.58 3.3961e-09 7.9531e-04 3.2199e-01 4.7419e-01 2.0302e-01
7964.05 4.4882e-09 9.7921e-04 3.2753e-01 4.6451e-01 2.0698e-01
8450.53 9.5831e-09 1.6949e-03 3.4888e-01 4.5128e-01 1.9815e-01
8966.72 3.3058e-08 4.2565e-03 3.7499e-01 4.3126e-01 1.8950e-01
9514.44 1.0365e-07 8.9748e-03 3.8921e-01 4.1735e-01 1.8447e-01
10095.62 3.2109e-07 1.7495e-02 4.0857e-01 4.0058e-01 1.7336e-01
10712.30 7.2507e-07 2.5770e-02 4.2339e-01 3.8697e-01 1.6387e-01
11366.65 1.5451e-06 3.7927e-02 4.2562e-01 3.7763e-01 1.5882e-01
12061.10 2.2320e-06 4.4048e-02 4.1405e-01 3.7784e-01 1.6406e-01
12793.43 2.4687e-06 4.7042e-02 4.0452e-01 3.8097e-01 1.6746e-01
13528.61 2.6939e-06 4.7709e-02 3.9605e-01 3.8241e-01 1.7383e-01
14194.74 1.8758e-06 3.4996e-02 3.8538e-01 3.9336e-01 1.8626e-01
14757.77 1.4057e-06 3.0013e-02 3.7762e-01 3.9929e-01 1.9308e-01
15240.48 1.4816e-06 3.0676e-02 4.1790e-01 3.8973e-01 1.6169e-01
15646.99 3.1213e-06 5.2998e-02 4.9994e-01 3.3576e-01 1.1129e-01
15960.30 4.6585e-06 5.1933e-02 5.8820e-01 2.8974e-01 7.0127e-02
16187.41 3.4771e-06 4.0261e-02 6.2384e-01 2.7821e-01 5.7681e-02
16354.17 3.3494e-06 4.3141e-02 6.3244e-01 2.6994e-01 5.4477e-02
16484.18 2.0561e-06 3.0256e-02 5.9531e-01 3.1209e-01 6.2349e-02
16593.12 1.5282e-06 2.2816e-02 5.6877e-01 3.3675e-01 7.1670e-02
16691.99 1.3142e-06 2.5545e-02 5.3157e-01 3.6217e-01 8.0716e-02
16788.59 7.0909e-07 1.6896e-02 4.8671e-01 4.0858e-01 8.7820e-02
16888.37 3.5208e-07 9.7109e-03 4.6213e-01 4.3297e-01 9.5193e-02
16998.79 2.7024e-07 8.5596e-03 4.4625e-01 4.4293e-01 1.0226e-01
17146.37 2.1208e-07 8.7888e-03 4.4396e-01 4.3831e-01 1.0894e-01
17415.23 1.3631e-07 6.8686e-03 4.1994e-01 4.5123e-01 1.2197e-01
17888.12 4.3223e-08 2.9258e-03 3.1820e-01 5.2557e-01 1.5331e-01
18532.37 2.7874e-08 2.5052e-03 3.1292e-01 5.0930e-01 1.7527e-01
19260.76 1.6762e-08 1.4192e-03 2.4728e-01 5.4477e-01 2.0653e-01
20034.10 1.0568e-08 7.9832e-04 2.0207e-01 5.4242e-01 2.5471e-01
20838.00 1.2379e-08 8.3248e-04 2.1398e-01 4.9955e-01 2.8564e-01
21647.97 1.1760e-08 7.4198e-04 2.3233e-01 4.6823e-01 2.9870e-01
22447.94 9.9579e-09 6.5710e-04 1.9354e-01 4.6534e-01 3.4046e-01
23245.88 1.1879e-08 8.7977e-04 1.5938e-01 4.5214e-01 3.8759e-01
24052.47 5.6811e-09 5.9045e-04 1.0004e-01 4.3015e-01 4.6922e-01
24867.72 7.3159e-09 9.9375e-04 7.8110e-02 3.8102e-01 5.3987e-01
25698.86 2.2392e-09 3.2354e-04 5.3283e-02 3.9300e-01 5.5340e-01
26587.16 3.1973e-09 5.3242e-04 4.9860e-02 3.3403e-01 6.1558e-01
27637.54 1.0331e-08 1.5536e-03 4.1986e-02 2.8163e-01 6.7483e-01
28986.97 7.0505e-09 7.1894e-04 2.9109e-02 2.2870e-01 7.4147e-01
#TIME: 207.87
#NVEL: 78
#vel_mid[km/s] fe0 fe1 fe2 fe3 fe4
440.10 1.5689e-04 4.8474e-01 3.8786e-01 1.0749e-01 1.9757e-02
886.22 1.6509e-04 5.0997e-01 3.6121e-01 1.0864e-01 2.0024e-02
906.14 2.9511e-04 5.1629e-01 3.5917e-01 1.0515e-01 1.9093e-02
944.43 2.4305e-04 4.5878e-01 4.0533e-01 1.1418e-01 2.1466e-02
999.11 2.5062e-04 5.0666e-01 3.6479e-01 1.0824e-01 2.0062e-02
1060.83 3.1728e-04 4.9392e-01 3.7740e-01 1.0828e-01 2.0076e-02
1125.62 3.4189e-04 5.1703e-01 3.5488e-01 1.0786e-01 1.9891e-02
1194.38 2.5173e-04 4.8473e-01 3.8002e-01 1.1364e-01 2.1362e-02
1267.34 2.6506e-04 5.2402e-01 3.4913e-01 1.0679e-01 1.9795e-02
1344.75 3.1990e-04 5.2696e-01 3.5272e-01 1.0167e-01 1.8326e-02
1426.89 2.2461e-04 5.2056e-01 3.5904e-01 1.0186e-01 1.8325e-02
1514.05 2.1763e-04 5.4383e-01 3.4130e-01 9.7358e-02 1.7296e-02
1606.54 2.4455e-04 5.1122e-01 3.6778e-01 1.0234e-01 1.8417e-02
1704.67 2.7773e-04 5.3424e-01 3.5075e-01 9.7487e-02 1.7238e-02
1808.80 2.0434e-04 5.3544e-01 3.4606e-01 1.0027e-01 1.8028e-02
1919.29 2.3068e-04 5.2384e-01 3.5603e-01 1.0159e-01 1.8314e-02
2036.53 1.6976e-04 5.3779e-01 3.4543e-01 9.8954e-02 1.7649e-02
2160.92 1.8881e-04 5.0451e-01 3.6619e-01 1.0883e-01 2.0286e-02
2292.92 1.6024e-04 4.7430e-01 3.8319e-01 1.1922e-01 2.3128e-02
2432.98 1.2106e-04 4.3979e-01 4.0244e-01 1.3117e-01 2.6474e-02
2581.60 9.6774e-05 4.0282e-01 4.2238e-01 1.4435e-01 3.0356e-02
2739.29 7.6703e-05 3.5759e-01 4.4862e-01 1.5901e-01 3.4703e-02
2906.62 6.1051e-05 3.1624e-01 4.6883e-01 1.7512e-01 3.9751e-02
3084.17 3.9336e-05 2.5719e-01 4.9700e-01 1.9863e-01 4.7150e-02
3272.56 2.3831e-05 1.8452e-01 5.2946e-01 2.2871e-01 5.7276e-02
3472.46 1.0812e-05 1.1855e-01 5.5359e-01 2.5974e-01 6.8112e-02
3684.57 5.0775e-06 7.5513e-02 5.5189e-01 2.9167e-01 8.0928e-02
3909.64 2.2683e-06 4.6819e-02 5.3468e-01 3.2195e-01 9.6552e-02
4148.46 1.9475e-06 4.6117e-02 5.1995e-01 3.2987e-01 1.0406e-01
4401.86 2.3399e-06 5.6643e-02 5.2523e-01 3.1924e-01 9.8875e-02
4670.75 1.7544e-06 5.0851e-02 5.2519e-01 3.2306e-01 1.0089e-01
4956.05 6.2593e-07 2.9754e-02 5.0738e-01 3.4828e-01 1.1458e-01
5258.79 1.3685e-07 1.1349e-02 4.7119e-01 3.8476e-01 1.3270e-01
5580.02 2.5683e-08 3.2467e-03 4.2756e-01 4.2112e-01 1.4808e-01
5920.87 8.1951e-09 1.3848e-03 3.8268e-01 4.5120e-01 1.6473e-01
6282.54 4.7374e-09 9.5449e-04 3.5249e-01 4.6640e-01 1.8016e-01
6666.30 3.5065e-09 7.6047e-04 3.3878e-01 4.7283e-01 1.8763e-01
7073.50 3.4407e-09 7.6941e-04 3.3544e-01 4.7115e-01 1.9264e-01
7505.58 3.5217e-09 7.9080e-04 3.2282e-01 4.7272e-01 2.0367e-01
7964.05 4.6431e-09 9.7883e-04 3.2646e-01 4.6540e-01 2.0716e-01
8450.53 9.4646e-09 1.6308e-03 3.4769e-01 4.5209e-01 1.9859e-01
8966.72 3.3818e-08 4.2361e-03 3.7396e-01 4.3193e-01 1.8987e-01
9514.44 1.0375e-07 8.8267e-03 3.9053e-01 4.1721e-01 1.8343e-01
10095.62 3.2610e-07 1.7718e-02 4.0709e-01 4.0017e-01 1.7502e-01
10712.30 7.4544e-07 2.6448e-02 4.2044e-01 3.8799e-01 1.6512e-01
11366.65 1.5058e-06 3.5626e-02 4.2683e-01 3.7809e-01 1.5945e-01
12061.10 2.2026e-06 4.3426e-02 4.1577e-01 3.7764e-01 1.6316e-01
12793.43 2.1877e-06 4.0380e-02 4.1173e-01 3.8003e-01 1.6786e-01
13528.61 2.8108e-06 4.9327e-02 3.9364e-01 3.8389e-01 1.7314e-01
14194.74 2.2931e-06 4.4747e-02 3.7621e-01 3.9213e-01 1.8691e-01
14757.77 1.1649e-06 2.6094e-02 3.8227e-01 4.0007e-01 1.9156e-01
15240.48 1.6467e-06 3.6089e-02 4.0916e-01 3.8929e-01 1.6546e-01
15646.99 2.0016e-06 3.2764e-02 5.2054e-01 3.3847e-01 1.0822e-01
15960.30 4.5921e-06 5.3567e-02 5.9768e-01 2.7969e-01 6.9062e-02
16187.41 4.6850e-06 5.1056e-02 6.2128e-01 2.7099e-01 5.6665e-02
16354.17 3.1751e-06 3.6208e-02 6.2693e-01 2.8237e-01 5.4484e-02
16484.18 2.6964e-06 3.5313e-02 5.9444e-01 3.0949e-01 6.0760e-02
16593.12 1.5267e-06 3.0109e-02 5.7195e-01 3.2688e-01 7.1062e-02
16691.99 7.5279e-07 1.7314e-02 5.3622e-01 3.6589e-01 8.0574e-02
16788.59 5.4081e-07 1.3392e-02 4.8258e-01 4.1783e-01 8.6195e-02
16888.37 4.7024e-07 1.5287e-02 4.6780e-01 4.2293e-01 9.3982e-02
16998.79 3.3621e-07 1.0918e-02 4.7283e-01 4.1362e-01 1.0263e-01
17146.37 2.2122e-07 9.4768e-03 4.6539e-01 4.1743e-01 1.0770e-01
17415.23 1.4808e-07 7.7751e-03 4.2207e-01 4.5073e-01 1.1942e-01
17888.12 4.5265e-08 3.3197e-03 3.1616e-01 5.2565e-01 1.5487e-01
18532.37 2.0740e-08 1.9684e-03 2.7963e-01 5.4034e-01 1.7807e-01
19260.76 1.9656e-08 1.4377e-03 2.5865e-01 5.3439e-01 2.0552e-01
20034.10 1.3162e-08 1.0903e-03 2.2960e-01 5.2167e-01 2.4764e-01
20838.00 2.0122e-08 1.3367e-03 2.2801e-01 4.8979e-01 2.8087e-01
21647.97 1.5481e-08 8.6206e-04 2.0509e-01 4.8004e-01 3.1401e-01
22447.94 1.1497e-08 7.3435e-04 1.5187e-01 4.6782e-01 3.7957e-01
23245.88 9.0015e-09 6.7126e-04 1.2147e-01 4.3675e-01 4.4111e-01
24052.47 6.8315e-09 6.3411e-04 1.2127e-01 4.0125e-01 4.7684e-01
24867.72 8.0312e-09 9.4820e-04 9.0479e-02 3.6550e-01 5.4307e-01
25698.86 2.3879e-09 3.7059e-04 5.9570e-02 3.5978e-01 5.8028e-01
26587.16 1.1341e-09 1.8489e-04 5.0955e-02 3.4886e-01 6.0000e-01
27637.54 1.9359e-09 2.7973e-04 4.1906e-02 2.8793e-01 6.6989e-01
28986.97 1.2922e-09 1.2638e-04 2.2093e-02 2.1994e-01 7.5784e-01
#TIME: 210.86
#NVEL: 78
#vel_mid[km/s] fe0 fe1 fe2 fe3 fe4
440.10 2.1695e-04 4.8563e-01 3.8359e-01 1.1010e-01 2.0467e-02
886.22 2.2949e-04 5.1978e-01 3.6330e-01 9.9192e-02 1.7495e-02
906.14 6.0821e-04 5.8458e-01 3.0054e-01 9.6965e-02 1.7309e-02
944.43 1.9470e-04 4.6740e-01 3.9808e-01 1.1323e-01 2.1097e-02
999.11 2.7834e-04 5.2942e-01 3.4681e-01 1.0433e-01 1.9151e-02
1060.83 3.2997e-04 4.9546e-01 3.7169e-01 1.1164e-01 2.0876e-02
1125.62 4.2890e-04 5.3147e-01 3.4408e-01 1.0479e-01 1.9227e-02
1194.38 2.6770e-04 4.9631e-01 3.7419e-01 1.0903e-01 2.0196e-02
1267.34 2.3639e-04 5.1491e-01 3.5380e-01 1.1039e-01 2.0669e-02
1344.75 3.5179e-04 5.0229e-01 3.7504e-01 1.0352e-01 1.8797e-02
1426.89 3.9434e-04 5.0566e-01 3.6976e-01 1.0499e-01 1.9194e-02
1514.05 2.8223e-04 5.3010e-01 3.5128e-01 1.0037e-01 1.7972e-02
1606.54 2.0020e-04 5.3437e-01 3.5207e-01 9.6391e-02 1.6964e-02
1704.67 2.1414e-04 5.3193e-01 3.5028e-01 9.9713e-02 1.7859e-02
1808.80 2.4211e-04 5.3005e-01 3.5176e-01 9.9992e-02 1.7955e-02
1919.29 2.4129e-04 5.4590e-01 3.4083e-01 9.6089e-02 1.6938e-02
2036.53 2.3852e-04 5.3507e-01 3.4414e-01 1.0207e-01 1.8485e-02
2160.92 2.0876e-04 5.1730e-01 3.6071e-01 1.0306e-01 1.8721e-02
2292.92 1.6598e-04 4.9277e-01 3.7358e-01 1.1229e-01 2.1201e-02
2432.98 1.3157e-04 4.5531e-01 3.9486e-01 1.2503e-01 2.4666e-02
2581.60 1.0568e-04 4.2289e-01 4.1076e-01 1.3783e-01 2.8412e-02
2739.29 7.3238e-05 3.5923e-01 4.4734e-01 1.5871e-01 3.4644e-02
2906.62 6.4538e-05 3.2145e-01 4.6447e-01 1.7445e-01 3.9571e-02
3084.17 4.3088e-05 2.6268e-01 4.9239e-01 1.9794e-01 4.6947e-02
3272.56 2.3549e-05 1.8240e-01 5.3196e-01 2.2843e-01 5.7185e-02
3472.46 1.2445e-05 1.1960e-01 5.5292e-01 2.5943e-01 6.8039e-02
3684.57 5.2608e-06 7.6828e-02 5.5128e-01 2.9128e-01 8.0604e-02
3909.64 2.3603e-06 4.6659e-02 5.3335e-01 3.2312e-01 9.6869e-02
4148.46 1.9683e-06 4.4853e-02 5.2208e-01 3.2937e-01 1.0370e-01
4401.86 2.3953e-06 5.4283e-02 5.2764e-01 3.1916e-01 9.8919e-02
4670.75 1.8814e-06 5.1523e-02 5.2629e-01 3.2181e-01 1.0037e-01
4956.05 6.2325e-07 2.9317e-02 5.0650e-01 3.4959e-01 1.1459e-01
5258.79 1.3447e-07 1.0715e-02 4.7117e-01 3.8607e-01 1.3204e-01
5580.02 2.6064e-08 3.1445e-03 4.2611e-01 4.2253e-01 1.4822e-01
5920.87 8.4095e-09 1.3425e-03 3.8196e-01 4.5121e-01 1.6549e-01
6282.54 4.8116e-09 9.1082e-04 3.5257e-01 4.6591e-01 1.8061e-01
6666.30 3.5990e-09 7.4917e-04 3.3508e-01 4.7607e-01 1.8811e-01
7073.50 3.5503e-09 7.6300e-04 3.3155e-01 4.7523e-01 1.9246e-01
7505.58 3.5883e-09 7.7696e-04 3.2344e-01 4.7227e-01 2.0351e-01
7964.05 4.8049e-09 9.7000e-04 3.2606e-01 4.6584e-01 2.0713e-01
8450.53 9.7476e-09 1.6045e-03 3.4810e-01 4.5075e-01 1.9954e-01
8966.72 3.3781e-08 4.1093e-03 3.7333e-01 4.3258e-01 1.8997e-01
9514.44 9.9548e-08 8.4372e-03 3.9054e-01 4.1752e-01 1.8350e-01
10095.62 3.3230e-07 1.8177e-02 4.0600e-01 4.0097e-01 1.7486e-01
10712.30 7.5417e-07 2.6978e-02 4.2303e-01 3.8585e-01 1.6413e-01
11366.65 1.5868e-06 3.9316e-02 4.2467e-01 3.7666e-01 1.5935e-01
12061.10 2.0638e-06 4.0763e-02 4.2066e-01 3.7678e-01 1.6180e-01
12793.43 2.7206e-06 4.8851e-02 4.0940e-01 3.7666e-01 1.6509e-01
13528.61 2.6755e-06 4.6049e-02 4.0111e-01 3.8169e-01 1.7115e-01
14194.74 2.0155e-06 3.6338e-02 3.8780e-01 3.9195e-01 1.8391e-01
14757.77 1.4697e-06 3.1627e-02 3.8581e-01 3.9603e-01 1.8653e-01
15240.48 1.8496e-06 3.7791e-02 4.1688e-01 3.8599e-01 1.5934e-01
15646.99 2.2662e-06 3.8323e-02 5.0212e-01 3.4792e-01 1.1163e-01
15960.30 4.3819e-06 5.0197e-02 6.0345e-01 2.7851e-01 6.7840e-02
16187.41 4.7994e-06 4.9633e-02 6.2495e-01 2.6935e-01 5.6064e-02
16354.17 3.5188e-06 3.9933e-02 6.0992e-01 2.9479e-01 5.5354e-02
16484.18 3.2171e-06 3.8844e-02 6.1125e-01 2.9223e-01 5.7669e-02
16593.12 1.6175e-06 2.6603e-02 5.5675e-01 3.4608e-01 7.0566e-02
16691.99 1.1667e-06 2.3299e-02 5.7910e-01 3.2244e-01 7.5158e-02
16788.59 5.6654e-07 1.4474e-02 5.0523e-01 3.9383e-01 8.6463e-02
16888.37 7.3459e-07 2.0784e-02 5.3478e-01 3.5327e-01 9.1169e-02
16998.79 3.5994e-07 1.2303e-02 5.0946e-01 3.9099e-01 8.7242e-02
17146.37 3.2716e-07 1.4994e-02 4.8887e-01 3.8872e-01 1.0741e-01
17415.23 1.2482e-07 7.4288e-03 4.3125e-01 4.4227e-01 1.1905e-01
17888.12 6.1612e-08 4.2005e-03 3.5969e-01 4.8321e-01 1.5289e-01
18532.37 3.6080e-08 2.9684e-03 3.4706e-01 4.7874e-01 1.7123e-01
19260.76 1.5881e-08 1.2602e-03 2.4968e-01 5.4575e-01 2.0331e-01
20034.10 2.2171e-08 1.7505e-03 2.2199e-01 5.3040e-01 2.4586e-01
20838.00 1.3831e-08 1.0346e-03 2.4157e-01 4.8969e-01 2.6771e-01
21647.97 1.6776e-08 9.0537e-04 1.9009e-01 4.9802e-01 3.1099e-01
22447.94 1.4337e-08 9.3000e-04 1.8181e-01 4.5187e-01 3.6539e-01
23245.88 1.4814e-08 1.0706e-03 1.7192e-01 4.3561e-01 3.9140e-01
24052.47 5.4223e-09 5.0616e-04 1.2311e-01 4.2590e-01 4.5049e-01
24867.72 3.2550e-09 4.1787e-04 1.0215e-01 3.9025e-01 5.0718e-01
25698.86 3.8926e-09 4.9098e-04 8.9899e-02 3.6238e-01 5.4723e-01
26587.16 9.5775e-10 1.5299e-04 5.3301e-02 3.4591e-01 6.0064e-01
27637.54 8.1926e-10 1.1942e-04 3.9050e-02 3.1848e-01 6.4235e-01
28986.97 2.0619e-09 2.3317e-04 3.0284e-02 2.5249e-01 7.1699e-01
#TIME: 213.89
#NVEL: 78
#vel_mid[km/s] fe0 fe1 fe2 fe3 fe4
440.10 2.1704e-04 5.0410e-01 3.7175e-01 1.0486e-01 1.9065e-02
886.22 8.4021e-04 4.8376e-01 3.8616e-01 1.0904e-01 2.0203e-02
906.14 4.2076e-04 5.7031e-01 3.1773e-01 9.4903e-02 1.6640e-02
944.43 3.3188e-04 4.7856e-01 3.9336e-01 1.0804e-01 1.9704e-02
999.11 2.1903e-04 5.1745e-01 3.5336e-01 1.0866e-01 2.0306e-02
1060.83 2.6478e-04 5.1332e-01 3.6122e-01 1.0574e-01 1.9462e-02
1125.62 2.8704e-04 5.1153e-01 3.6554e-01 1.0372e-01 1.8926e-02
1194.38 2.4568e-04 5.0506e-01 3.6326e-01 1.1073e-01 2.0710e-02
1267.34 2.0421e-04 5.0822e-01 3.6112e-01 1.0997e-01 2.0481e-02
1344.75 3.4703e-04 4.9848e-01 3.7176e-01 1.0912e-01 2.0294e-02
1426.89 3.6590e-04 5.2769e-01 3.5542e-01 9.8942e-02 1.7575e-02
1514.05 2.8460e-04 5.4918e-01 3.3963e-01 9.4449e-02 1.6461e-02
1606.54 2.0584e-04 5.2801e-01 3.5499e-01 9.9136e-02 1.7657e-02
1704.67 2.5466e-04 5.2516e-01 3.5803e-01 9.8985e-02 1.7569e-02
1808.80 2.6705e-04 5.4799e-01 3.4162e-01 9.3793e-02 1.6329e-02
1919.29 2.4566e-04 5.3478e-01 3.4845e-01 9.8883e-02 1.7648e-02
2036.53 2.4149e-04 5.2993e-01 3.4978e-01 1.0168e-01 1.8371e-02
2160.92 2.2903e-04 5.3018e-01 3.4973e-01 1.0153e-01 1.8328e-02
2292.92 1.8125e-04 4.8734e-01 3.7385e-01 1.1631e-01 2.2316e-02
2432.98 1.3539e-04 4.5184e-01 3.9308e-01 1.2902e-01 2.5933e-02
2581.60 1.1726e-04 4.1073e-01 4.1644e-01 1.4276e-01 2.9962e-02
2739.29 8.9437e-05 3.7764e-01 4.3824e-01 1.5166e-01 3.2375e-02
2906.62 6.6540e-05 3.1663e-01 4.6944e-01 1.7442e-01 3.9437e-02
3084.17 4.3567e-05 2.5937e-01 4.9659e-01 1.9719e-01 4.6809e-02
3272.56 2.4492e-05 1.8383e-01 5.3119e-01 2.2785e-01 5.7096e-02
3472.46 1.1691e-05 1.1974e-01 5.5332e-01 2.5906e-01 6.7866e-02
3684.57 5.5534e-06 7.5443e-02 5.5374e-01 2.9052e-01 8.0295e-02
3909.64 2.7783e-06 5.0482e-02 5.3263e-01 3.2073e-01 9.6152e-02
4148.46 2.0612e-06 4.5060e-02 5.2394e-01 3.2821e-01 1.0279e-01
4401.86 2.6113e-06 5.8746e-02 5.2295e-01 3.1861e-01 9.9699e-02
4670.75 1.9487e-06 5.3559e-02 5.2325e-01 3.2290e-01 1.0030e-01
4956.05 6.8319e-07 3.0732e-02 5.0505e-01 3.5038e-01 1.1384e-01
5258.79 1.4138e-07 1.0830e-02 4.7159e-01 3.8536e-01 1.3222e-01
5580.02 2.5126e-08 2.9244e-03 4.2856e-01 4.2049e-01 1.4803e-01
5920.87 8.6456e-09 1.3508e-03 3.8544e-01 4.4795e-01 1.6526e-01
6282.54 4.6517e-09 8.6929e-04 3.4905e-01 4.6992e-01 1.8016e-01
6666.30 3.7358e-09 7.6015e-04 3.3594e-01 4.7521e-01 1.8809e-01
7073.50 3.7587e-09 7.8211e-04 3.3144e-01 4.7443e-01 1.9335e-01
7505.58 3.7917e-09 7.9898e-04 3.2344e-01 4.7141e-01 2.0436e-01
7964.05 4.8775e-09 9.7170e-04 3.2097e-01 4.6990e-01 2.0815e-01
8450.53 9.8276e-09 1.5937e-03 3.4709e-01 4.5210e-01 1.9922e-01
8966.72 3.6165e-08 4.2594e-03 3.7448e-01 4.3088e-01 1.9038e-01
9514.44 1.0376e-07 8.4185e-03 3.9015e-01 4.1811e-01 1.8332e-01
10095.62 3.2601e-07 1.7312e-02 4.0684e-01 4.0050e-01 1.7536e-01
10712.30 8.5455e-07 2.9919e-02 4.1833e-01 3.8615e-01 1.6560e-01
11366.65 1.6116e-06 3.8071e-02 4.2508e-01 3.7765e-01 1.5920e-01
12061.10 2.0947e-06 4.2531e-02 4.1657e-01 3.7738e-01 1.6351e-01
12793.43 2.5262e-06 4.5050e-02 4.0967e-01 3.7899e-01 1.6629e-01
13528.61 2.3447e-06 4.1560e-02 4.0526e-01 3.8158e-01 1.7160e-01
14194.74 2.1944e-06 4.0826e-02 3.9103e-01 3.8863e-01 1.7952e-01
14757.77 1.4352e-06 3.0236e-02 3.8287e-01 3.9938e-01 1.8752e-01
15240.48 1.1689e-06 2.4145e-02 4.3100e-01 3.8742e-01 1.5743e-01
15646.99 2.4727e-06 3.8856e-02 5.0142e-01 3.4923e-01 1.1049e-01
15960.30 4.4518e-06 4.8151e-02 5.8785e-01 2.9621e-01 6.7783e-02
16187.41 6.7299e-06 6.2143e-02 6.3037e-01 2.5244e-01 5.5039e-02
16354.17 4.5509e-06 4.9141e-02 6.3591e-01 2.6187e-01 5.3077e-02
16484.18 2.1481e-06 3.0392e-02 5.9506e-01 3.1537e-01 5.9179e-02
16593.12 1.8854e-06 3.1376e-02 5.9275e-01 3.0833e-01 6.7535e-02
16691.99 1.0452e-06 1.9997e-02 5.1999e-01 3.8134e-01 7.8677e-02
16788.59 8.2873e-07 1.8719e-02 5.1745e-01 3.7642e-01 8.7408e-02
16888.37 4.6364e-07 1.2313e-02 4.8540e-01 4.1357e-01 8.8712e-02
16998.79 3.7303e-07 1.2169e-02 4.8783e-01 4.0228e-01 9.7723e-02
17146.37 3.9324e-07 1.3422e-02 4.4911e-01 4.3926e-01 9.8213e-02
17415.23 1.2812e-07 6.4840e-03 4.2839e-01 4.4523e-01 1.1990e-01
17888.12 4.9409e-08 3.7078e-03 4.0339e-01 4.5098e-01 1.4193e-01
18532.37 2.3298e-08 2.3452e-03 3.0486e-01 5.2026e-01 1.7253e-01
19260.76 1.6388e-08 1.3563e-03 2.4951e-01 5.4877e-01 2.0035e-01
20034.10 1.9965e-08 1.4534e-03 2.4369e-01 5.3773e-01 2.1712e-01
20838.00 1.3265e-08 9.5858e-04 2.0617e-01 5.1912e-01 2.7376e-01
21647.97 1.7757e-08 1.1274e-03 1.9197e-01 4.9495e-01 3.1195e-01
22447.94 1.7176e-08 1.0447e-03 1.4384e-01 5.0511e-01 3.5000e-01
23245.88 1.1988e-08 8.4991e-04 1.4734e-01 4.2173e-01 4.3008e-01
24052.47 1.4043e-08 1.2518e-03 1.1771e-01 4.2221e-01 4.5882e-01
24867.72 5.6124e-09 6.2882e-04 9.8854e-02 4.0060e-01 4.9991e-01
25698.86 2.0401e-09 2.9146e-04 8.7214e-02 3.5606e-01 5.5643e-01
26587.16 1.1911e-09 2.1335e-04 5.6551e-02 3.2578e-01 6.1746e-01
27637.54 7.5160e-10 1.1017e-04 3.4725e-02 2.9603e-01 6.6913e-01
28986.97 6.3458e-10 7.4362e-05 3.0716e-02 2.6879e-01 7.0042e-01
#TIME: 216.97
#NVEL: 78
#vel_mid[km/s] fe0 fe1 fe2 fe3 fe4
440.10 2.2843e-04 5.0200e-01 3.7030e-01 1.0770e-01 1.9780e-02
886.22 4.5518e-04 4.9483e-01 3.7878e-01 1.0639e-01 1.9536e-02
906.14 3.4271e-04 5.5094e-01 3.2634e-01 1.0344e-01 1.8937e-02
944.43 2.1845e-04 5.1714e-01 3.6107e-01 1.0288e-01 1.8699e-02
999.11 2.7293e-04 5.0570e-01 3.6525e-01 1.0861e-01 2.0169e-02
1060.83 2.5182e-04 4.9597e-01 3.7278e-01 1.1041e-01 2.0589e-02
1125.62 3.1431e-04 5.1443e-01 3.5732e-01 1.0795e-01 1.9999e-02
1194.38 2.6871e-04 4.8654e-01 3.9479e-01 1.0063e-01 1.7771e-02
1267.34 2.1662e-04 4.9767e-01 3.7298e-01 1.0894e-01 2.0199e-02
1344.75 2.3221e-04 5.1489e-01 3.6258e-01 1.0355e-01 1.8759e-02
1426.89 2.9838e-04 5.4612e-01 3.4007e-01 9.6490e-02 1.7022e-02
1514.05 3.8837e-04 5.2668e-01 3.5812e-01 9.7548e-02 1.7256e-02
1606.54 2.2874e-04 5.4333e-01 3.4606e-01 9.3988e-02 1.6393e-02
1704.67 3.0716e-04 5.4082e-01 3.4849e-01 9.4024e-02 1.6359e-02
1808.80 2.6685e-04 5.5682e-01 3.3395e-01 9.2873e-02 1.6088e-02
1919.29 2.2731e-04 5.2801e-01 3.5575e-01 9.8515e-02 1.7496e-02
2036.53 2.3168e-04 5.2428e-01 3.5660e-01 1.0079e-01 1.8099e-02
2160.92 2.0177e-04 5.1281e-01 3.6293e-01 1.0489e-01 1.9169e-02
2292.92 1.9984e-04 4.9526e-01 3.7274e-01 1.1100e-01 2.0796e-02
2432.98 1.5334e-04 4.6836e-01 3.8478e-01 1.2263e-01 2.4082e-02
2581.60 1.1857e-04 4.2610e-01 4.0953e-01 1.3628e-01 2.7970e-02
2739.29 8.5256e-05 3.6858e-01 4.4187e-01 1.5570e-01 3.3769e-02
2906.62 6.0050e-05 3.2857e-01 4.5889e-01 1.7316e-01 3.9324e-02
3084.17 4.5030e-05 2.6650e-01 4.9072e-01 1.9614e-01 4.6590e-02
3272.56 2.4800e-05 1.8694e-01 5.2928e-01 2.2712e-01 5.6641e-02
3472.46 1.2017e-05 1.2148e-01 5.5161e-01 2.5906e-01 6.7839e-02
3684.57 5.7496e-06 7.5337e-02 5.5517e-01 2.8910e-01 8.0385e-02
3909.64 2.7977e-06 5.0708e-02 5.3219e-01 3.2104e-01 9.6063e-02
4148.46 2.1823e-06 4.4280e-02 5.2485e-01 3.2837e-01 1.0249e-01
4401.86 2.9528e-06 6.0213e-02 5.2462e-01 3.1702e-01 9.8152e-02
4670.75 2.0970e-06 5.4187e-02 5.2424e-01 3.2131e-01 1.0026e-01
4956.05 7.0069e-07 3.0027e-02 5.0618e-01 3.5008e-01 1.1371e-01
5258.79 1.4487e-07 1.0912e-02 4.7446e-01 3.8249e-01 1.3214e-01
5580.02 2.7015e-08 3.0118e-03 4.3114e-01 4.1772e-01 1.4812e-01
5920.87 8.7548e-09 1.3190e-03 3.8362e-01 4.4956e-01 1.6550e-01
6282.54 4.6574e-09 8.3958e-04 3.4990e-01 4.6830e-01 1.8096e-01
6666.30 3.8322e-09 7.6155e-04 3.3729e-01 4.7370e-01 1.8825e-01
7073.50 3.7982e-09 7.6222e-04 3.3047e-01 4.7489e-01 1.9388e-01
7505.58 3.8924e-09 7.9440e-04 3.2327e-01 4.7265e-01 2.0329e-01
7964.05 4.8538e-09 9.2364e-04 3.2034e-01 4.6987e-01 2.0886e-01
8450.53 1.0778e-08 1.6660e-03 3.4657e-01 4.5238e-01 1.9938e-01
8966.72 3.7564e-08 4.3487e-03 3.7261e-01 4.3179e-01 1.9125e-01
9514.44 1.0862e-07 8.7638e-03 3.8888e-01 4.1773e-01 1.8463e-01
10095.62 3.2918e-07 1.7016e-02 4.0675e-01 4.0152e-01 1.7471e-01
10712.30 8.3109e-07 2.8627e-02 4.1905e-01 3.8724e-01 1.6508e-01
11366.65 1.6974e-06 3.9279e-02 4.2491e-01 3.7688e-01 1.5893e-01
12061.10 2.3010e-06 4.4393e-02 4.2048e-01 3.7523e-01 1.5989e-01
12793.43 2.5560e-06 4.3908e-02 4.1513e-01 3.7751e-01 1.6345e-01
13528.61 2.4724e-06 4.3895e-02 4.0760e-01 3.8008e-01 1.6843e-01
14194.74 2.2659e-06 3.8422e-02 3.9342e-01 3.9027e-01 1.7788e-01
14757.77 1.2950e-06 2.7169e-02 3.8406e-01 3.9969e-01 1.8908e-01
15240.48 1.5902e-06 3.2723e-02 4.2462e-01 3.8393e-01 1.5873e-01
15646.99 2.5219e-06 4.1278e-02 5.1143e-01 3.3843e-01 1.0886e-01
15960.30 4.4967e-06 5.0170e-02 5.9623e-01 2.8589e-01 6.7713e-02
16187.41 5.0536e-06 4.8533e-02 6.4399e-01 2.5620e-01 5.1278e-02
16354.17 4.2941e-06 4.9666e-02 6.2759e-01 2.6993e-01 5.2807e-02
16484.18 2.8493e-06 4.1634e-02 6.0382e-01 2.9565e-01 5.8887e-02
16593.12 1.4440e-06 3.0544e-02 6.0581e-01 2.9808e-01 6.5559e-02
16691.99 1.3174e-06 3.1610e-02 5.2667e-01 3.6162e-01 8.0106e-02
16788.59 7.8309e-07 2.2234e-02 5.6256e-01 3.3421e-01 8.0996e-02
16888.37 3.1423e-07 1.0770e-02 5.3078e-01 3.7329e-01 8.5157e-02
16998.79 3.9027e-07 1.5263e-02 5.1270e-01 3.7649e-01 9.5549e-02
17146.37 2.5589e-07 1.0838e-02 4.7890e-01 4.0474e-01 1.0552e-01
17415.23 2.2360e-07 1.1187e-02 4.4573e-01 4.2250e-01 1.2059e-01
17888.12 4.1459e-08 2.9772e-03 3.4739e-01 5.0253e-01 1.4711e-01
18532.37 3.3185e-08 2.5310e-03 3.4302e-01 4.8921e-01 1.6525e-01
19260.76 2.1731e-08 1.6597e-03 2.4475e-01 5.4742e-01 2.0617e-01
20034.10 1.5847e-08 1.1571e-03 2.3340e-01 5.2724e-01 2.3820e-01
20838.00 1.3360e-08 8.6958e-04 1.8517e-01 5.2969e-01 2.8427e-01
21647.97 1.4697e-08 8.2924e-04 1.7068e-01 5.2066e-01 3.0783e-01
22447.94 1.9894e-08 1.3441e-03 1.6611e-01 4.6820e-01 3.6434e-01
23245.88 1.9445e-08 1.3890e-03 1.2071e-01 4.3873e-01 4.3917e-01
24052.47 9.0367e-09 8.6776e-04 1.1505e-01 4.2973e-01 4.5435e-01
24867.72 1.1130e-08 1.3286e-03 9.4089e-02 3.7674e-01 5.2785e-01
25698.86 1.5256e-09 2.1748e-04 5.0673e-02 3.7223e-01 5.7688e-01
26587.16 2.7810e-09 4.5046e-04 5.5805e-02 3.5300e-01 5.9075e-01
27637.54 1.8161e-09 2.9258e-04 4.2747e-02 2.8400e-01 6.7296e-01
28986.97 5.5596e-10 7.3693e-05 2.4533e-02 2.5929e-01 7.1610e-01
#TIME: 220.09
#NVEL: 78
#vel_mid[km/s] fe0 fe1 fe2 fe3 fe4
440.10 1.7996e-04 5.3166e-01 3.5007e-01 1.0017e-01 1.7930e-02
886.22 2.2089e-04 5.2120e-01 3.5410e-01 1.0530e-01 1.9184e-02
906.14 2.4825e-04 5.2564e-01 3.4906e-01 1.0552e-01 1.9520e-02
944.43 1.9530e-04 4.8991e-01 3.8215e-01 1.0784e-01 1.9904e-02
999.11 2.4668e-04 5.3262e-01 3.4739e-01 1.0146e-01 1.8272e-02
1060.83 4.2099e-04 5.2861e-01 3.4982e-01 1.0260e-01 1.8556e-02
1125.62 3.1278e-04 4.9322e-01 3.7764e-01 1.0868e-01 2.0151e-02
1194.38 3.2505e-04 5.4870e-01 3.3580e-01 9.7800e-02 1.7374e-02
1267.34 2.3411e-04 5.1463e-01 3.6268e-01 1.0358e-01 1.8880e-02
1344.75 2.1246e-04 5.0540e-01 3.6942e-01 1.0562e-01 1.9351e-02
1426.89 2.6841e-04 5.1199e-01 3.6885e-01 1.0084e-01 1.8045e-02
1514.05 3.1726e-04 5.1281e-01 3.7040e-01 9.8915e-02 1.7565e-02
1606.54 3.4092e-04 5.5989e-01 3.3189e-01 9.1980e-02 1.5894e-02
1704.67 2.9059e-04 5.2918e-01 3.5615e-01 9.7220e-02 1.7151e-02
1808.80 2.7366e-04 5.4395e-01 3.4289e-01 9.6005e-02 1.6881e-02
1919.29 2.6321e-04 5.4786e-01 3.4247e-01 9.3212e-02 1.6194e-02
2036.53 2.2805e-04 5.1743e-01 3.6375e-01 1.0057e-01 1.8021e-02
2160.92 2.2635e-04 5.0886e-01 3.6622e-01 1.0538e-01 1.9311e-02
2292.92 1.8627e-04 4.8735e-01 3.7601e-01 1.1460e-01 2.1848e-02
2432.98 1.5205e-04 4.5866e-01 3.8903e-01 1.2683e-01 2.5327e-02
2581.60 1.1431e-04 4.2441e-01 4.0595e-01 1.4024e-01 2.9279e-02
2739.29 8.5104e-05 3.7235e-01 4.3788e-01 1.5582e-01 3.3870e-02
2906.62 6.5617e-05 3.2118e-01 4.6729e-01 1.7260e-01 3.8862e-02
3084.17 4.7515e-05 2.6832e-01 4.8970e-01 1.9551e-01 4.6418e-02
3272.56 2.4822e-05 1.8676e-01 5.2994e-01 2.2685e-01 5.6424e-02
3472.46 1.2978e-05 1.2366e-01 5.5079e-01 2.5799e-01 6.7541e-02
3684.57 6.4413e-06 8.0045e-02 5.5011e-01 2.8949e-01 8.0348e-02
3909.64 2.8677e-06 4.7775e-02 5.3532e-01 3.2083e-01 9.6076e-02
4148.46 2.3610e-06 4.4681e-02 5.2348e-01 3.2942e-01 1.0242e-01
4401.86 3.0804e-06 6.0868e-02 5.2390e-01 3.1656e-01 9.8671e-02
4670.75 2.3392e-06 5.7269e-02 5.2332e-01 3.1954e-01 9.9874e-02
4956.05 6.9141e-07 2.9223e-02 5.0776e-01 3.4944e-01 1.1358e-01
5258.79 1.4968e-07 1.0944e-02 4.6973e-01 3.8727e-01 1.3206e-01
5580.02 2.7347e-08 2.9698e-03 4.2954e-01 4.1926e-01 1.4823e-01
5920.87 8.9780e-09 1.3088e-03 3.8256e-01 4.5192e-01 1.6421e-01
6282.54 4.9282e-09 8.7519e-04 3.4860e-01 4.6929e-01 1.8124e-01
6666.30 4.0751e-09 7.7260e-04 3.3912e-01 4.7204e-01 1.8807e-01
7073.50 3.9543e-09 7.6211e-04 3.3057e-01 4.7479e-01 1.9388e-01
7505.58 4.2874e-09 8.3332e-04 3.1978e-01 4.7442e-01 2.0497e-01
7964.05 4.9680e-09 8.9987e-04 3.2194e-01 4.6713e-01 2.1002e-01
8450.53 1.0972e-08 1.6295e-03 3.4265e-01 4.5551e-01 2.0021e-01
8966.72 3.9774e-08 4.3565e-03 3.7127e-01 4.3255e-01 1.9183e-01
9514.44 1.1100e-07 8.5835e-03 3.8673e-01 4.1878e-01 1.8591e-01
10095.62 3.2843e-07 1.6633e-02 4.0832e-01 3.9997e-01 1.7508e-01
10712.30 8.0207e-07 2.7317e-02 4.2179e-01 3.8705e-01 1.6384e-01
11366.65 1.7553e-06 4.0329e-02 4.2577e-01 3.7585e-01 1.5804e-01
12061.10 2.1124e-06 4.2418e-02 4.1864e-01 3.7641e-01 1.6254e-01
12793.43 2.4768e-06 4.2778e-02 4.1834e-01 3.7652e-01 1.6235e-01
13528.61 3.2399e-06 5.3409e-02 3.9627e-01 3.7907e-01 1.7124e-01
14194.74 2.5556e-06 4.4532e-02 3.8971e-01 3.8848e-01 1.7728e-01
14757.77 1.5657e-06 3.1850e-02 3.8703e-01 3.9946e-01 1.8165e-01
15240.48 1.7025e-06 3.4607e-02 4.2991e-01 3.7985e-01 1.5563e-01
15646.99 2.5417e-06 4.1198e-02 5.1760e-01 3.3512e-01 1.0608e-01
15960.30 4.8035e-06 5.6320e-02 6.0103e-01 2.7715e-01 6.5495e-02
16187.41 4.7332e-06 5.1599e-02 6.2938e-01 2.6535e-01 5.3661e-02
16354.17 4.7222e-06 5.2727e-02 6.3917e-01 2.5668e-01 5.1416e-02
16484.18 2.9410e-06 3.6856e-02 5.9610e-01 3.0928e-01 5.7761e-02
16593.12 2.8426e-06 4.3822e-02 6.1695e-01 2.7332e-01 6.5908e-02
16691.99 2.6491e-06 5.6886e-02 5.7567e-01 2.9298e-01 7.4458e-02
16788.59 1.2289e-06 2.7452e-02 5.7897e-01 3.1532e-01 7.8256e-02
16888.37 6.3299e-07 1.7454e-02 5.4422e-01 3.5113e-01 8.7191e-02
16998.79 3.8941e-07 1.3189e-02 5.2469e-01 3.6886e-01 9.3259e-02
17146.37 2.2906e-07 1.0099e-02 4.9234e-01 3.9611e-01 1.0145e-01
17415.23 1.4310e-07 8.1592e-03 4.4544e-01 4.3431e-01 1.1209e-01
17888.12 5.0158e-08 4.0218e-03 3.9029e-01 4.6255e-01 1.4314e-01
18532.37 2.0635e-08 1.9084e-03 2.9544e-01 5.3264e-01 1.7002e-01
19260.76 2.1116e-08 1.8593e-03 2.6021e-01 5.3687e-01 2.0106e-01
20034.10 1.3737e-08 1.1100e-03 2.1377e-01 5.4266e-01 2.4246e-01
20838.00 1.3323e-08 9.9977e-04 1.7177e-01 5.5003e-01 2.7720e-01
21647.97 1.2612e-08 8.0245e-04 1.5040e-01 5.3247e-01 3.1633e-01
22447.94 1.9866e-08 1.2957e-03 1.5293e-01 4.9042e-01 3.5535e-01
