#NTIMES: 200
#NSTAGES: 7
#TIMES[d]: 0.9869 1.0089 1.0313 1.0543 1.0778 1.1018 1.1263 1.1514 1.1771 1.2033 1.2301 1.2575 1.2855 1.3142 1.3434 1.3734 1.4039 1.4352 1.4672 1.4999 1.5333 1.5674 1.6024 1.6381 1.6745 1.7118 1.7500 1.7890 1.8288 1.8696 1.9112 1.9538 1.9973 2.0418 2.0873 2.1338 2.1813 2.2299 2.2796 2.3303 2.3823 2.4353 2.4896 2.5450 2.6017 2.6597 2.7189 2.7795 2.8414 2.9047 2.9694 3.0356 3.1032 3.1723 3.2430 3.3152 3.3891 3.4646 3.5417 3.6206 3.7013 3.7837 3.8680 3.9542 4.0423 4.1323 4.2244 4.3185 4.4147 4.5130 4.6135 4.7163 4.8214 4.9288 5.0386 5.1508 5.2655 5.3828 5.5028 5.6253 5.7506 5.8787 6.0097 6.1436 6.2804 6.4203 6.5633 6.7096 6.8590 7.0118 7.1680 7.3277 7.4909 7.6578 7.8284 8.0028 8.1810 8.3633 8.5496 8.7400 8.9347 9.1337 9.3372 9.5452 9.7578 9.9752 10.1974 10.4246 10.6568 10.8942 11.1368 11.3849 11.6385 11.8978 12.1628 12.4338 12.7108 12.9939 13.2834 13.5793 13.8818 14.1910 14.5071 14.8303 15.1606 15.4983 15.8436 16.1965 16.5573 16.9261 17.3032 17.6886 18.0827 18.4855 18.8973 19.3182 19.7486 20.1885 20.6382 21.0979 21.5679 22.0484 22.5395 23.0416 23.5549 24.0796 24.6160 25.1644 25.7249 26.2980 26.8838 27.4826 28.0949 28.7207 29.3605 30.0145 30.6831 31.3666 32.0654 32.7796 33.5098 34.2563 35.0194 35.7995 36.5970 37.4122 38.2456 39.0976 39.9685 40.8589 41.7690 42.6995 43.6507 44.6230 45.6171 46.6332 47.6720 48.7340 49.8196 50.9294 52.0639 53.2236 54.4093 55.6213 56.8603 58.1269 59.4218 60.7455 62.0986 63.4819 64.8961 66.3417 67.8195 69.3303 70.8747 72.4535 74.0675 75.7174 77.4041 79.1284
#
#TIME: 0.9869
#NVEL: 115
#vel_mid[km/s] si0 si1 si2 si3 si4 si5 si6
4.4010e+02 5.8879e-33 3.0518e-24 2.1167e-15 1.0015e-07 5.7965e-01 4.2031e-01 4.6584e-05
8.8623e+02 5.2649e-25 3.2093e-18 2.6178e-11 1.4567e-05 9.9153e-01 8.4555e-03 1.1021e-08
9.0614e+02 5.2555e-25 3.2050e-18 2.6155e-11 1.4561e-05 9.9153e-01 8.4593e-03 1.1031e-08
9.4442e+02 5.2556e-25 3.2051e-18 2.6155e-11 1.4561e-05 9.9153e-01 8.4592e-03 1.1031e-08
9.9911e+02 5.2505e-25 3.2025e-18 2.6141e-11 1.4556e-05 9.9152e-01 8.4687e-03 1.1059e-08
1.0608e+03 5.2267e-25 3.1908e-18 2.6076e-11 1.4536e-05 9.9148e-01 8.5033e-03 1.1158e-08
1.1257e+03 5.2041e-25 3.1776e-18 2.5998e-11 1.4508e-05 9.9138e-01 8.6056e-03 1.1462e-08
1.1944e+03 5.0788e-25 3.1104e-18 2.5611e-11 1.4377e-05 9.9100e-01 8.9864e-03 1.2628e-08
1.2673e+03 4.5695e-25 2.8377e-18 2.4019e-11 1.3835e-05 9.8927e-01 1.0713e-02 1.8707e-08
1.3448e+03 2.9098e-25 1.9229e-18 1.8304e-11 1.1768e-05 9.7835e-01 2.1642e-02 9.0380e-08
1.4269e+03 1.1680e-25 8.7100e-19 1.0449e-11 8.3393e-06 9.1902e-01 8.0971e-02 1.8250e-06
1.5140e+03 3.7223e-26 3.1913e-19 4.9383e-12 5.0123e-06 7.3562e-01 2.6434e-01 3.2895e-05
1.6065e+03 1.0799e-26 1.0595e-19 2.0534e-12 2.5873e-06 4.8095e-01 5.1880e-01 2.4364e-04
1.7047e+03 2.9627e-27 3.2483e-20 7.6325e-13 1.1592e-06 2.6132e-01 7.3757e-01 1.1073e-03
1.8088e+03 6.3207e-28 7.7900e-21 2.2441e-13 4.1640e-07 1.1402e-01 8.8152e-01 4.4630e-03
1.9193e+03 1.0438e-28 1.4812e-21 5.3768e-14 1.2568e-07 4.2525e-02 9.4066e-01 1.6817e-02
2.0365e+03 1.4415e-29 2.3949e-22 1.1170e-14 3.3664e-08 1.4199e-02 9.2559e-01 6.0208e-02
2.1609e+03 1.6509e-30 3.2760e-23 2.0003e-15 7.9484e-09 4.2213e-03 8.0717e-01 1.8861e-01
2.2929e+03 1.4301e-31 3.4629e-24 2.8158e-16 1.5057e-09 1.0182e-03 5.5410e-01 4.4488e-01
2.4330e+03 9.7721e-33 2.8623e-25 3.0653e-17 2.1877e-10 1.8534e-04 2.7574e-01 7.2407e-01
2.5816e+03 7.7515e-34 2.6630e-26 3.6054e-18 3.3001e-11 3.3673e-05 1.1991e-01 8.8006e-01
2.7393e+03 1.0233e-34 3.9965e-27 6.5077e-19 7.2532e-12 8.5648e-06 5.9035e-02 9.4096e-01
2.9067e+03 2.4503e-35 1.0671e-27 2.0050e-19 2.5996e-12 3.4580e-06 3.6661e-02 9.6334e-01
3.0842e+03 1.0743e-35 5.1914e-28 1.0921e-19 1.5887e-12 2.3512e-06 3.0062e-02 9.6994e-01
3.2726e+03 9.2069e-36 4.8698e-28 1.1026e-19 1.7195e-12 2.7715e-06 3.3144e-02 9.6685e-01
3.4725e+03 1.4029e-35 7.9658e-28 1.8662e-19 2.9854e-12 5.1088e-06 4.6391e-02 9.5360e-01
3.6846e+03 3.4994e-35 2.1296e-27 5.0450e-19 8.0596e-12 1.4508e-05 8.1431e-02 9.1855e-01
3.9097e+03 1.0848e-34 7.2825e-27 1.7627e-18 2.8365e-11 5.4782e-05 1.6349e-01 8.3645e-01
4.1484e+03 3.3372e-34 2.3286e-26 5.4991e-18 8.5492e-11 1.6718e-04 2.8269e-01 7.1714e-01
4.4019e+03 6.8540e-34 4.6212e-26 1.0275e-17 1.4988e-10 2.7991e-04 3.5622e-01 6.4350e-01
4.6708e+03 4.9286e-34 3.4316e-26 7.9380e-18 1.2057e-10 2.3333e-04 3.2934e-01 6.7043e-01
4.9561e+03 1.8024e-34 1.4279e-26 3.8079e-18 6.6806e-11 1.4797e-04 2.6985e-01 7.3000e-01
5.2588e+03 7.1911e-35 6.4842e-27 1.9846e-18 4.0007e-11 1.0123e-04 2.2757e-01 7.7233e-01
5.5800e+03 4.6603e-35 4.5120e-27 1.4844e-18 3.2168e-11 8.7436e-05 2.1321e-01 7.8670e-01
5.9209e+03 4.4342e-35 4.5321e-27 1.5547e-18 3.5070e-11 1.0008e-04 2.2882e-01 7.7108e-01
6.2825e+03 5.3279e-35 5.7281e-27 2.0210e-18 4.6748e-11 1.3890e-04 2.6885e-01 7.3101e-01
6.6663e+03 7.8223e-35 8.6328e-27 3.0466e-18 7.0267e-11 2.1166e-04 3.2731e-01 6.7248e-01
7.0735e+03 1.3872e-34 1.5637e-26 5.4425e-18 1.2333e-10 3.7275e-04 4.1915e-01 5.8048e-01
7.5056e+03 2.8250e-34 3.3347e-26 1.1537e-17 2.5864e-10 7.9543e-04 5.6245e-01 4.3676e-01
7.9641e+03 6.7768e-34 8.2298e-26 2.7552e-17 5.9540e-10 1.8147e-03 7.2256e-01 2.7562e-01
8.4505e+03 2.0168e-33 2.4097e-25 7.4256e-17 1.4737e-09 4.2233e-03 8.5367e-01 1.4211e-01
8.9668e+03 8.3910e-33 9.7044e-25 2.6432e-16 4.6364e-09 1.1989e-02 9.3899e-01 4.9026e-02
9.5145e+03 6.3067e-32 6.8569e-24 1.5424e-15 2.2475e-08 4.8552e-02 9.4252e-01 8.9304e-03
1.0096e+04 1.0093e-30 9.6860e-23 1.6124e-14 1.7685e-07 2.7679e-01 7.2263e-01 5.8934e-04
1.0712e+04 1.5673e-29 1.2485e-21 1.3432e-13 9.8457e-07 8.8935e-01 1.1064e-01 2.1609e-06
1.1367e+04 2.5332e-28 1.4559e-20 8.0140e-13 3.0739e-06 9.9899e-01 1.0071e-03 5.3319e-11
1.2062e+04 1.4649e-26 5.2896e-19 1.2257e-11 1.6962e-05 9.9998e-01 7.2125e-07 5.1725e-18
1.2794e+04 1.8703e-24 4.1844e-17 4.1958e-10 1.4927e-04 9.9985e-01 1.1540e-10 1.7510e-26
1.3528e+04 2.8428e-22 4.2411e-15 1.9988e-08 1.5299e-03 9.9847e-01 1.2703e-14 2.5599e-35
1.4194e+04 9.2290e-20 9.4120e-13 1.9016e-06 2.2719e-02 9.7728e-01 3.6622e-19 1.4013e-45
1.4758e+04 7.0267e-17 5.1562e-10 3.6917e-04 4.1357e-01 5.8606e-01 4.5908e-25 0.0000e+00
1.5240e+04 2.6553e-14 1.1323e-07 1.8526e-02 9.6210e-01 1.9375e-02 2.7024e-33 0.0000e+00
1.5647e+04 5.8382e-12 1.2416e-05 3.6891e-01 6.3095e-01 1.2550e-04 1.2247e-42 0.0000e+00
1.5960e+04 2.8933e-10 2.4359e-04 9.6752e-01 3.2232e-02 3.3561e-08 0.0000e+00 0.0000e+00
1.6187e+04 8.7616e-09 2.4400e-03 9.9720e-01 3.6107e-04 9.0420e-13 0.0000e+00 0.0000e+00
1.6354e+04 3.6886e-07 2.9215e-02 9.7078e-01 2.1452e-06 5.8032e-18 0.0000e+00 0.0000e+00
1.6484e+04 1.5827e-05 3.1958e-01 6.8040e-01 5.1049e-09 6.5310e-24 0.0000e+00 0.0000e+00
1.6593e+04 1.2684e-04 8.4197e-01 1.5790e-01 6.3835e-12 6.6922e-30 0.0000e+00 0.0000e+00
1.6692e+04 3.2549e-04 9.7184e-01 2.7830e-02 1.7675e-14 6.2559e-35 0.0000e+00 0.0000e+00
1.6788e+04 5.4043e-04 9.9176e-01 7.6999e-03 2.3883e-16 1.2933e-38 0.0000e+00 0.0000e+00
1.6888e+04 7.6499e-04 9.9631e-01 2.9289e-03 9.2630e-18 2.1017e-41 0.0000e+00 0.0000e+00
1.6999e+04 1.0368e-03 9.9770e-01 1.2599e-03 5.5238e-19 8.1275e-44 0.0000e+00 0.0000e+00
1.7146e+04 1.4123e-03 9.9804e-01 5.4328e-04 3.3850e-20 0.0000e+00 0.0000e+00 0.0000e+00
1.7416e+04 2.2698e-03 9.9757e-01 1.5897e-04 6.0434e-22 0.0000e+00 0.0000e+00 0.0000e+00
1.7888e+04 5.6899e-03 9.9429e-01 1.7294e-05 4.8781e-25 0.0000e+00 0.0000e+00 0.0000e+00
1.8532e+04 1.6499e-02 9.8350e-01 1.4779e-06 2.0708e-28 0.0000e+00 0.0000e+00 0.0000e+00
1.9260e+04 4.2079e-02 9.5792e-01 1.5141e-07 1.5266e-31 0.0000e+00 0.0000e+00 0.0000e+00
2.0034e+04 9.4255e-02 9.0574e-01 1.7562e-08 1.6596e-34 0.0000e+00 0.0000e+00 0.0000e+00
2.0838e+04 1.8473e-01 8.1527e-01 2.3186e-09 2.9846e-37 0.0000e+00 0.0000e+00 0.0000e+00
2.1648e+04 3.1739e-01 6.8261e-01 3.3390e-10 8.4467e-40 0.0000e+00 0.0000e+00 0.0000e+00
2.2448e+04 4.6480e-01 5.3520e-01 5.1152e-11 3.0955e-42 0.0000e+00 0.0000e+00 0.0000e+00
2.3246e+04 6.0427e-01 3.9573e-01 8.2338e-12 1.4013e-44 0.0000e+00 0.0000e+00 0.0000e+00
2.4052e+04 7.2044e-01 2.7956e-01 1.4350e-12 0.0000e+00 0.0000e+00 0.0000e+00 0.0000e+00
2.4868e+04 8.0062e-01 1.9938e-01 3.0729e-13 0.0000e+00 0.0000e+00 0.0000e+00 0.0000e+00
2.5699e+04 8.4912e-01 1.5088e-01 8.5308e-14 0.0000e+00 0.0000e+00 0.0000e+00 0.0000e+00
2.6588e+04 8.8009e-01 1.1991e-01 2.6395e-14 0.0000e+00 0.0000e+00 0.0000e+00 0.0000e+00
2.7638e+04 9.1413e-01 8.5869e-02 4.9605e-15 0.0000e+00 0.0000e+00 0.0000e+00 0.0000e+00
2.8987e+04 9.5163e-01 4.8366e-02 3.2749e-16 0.0000e+00 0.0000e+00 0.0000e+00 0.0000e+00
3.0652e+04 9.2982e-01 7.0181e-02 3.1189e-16 0.0000e+00 0.0000e+00 0.0000e+00 0.0000e+00
3.2516e+04 8.2251e-01 1.7749e-01 1.3165e-15 0.0000e+00 0.0000e+00 0.0000e+00 0.0000e+00
3.4459e+04 4.8920e-01 5.1080e-01 1.7737e-14 0.0000e+00 0.0000e+00 0.0000e+00 0.0000e+00
3.6371e+04 2.0481e-01 7.9519e-01 1.4030e-13 0.0000e+00 0.0000e+00 0.0000e+00 0.0000e+00
3.8150e+04 8.7748e-02 9.1225e-01 6.8002e-13 0.0000e+00 0.0000e+00 0.0000e+00 0.0000e+00
3.9750e+04 5.8345e-02 9.4165e-01 1.2240e-12 0.0000e+00 0.0000e+00 0.0000e+00 0.0000e+00
4.1174e+04 5.8783e-02 9.4122e-01 8.5417e-13 0.0000e+00 0.0000e+00 0.0000e+00 0.0000e+00
4.2468e+04 8.9570e-02 9.1043e-01 2.1616e-13 0.0000e+00 0.0000e+00 0.0000e+00 0.0000e+00
4.3688e+04 1.8873e-01 8.1127e-01 2.1850e-14 0.0000e+00 0.0000e+00 0.0000e+00 0.0000e+00
4.4884e+04 4.0873e-01 5.9127e-01 1.1229e-15 0.0000e+00 0.0000e+00 0.0000e+00 0.0000e+00
4.6084e+04 6.5871e-01 3.4129e-01 5.1683e-17 0.0000e+00 0.0000e+00 0.0000e+00 0.0000e+00
4.7294e+04 6.6029e-01 3.3971e-01 3.4770e-17 0.0000e+00 0.0000e+00 0.0000e+00 0.0000e+00
4.8516e+04 6.1284e-01 3.8716e-01 4.2070e-17 0.0000e+00 0.0000e+00 0.0000e+00 0.0000e+00
4.9754e+04 5.5452e-01 4.4548e-01 5.5456e-17 0.0000e+00 0.0000e+00 0.0000e+00 0.0000e+00
5.1012e+04 4.8723e-01 5.1277e-01 7.7858e-17 0.0000e+00 0.0000e+00 0.0000e+00 0.0000e+00
5.2292e+04 4.1782e-01 5.8218e-01 1.1039e-16 0.0000e+00 0.0000e+00 0.0000e+00 0.0000e+00
5.3596e+04 3.5077e-01 6.4923e-01 1.5443e-16 0.0000e+00 0.0000e+00 0.0000e+00 0.0000e+00
5.4921e+04 2.8873e-01 7.1127e-01 2.1326e-16 0.0000e+00 0.0000e+00 0.0000e+00 0.0000e+00
5.6265e+04 2.3346e-01 7.6654e-01 2.9049e-16 0.0000e+00 0.0000e+00 0.0000e+00 0.0000e+00
5.7622e+04 1.8595e-01 8.1405e-01 3.9058e-16 0.0000e+00 0.0000e+00 0.0000e+00 0.0000e+00
5.8985e+04 1.4679e-01 8.5321e-01 5.1604e-16 0.0000e+00 0.0000e+00 0.0000e+00 0.0000e+00
6.0341e+04 1.1509e-01 8.8491e-01 6.7407e-16 0.0000e+00 0.0000e+00 0.0000e+00 0.0000e+00
6.1676e+04 9.0433e-02 9.0957e-01 8.6279e-16 0.0000e+00 0.0000e+00 0.0000e+00 0.0000e+00
6.2975e+04 7.1282e-02 9.2872e-01 1.0895e-15 0.0000e+00 0.0000e+00 0.0000e+00 0.0000e+00
6.4219e+04 5.6758e-02 9.4324e-01 1.3514e-15 0.0000e+00 0.0000e+00 0.0000e+00 0.0000e+00
6.5388e+04 4.5884e-02 9.5412e-01 1.6425e-15 0.0000e+00 0.0000e+00 0.0000e+00 0.0000e+00
6.6461e+04 3.7795e-02 9.6220e-01 1.9531e-15 0.0000e+00 0.0000e+00 0.0000e+00 0.0000e+00
6.7422e+04 3.1826e-02 9.6817e-01 2.2716e-15 0.0000e+00 0.0000e+00 0.0000e+00 0.0000e+00
6.8257e+04 2.7461e-02 9.7254e-01 2.5814e-15 0.0000e+00 0.0000e+00 0.0000e+00 0.0000e+00
6.8960e+04 2.4275e-02 9.7573e-01 2.8735e-15 0.0000e+00 0.0000e+00 0.0000e+00 0.0000e+00
6.9475e+04 2.2003e-02 9.7800e-01 3.1229e-15 0.0000e+00 0.0000e+00 0.0000e+00 0.0000e+00
6.9758e+04 2.1096e-02 9.7890e-01 3.2336e-15 0.0000e+00 0.0000e+00 0.0000e+00 0.0000e+00
6.9886e+04 2.0858e-02 9.7914e-01 3.2572e-15 0.0000e+00 0.0000e+00 0.0000e+00 0.0000e+00
6.9950e+04 2.0498e-02 9.7950e-01 3.3018e-15 0.0000e+00 0.0000e+00 0.0000e+00 0.0000e+00
6.9982e+04 2.1563e-02 9.7844e-01 3.1225e-15 0.0000e+00 0.0000e+00 0.0000e+00 0.0000e+00
6.9996e+04 1.8416e-02 9.8158e-01 3.6684e-15 0.0000e+00 0.0000e+00 0.0000e+00 0.0000e+00
7.0000e+04 7.7005e-03 9.9230e-01 8.9658e-15 0.0000e+00 0.0000e+00 0.0000e+00 0.0000e+00
#
#TIME: 1.0089
#NVEL: 115
#vel_mid[km/s] si0 si1 si2 si3 si4 si5 si6
4.4010e+02 4.4287e-33 2.4472e-24 1.8098e-15 9.1306e-08 5.6351e-01 4.3643e-01 5.1689e-05
8.8623e+02 3.5242e-25 2.3427e-18 2.1149e-11 1.2999e-05 9.8901e-01 1.0979e-02 1.9446e-08
9.0614e+02 3.5420e-25 2.3531e-18 2.1215e-11 1.3024e-05 9.8911e-01 1.0881e-02 1.9058e-08
9.4442e+02 3.5396e-25 2.3517e-18 2.1206e-11 1.3021e-05 9.8910e-01 1.0891e-02 1.9099e-08
9.9911e+02 3.5461e-25 2.3554e-18 2.1229e-11 1.3029e-05 9.8913e-01 1.0861e-02 1.8982e-08
1.0608e+03 3.5232e-25 2.3430e-18 2.1153e-11 1.3003e-05 9.8905e-01 1.0934e-02 1.9267e-08
1.1257e+03 3.5145e-25 2.3369e-18 2.1112e-11 1.2986e-05 9.8895e-01 1.1038e-02 1.9680e-08
1.1944e+03 3.4258e-25 2.2851e-18 2.0783e-11 1.2863e-05 9.8844e-01 1.1545e-02 2.1763e-08
1.2673e+03 3.1001e-25 2.0947e-18 1.9554e-11 1.2400e-05 9.8634e-01 1.3651e-02 3.1676e-08
1.3448e+03 1.9854e-25 1.4252e-18 1.4936e-11 1.0552e-05 9.7269e-01 2.7295e-02 1.5012e-07
1.4269e+03 7.9632e-26 6.4343e-19 8.4731e-12 7.4102e-06 9.0057e-01 9.9423e-02 2.9076e-06
1.5140e+03 2.4460e-26 2.2704e-19 3.8532e-12 4.2831e-06 6.9100e-01 3.0895e-01 4.9447e-05
1.6065e+03 6.7603e-27 7.1779e-20 1.5246e-12 2.1029e-06 4.2867e-01 5.7098e-01 3.4157e-04
1.7047e+03 1.7863e-27 2.1197e-20 5.4560e-13 9.0708e-07 2.2384e-01 7.7469e-01 1.4684e-03
1.8088e+03 3.7092e-28 4.9534e-21 1.5643e-13 3.1814e-07 9.5313e-02 8.9898e-01 5.7076e-03
1.9193e+03 6.0280e-29 9.2847e-22 3.6995e-14 9.4940e-08 3.5149e-02 9.4383e-01 2.1016e-02
2.0365e+03 8.2033e-30 1.4811e-22 7.5893e-15 2.5143e-08 1.1603e-02 9.1468e-01 7.3721e-02
2.1609e+03 9.2058e-31 1.9842e-23 1.3298e-15 5.8058e-09 3.3675e-03 7.7415e-01 2.2248e-01
2.2929e+03 7.7210e-32 2.0264e-24 1.8037e-16 1.0572e-09 7.7833e-04 5.0515e-01 4.9407e-01
2.4330e+03 5.1236e-33 1.6234e-25 1.8983e-17 1.4818e-10 1.3627e-04 2.3988e-01 7.5999e-01
2.5816e+03 3.9567e-34 1.4719e-26 2.1776e-18 2.1823e-11 2.4183e-05 1.0170e-01 8.9828e-01
2.7393e+03 5.1290e-35 2.1728e-27 3.8729e-19 4.7350e-12 6.0815e-06 4.9536e-02 9.5046e-01
2.9067e+03 1.2105e-35 5.7258e-28 1.1795e-19 1.6802e-12 2.4343e-06 3.0569e-02 9.6943e-01
3.0842e+03 5.2464e-36 2.7562e-28 6.3632e-20 1.0183e-12 1.6428e-06 2.4954e-02 9.7504e-01
3.2726e+03 4.4376e-36 2.5532e-28 6.3509e-20 1.0906e-12 1.9178e-06 2.7377e-02 9.7262e-01
3.4725e+03 6.6824e-36 4.1283e-28 1.0633e-19 1.8746e-12 3.5015e-06 3.8165e-02 9.6183e-01
3.6846e+03 1.6812e-35 1.1120e-27 2.8934e-19 5.0881e-12 9.9896e-06 6.7354e-02 9.3264e-01
3.9097e+03 5.4170e-35 3.9430e-27 1.0453e-18 1.8454e-11 3.8794e-05 1.3819e-01 8.6177e-01
4.1484e+03 1.7500e-34 1.3213e-26 3.4079e-18 5.7940e-11 1.2310e-04 2.4624e-01 7.5364e-01
4.4019e+03 3.6713e-34 2.6770e-26 6.4956e-18 1.0352e-10 2.0994e-04 3.1516e-01 6.8463e-01
4.6708e+03 2.6318e-34 1.9816e-26 5.0018e-18 8.3001e-11 1.7440e-04 2.9017e-01 7.0966e-01
4.9561e+03 9.5352e-35 8.1693e-27 2.3772e-18 4.5563e-11 1.0957e-04 2.3540e-01 7.6449e-01
5.2588e+03 3.8007e-35 3.7052e-27 1.2368e-18 2.7224e-11 7.4755e-05 1.9751e-01 8.0242e-01
5.5800e+03 2.4321e-35 2.5469e-27 9.1455e-19 2.1660e-11 6.3931e-05 1.8392e-01 8.1602e-01
5.9209e+03 2.3077e-35 2.5515e-27 9.5562e-19 2.3566e-11 7.3049e-05 1.9747e-01 8.0245e-01
6.2825e+03 2.7890e-35 3.2432e-27 1.2492e-18 3.1585e-11 1.0194e-04 2.3349e-01 7.6640e-01
6.6663e+03 4.1277e-35 4.9271e-27 1.8985e-18 4.7860e-11 1.5665e-04 2.8698e-01 7.1286e-01
7.0735e+03 7.4040e-35 9.0292e-27 3.4327e-18 8.5050e-11 2.7949e-04 3.7317e-01 6.2655e-01
7.5056e+03 1.5476e-34 1.9770e-26 7.4722e-18 1.8315e-10 6.1287e-04 5.1468e-01 4.8471e-01
7.9641e+03 3.8228e-34 5.0262e-26 1.8390e-17 4.3455e-10 1.4426e-03 6.8255e-01 3.1601e-01
8.4505e+03 1.1654e-33 1.5082e-25 5.0814e-17 1.1028e-09 3.4462e-03 8.2882e-01 1.6773e-01
8.9668e+03 4.9364e-33 6.1844e-25 1.8420e-16 3.5326e-09 9.9719e-03 9.3081e-01 5.9216e-02
9.5145e+03 3.7757e-32 4.4428e-24 1.0916e-15 1.7364e-08 4.0970e-02 9.4808e-01 1.0954e-02
1.0096e+04 6.3107e-31 6.5419e-23 1.1873e-14 1.4183e-07 2.4254e-01 7.5670e-01 7.5549e-04
1.0712e+04 1.0821e-29 9.3259e-22 1.0956e-13 8.7588e-07 8.6926e-01 1.3073e-01 3.1706e-06
1.1367e+04 1.7627e-28 1.0986e-20 6.6140e-13 2.7759e-06 9.9876e-01 1.2349e-03 8.2627e-11
1.2062e+04 1.0111e-26 3.9562e-19 1.0007e-11 1.5211e-05 9.9998e-01 9.0513e-07 8.4453e-18
1.2794e+04 1.2706e-24 3.0802e-17 3.3701e-10 1.3267e-04 9.9987e-01 1.4917e-10 3.0541e-26
1.3528e+04 1.9142e-22 3.0904e-15 1.5892e-08 1.3526e-03 9.9865e-01 1.6722e-14 4.6504e-35
1.4194e+04 6.1702e-20 6.8003e-13 1.5011e-06 2.0031e-02 9.7997e-01 4.9205e-19 4.2039e-45
1.4758e+04 4.9271e-17 3.8828e-10 3.0326e-04 3.8105e-01 6.1864e-01 6.7749e-25 0.0000e+00
1.5240e+04 1.8698e-14 8.6518e-08 1.5802e-02 9.6075e-01 2.3444e-02 5.5309e-33 0.0000e+00
1.5647e+04 4.4728e-12 1.0214e-05 3.3520e-01 6.6463e-01 1.5849e-04 2.5910e-42 0.0000e+00
1.5960e+04 2.3024e-10 2.1267e-04 9.6088e-01 3.8910e-02 5.1503e-08 0.0000e+00 0.0000e+00
1.6187e+04 6.8746e-09 2.1199e-03 9.9743e-01 4.4948e-04 1.4759e-12 0.0000e+00 0.0000e+00
1.6354e+04 2.5102e-07 2.3198e-02 9.7680e-01 3.2558e-06 1.4928e-17 0.0000e+00 0.0000e+00
1.6484e+04 1.0567e-05 2.5707e-01 7.4292e-01 9.7559e-09 2.5917e-23 0.0000e+00 0.0000e+00
1.6593e+04 1.1023e-04 8.1833e-01 1.8156e-01 9.7779e-12 1.4795e-29 0.0000e+00 0.0000e+00
1.6692e+04 3.4433e-04 9.7655e-01 2.3103e-02 9.0449e-15 1.6187e-35 0.0000e+00 0.0000e+00
1.6788e+04 5.5283e-04 9.9267e-01 6.7744e-03 1.4762e-16 4.8242e-39 0.0000e+00 0.0000e+00
1.6888e+04 7.5107e-04 9.9640e-01 2.8458e-03 7.9212e-18 1.4794e-41 0.0000e+00 0.0000e+00
1.6999e+04 9.0695e-04 9.9749e-01 1.6033e-03 1.1198e-18 3.0408e-43 0.0000e+00 0.0000e+00
1.7146e+04 1.1511e-03 9.9805e-01 7.9885e-04 1.0669e-19 2.8026e-45 0.0000e+00 0.0000e+00
1.7416e+04 1.8768e-03 9.9790e-01 2.2117e-04 1.5629e-21 0.0000e+00 0.0000e+00 0.0000e+00
1.7888e+04 4.7124e-03 9.9526e-01 2.3711e-05 1.1883e-24 0.0000e+00 0.0000e+00 0.0000e+00
1.8532e+04 1.3531e-02 9.8647e-01 2.0845e-06 5.4907e-28 0.0000e+00 0.0000e+00 0.0000e+00
1.9260e+04 3.3714e-02 9.6629e-01 2.2779e-07 4.8733e-31 0.0000e+00 0.0000e+00 0.0000e+00
2.0034e+04 7.4262e-02 9.2574e-01 2.8482e-08 6.4956e-34 0.0000e+00 0.0000e+00 0.0000e+00
2.0838e+04 1.4550e-01 8.5450e-01 4.0980e-09 1.4566e-36 0.0000e+00 0.0000e+00 0.0000e+00
2.1648e+04 2.4893e-01 7.5107e-01 7.0199e-10 6.4586e-39 0.0000e+00 0.0000e+00 0.0000e+00
2.2448e+04 3.9319e-01 6.0681e-01 1.0200e-10 1.9122e-41 0.0000e+00 0.0000e+00 0.0000e+00
2.3246e+04 4.9956e-01 5.0044e-01 2.4427e-11 2.4803e-43 0.0000e+00 0.0000e+00 0.0000e+00
2.4052e+04 6.0230e-01 3.9770e-01 5.9920e-12 4.2039e-45 0.0000e+00 0.0000e+00 0.0000e+00
2.4868e+04 7.0135e-01 2.9865e-01 1.3534e-12 0.0000e+00 0.0000e+00 0.0000e+00 0.0000e+00
2.5699e+04 7.7369e-01 2.2631e-01 3.4514e-13 0.0000e+00 0.0000e+00 0.0000e+00 0.0000e+00
2.6588e+04 8.3153e-01 1.6847e-01 8.0588e-14 0.0000e+00 0.0000e+00 0.0000e+00 0.0000e+00
2.7638e+04 8.6284e-01 1.3716e-01 2.2714e-14 0.0000e+00 0.0000e+00 0.0000e+00 0.0000e+00
2.8987e+04 8.6805e-01 1.3195e-01 8.7104e-15 0.0000e+00 0.0000e+00 0.0000e+00 0.0000e+00
3.0652e+04 8.5900e-01 1.4100e-01 3.0068e-15 0.0000e+00 0.0000e+00 0.0000e+00 0.0000e+00
3.2516e+04 5.9189e-01 4.0811e-01 3.0724e-14 0.0000e+00 0.0000e+00 0.0000e+00 0.0000e+00
3.4459e+04 1.8846e-01 8.1154e-01 4.6873e-13 0.0000e+00 0.0000e+00 0.0000e+00 0.0000e+00
3.6371e+04 1.3901e-01 8.6099e-01 3.6870e-13 0.0000e+00 0.0000e+00 0.0000e+00 0.0000e+00
3.8150e+04 1.0061e-01 8.9939e-01 4.6079e-13 0.0000e+00 0.0000e+00 0.0000e+00 0.0000e+00
3.9750e+04 6.1853e-02 9.3815e-01 1.0029e-12 0.0000e+00 0.0000e+00 0.0000e+00 0.0000e+00
4.1174e+04 1.3495e-01 8.6505e-01 1.1264e-13 0.0000e+00 0.0000e+00 0.0000e+00 0.0000e+00
4.2468e+04 2.6719e-01 7.3281e-01 1.1348e-14 0.0000e+00 0.0000e+00 0.0000e+00 0.0000e+00
4.3688e+04 1.9452e-01 8.0548e-01 1.8860e-14 0.0000e+00 0.0000e+00 0.0000e+00 0.0000e+00
4.4884e+04 4.9122e-01 5.0878e-01 4.5333e-16 0.0000e+00 0.0000e+00 0.0000e+00 0.0000e+00
4.6084e+04 7.1614e-02 9.2839e-01 9.7237e-14 0.0000e+00 0.0000e+00 0.0000e+00 0.0000e+00
4.7294e+04 7.8602e-02 9.2140e-01 5.3829e-14 0.0000e+00 0.0000e+00 0.0000e+00 0.0000e+00
4.8516e+04 7.1838e-01 2.8162e-01 1.0554e-17 0.0000e+00 0.0000e+00 0.0000e+00 0.0000e+00
4.9754e+04 2.6964e-01 7.3036e-01 1.0505e-15 0.0000e+00 0.0000e+00 0.0000e+00 0.0000e+00
5.1012e+04 1.5264e-01 8.4736e-01 3.6381e-15 0.0000e+00 0.0000e+00 0.0000e+00 0.0000e+00
5.2292e+04 9.8060e-01 1.9398e-02 3.6738e-22 0.0000e+00 0.0000e+00 0.0000e+00 0.0000e+00
5.3596e+04 9.6488e-01 3.5118e-02 1.8539e-21 0.0000e+00 0.0000e+00 0.0000e+00 0.0000e+00
5.4921e+04 9.9758e-01 2.4168e-03 1.5797e-25 0.0000e+00 0.0000e+00 0.0000e+00 0.0000e+00
5.6265e+04 9.9109e-01 8.9143e-03 9.3998e-24 0.0000e+00 0.0000e+00 0.0000e+00 0.0000e+00
5.7622e+04 6.0415e-01 3.9585e-01 3.5564e-18 0.0000e+00 0.0000e+00 0.0000e+00 0.0000e+00
5.8985e+04 2.5935e-03 9.9741e-01 4.5942e-12 0.0000e+00 0.0000e+00 0.0000e+00 0.0000e+00
6.0341e+04 7.4033e-01 2.5967e-01 3.2091e-19 0.0000e+00 0.0000e+00 0.0000e+00 0.0000e+00
6.1676e+04 5.3491e-02 9.4651e-01 2.6068e-15 0.0000e+00 0.0000e+00 0.0000e+00 0.0000e+00
6.2975e+04 7.1475e-03 9.9285e-01 1.3442e-13 0.0000e+00 0.0000e+00 0.0000e+00 0.0000e+00
6.4219e+04 1.9055e-02 9.8094e-01 1.2692e-14 0.0000e+00 0.0000e+00 0.0000e+00 0.0000e+00
6.5388e+04 9.1422e-04 9.9909e-01 1.6169e-11 0.0000e+00 0.0000e+00 0.0000e+00 0.0000e+00
6.6461e+04 1.2921e-03 9.9871e-01 3.9175e-12 0.0000e+00 0.0000e+00 0.0000e+00 0.0000e+00
6.7422e+04 3.2946e-04 9.9967e-01 3.3907e-10 0.0000e+00 0.0000e+00 0.0000e+00 0.0000e+00
6.8257e+04 1.9868e-03 9.9801e-01 7.3840e-13 0.0000e+00 0.0000e+00 0.0000e+00 0.0000e+00
6.8960e+04 3.8748e-04 9.9961e-01 1.1347e-10 0.0000e+00 0.0000e+00 0.0000e+00 0.0000e+00
6.9475e+04 6.4809e-01 3.5191e-01 1.3681e-19 0.0000e+00 0.0000e+00 0.0000e+00 0.0000e+00
6.9758e+04 8.3578e-01 1.6422e-01 7.1529e-21 0.0000e+00 0.0000e+00 0.0000e+00 0.0000e+00
6.9886e+04 9.3915e-01 6.0850e-02 2.4296e-22 0.0000e+00 0.0000e+00 0.0000e+00 0.0000e+00
6.9950e+04 9.5526e-01 4.4743e-02 8.5968e-23 0.0000e+00 0.0000e+00 0.0000e+00 0.0000e+00
6.9982e+04 9.5195e-01 4.8052e-02 1.1420e-22 0.0000e+00 0.0000e+00 0.0000e+00 0.0000e+00
6.9996e+04 9.4411e-01 5.5891e-02 1.5987e-22 0.0000e+00 0.0000e+00 0.0000e+00 0.0000e+00
7.0000e+04 8.8664e-01 1.1336e-01 6.9855e-22 0.0000e+00 0.0000e+00 0.0000e+00 0.0000e+00
#
#TIME: 1.0313
#NVEL: 115
#vel_mid[km/s] si0 si1 si2 si3 si4 si5 si6
4.4010e+02 6.0344e-33 3.3641e-24 2.4051e-15 1.1794e-07 6.8228e-01 3.1770e-01 1.9950e-05
8.8623e+02 4.0155e-25 2.6809e-18 2.3347e-11 1.3917e-05 9.9317e-01 6.8134e-03 6.6290e-09
9.0614e+02 3.9403e-25 2.6389e-18 2.3093e-11 1.3829e-05 9.9301e-01 6.9805e-03 6.9954e-09
9.4442e+02 3.9409e-25 2.6393e-18 2.3095e-11 1.3830e-05 9.9301e-01 6.9790e-03 6.9922e-09
9.9911e+02 3.9538e-25 2.6466e-18 2.3140e-11 1.3846e-05 9.9304e-01 6.9460e-03 6.9187e-09
1.0608e+03 3.9143e-25 2.6247e-18 2.3008e-11 1.3800e-05 9.9296e-01 7.0279e-03 7.1006e-09
1.1257e+03 3.9182e-25 2.6256e-18 2.3011e-11 1.3799e-05 9.9293e-01 7.0601e-03 7.1752e-09
1.1944e+03 3.8062e-25 2.5601e-18 2.2606e-11 1.3652e-05 9.9257e-01 7.4209e-03 8.0203e-09
1.2673e+03 3.4438e-25 2.3467e-18 2.1269e-11 1.3161e-05 9.9120e-01 8.7825e-03 1.1685e-08
1.3448e+03 2.1804e-25 1.5829e-18 1.6155e-11 1.1173e-05 9.8205e-01 1.7936e-02 5.7718e-08
1.4269e+03 8.7162e-26 7.1552e-19 9.2240e-12 7.9363e-06 9.3112e-01 6.8866e-02 1.2208e-06
1.5140e+03 2.8070e-26 2.6542e-19 4.4265e-12 4.8548e-06 7.6421e-01 2.3576e-01 2.3727e-05
1.6065e+03 8.3437e-27 9.0353e-20 1.8900e-12 2.5751e-06 5.1575e-01 4.8406e-01 1.8696e-04
1.7047e+03 2.3346e-27 2.8263e-20 7.1727e-13 1.1782e-06 2.8710e-01 7.1201e-01 8.9018e-04
1.8088e+03 5.0309e-28 6.8440e-21 2.1300e-13 4.2725e-07 1.2680e-01 8.6949e-01 3.7106e-03
1.9193e+03 8.2724e-29 1.2954e-21 5.0838e-14 1.2844e-07 4.7234e-02 9.3840e-01 1.4370e-02
2.0365e+03 1.1331e-29 2.0778e-22 1.0489e-14 3.4176e-08 1.5715e-02 9.3155e-01 5.2733e-02
2.1609e+03 1.2886e-30 2.8256e-23 1.8713e-15 8.0515e-09 4.6782e-03 8.2472e-01 1.7060e-01
2.2929e+03 1.1190e-31 2.9992e-24 2.6521e-16 1.5385e-09 1.1424e-03 5.8020e-01 4.1866e-01
2.4330e+03 7.6759e-33 2.4918e-25 2.9077e-17 2.2547e-10 2.1032e-04 2.9498e-01 7.0481e-01
2.5816e+03 5.9865e-34 2.2808e-26 3.3708e-18 3.3572e-11 3.7789e-05 1.2847e-01 8.7149e-01
2.7393e+03 7.7345e-35 3.3514e-27 5.9656e-19 7.2437e-12 9.4468e-06 6.2817e-02 9.3717e-01
2.9067e+03 1.8011e-35 8.7117e-28 1.7930e-19 2.5378e-12 3.7340e-06 3.8596e-02 9.6140e-01
3.0842e+03 7.7679e-36 4.1725e-28 9.6268e-20 1.5309e-12 2.5085e-06 3.1451e-02 9.6855e-01
3.2726e+03 6.6187e-36 3.8930e-28 9.6735e-20 1.6503e-12 2.9464e-06 3.4608e-02 9.6539e-01
3.4725e+03 9.9684e-36 6.3002e-28 1.6218e-19 2.8425e-12 5.3926e-06 4.8247e-02 9.5175e-01
3.6846e+03 2.5597e-35 1.7321e-27 4.4993e-19 7.8599e-12 1.5657e-05 8.5622e-02 9.1436e-01
3.9097e+03 8.4321e-35 6.2780e-27 1.6583e-18 2.9044e-11 6.1814e-05 1.7537e-01 8.2457e-01
4.1484e+03 2.7365e-34 2.1119e-26 5.4157e-18 9.1198e-11 1.9563e-04 3.0659e-01 6.9322e-01
4.4019e+03 5.6991e-34 4.2457e-26 1.0233e-17 1.6141e-10 3.3007e-04 3.8568e-01 6.1399e-01
4.6708e+03 4.1125e-34 3.1635e-26 7.9316e-18 1.3026e-10 2.7602e-04 3.5778e-01 6.4195e-01
4.9561e+03 1.5118e-34 1.3232e-26 3.8251e-18 7.2554e-11 1.7602e-04 2.9512e-01 7.0471e-01
5.2588e+03 6.0846e-35 6.0600e-27 2.0098e-18 4.3782e-11 1.2132e-04 2.5046e-01 7.4941e-01
5.5800e+03 3.8763e-35 4.1494e-27 1.4815e-18 3.4755e-11 1.0359e-04 2.3361e-01 7.6629e-01
5.9209e+03 3.6788e-35 4.1578e-27 1.5483e-18 3.7819e-11 1.1834e-04 2.5024e-01 7.4965e-01
6.2825e+03 4.4286e-35 5.2645e-27 2.0156e-18 5.0474e-11 1.6434e-04 2.9335e-01 7.0649e-01
6.6663e+03 6.5207e-35 7.9543e-27 3.0441e-18 7.5971e-11 2.5054e-04 3.5576e-01 6.4399e-01
7.0735e+03 1.1556e-34 1.4391e-26 5.4275e-18 1.3301e-10 4.3957e-04 4.5170e-01 5.4786e-01
7.5056e+03 2.3708e-34 3.0877e-26 1.1547e-17 2.7944e-10 9.3682e-04 5.9817e-01 4.0089e-01
7.9641e+03 5.7269e-34 7.6593e-26 2.7637e-17 6.4312e-10 2.1284e-03 7.5407e-01 2.4380e-01
8.4505e+03 1.7142e-33 2.2519e-25 7.4593e-17 1.5908e-09 4.9303e-03 8.7395e-01 1.2112e-01
8.9668e+03 7.2376e-33 9.1878e-25 2.6819e-16 5.0447e-09 1.4032e-02 9.4581e-01 4.0159e-02
9.5145e+03 5.5939e-32 6.6652e-24 1.6013e-15 2.4968e-08 5.7585e-02 9.3545e-01 6.9604e-03
1.0096e+04 8.8867e-31 9.3404e-23 1.6564e-14 1.9422e-07 3.2142e-01 6.7817e-01 4.1564e-04
1.0712e+04 1.2648e-29 1.0981e-21 1.2506e-13 9.7416e-07 9.1286e-01 8.7141e-02 1.1993e-06
1.1367e+04 2.1282e-28 1.3218e-20 7.6312e-13 3.0636e-06 9.9929e-01 7.0445e-04 2.3439e-11
1.2062e+04 1.3091e-26 5.0932e-19 1.2376e-11 1.7530e-05 9.9998e-01 4.4899e-07 1.7519e-18
1.2794e+04 1.8095e-24 4.3523e-17 4.5663e-10 1.6084e-04 9.9984e-01 6.2531e-11 4.3494e-27
1.3528e+04 3.0812e-22 4.9268e-15 2.3979e-08 1.7410e-03 9.9826e-01 5.6840e-15 4.1502e-36
1.4194e+04 1.1151e-19 1.2193e-12 2.5009e-06 2.7179e-02 9.7282e-01 1.3470e-19 0.0000e+00
1.4758e+04 8.1221e-17 6.4806e-10 4.6893e-04 4.6676e-01 5.3277e-01 1.3371e-25 0.0000e+00
1.5240e+04 2.8008e-14 1.2947e-07 2.1198e-02 9.6339e-01 1.5415e-02 6.6844e-34 0.0000e+00
1.5647e+04 6.3100e-12 1.4516e-05 4.1939e-01 5.8052e-01 8.2330e-05 1.6115e-43 0.0000e+00
1.5960e+04 3.0058e-10 2.6388e-04 9.7525e-01 2.4486e-02 1.6670e-08 0.0000e+00 0.0000e+00
1.6187e+04 9.5428e-09 2.7030e-03 9.9704e-01 2.5616e-04 3.8755e-13 0.0000e+00 0.0000e+00
1.6354e+04 3.5330e-07 2.9595e-02 9.7040e-01 1.8274e-06 3.8190e-18 0.0000e+00 0.0000e+00
1.6484e+04 1.4769e-05 3.1827e-01 6.8172e-01 4.5390e-09 4.7360e-24 0.0000e+00 0.0000e+00
1.6593e+04 1.5520e-04 8.9136e-01 1.0849e-01 1.5514e-12 3.8182e-31 0.0000e+00 0.0000e+00
1.6692e+04 4.6578e-04 9.8870e-01 1.0833e-02 7.1883e-16 1.1038e-37 0.0000e+00 0.0000e+00
1.6788e+04 7.4440e-04 9.9620e-01 3.0548e-03 1.0398e-17 2.5937e-41 0.0000e+00 0.0000e+00
1.6888e+04 9.9592e-04 9.9765e-01 1.3580e-03 6.9016e-19 1.2331e-43 0.0000e+00 0.0000e+00
1.6999e+04 1.2544e-03 9.9803e-01 7.1238e-04 7.9938e-20 1.4013e-45 0.0000e+00 0.0000e+00
1.7146e+04 1.6178e-03 9.9803e-01 3.5437e-04 7.8522e-21 0.0000e+00 0.0000e+00 0.0000e+00
1.7416e+04 2.7499e-03 9.9716e-01 9.4389e-05 1.0761e-22 0.0000e+00 0.0000e+00 0.0000e+00
1.7888e+04 6.5164e-03 9.9347e-01 1.1613e-05 1.2795e-25 0.0000e+00 0.0000e+00 0.0000e+00
1.8532e+04 1.8648e-02 9.8135e-01 1.0123e-06 5.7705e-29 0.0000e+00 0.0000e+00 0.0000e+00
1.9260e+04 5.0352e-02 9.4965e-01 9.0693e-08 2.8648e-32 0.0000e+00 0.0000e+00 0.0000e+00
2.0034e+04 1.0932e-01 8.9068e-01 1.0910e-08 3.5288e-35 0.0000e+00 0.0000e+00 0.0000e+00
2.0838e+04 2.2329e-01 7.7671e-01 1.1911e-09 3.7491e-38 0.0000e+00 0.0000e+00 0.0000e+00
2.1648e+04 3.6717e-01 6.3283e-01 1.7059e-10 1.0900e-40 0.0000e+00 0.0000e+00 0.0000e+00
2.2448e+04 5.2372e-01 4.7628e-01 2.4105e-11 3.3631e-43 0.0000e+00 0.0000e+00 0.0000e+00
2.3246e+04 6.2655e-01 3.7345e-01 5.5881e-12 4.2039e-45 0.0000e+00 0.0000e+00 0.0000e+00
2.4052e+04 7.1492e-01 2.8508e-01 1.3676e-12 0.0000e+00 0.0000e+00 0.0000e+00 0.0000e+00
2.4868e+04 7.8657e-01 2.1343e-01 3.4807e-13 0.0000e+00 0.0000e+00 0.0000e+00 0.0000e+00
2.5699e+04 8.4051e-01 1.5949e-01 9.1386e-14 0.0000e+00 0.0000e+00 0.0000e+00 0.0000e+00
2.6588e+04 8.7231e-01 1.2769e-01 2.8850e-14 0.0000e+00 0.0000e+00 0.0000e+00 0.0000e+00
2.7638e+04 8.9761e-01 1.0239e-01 7.8885e-15 0.0000e+00 0.0000e+00 0.0000e+00 0.0000e+00
2.8987e+04 9.0471e-01 9.5292e-02 2.7243e-15 0.0000e+00 0.0000e+00 0.0000e+00 0.0000e+00
3.0652e+04 8.9096e-01 1.0904e-01 1.1825e-15 0.0000e+00 0.0000e+00 0.0000e+00 0.0000e+00
3.2516e+04 7.9310e-01 2.0690e-01 1.9961e-15 0.0000e+00 0.0000e+00 0.0000e+00 0.0000e+00
3.4459e+04 3.9533e-01 6.0467e-01 4.0239e-14 0.0000e+00 0.0000e+00 0.0000e+00 0.0000e+00
3.6371e+04 3.6773e-01 6.3227e-01 1.8594e-14 0.0000e+00 0.0000e+00 0.0000e+00 0.0000e+00
3.8150e+04 2.4847e-01 7.5153e-01 3.9601e-14 0.0000e+00 0.0000e+00 0.0000e+00 0.0000e+00
3.9750e+04 3.0733e-01 6.9267e-01 1.4040e-14 0.0000e+00 0.0000e+00 0.0000e+00 0.0000e+00
4.1174e+04 5.3859e-01 4.6141e-01 9.0349e-16 0.0000e+00 0.0000e+00 0.0000e+00 0.0000e+00
4.2468e+04 1.8373e-01 8.1627e-01 3.1699e-14 0.0000e+00 0.0000e+00 0.0000e+00 0.0000e+00
4.3688e+04 3.0595e-02 9.6940e-01 1.3900e-12 0.0000e+00 0.0000e+00 0.0000e+00 0.0000e+00
4.4884e+04 3.7590e-02 9.6241e-01 5.6800e-13 0.0000e+00 0.0000e+00 0.0000e+00 0.0000e+00
4.6084e+04 1.3520e-01 8.6480e-01 2.0351e-14 0.0000e+00 0.0000e+00 0.0000e+00 0.0000e+00
4.7294e+04 5.5238e-01 4.4762e-01 1.0422e-16 0.0000e+00 0.0000e+00 0.0000e+00 0.0000e+00
4.8516e+04 2.9270e-01 7.0730e-01 1.0895e-15 0.0000e+00 0.0000e+00 0.0000e+00 0.0000e+00
4.9754e+04 8.5589e-01 1.4411e-01 5.8904e-19 0.0000e+00 0.0000e+00 0.0000e+00 0.0000e+00
5.1012e+04 8.9381e-01 1.0619e-01 1.4333e-19 0.0000e+00 0.0000e+00 0.0000e+00 0.0000e+00
5.2292e+04 1.5838e-06 9.8654e-01 1.3460e-02 1.2783e-20 0.0000e+00 0.0000e+00 0.0000e+00
5.3596e+04 2.4260e-05 9.9995e-01 2.9665e-05 5.0145e-29 0.0000e+00 0.0000e+00 0.0000e+00
5.4921e+04 3.6469e-26 1.2146e-14 2.3140e-05 5.2593e-01 4.7405e-01 4.1302e-40 0.0000e+00
5.6265e+04 1.0972e-10 1.0740e-02 9.8926e-01 1.5822e-11 5.2697e-32 0.0000e+00 0.0000e+00
5.7622e+04 7.9944e-01 2.0056e-01 2.2514e-19 0.0000e+00 0.0000e+00 0.0000e+00 0.0000e+00
5.8985e+04 7.9257e-02 9.2074e-01 1.9677e-15 0.0000e+00 0.0000e+00 0.0000e+00 0.0000e+00
6.0341e+04 7.9904e-04 9.9920e-01 1.2528e-10 0.0000e+00 0.0000e+00 0.0000e+00 0.0000e+00
6.1676e+04 9.6466e-01 3.5339e-02 2.3161e-22 0.0000e+00 0.0000e+00 0.0000e+00 0.0000e+00
6.2975e+04 7.7213e-02 9.2279e-01 8.0094e-16 0.0000e+00 0.0000e+00 0.0000e+00 0.0000e+00
6.4219e+04 6.2761e-01 3.7239e-01 5.2242e-19 0.0000e+00 0.0000e+00 0.0000e+00 0.0000e+00
6.5388e+04 1.0141e-02 9.8986e-01 3.3830e-14 0.0000e+00 0.0000e+00 0.0000e+00 0.0000e+00
6.6461e+04 1.9757e-02 9.8024e-01 6.6493e-15 0.0000e+00 0.0000e+00 0.0000e+00 0.0000e+00
6.7422e+04 9.6013e-04 9.9904e-01 6.8724e-12 0.0000e+00 0.0000e+00 0.0000e+00 0.0000e+00
6.8257e+04 4.5893e-02 9.5411e-01 7.6895e-16 0.0000e+00 0.0000e+00 0.0000e+00 0.0000e+00
6.8960e+04 1.1813e-03 9.9882e-01 2.3790e-12 0.0000e+00 0.0000e+00 0.0000e+00 0.0000e+00
6.9475e+04 9.9293e-01 7.0687e-03 1.9072e-25 0.0000e+00 0.0000e+00 0.0000e+00 0.0000e+00
6.9758e+04 9.9578e-01 4.2166e-03 3.1520e-26 0.0000e+00 0.0000e+00 0.0000e+00 0.0000e+00
6.9886e+04 9.9652e-01 3.4838e-03 1.6220e-26 0.0000e+00 0.0000e+00 0.0000e+00 0.0000e+00
6.9950e+04 9.9589e-01 4.1104e-03 2.7834e-26 0.0000e+00 0.0000e+00 0.0000e+00 0.0000e+00
6.9982e+04 9.9601e-01 3.9861e-03 2.6305e-26 0.0000e+00 0.0000e+00 0.0000e+00 0.0000e+00
6.9996e+04 9.9582e-01 4.1822e-03 2.6359e-26 0.0000e+00 0.0000e+00 0.0000e+00 0.0000e+00
7.0000e+04 9.9496e-01 5.0370e-03 2.0594e-26 0.0000e+00 0.0000e+00 0.0000e+00 0.0000e+00
#
#TIME: 1.0543
#NVEL: 115
#vel_mid[km/s] si0 si1 si2 si3 si4 si5 si6
4.4010e+02 7.9713e-33 4.4725e-24 3.0797e-15 1.4621e-07 7.8615e-01 2.1384e-01 6.8728e-06
8.8623e+02 4.3547e-25 2.9420e-18 2.5043e-11 1.4653e-05 9.9546e-01 4.5232e-03 2.6296e-09
9.0614e+02 4.1222e-25 2.8092e-18 2.4252e-11 1.4382e-05 9.9511e-01 4.8723e-03 3.1016e-09
9.4442e+02 4.1445e-25 2.8221e-18 2.4329e-11 1.4409e-05 9.9515e-01 4.8358e-03 3.0503e-09
9.9911e+02 4.1518e-25 2.8263e-18 2.4355e-11 1.4418e-05 9.9516e-01 4.8229e-03 3.0322e-09
1.0608e+03 4.1099e-25 2.8027e-18 2.4214e-11 1.4370e-05 9.9511e-01 4.8806e-03 3.1131e-09
1.1257e+03 4.1176e-25 2.8058e-18 2.4230e-11 1.4373e-05 9.9509e-01 4.8971e-03 3.1374e-09
1.1944e+03 4.0083e-25 2.7406e-18 2.3832e-11 1.4230e-05 9.9485e-01 5.1329e-03 3.4845e-09
1.2673e+03 3.6176e-25 2.5071e-18 2.2389e-11 1.3706e-05 9.9389e-01 6.0974e-03 5.1165e-09
1.3448e+03 2.2688e-25 1.6785e-18 1.6916e-11 1.1602e-05 9.8734e-01 1.2646e-02 2.6068e-08
1.4269e+03 9.0060e-26 7.5621e-19 9.6634e-12 8.2772e-06 9.4968e-01 5.0311e-02 5.8636e-07
1.5140e+03 2.9642e-26 2.8760e-19 4.7759e-12 5.2345e-06 8.1440e-01 1.8558e-01 1.2755e-05
1.6065e+03 9.3581e-27 1.0404e-19 2.1688e-12 2.9534e-06 5.8751e-01 4.1238e-01 1.1050e-04
1.7047e+03 2.7612e-27 3.4332e-20 8.6924e-13 1.4273e-06 3.4701e-01 6.5241e-01 5.7570e-04
1.8088e+03 6.1568e-28 8.5973e-21 2.6702e-13 5.3504e-07 1.5899e-01 8.3844e-01 2.5725e-03
1.9193e+03 1.0273e-28 1.6486e-21 6.4522e-14 1.6257e-07 5.9998e-02 9.2958e-01 1.0423e-02
2.0365e+03 1.4142e-29 2.6543e-22 1.3361e-14 4.3365e-08 2.0061e-02 9.4026e-01 3.9679e-02
2.1609e+03 1.6173e-30 3.6332e-23 2.4048e-15 1.0319e-08 6.0582e-03 8.5870e-01 1.3524e-01
2.2929e+03 1.4422e-31 3.9712e-24 3.5231e-16 2.0444e-09 1.5421e-03 6.3991e-01 3.5855e-01
2.4330e+03 1.0183e-32 3.4065e-25 4.0049e-17 3.1172e-10 2.9696e-04 3.4573e-01 6.5397e-01
2.5816e+03 8.0114e-34 3.1468e-26 4.6931e-18 4.6971e-11 5.4105e-05 1.5476e-01 8.4518e-01
2.7393e+03 1.0251e-34 4.5768e-27 8.2257e-19 1.0040e-11 1.3405e-05 7.5857e-02 9.2413e-01
2.9067e+03 2.3544e-35 1.1732e-27 2.4396e-19 3.4730e-12 5.2339e-06 4.6416e-02 9.5358e-01
3.0842e+03 1.0106e-35 5.5924e-28 1.3039e-19 2.0861e-12 3.5012e-06 3.7763e-02 9.6223e-01
3.2726e+03 8.5297e-36 5.1722e-28 1.3001e-19 2.2336e-12 4.0878e-06 4.1410e-02 9.5859e-01
3.4725e+03 1.2875e-35 8.3928e-28 2.1858e-19 3.8599e-12 7.5066e-06 5.7761e-02 9.4223e-01
3.6846e+03 3.3457e-35 2.3355e-27 6.1344e-19 1.0794e-11 2.2026e-05 1.0271e-01 8.9727e-01
3.9097e+03 1.1485e-34 8.8068e-27 2.3432e-18 4.1195e-11 8.9481e-05 2.1124e-01 7.8867e-01
4.1484e+03 3.7934e-34 3.0099e-26 7.7473e-18 1.3054e-10 2.8469e-04 3.6356e-01 6.3616e-01
4.4019e+03 7.9131e-34 6.0549e-26 1.4621e-17 2.3038e-10 4.7799e-04 4.5074e-01 5.4879e-01
4.6708e+03 5.7330e-34 4.5301e-26 1.1382e-17 1.8677e-10 4.0168e-04 4.2087e-01 5.7873e-01
4.9561e+03 2.1337e-34 1.9186e-26 5.5596e-18 1.0538e-10 2.5962e-04 3.5263e-01 6.4711e-01
5.2588e+03 8.6980e-35 8.8991e-27 2.9583e-18 6.4390e-11 1.8120e-04 3.0303e-01 6.9678e-01
5.5800e+03 5.4918e-35 6.0436e-27 2.1655e-18 5.0819e-11 1.5398e-04 2.8274e-01 7.1710e-01
5.9209e+03 5.2088e-35 6.0525e-27 2.2615e-18 5.5260e-11 1.7574e-04 3.0199e-01 6.9783e-01
6.2825e+03 6.2472e-35 7.6339e-27 2.9314e-18 7.3419e-11 2.4275e-04 3.5088e-01 6.4888e-01
6.6663e+03 9.1113e-35 1.1422e-26 4.3821e-18 1.0936e-10 3.6586e-04 4.1929e-01 5.8034e-01
7.0735e+03 1.6049e-34 2.0517e-26 7.7434e-18 1.8949e-10 6.3377e-04 5.2114e-01 4.7822e-01
7.5056e+03 3.2509e-34 4.3385e-26 1.6194e-17 3.9047e-10 1.3199e-03 6.6606e-01 3.3262e-01
7.9641e+03 7.7613e-34 1.0613e-25 3.8096e-17 8.8104e-10 2.9259e-03 8.0650e-01 1.9058e-01
8.4505e+03 2.3075e-33 3.0939e-25 1.0166e-16 2.1502e-09 6.6550e-03 9.0358e-01 8.9769e-02
8.9668e+03 9.7974e-33 1.2675e-24 3.6598e-16 6.8166e-09 1.8824e-02 9.5288e-01 2.8297e-02
9.5145e+03 7.6850e-32 9.3261e-24 2.2108e-15 3.4105e-08 7.7484e-02 9.1791e-01 4.6027e-03
1.0096e+04 1.1509e-30 1.2325e-22 2.1534e-14 2.4984e-07 4.0301e-01 5.9676e-01 2.3475e-04
1.0712e+04 1.4136e-29 1.2416e-21 1.3812e-13 1.0554e-06 9.4080e-01 5.9201e-02 4.8402e-07
1.1367e+04 2.4853e-28 1.5467e-20 8.6414e-13 3.3444e-06 9.9958e-01 4.2002e-04 7.3336e-12
1.2062e+04 1.6348e-26 6.3612e-19 1.4982e-11 1.9940e-05 9.9998e-01 2.3387e-07 4.0499e-19
1.2794e+04 2.4684e-24 5.9269e-17 6.0143e-10 1.9166e-04 9.9981e-01 2.7914e-11 7.1235e-28
1.3528e+04 4.7613e-22 7.5784e-15 3.5146e-08 2.2022e-03 9.9780e-01 2.0617e-15 4.2807e-37
1.4194e+04 1.9514e-19 2.1263e-12 4.0731e-06 3.6356e-02 9.6364e-01 3.8375e-20 0.0000e+00
1.4758e+04 1.2731e-16 1.0311e-09 6.9396e-04 5.5152e-01 4.4779e-01 2.6888e-26 0.0000e+00
1.5240e+04 4.0829e-14 1.8918e-07 2.7959e-02 9.6177e-01 1.0268e-02 8.6909e-35 0.0000e+00
1.5647e+04 8.2988e-12 1.9304e-05 4.9921e-01 5.0072e-01 4.4494e-05 1.2612e-44 0.0000e+00
1.5960e+04 3.7216e-10 3.1446e-04 9.8327e-01 1.6418e-02 6.3204e-09 0.0000e+00 0.0000e+00
1.6187e+04 1.2347e-08 3.2848e-03 9.9655e-01 1.6089e-04 1.2776e-13 0.0000e+00 0.0000e+00
1.6354e+04 4.4224e-07 3.4955e-02 9.6504e-01 1.2023e-06 1.4142e-18 0.0000e+00 0.0000e+00
1.6484e+04 2.0779e-05 3.9224e-01 6.0774e-01 1.9476e-09 7.4349e-25 0.0000e+00 0.0000e+00
1.6593e+04 1.9842e-04 9.3095e-01 6.8850e-02 3.2077e-13 1.6876e-32 0.0000e+00 0.0000e+00
1.6692e+04 5.7312e-04 9.9330e-01 6.1298e-03 1.0540e-16 2.4783e-39 0.0000e+00 0.0000e+00
1.6788e+04 9.1975e-04 9.9736e-01 1.7209e-03 1.5405e-18 6.0396e-43 0.0000e+00 0.0000e+00
1.6888e+04 1.2751e-03 9.9800e-01 7.2533e-04 8.9043e-20 2.8026e-45 0.0000e+00 0.0000e+00
1.6999e+04 1.6266e-03 9.9799e-01 3.7874e-04 1.0419e-20 0.0000e+00 0.0000e+00 0.0000e+00
1.7146e+04 2.1184e-03 9.9769e-01 1.8846e-04 1.0477e-21 0.0000e+00 0.0000e+00 0.0000e+00
1.7416e+04 3.8167e-03 9.9614e-01 4.5670e-05 1.1064e-23 0.0000e+00 0.0000e+00 0.0000e+00
1.7888e+04 9.1532e-03 9.9084e-01 5.4973e-06 1.2440e-26 0.0000e+00 0.0000e+00 0.0000e+00
1.8532e+04 2.5786e-02 9.7421e-01 4.8497e-07 5.8399e-30 0.0000e+00 0.0000e+00 0.0000e+00
1.9260e+04 7.2665e-02 9.2734e-01 3.7930e-08 1.9809e-33 0.0000e+00 0.0000e+00 0.0000e+00
2.0034e+04 1.6886e-01 8.3114e-01 3.4239e-09 1.1003e-36 0.0000e+00 0.0000e+00 0.0000e+00
2.0838e+04 3.2510e-01 6.7490e-01 3.2909e-10 8.8741e-40 0.0000e+00 0.0000e+00 0.0000e+00
2.1648e+04 5.0940e-01 4.9060e-01 3.5427e-11 1.3102e-42 0.0000e+00 0.0000e+00 0.0000e+00
2.2448e+04 6.5688e-01 3.4312e-01 4.8742e-12 4.2039e-45 0.0000e+00 0.0000e+00 0.0000e+00
2.3246e+04 7.6141e-01 2.3859e-01 8.3231e-13 0.0000e+00 0.0000e+00 0.0000e+00 0.0000e+00
2.4052e+04 8.1286e-01 1.8714e-01 2.5920e-13 0.0000e+00 0.0000e+00 0.0000e+00 0.0000e+00
2.4868e+04 8.5490e-01 1.4510e-01 8.1725e-14 0.0000e+00 0.0000e+00 0.0000e+00 0.0000e+00
2.5699e+04 8.8839e-01 1.1161e-01 2.4974e-14 0.0000e+00 0.0000e+00 0.0000e+00 0.0000e+00
2.6588e+04 8.9604e-01 1.0396e-01 1.3456e-14 0.0000e+00 0.0000e+00 0.0000e+00 0.0000e+00
2.7638e+04 9.0566e-01 9.4345e-02 5.6264e-15 0.0000e+00 0.0000e+00 0.0000e+00 0.0000e+00
2.8987e+04 9.1966e-01 8.0337e-02 1.4487e-15 0.0000e+00 0.0000e+00 0.0000e+00 0.0000e+00
3.0652e+04 8.9034e-01 1.0966e-01 1.1312e-15 0.0000e+00 0.0000e+00 0.0000e+00 0.0000e+00
3.2516e+04 7.2929e-01 2.7071e-01 5.0527e-15 0.0000e+00 0.0000e+00 0.0000e+00 0.0000e+00
3.4459e+04 5.0857e-01 4.9143e-01 1.2031e-14 0.0000e+00 0.0000e+00 0.0000e+00 0.0000e+00
3.6371e+04 5.1889e-01 4.8111e-01 3.7189e-15 0.0000e+00 0.0000e+00 0.0000e+00 0.0000e+00
3.8150e+04 4.8581e-01 5.1419e-01 2.9277e-15 0.0000e+00 0.0000e+00 0.0000e+00 0.0000e+00
3.9750e+04 4.2128e-01 5.7872e-01 3.9671e-15 0.0000e+00 0.0000e+00 0.0000e+00 0.0000e+00
4.1174e+04 6.3848e-01 3.6152e-01 2.7949e-16 0.0000e+00 0.0000e+00 0.0000e+00 0.0000e+00
4.2468e+04 6.6781e-01 3.3219e-01 1.3126e-16 0.0000e+00 0.0000e+00 0.0000e+00 0.0000e+00
4.3688e+04 4.0654e-01 5.9346e-01 1.4435e-15 0.0000e+00 0.0000e+00 0.0000e+00 0.0000e+00
4.4884e+04 2.7610e-01 7.2390e-01 3.8547e-15 0.0000e+00 0.0000e+00 0.0000e+00 0.0000e+00
